1344 2655 0
0.1681488477662099 -0.4526674745407864 0.2105161324045810
0.0054479524039535 -0.2546361670961743 -0.0956831643240685
-0.0383777393374114 0.3017696465430240 0.3878553213756499
-0.4390687775540434 -0.3660574437835411 -0.0900142616491393
-0.3307106723830873 -0.2161743259300479 0.1850614138468070
-0.0010076673701862 0.1919216466016840 0.3316114810540207
0.3114779842010045 -0.0049745251607194 -0.1335523983721127
-0.2200213277034655 -0.0272458177236488 0.2253315619714105
-0.2965891184824070 0.0567648255475917 -0.3798349077605603
-0.1448602211678731 -0.1040739885875561 0.3533026641760817
0.0193135351630080 -0.4864281233583834 0.0769502029087995
0.1989956522349086 0.2723905867568777 -0.2603086079350190
-0.4574368448245485 0.1561735896060392 -0.0972940266457287
-0.2588006321045784 0.4700187216178289 0.0521001554190186
0.1044368075516389 0.2576426841447133 -0.3472681309726404
0.4548424158622453 0.1003869784363540 -0.0652401070765920
-0.1261408253633354 -0.1085850378226625 0.1502678306513050
0.0725808421088552 0.2029374226737748 -0.2214741539012997
-0.0953010203186335 -0.3906373771850453 -0.2252114478560852
0.2696894972549941 0.1721046915370867 0.1752670566660244
0.0009930146283703 -0.0832897270436521 -0.3930671863568231
0.2252638309430777 0.1763624782743944 -0.2475079967192761
0.3177974448731447 0.1366197260743165 0.3063871864912495
0.2640088479261953 0.4735279488954405 -0.0790411012768617
0.3083372548427743 0.4681621887626672 -0.0056543252374577
-0.4195438318617686 0.3109471336616525 0.0104895002296697
0.0055202917376227 0.1116753045431511 -0.1197425767602440
0.4269152352632755 -0.2368456401407453 -0.3414015470858038
0.3076895433827276 -0.2073860669480121 0.1767497629778207
0.1273776128760251 -0.0363650014361308 0.2561769814322181
0.1523957021186295 -0.1950491209647602 -0.4749184339242396
0.2443554419916130 -0.2387786117817350 -0.1720064481205152
-0.0167878588682953 -0.1213864684331158 0.0723952609457437
-0.1454983547591677 -0.1552677221816239 0.4590634254273729
0.4182885224356983 0.4740893131577704 -0.3983607300906709
0.3209875245918037 0.3763487982671818 -0.4391041438141607
0.4043245823596369 0.3725230430041984 -0.2872910302016158
0.2078994462235588 0.2830963466678242 0.0131542591967271
0.0171114536998420 0.4188481078932054 0.0398018382844927
0.0714193305624913 -0.3825394008667380 0.2174320184098921
0.4836578871509538 -0.3871837318511147 -0.2363051386557902
-0.3101441238109135 0.0693110202793727 0.2703765207420512
-0.2530343778602682 -0.3762991169669567 0.1727447726379923
0.1601483111675923 0.1139527673318346 0.3992110033256335
-0.2188819677089089 -0.4084232641382859 -0.3883872904489178
0.2022414558954373 0.1283436604309971 0.2171014932359641
-0.1674979468935323 -0.2876772849764713 0.1480819171271748
0.3482392116748669 0.4887089044666257 -0.2364897482829458
0.4159187167722367 -0.2941013825831347 0.2026132943465253
0.3332656814381794 0.0084552915857006 -0.0427721770912122
-0.3968656451055350 -0.1051133217586913 0.0389235331660263
-0.0607994035041990 -0.2922386616676840 -0.4845077932713224
-0.4105158191661604 -0.3425959659008893 -0.1546569801218394
-0.3606437941343530 -0.4086166098136255 -0.1445620945069881
-0.3990915122417040 -0.4723316872823649 0.3909212025546729
-0.4501684599568991 -0.0203798355751377 -0.0845316747571847
-0.4808453294156614 0.1985893137484513 0.1397278784123364
0.2240580891830881 0.3779928521821612 0.3253465978194134
0.1920196252624651 0.2291091778552241 -0.3002460652712804
-0.3223132460304261 0.2789793408685448 -0.0293597729880102
0.2189819054986704 0.2776596902778268 0.2748023163523829
-0.1478522351062219 0.2265531787565671 0.1895673413811885
0.3348448140440738 0.4536585308318031 -0.1848541306415858
-0.0430138165671832 0.4110319818759067 -0.1692213979985198
-0.1839595268984555 -0.1496008420570161 0.1709722018659030
0.3695978401775513 -0.0892557868501858 0.0010646542576229
-0.2797639542771320 0.3474691998267188 0.1570517048899303
-0.0652446271277076 0.1764225297920876 -0.1526882724770073
0.1163780110583570 -0.2547077454056681 -0.2529626985645883
0.1091294901823694 -0.0418923034446330 -0.1450153144052420
0.1755321235062708 0.1114603510636745 -0.1693939881197217
0.1397417368340745 0.3354589519416753 0.2177176901999789
-0.1685961344511240 0.2498370312444884 -0.3803593079570642
0.2540318793906642 0.2905038985505333 0.4809595335421115
-0.3721940929115575 0.3070994040433122 -0.4498426841374745
0.0849234999752668 0.1699281392871570 -0.2072414092975285
-0.3375574576716296 0.4337493988495458 -0.1688895099727814
-0.4006645800407402 -0.4625685940902731 0.2508153656698315
-0.3899964510505467 0.0477597832646366 0.1833821588793523
-0.4322264849589268 0.2960698488221492 0.0095471993490508
-0.0475625853988724 0.2911604649851167 0.0934096608235813
0.1296158595617265 -0.2210963185779848 0.1155052066205919
-0.4101942898882978 -0.1144617577157303 -0.2502750203503072
0.1408185816761780 -0.2889895844348089 -0.0197246838985241
-0.1052841740738464 -0.3983833006934479 0.2570163319079188
0.1348776652512540 0.1717606999058365 0.3731856823104285
-0.0716107570460287 0.1041243827338878 -0.2575086166440301
-0.4669605297277994 0.1011934113302406 0.1665371545014200
-0.4020308128258441 0.3178161334861540 -0.4691320677869044
0.0081941502530829 0.2289110436620208 0.4673517487085299
-0.3329050350857354 -0.3697677584246688 0.3708333617616646
-0.2819057337871218 0.4182277051346655 0.3044007077837079
0.4700225665159805 0.0942946714154052 -0.4774116250041782
-0.2302350224234777 -0.0943705013135010 0.2096983640705909
-0.0875930880629074 -0.3235426532992425 0.0337279398442414
-0.2287546994758876 -0.3121810364662660 0.3214756778206949
0.0796996564818344 -0.3701616058750268 0.4472686826395669
0.2390920804556449 0.3975888560657725 -0.3594862389126541
-0.2947208522663223 0.3918708145505203 -0.1706069024255925
0.1106714430684768 -0.1446911522366312 0.2372102999954664
0.3332517349366044 -0.1591205232563171 0.0538964818496850
-0.0184599004678263 -0.3979222972100891 -0.2377156709779722
-0.4487220115911918 0.2105736550122586 0.3790258222822962
-0.2126645305032113 -0.0735516630448672 -0.0796757933484427
-0.2586965416410940 -0.0644784321768057 -0.0797870941164618
0.0458759810182217 0.0793147494284407 0.0404686339621745
0.3639698472646247 -0.1429457585866372 0.0647043764943913
-0.4714472342269056 -0.4374747521243141 -0.2400386052733907
-0.2462487051246087 0.3542616002521324 -0.3276531464648056
0.3962421992049212 0.0483888387534861 -0.4017282135443205
-0.2479195260892628 0.0100108127725937 -0.1919153556838396
0.3546079229514114 -0.2979642248359726 0.1853448331156906
-0.0509805908953411 -0.1049441684218073 -0.0265500376012826
-0.2478553256255511 -0.4081820056374030 0.2163061835230762
-0.3587383005425759 -0.3530535470379157 -0.3566339465675121
0.2780014300365661 0.0891101288071228 -0.2209285201642461
0.0036075288375637 0.1074948483536615 0.0991266277869374
-0.1285596214122879 -0.1212893849853427 0.0111237913521098
0.0317364405744338 0.1642814578637894 0.1673578046584958
0.0968741182933199 -0.4440926460139523 -0.2517158183051948
-0.1721553887454854 -0.1486194193343211 0.4008317569881752
0.1833704038977970 0.4848049724535211 -0.4141483897374940
0.1684200234621971 0.4188612825827693 0.4071141535257350
-0.0825996844692325 -0.3593668308816609 -0.3206337015093463
-0.1868058442581786 -0.2450585353347341 -0.0386775864109283
0.3495098771709904 -0.1637510558821051 -0.3699298165844720
0.3700123508775661 0.2006675191987242 -0.0084664922039490
-0.4528026248731982 -0.3881301029193005 0.3592585365042760
0.1427908118839585 0.1507197036796197 0.2320037612678527
0.1466444039829091 0.0943195135060948 0.0038993972577552
-0.3070871025040274 -0.1379934535458631 -0.0103028085835013
0.4535699960318787 0.4894777838820006 0.0156846487250874
0.2125650291814145 0.0337092304340174 -0.3346549372211161
0.0111119672890376 -0.4291121318252931 -0.0126495104676621
0.2306363288454942 -0.4247191155839034 -0.1811502595385501
-0.4456944207323643 0.0881137051891141 -0.2348005173371885
0.3748211344637393 0.0760273562718108 -0.3152007006853177
-0.4216895433565000 -0.1013447171862616 -0.2823033113942068
0.0833240712091643 0.0250258838838275 -0.0634006158075187
0.4266953013922017 0.4211370367924139 0.4305231441326889
-0.3426059896000389 0.2712534747680488 0.0691591081055924
-0.1690769393687841 0.4240326857118293 -0.1749794688037991
0.4623516036313027 -0.2965785119933164 -0.2732055447452681
0.0641328073010534 0.4144263488754865 0.4796846925038301
-0.1326691769611887 -0.2039487087673624 0.2263296970552631
0.3825244774255487 -0.1697909098983532 0.2853274323313486
-0.4518497916124331 -0.2242342089008240 0.4553232746367180
0.1504210941495814 -0.4086605355809756 -0.0296151428893079
-0.3515984592878365 0.3181456388359136 -0.0170406508282448
-0.2563221117949799 -0.2928384501519825 0.2415844635816160
0.0237540887878744 0.0023845499885726 -0.0674200638313860
0.4725818815224967 0.0419762333752915 0.4305101021301483
0.0358555527059159 0.2559416614684871 0.1894974010536359
0.4550992502741240 0.3202121525990971 0.2610132972837762
0.2258088518651729 0.2036828952484078 -0.0578776238167855
0.3512945870374495 0.1203517499396889 -0.1274140277923790
0.0818858463329506 0.4144880667574151 0.3075771440927846
0.0232377235040788 0.0102397161621899 -0.4032405428865351
0.2230470047696029 -0.2440744910946062 0.4415287325533861
-0.4567778259197619 -0.4681890541704261 0.3289893153864041
-0.3679442335455585 0.4700388608730388 -0.2448516613848843
0.2177582318870392 -0.4832587524710292 -0.3988132729100418
-0.4728943453435948 0.2603995753160064 -0.4089031672315480
-0.0582590623599968 0.3135724272374889 -0.2066430716645384
0.3229204014135090 -0.1038661889846906 0.4197241306577437
0.4603148769586558 -0.3485897782333607 0.2104027181009860
0.0734238944276664 -0.1058071021253053 -0.2838837964618166
0.0714373126043943 -0.0938157543644136 -0.4666966270075676
-0.4274535275567235 -0.0618130564102966 -0.3460960671420314
-0.1521577759235633 0.3382206604517826 0.0549624977908594
-0.1526392972634152 0.1924467416903335 -0.2133772687110322
0.1796721515460007 -0.4395124132125010 -0.2701927647464102
-0.4643248065906218 -0.1948575612207100 -0.0290754507683992
-0.0055708653623681 0.3766213493957564 -0.0106250051368013
0.2552047519821770 -0.4097313991547678 0.3216786030093000
-0.4598283375578074 -0.4124739140826570 -0.4426935015121425
-0.4745153321884317 0.3806733541240102 -0.2123124412407384
0.1559348599799228 -0.3432126608333663 -0.0790143690446052
0.3158658518065764 -0.1737594936945184 -0.2705191628257180
0.2530865035542165 0.4472957555229873 -0.2071957412337919
-0.4429427462563265 0.2860883752781838 -0.2329632309244141
-0.4453534068023355 -0.4566503330713889 0.1593193976596945
0.4502568391623596 -0.4619864664783846 0.4174575029585066
0.0347117665466625 0.0257011174863215 -0.3945756936505092
0.2669956673889160 -0.4206178678133734 -0.2425908791815239
-0.2575682421422758 0.3173972196160602 -0.3669282437974242
0.3562951990074483 0.3710330388581145 -0.4758364586916175
0.1737033647772219 -0.1480052240690017 0.3458328152389900
-0.1899654099567467 -0.1391975661345115 -0.3751821965915707
-0.2271405323030464 -0.4127625571193787 -0.2171188152386276
0.2835681561347541 0.2168823118056689 -0.2898309099774599
-0.3113326440875201 0.2976730135718300 -0.1890781549722587
-0.2504270550079173 0.0927039930676428 -0.0889052237053958
0.2736160004311701 -0.4491688250904613 0.3844441048512122
-0.4854317171570290 -0.0577509226777702 0.3949207106295545
0.4529101103187356 0.1044594591251746 -0.0929934451382384
-0.2324048674514092 -0.3683548783250779 0.1953875691957416
0.4535494416228607 -0.3264759739603380 0.3045379580693519
-0.1103753828720184 -0.4615757076081817 -0.4301316776575845
0.4818795072298270 -0.3372566342858052 -0.3792403480310467
0.0082947051217979 0.3804885822123596 0.0942095180625537
-0.0035680404978060 0.1297150465766870 0.2810296855693684
-0.3341641999436717 -0.0542867037926738 -0.0319220615111884
-0.0682659610563907 0.1745306971450653 -0.1138851424414713
-0.2685074960201883 -0.0686183044457358 0.1668850505787454
0.0065368353386326 0.3791872186577347 0.2474541784667184
-0.1466192518523957 0.1559227469510338 0.0237930146929144
-0.4103623018651315 -0.2318787085759055 0.2217230657303326
-0.3929202845940336 -0.2450195398871760 0.2135383518693434
-0.1078288851820979 0.4550120660210772 0.2829639030332605
-0.3391084991322524 -0.1029306943908250 -0.4675992106153293
0.2280232596457450 0.1588245049624966 -0.4541756979553524
-0.0699341311990385 0.0202016461649692 0.4236860598151917
-0.1685140114081400 -0.4085666486860027 -0.3487529872057269
-0.1870510489752284 0.0491325828357840 0.0918309499166883
-0.4006695648408254 -0.2103416710100556 0.1580791706715048
0.4369607660185479 0.0205827878473694 -0.1422091398364442
-0.0866803448216211 -0.1740736773764917 -0.2125346867391873
-0.0937333823503153 -0.1238796793287082 0.1047953136383302
-0.1813060338690859 -0.1247393043717213 0.2996523812179093
-0.0477077071888559 0.0514927072679514 0.1970406050984550
-0.1231708690738331 -0.2007309472795369 -0.0208748316177039
-0.3187250996585527 -0.3804589677499666 -0.2776341100386264
-0.4115237416327886 -0.2938728113657076 0.0103624142184693
-0.1287079057498759 0.2001629361686414 -0.3145288264448338
0.4416150634834000 0.3183665464133378 0.3429553027018424
0.0171767887283254 -0.1378821765417806 -0.0401915051349389
-0.4728698496278845 -0.0300675546732974 -0.3840187538802673
-0.1738498984244492 0.0572300957311866 -0.3979135767688844
-0.2691630591340406 0.3075980766242898 0.1164741496812949
0.1981665782103659 0.3837070222605341 -0.4261921254264485
0.3769398288903365 0.4795325679792104 0.0407358617675959
0.2027374697170863 0.0597732661055281 0.4392429292952151
0.1834386141659796 0.3033498664852745 0.3947775946300820
0.2999052780405476 0.3193279543171774 -0.3894769917934313
-0.1830750170955748 0.1421727220278761 0.2580805578732903
0.4047355905437215 0.3776112823800795 0.4081330763837721
-0.0967170703272751 -0.1410130310277824 0.2602037638656982
-0.1825623066281594 0.4246985232818314 -0.0561658555918443
-0.0885938805484796 -0.3231458906105926 0.1280241792963888
-0.3419222244680657 -0.4122989693560368 0.4191851146037304
-0.2665516227086338 -0.1698365913421309 -0.4102471694765952
-0.0008154761687680 -0.0555519223735643 -0.4166294126497050
0.0486797543635686 -0.2016723192245784 0.2450494388652160
0.1324914617180843 0.2546419017110209 -0.4221714186078140
0.0854662048159489 -0.3728325869989240 -0.3268260682890016
0.3529881234579311 -0.4846679271069627 -0.3934814048123356
-0.3602533014659755 0.2106012385475569 0.4569174238403753
-0.2660594898974151 0.0832478789713513 -0.0574186408741655
-0.1176475230918674 0.3142396346895386 0.0182878314148078
-0.4202382345211793 -0.1289504067740259 -0.0659198348595604
0.3250818128817794 -0.0031925527079992 -0.4158364200389557
-0.3826799706455124 -0.3230081838521643 0.0669684394541192
0.3228935543471488 -0.5000000000000000 0.2395565595050328
0.1314070500018752 -0.5000000000000000 0.2329864304858598
0.2130189626737458 -0.5000000000000000 0.1964024159136478
0.1178181027504396 -0.5000000000000000 0.2088025953984075
-0.4041149542739488 -0.5000000000000000 0.3888735590929383
-0.4546208079347019 -0.5000000000000000 0.3350835082549214
0.5000000000000000 0.4844831026920863 -0.0004345701166818
-0.0035576809629843 -0.5000000000000000 0.0722182960853950
0.4354544356830191 -0.5000000000000000 0.4045902122273591
0.3087567459948910 -0.5000000000000000 0.3785352161346003
0.4379146428052114 0.5000000000000000 -0.4323608204065273
0.4028877148345559 0.4390338849690142 -0.5000000000000000
0.5000000000000000 0.2961228364062238 0.3564800355768277
-0.0984601463741267 0.5000000000000000 0.3693197559291306
-0.2508052503635599 0.5000000000000000 0.4632668820451142
-0.1446570462345846 0.1419133672332394 0.5000000000000000
-0.0143738883256086 0.5000000000000000 0.3783710977007677
-0.0267400364454600 0.2849473665308571 0.5000000000000000
-0.1581506484600799 0.5000000000000000 0.4274642277721866
0.0008972990837282 0.4191805324494534 0.5000000000000000
-0.4043616257309836 -0.5000000000000000 -0.0606904931160656
-0.4260979196665101 -0.5000000000000000 -0.1087123153356301
-0.5000000000000000 -0.2713928788457232 -0.0739105843628223
-0.5000000000000000 -0.3999761098643616 -0.0757945578695876
-0.5000000000000000 -0.2868710311725293 -0.2233508762901922
-0.5000000000000000 -0.4160290231894262 0.0733212395816297
-0.3841325907379529 -0.5000000000000000 -0.0002216474663992
-0.5000000000000000 -0.3941701100756857 -0.1445314231053811
-0.4676522333779496 -0.5000000000000000 0.0923794361244385
-0.5000000000000000 -0.3391497163034265 -0.0356945056831296
-0.4224789728113504 -0.0827394344386479 -0.5000000000000000
-0.3736552117436521 0.5000000000000000 0.2102816381169013
-0.4421732167736862 0.5000000000000000 0.1971708473147835
-0.0495434771960925 -0.5000000000000000 0.3352138188151524
0.0305984667118147 -0.5000000000000000 0.4123072523008910
-0.0862643761247005 -0.5000000000000000 0.3406393038435765
-0.1011213465196892 -0.5000000000000000 0.3593804275400456
-0.0503857336295187 -0.5000000000000000 0.3808947810691439
-0.1118617346191095 -0.5000000000000000 0.3920956682345250
0.5000000000000000 -0.0623053848255952 -0.0937724510446955
-0.3647010286109196 -0.5000000000000000 -0.0982727359380524
-0.0109011594757259 0.5000000000000000 0.4986981723157109
-0.2080258450344664 0.0040748660632120 -0.5000000000000000
-0.2966809391458599 0.0887295717077533 -0.5000000000000000
-0.5000000000000000 0.0842443593005437 -0.4022827993627879
-0.2076272906776465 0.1094321809863171 -0.5000000000000000
0.2600376533607509 0.3565514714830580 -0.5000000000000000
0.3193340224678153 0.3620028625789731 -0.5000000000000000
0.2047495717444399 0.2056051365373948 -0.5000000000000000
0.1781719917114924 0.3584575326385979 -0.5000000000000000
0.1387594854155101 0.2814554730743558 -0.5000000000000000
-0.3576517474620105 -0.0624873612639094 0.5000000000000000
-0.1867294287118949 0.0043907239807259 0.5000000000000000
-0.2764364711069756 -0.0013372695205262 0.5000000000000000
-0.0557420626774793 -0.0767260233042037 0.5000000000000000
0.0187317754931608 -0.5000000000000000 0.0623483207310760
0.0267931253819590 -0.5000000000000000 0.0879315019315333
0.0146213995081396 -0.5000000000000000 0.0674431382268443
0.0384337987747380 -0.5000000000000000 0.0645341169663511
0.1271434965332111 -0.5000000000000000 0.1375575708740155
0.0156229786071430 -0.5000000000000000 0.0902154999792328
-0.0062468954772349 -0.5000000000000000 0.0599941794416915
-0.1150204921970019 -0.5000000000000000 0.0656119330138319
0.2059199461824704 0.4919556850470162 0.0185573887106448
-0.5000000000000000 0.1845829881234967 -0.1288998618151811
-0.5000000000000000 0.1445412510491262 -0.0816131117077305
-0.5000000000000000 0.1587361658313605 0.0290420997386042
-0.5000000000000000 0.1324851062736647 -0.1248025669126245
-0.5000000000000000 0.1697087544960606 -0.0722409841995120
-0.2692949682676780 0.5000000000000000 0.0228866543768742
-0.2665042882989051 0.5000000000000000 0.0603534823300575
-0.2344271948793102 0.5000000000000000 0.0569744701608313
-0.3872773062758682 0.5000000000000000 0.0977777403931063
-0.1085369560259659 0.5000000000000000 0.1322128317843366
-0.2260769312561288 0.5000000000000000 0.1031629474806040
-0.3287701899809502 0.5000000000000000 0.0195652253311816
-0.3010070809265059 0.5000000000000000 0.0915417722390567
0.0267775284523408 0.2483737810016215 -0.5000000000000000
-0.0008467872234431 0.5000000000000000 -0.4288910728550960
0.0314558158634816 0.5000000000000000 -0.4092700081859398
-0.5000000000000000 0.4292107031513888 -0.1872827513902721
0.0795499896802776 -0.4879430743471392 0.4330641129495916
-0.2836652015999533 0.5000000000000000 -0.4466850886361839
-0.2579815512809789 0.5000000000000000 -0.4167865656078005
-0.2822825186555547 0.5000000000000000 -0.4575410435978883
-0.3269534531043324 0.5000000000000000 -0.3225053882333920
-0.2609363755965075 0.5000000000000000 -0.4295720797029169
0.3558154317089594 -0.5000000000000000 -0.3882029599927304
0.4625280081425765 0.3254907177333459 -0.5000000000000000
-0.2472388057780849 -0.5000000000000000 -0.4073072114452964
-0.1422594162142568 -0.5000000000000000 -0.4331502295665953
0.5000000000000000 -0.4179264461304780 -0.2665609392161662
0.5000000000000000 -0.4561929143029922 -0.2934031203568898
0.5000000000000000 -0.3950559432589049 -0.3383553797334775
0.5000000000000000 -0.4544041656145610 -0.3089676243212684
-0.0093308963898731 0.2475567224280596 -0.5000000000000000
0.0196092237141032 0.2124196702700675 -0.5000000000000000
0.0028727638110983 0.2426828957321537 -0.5000000000000000
0.0548971025066434 0.2758618792517562 -0.5000000000000000
0.0400982590119531 0.2486849252363000 -0.5000000000000000
-0.5000000000000000 -0.2147286456031203 -0.4186724187325528
-0.5000000000000000 -0.2428993299100051 -0.4031376176182129
-0.5000000000000000 -0.2121277339009777 -0.3887018727925414
-0.5000000000000000 -0.2044035865581890 -0.3977665035521949
-0.5000000000000000 -0.2786705967401958 -0.4167942966364633
-0.5000000000000000 -0.2216204252496874 -0.4125515038782852
-0.5000000000000000 -0.2284444183504957 -0.4078951184731103
0.5000000000000000 0.2548125476331906 0.0627994203440345
0.5000000000000000 0.0565693776897149 -0.0757073687290522
0.5000000000000000 0.1547102555936423 -0.0897902120686996
0.5000000000000000 0.0003095781014929 -0.0777735540886814
0.5000000000000000 0.0754302688942858 0.0093064583310536
-0.4945482426099859 -0.5000000000000000 0.3533962066944216
0.5000000000000000 -0.3349756782327550 -0.3789205096800344
-0.0519815584307065 -0.5000000000000000 -0.1796244098262268
-0.1718792741471337 -0.5000000000000000 -0.2788757617534826
-0.1025013015015876 -0.5000000000000000 -0.2286911967698572
-0.1053546487065560 -0.5000000000000000 -0.0858139971998765
0.4664116475573115 -0.5000000000000000 0.4828140358989800
0.5000000000000000 0.2869063685025567 0.0976525133160662
0.5000000000000000 0.1180564000156151 0.1702269912464309
0.5000000000000000 0.0743085724126891 0.0293212801299103
-0.1646217415197568 -0.2270077762953464 0.5000000000000000
-0.5000000000000000 0.1314717945309067 0.2943560376183136
-0.5000000000000000 0.1898226597962165 0.1733362185145249
-0.5000000000000000 0.1122400668675710 0.2552117153105811
-0.5000000000000000 0.1179996741817562 0.2087602834984715
-0.5000000000000000 0.1882144429039888 0.3482912151247516
-0.5000000000000000 -0.0227517082690837 0.3799779549814114
-0.5000000000000000 0.2986502824706469 0.3551616601410177
-0.4970172856478448 -0.5000000000000000 0.3209717492057106
0.0323251222342207 -0.0774405773556611 -0.5000000000000000
-0.0493413339039473 -0.0382553824980297 -0.5000000000000000
-0.3279799957985288 -0.1119913993058689 -0.5000000000000000
-0.2826756086037191 -0.1527232979403280 -0.5000000000000000
0.3961215528022312 -0.4825822657148435 -0.5000000000000000
-0.5000000000000000 0.0680241940944223 0.1690980433138186
0.2238608643806755 -0.2138593391824650 0.5000000000000000
0.2897029089511430 -0.1143006385635141 0.5000000000000000
0.2184068697002430 0.1199378328271893 0.5000000000000000
0.3505495854398556 0.1876476485527230 0.5000000000000000
0.5000000000000000 0.1159244017766890 0.1818736178822197
0.5000000000000000 0.1658861751575501 0.3369106238520790
-0.3412666145831608 -0.5000000000000000 -0.0911146162731337
-0.2634618347009038 -0.5000000000000000 -0.1351030178607421
0.2836056387362571 0.5000000000000000 -0.0875272267484698
0.2380914424188848 0.5000000000000000 -0.0787079505037773
0.2914684649885815 0.5000000000000000 -0.1022017779326745
0.2583965229278872 0.5000000000000000 -0.0616986356770469
0.2946815687840368 0.5000000000000000 -0.1579720210528206
0.3184577005666370 0.5000000000000000 0.0121849559155615
0.3220718744858480 0.5000000000000000 -0.0304524026380181
0.3263975130351695 0.5000000000000000 -0.0541130846440017
0.3556042376617428 0.5000000000000000 -0.0148172021814933
0.2908859589601616 0.5000000000000000 -0.0038506186476447
-0.5000000000000000 0.3786869863189438 -0.0517650678559019
-0.5000000000000000 0.3071256666808675 0.0476377378325558
-0.4054483801653945 0.5000000000000000 0.1021078317279475
-0.3941954491639887 0.5000000000000000 -0.0067818464216558
0.5000000000000000 -0.2741895291347676 -0.3342975948260434
0.2090334040593869 -0.2387455032795751 -0.5000000000000000
0.5000000000000000 -0.1741539394415728 -0.3468974296910632
0.3226784202191367 -0.2797174346322273 -0.5000000000000000
0.3457758184452601 -0.2857289723778581 -0.5000000000000000
0.5000000000000000 -0.2215478774372258 -0.3743148512918559
0.5000000000000000 -0.2607348454160194 -0.2042307610504785
0.5000000000000000 -0.1231898415822751 -0.1656234801173167
0.4335248339144041 -0.1455431743259026 -0.5000000000000000
0.4990233869993485 -0.3070551486890967 -0.5000000000000000
0.1974429247407294 0.1171421223786074 0.5000000000000000
0.2327498296253475 0.2136644017071591 0.5000000000000000
0.2052448844515392 0.1015680589753731 0.5000000000000000
0.3893193972681344 0.5000000000000000 -0.4143518363899112
0.1868909119073034 0.5000000000000000 -0.4226821982188760
-0.5000000000000000 -0.0268226886668626 -0.0709859719481752
-0.4984080436126316 -0.0845851985674378 0.1055924894462385
-0.5000000000000000 -0.0932292227209337 -0.0551889112855544
0.5000000000000000 -0.1609548678423776 0.1165954214675938
0.2838261263601372 0.2647967255581511 0.5000000000000000
0.4050790919737284 0.1357391152533501 0.5000000000000000
0.3780026439914740 0.2278147312525182 0.5000000000000000
0.2899838538944807 0.1383874060187921 0.5000000000000000
0.3744159666535088 0.2609569439967182 0.5000000000000000
0.0418414708140895 -0.3202778782134817 -0.5000000000000000
-0.0079783625592664 -0.3346505211062554 -0.5000000000000000
0.0104446444550264 -0.3523468697228227 -0.5000000000000000
0.0033748868755844 -0.3612487339113481 -0.5000000000000000
0.0162961205675418 -0.3528334387024271 -0.5000000000000000
0.4869650766915582 0.3533976532767565 0.5000000000000000
0.5000000000000000 0.1691118425021592 0.4876279445241739
0.5000000000000000 0.3099143812390303 0.4799021437799945
0.4860830124128189 0.3306727188787162 0.5000000000000000
-0.3494914829666783 0.5000000000000000 -0.1619665821674674
-0.3655496345509619 0.5000000000000000 -0.2156654219905147
-0.3994557858295106 0.5000000000000000 -0.1748829025610886
0.1699991641470955 -0.4298017370000514 -0.5000000000000000
0.1411240407401706 -0.4040199625101378 -0.5000000000000000
-0.0060629897056163 -0.5000000000000000 -0.1892736643552559
0.0761656826094441 -0.5000000000000000 -0.2161849838290417
0.0120435315753294 -0.5000000000000000 -0.0416176171014752
0.1023064265204549 -0.5000000000000000 -0.0579936889456326
-0.1443736993467891 -0.5000000000000000 -0.1803670064684414
-0.0870867703734212 -0.5000000000000000 -0.3702924861879184
-0.1286763172888120 -0.5000000000000000 -0.4704694738465900
0.1845024035157295 -0.2270593546172851 -0.5000000000000000
0.1705247502046792 -0.1514645426658570 -0.5000000000000000
0.1478673559850815 -0.1814000366098490 -0.5000000000000000
0.1430631768354403 -0.1964723531886330 -0.5000000000000000
0.1608624177466354 -0.1855086891740509 -0.5000000000000000
0.5000000000000000 -0.2666538159389646 -0.1550356111490342
0.5000000000000000 -0.4013737129597343 -0.0217260819965013
-0.4604908031547993 0.1513096209608689 0.5000000000000000
-0.4814320024286590 -0.0038510119292968 0.5000000000000000
-0.3853637655927925 0.1811784856469784 0.5000000000000000
-0.3827126806855574 -0.5000000000000000 -0.1370933408008903
-0.4525125923838288 -0.5000000000000000 -0.2028604585971011
-0.2983070950737073 -0.4645448364763135 -0.5000000000000000
-0.3535208776724514 -0.4511525545985937 -0.5000000000000000
-0.4121926130295570 -0.4514529700425872 -0.5000000000000000
-0.2273028361612975 -0.4810676895860238 -0.5000000000000000
0.4266580867616189 0.4672277201074918 0.5000000000000000
0.2590182589011754 0.3043828449098717 0.5000000000000000
0.2276964956402370 0.3904864665188256 0.5000000000000000
0.3603298996972276 0.3956246242150221 0.5000000000000000
0.1066415446746559 0.4047414095442365 0.5000000000000000
0.2945014673431287 0.4221072301552433 0.5000000000000000
0.0685942249238393 0.3665818221773784 0.5000000000000000
0.3397241183444763 0.3710255229427465 0.5000000000000000
-0.3460703795251666 -0.0686410850642542 0.5000000000000000
-0.1982774910153394 -0.1229911455788016 0.5000000000000000
-0.1687610763382425 -0.0742947213862084 0.5000000000000000
-0.1026227447561718 -0.2130259175497531 0.5000000000000000
-0.1719801269894407 -0.1580660396932708 0.5000000000000000
-0.2093144118050011 -0.1694707813693696 0.5000000000000000
-0.2338017953311743 -0.0580174792310498 0.5000000000000000
-0.0833982926645659 -0.1069492249545109 0.5000000000000000
-0.2492774712203373 -0.1199946568861477 0.5000000000000000
0.4999780277613239 0.4372919017346251 0.2076498555529958
0.5000000000000000 0.2920460745815410 0.0910214018195765
0.5000000000000000 0.2852351515905272 0.0859685908138507
0.5000000000000000 0.3299201109152834 0.0790720448899296
0.5000000000000000 0.2978534450956721 0.1267916362562743
0.5000000000000000 0.3163215735593184 0.1954411217261323
0.5000000000000000 0.3077213772852364 0.0895887033646593
0.5000000000000000 0.4065426821181664 -0.3547796366743147
0.4158555814482102 0.5000000000000000 -0.3949395299672930
0.3939928365970505 0.5000000000000000 -0.4311291609770697
0.5000000000000000 0.4574291255218490 -0.4493452773442982
0.3750814023305857 0.5000000000000000 -0.3242077779507115
0.4227374937349251 0.5000000000000000 -0.3914310059549641
0.3129933338061700 0.3918046955978396 -0.5000000000000000
0.1998557533005119 0.5000000000000000 -0.4594648914645998
0.3625726618274299 0.2965952837993277 -0.5000000000000000
0.3030536824363322 0.4772185338180790 -0.5000000000000000
0.5000000000000000 0.0554832102616501 -0.2496568946827236
0.5000000000000000 -0.0216006199417320 -0.1415373456006376
0.2251792828852796 0.2913832066485769 0.5000000000000000
0.5000000000000000 -0.3557780935814120 0.1747100688551569
0.5000000000000000 0.3825789172667655 -0.3296701400113240
0.4963839406096379 0.5000000000000000 -0.2495214740113705
0.5000000000000000 0.3350103049319444 -0.3611795454408120
0.5000000000000000 0.4644250766754206 -0.2389831705380028
0.5000000000000000 0.3399542570981824 -0.2286311072957526
0.5000000000000000 0.3358553716163866 -0.2681418617686386
0.4238330903070668 0.5000000000000000 -0.3478539682908040
0.4452081172188601 0.5000000000000000 0.1572842017360517
0.4170368906502397 0.5000000000000000 0.2604788198681151
0.4863136822861855 0.5000000000000000 0.2497710673178893
0.4562633173989646 0.5000000000000000 0.1838337127247574
0.4901794897409337 0.5000000000000000 0.2200712230863229
0.0434124206517174 0.5000000000000000 0.0402465646726094
0.1277251265696706 0.5000000000000000 -0.0347971017471598
-0.0587687287017174 0.5000000000000000 0.0547731097365370
0.0368588329226533 0.5000000000000000 0.0240945360169586
-0.0200793167282798 0.5000000000000000 -0.0912692029800849
-0.0572060054052342 0.5000000000000000 0.1442106245656598
-0.0239964312969630 0.5000000000000000 -0.3630920113488791
-0.0353810002476164 0.5000000000000000 -0.4333536508900301
-0.0230981322556083 0.5000000000000000 -0.4032533967339225
0.0340428709750645 0.5000000000000000 -0.4374592599439543
0.0025524121140558 0.5000000000000000 -0.4385372861176581
0.5000000000000000 0.4001657908117450 -0.3258392090171213
0.5000000000000000 0.1774838164139342 -0.2887221904791724
0.5000000000000000 0.3831190440660111 -0.3615214144450818
0.0568171364096455 -0.5000000000000000 0.2528262296488747
0.5000000000000000 -0.3626801192430177 -0.2616780929775495
0.5000000000000000 -0.3894423702579692 -0.2338250347119464
0.3535972324433262 -0.5000000000000000 -0.1153356690841172
0.5000000000000000 -0.3430306879511862 -0.2051064280881978
0.4975087466804376 -0.5000000000000000 -0.2303498069239934
0.5000000000000000 -0.4005090050456384 -0.0684168304951371
-0.3617675781159224 -0.0596496209426944 0.5000000000000000
-0.2276756642880315 0.0552503493933200 0.5000000000000000
-0.3072137109859680 0.0283867383668852 0.5000000000000000
-0.2201547826978542 -0.5000000000000000 0.0662475690338043
0.1762975363890211 0.1264004508868181 0.5000000000000000
0.1466072949723630 0.1093914044072562 0.5000000000000000
0.5000000000000000 -0.0919291090368816 -0.0330869736071757
0.5000000000000000 -0.1104543644865327 -0.0116832099329509
-0.1337129747805148 -0.2982116219969786 -0.5000000000000000
-0.2448593310704018 -0.5000000000000000 -0.3803061979078636
-0.2331661946620866 -0.3456955085426772 -0.5000000000000000
-0.2708414634460735 -0.5000000000000000 -0.3732787305420351
-0.2658182900271379 -0.5000000000000000 -0.3363583911566401
-0.2646759031361015 -0.3869575153574577 -0.5000000000000000
0.5000000000000000 0.4009810977514440 0.3393061830094836
0.5000000000000000 0.3662811149210944 0.2893084580491964
0.5000000000000000 0.3700407523004253 0.3176684219978314
0.5000000000000000 0.3901395903867823 0.3284314511628974
-0.1101769160322177 0.5000000000000000 0.3231936330420349
0.2196259542406328 0.2156771374668690 0.5000000000000000
0.1731750676265880 0.1354304848954880 0.5000000000000000
0.1106844121499619 0.1693212227252928 0.5000000000000000
0.0866916887845163 0.2886902141961771 0.5000000000000000
0.1859223099426484 0.1106699205763060 0.5000000000000000
0.1804517983085681 0.1592778711283576 0.5000000000000000
0.3778146734663222 0.5000000000000000 -0.2351239334439604
0.3515835910261010 0.5000000000000000 -0.2264999900586963
0.4072231737664316 0.5000000000000000 -0.2273635775601948
0.3633506664663958 0.5000000000000000 -0.2605109619563792
-0.5000000000000000 -0.0551561126966665 0.4055894292506118
-0.3797848548284761 0.2179817565702170 0.5000000000000000
-0.3568699686770860 0.2289183066581154 0.5000000000000000
0.5000000000000000 -0.3692314369789234 -0.4058782127312764
0.5000000000000000 -0.4860627200926557 -0.4693717851190738
-0.5000000000000000 -0.0649225572451686 -0.4523459098357705
-0.5000000000000000 -0.0613872547026266 -0.4314732582097586
-0.5000000000000000 -0.0512358145468623 -0.4264663589450993
0.5000000000000000 0.1038511531219269 0.1495348267980194
0.5000000000000000 0.0897550934101272 0.1497646815022526
0.5000000000000000 0.0844876889387497 0.1577931408555574
0.5000000000000000 0.1242721403778823 0.1485713265981250
0.5000000000000000 0.0769453108256834 0.1848940221613010
0.5000000000000000 0.0857897911053792 0.2717738648079553
0.5000000000000000 0.1720298580990074 0.1955221127225789
0.5000000000000000 0.2866278550816626 0.2202498475172644
0.5000000000000000 -0.2966256006943808 -0.2993971049937792
0.5000000000000000 -0.3254238576623064 -0.3648864342943259
-0.1021691626566710 -0.5000000000000000 0.2446610336769107
-0.2121346969301241 -0.4983751227021616 0.1400179258836936
-0.5000000000000000 0.4576926706445107 0.4954433053256778
-0.5000000000000000 0.3852850031104294 0.4303314406419114
-0.4984993673609578 0.4418972533376256 0.5000000000000000
0.5000000000000000 -0.2199920051806973 0.2232200808522578
0.5000000000000000 -0.1711922935059702 0.1220130025350258
0.5000000000000000 -0.3984566983829388 -0.0068811761272124
0.5000000000000000 0.0674865300951780 0.0204475145402620
0.2221231044513155 0.4658395431526092 -0.5000000000000000
0.3477395572688228 0.3791297902138677 -0.5000000000000000
0.2284761684980229 0.3990236431634991 -0.5000000000000000
-0.5000000000000000 -0.2250952131409686 0.1009134603190026
-0.5000000000000000 0.1256310955794057 -0.3376349446484793
-0.5000000000000000 0.2176541869059998 -0.4111338081459779
-0.5000000000000000 0.2087001641773047 -0.3390369231417967
-0.0518486076342865 -0.3013121673317700 -0.5000000000000000
-0.0811609433356172 -0.2850197392439717 -0.5000000000000000
-0.0461137017061013 -0.2753414275923289 -0.5000000000000000
-0.0546488653987697 -0.2876245275142144 -0.5000000000000000
0.5000000000000000 0.0754899477408847 -0.4774781739004657
-0.3204721375519116 0.5000000000000000 -0.2814117967737649
-0.5000000000000000 -0.2829868447699119 -0.2315032206671542
-0.5000000000000000 -0.3922921946730414 -0.1609948331042372
-0.5000000000000000 -0.2095032280308212 -0.2180317545027890
-0.5000000000000000 -0.4892705268424328 -0.2233132456839531
-0.3558705194498097 -0.5000000000000000 -0.0387323495139746
-0.3530211262627583 -0.5000000000000000 -0.1863353784137330
-0.5000000000000000 -0.4040450523844739 -0.1601718343174511
-0.2325564522473833 -0.5000000000000000 0.0353516729325665
-0.4219505505022641 -0.5000000000000000 0.4283943227680005
-0.3372812295200094 -0.5000000000000000 0.3821156856884169
-0.3581997563983432 -0.5000000000000000 0.4000711498019304
-0.3921704392743646 -0.5000000000000000 0.3033866816664852
-0.5000000000000000 -0.4223562032345970 0.4384430549978244
-0.5000000000000000 -0.4031436317184210 0.4756810642912050
-0.3839052282859090 -0.5000000000000000 0.4510448631970964
-0.5000000000000000 -0.3960692423853641 0.4207156948603534
-0.3754145322339799 -0.5000000000000000 0.3806269983697365
-0.5000000000000000 -0.0940553187436118 -0.0725342379588633
-0.5000000000000000 0.0014698782027732 -0.1285583342610594
-0.5000000000000000 0.0382161499331615 -0.0724181111299742
-0.5000000000000000 0.1147089068224139 0.0376258691895142
-0.5000000000000000 0.0162014644864469 -0.1196098132489829
-0.5000000000000000 -0.1722985233008958 -0.2041515863157545
-0.5000000000000000 0.3384545207991796 0.3731481565886616
-0.5000000000000000 0.2154602682701806 0.1491510041291053
-0.5000000000000000 0.2774342472042171 0.0750199780588110
-0.5000000000000000 0.1777803380952986 0.1068513252966408
-0.5000000000000000 0.1921908651520141 0.1385845963062504
-0.5000000000000000 -0.4742426106902377 -0.2373143935046091
-0.5000000000000000 -0.4707750693109449 -0.3069299428821096
-0.2776035649488393 0.5000000000000000 0.4344306886140785
-0.3009015126562238 0.5000000000000000 0.4596340609864133
-0.2827344836948763 0.5000000000000000 0.4711617820503732
-0.4443384188816245 -0.4296098416669485 -0.5000000000000000
0.1934509832903312 -0.2394279565755607 -0.5000000000000000
0.2064979576956408 -0.2338730212919400 -0.5000000000000000
0.1981280515514083 -0.2593136505259668 -0.5000000000000000
0.2009630825471465 -0.2363356799073856 -0.5000000000000000
0.1987842662869213 -0.2451569385767519 -0.5000000000000000
0.1907169141819051 -0.2456450595053065 -0.5000000000000000
0.2088433613791145 -0.2584839253124470 -0.5000000000000000
0.2090754482454769 -0.2155352912232840 -0.5000000000000000
0.1770752778311147 0.5000000000000000 -0.4283743783500172
0.1701047432232713 0.5000000000000000 -0.4558304044457016
0.4438699963943090 0.5000000000000000 0.0213887665007981
0.2813988327330571 0.5000000000000000 0.3085330206279021
0.2189343404318306 0.5000000000000000 0.0227289861869538
0.3729615925915604 0.5000000000000000 0.0457479685548077
0.4936827353646985 0.1048432940789049 -0.5000000000000000
-0.3562877204234393 -0.0643875658009912 0.5000000000000000
-0.3691960132547782 -0.0745155094782407 0.5000000000000000
-0.3684859055482819 -0.0718567899553268 0.5000000000000000
-0.3663284872459024 -0.0614182635069030 0.5000000000000000
-0.3595353315362024 -0.0625773009821206 0.5000000000000000
0.4714718116860696 0.5000000000000000 0.0394727520146918
0.4657800786502705 0.5000000000000000 0.0226420886285704
-0.5000000000000000 -0.3935211939486734 -0.4996376004338410
-0.3227731754773411 0.5000000000000000 0.3500533765539707
-0.3778963906759192 0.5000000000000000 0.3741680122213810
0.5000000000000000 -0.4693771775768372 0.4946346601229853
0.3477908944790650 0.5000000000000000 -0.1780794101098724
0.4707482143169863 0.5000000000000000 -0.1945392759491312
0.5000000000000000 0.3641477502795493 -0.1675892715686602
0.3849102417838957 0.5000000000000000 -0.1266815468362911
0.3767978934718471 0.5000000000000000 -0.1663555748726897
0.3303827150553303 0.5000000000000000 -0.2207552286716711
-0.0676077514193554 0.5000000000000000 -0.2125634578914567
0.0698745093443260 0.5000000000000000 -0.2728070218278006
0.1105950786012980 0.5000000000000000 -0.1096615015458801
-0.0040504562747891 0.5000000000000000 -0.3330795326664466
-0.0312281885639452 0.5000000000000000 -0.1300578166687343
0.3735360605940814 0.3798940940203526 -0.5000000000000000
-0.5000000000000000 -0.1017021292242353 0.1066051022018488
-0.5000000000000000 -0.0557593149050676 0.1026673574778616
0.3333052854305328 -0.1530036260133982 0.5000000000000000
0.5000000000000000 -0.1547181830777881 0.1071469807690616
0.5000000000000000 -0.2385150301364683 -0.1266247428950141
0.5000000000000000 -0.0557194347295258 0.0469786118969459
0.5000000000000000 -0.0756745853794026 -0.0692138582310284
0.5000000000000000 0.0605252402422833 0.0223400271676267
0.3638039472062024 0.5000000000000000 0.0999910114862025
0.4417501253657828 0.5000000000000000 0.3853990930311036
-0.2514285390059016 0.5000000000000000 0.2726056290755215
-0.5000000000000000 0.3082753618161108 0.1822484608555313
-0.5000000000000000 0.3080628920354913 0.0542585735716234
-0.4018029345592987 0.5000000000000000 0.1055353359519818
-0.2060514399493794 0.5000000000000000 0.1588515246313552
-0.3480889388146107 0.5000000000000000 0.1563110846946563
-0.4655838422981978 -0.5000000000000000 0.3881795332593943
-0.5000000000000000 0.1042929707092271 0.1660501547878054
-0.5000000000000000 -0.0417412293886323 0.3738678945117709
-0.1520063539688693 -0.4184334166823035 0.5000000000000000
0.0476156363482578 -0.5000000000000000 0.4534419963640760
0.0762971439202705 -0.5000000000000000 0.4178490574610888
0.1093391371369398 -0.5000000000000000 0.4428983332897795
0.1540476287226883 -0.5000000000000000 0.3108298185502054
0.0884979390395493 -0.5000000000000000 0.4490677549567916
0.0762683598542376 -0.4830922486198123 0.5000000000000000
-0.2046088875467396 -0.4007897121180247 0.5000000000000000
-0.1401637465304826 -0.3934056907815235 0.5000000000000000
-0.5000000000000000 -0.2352027175138760 0.4552239359581518
-0.5000000000000000 -0.2766552144154004 0.4822480299225550
-0.0157094451741145 -0.4635718478101110 0.5000000000000000
-0.0886098867797863 0.1095203733379136 -0.5000000000000000
-0.1443602485600743 0.2611865999683948 -0.5000000000000000
-0.1994092879916328 0.1218516169217900 -0.5000000000000000
-0.1901026645033088 0.4281116190189097 -0.5000000000000000
0.1469737974192685 0.0250860239880750 -0.5000000000000000
0.0807985581669109 0.0169661282870180 -0.5000000000000000
0.0877700759101167 -0.0553921917874267 -0.5000000000000000
0.0872445359925988 0.0231931322494132 -0.5000000000000000
0.1842499020919548 0.1029620370722369 -0.5000000000000000
0.0665634827364911 -0.0126983355011322 -0.5000000000000000
0.2431600610957994 0.2712367831491819 0.5000000000000000
0.2250766585735453 0.2720545965455072 0.5000000000000000
0.2535548850932761 0.2516251073236678 0.5000000000000000
-0.5000000000000000 -0.1894280323436065 -0.0402058229703739
-0.5000000000000000 -0.1587072356982788 -0.0616119152811644
0.5000000000000000 -0.3384493861715386 -0.2534094270515724
-0.0429590803389195 0.0545020223923244 -0.5000000000000000
0.0031508985891932 -0.0124809736868686 -0.5000000000000000
-0.0416142004750020 0.0592124451689178 -0.5000000000000000
-0.0756938291263134 0.0899874081022006 -0.5000000000000000
-0.0928309910849115 0.0667822171923178 -0.5000000000000000
-0.0472506508784691 0.0337791051810300 -0.5000000000000000
-0.3305823938585012 0.1927033752112020 -0.5000000000000000
-0.4012952887221825 0.5000000000000000 -0.3520724284447624
-0.5000000000000000 0.3233680970505657 -0.4198968865516630
-0.2256000400931041 0.1404108296383893 -0.5000000000000000
-0.5000000000000000 0.2113743362585811 0.3833771370952403
-0.5000000000000000 0.0289224286644322 0.3920484574517450
-0.5000000000000000 0.2926707427895640 0.3664069268140835
-0.1307775185891891 0.5000000000000000 -0.2122666605613227
0.4341853394156847 0.5000000000000000 0.4012671752004222
0.5000000000000000 0.0528137162580061 0.4415365480243151
-0.3245904974167474 0.5000000000000000 -0.1321005273587544
-0.3415339778059397 0.5000000000000000 -0.1867743916357493
-0.5000000000000000 0.4350790315702819 -0.1231457060077434
-0.2719810440693710 0.5000000000000000 -0.1642160913320350
-0.3754697681898685 0.5000000000000000 -0.0548414952829532
-0.3918917696334043 -0.5000000000000000 0.2485600213763851
-0.5000000000000000 -0.4434235182035945 0.1682927232818045
-0.4393619470603712 -0.5000000000000000 0.1927899480276224
-0.1765466853343619 -0.0525611451928491 -0.5000000000000000
-0.2730785921930872 -0.0694793032570498 -0.5000000000000000
-0.1720515918491269 0.0068341800276400 -0.5000000000000000
-0.2052982266628099 -0.0722323081211748 -0.5000000000000000
-0.1073004975362159 -0.0319864569119574 -0.5000000000000000
-0.5000000000000000 0.1450466344647527 0.0921224483920161
-0.5000000000000000 0.3659222897748698 -0.0473340058618907
-0.5000000000000000 0.3057666834623810 0.0469905486040521
-0.5000000000000000 0.1865715711819518 0.0648014657035302
-0.5000000000000000 0.2565194036123036 -0.0008265165409998
-0.0644365506626095 0.5000000000000000 0.1528856489976232
0.5000000000000000 0.0057764510160084 0.4370351980813693
-0.4249059742817604 -0.3758404757792272 -0.5000000000000000
-0.1303136739933142 -0.1892925903972720 -0.5000000000000000
-0.0341814084912032 -0.1957800187954520 -0.5000000000000000
-0.1271419112754139 -0.2506446464433280 -0.5000000000000000
-0.1133369763218371 -0.3232981078762399 -0.5000000000000000
-0.1221620038889346 -0.2926242177390746 -0.5000000000000000
-0.1478623451342098 -0.2504973882999817 -0.5000000000000000
0.0571545727513207 -0.0893118223751045 -0.5000000000000000
-0.5000000000000000 -0.0356082838555540 -0.2259396851074384
-0.5000000000000000 -0.2683923287406438 -0.2376321398866938
-0.5000000000000000 -0.1580126120928867 -0.3199344774637338
-0.5000000000000000 -0.1903709829925970 -0.2260529477165222
0.3983461765603375 -0.5000000000000000 0.4331072205174694
0.2736573753841427 -0.5000000000000000 0.4152934981484266
-0.5000000000000000 -0.0528652091152109 0.3992639260191818
-0.0641314684886053 0.1686379778732792 0.5000000000000000
-0.1920903951379488 -0.0267242080847047 0.5000000000000000
-0.1435666310895714 0.0372057224879949 0.5000000000000000
-0.2003296132715340 0.0702474052344058 0.5000000000000000
-0.2974560942191112 0.1462489652294292 0.5000000000000000
-0.2495508915146394 -0.5000000000000000 -0.2662253544181685
-0.1435041475724337 -0.5000000000000000 -0.4183887670491389
-0.2117367974161741 -0.5000000000000000 -0.3542715793697543
0.5000000000000000 0.0332454488203184 -0.4405056998650643
0.5000000000000000 -0.0468865411011060 -0.3724833105226291
0.5000000000000000 -0.1291581126315253 -0.3579773409684877
0.5000000000000000 -0.2332404234526209 -0.3004432590412683
0.5000000000000000 0.0447645471751006 -0.2761600559402564
0.5000000000000000 -0.1297953595332138 -0.3293797532677424
0.5000000000000000 -0.0417880904266536 -0.2405266614304558
-0.2795203957017381 -0.3221140553448105 -0.5000000000000000
-0.1335586074854161 -0.1731602280996568 -0.4969441916196571
-0.3602461736567998 -0.3644707514471018 -0.5000000000000000
-0.1769653624758385 -0.3835151692325861 -0.5000000000000000
-0.3077681970779378 -0.1688456530537468 -0.5000000000000000
-0.2525269191921993 -0.2480543954278236 -0.5000000000000000
-0.0706230067834052 -0.2801416698742104 0.5000000000000000
-0.1746861996541670 -0.5000000000000000 0.3263455690483630
-0.4311321772535006 0.2846471849527054 -0.5000000000000000
-0.5000000000000000 0.2207039208848771 -0.4886847291526176
-0.5000000000000000 -0.4166527114957946 -0.2951871148722611
-0.5000000000000000 -0.3673076464745855 -0.3941912355417861
-0.5000000000000000 -0.3966781394476865 -0.4295068014221201
-0.4888863896770391 -0.5000000000000000 -0.4892815212934978
0.1339875778560171 -0.5000000000000000 -0.2934373254782424
0.2074828864832861 -0.5000000000000000 -0.3847364644033107
0.1758296017937917 -0.5000000000000000 -0.3041100457195166
0.2120166338421096 -0.5000000000000000 -0.2969640362996261
0.0027755396798858 -0.5000000000000000 -0.3925821958301708
0.1451683424299552 -0.5000000000000000 -0.3333949074080367
0.3149380400239961 -0.5000000000000000 -0.3814621789947811
0.5000000000000000 0.0813808400737872 -0.4497560339360357
-0.5000000000000000 0.0686645432697159 -0.2223779826891308
-0.5000000000000000 -0.0340403027677359 -0.2441637685353112
-0.5000000000000000 -0.0154507240542660 -0.2799690214330415
-0.5000000000000000 -0.0133917192768442 -0.3399857024904255
-0.5000000000000000 0.0540135387185991 0.1898567640853595
-0.5000000000000000 0.1401512312902312 0.1078475160096231
-0.5000000000000000 0.1249238571437786 0.1557125435884940
0.3298860750311872 -0.5000000000000000 0.2402610868394351
0.3400650770376100 -0.5000000000000000 0.2437669630448125
0.3313893119898003 -0.5000000000000000 0.2404128473461710
0.3279718508655448 -0.5000000000000000 0.2426269641326741
0.3358392638661195 -0.5000000000000000 0.2499085349968486
0.3274503233320397 -0.5000000000000000 0.2464196429385026
0.3310887799086220 -0.5000000000000000 0.2415696183272014
-0.4992075958500657 -0.0541552183654774 0.5000000000000000
-0.5000000000000000 0.3681096503956156 -0.4660860317337998
-0.3955620471037951 0.3218140134911051 -0.5000000000000000
-0.3566857259827298 0.2238584225416849 -0.5000000000000000
-0.4618794401015114 0.3223420698187685 -0.5000000000000000
-0.4093835341924016 0.5000000000000000 -0.3591578389655327
-0.5000000000000000 0.3252195880701882 -0.4269296322848812
-0.0096154178658733 0.2577186024961997 0.5000000000000000
0.0165109384436152 0.2135393126294817 0.5000000000000000
0.0483193210909880 0.1906390470993774 0.5000000000000000
-0.2487682355935207 -0.5000000000000000 0.3663113283466611
-0.3790779778220392 -0.3448272839513815 0.5000000000000000
-0.3811999836826767 -0.5000000000000000 0.2622281372416531
0.5000000000000000 -0.4774295916530704 -0.2914897459702135
0.5000000000000000 -0.3789604566965483 -0.3559689498035227
0.5000000000000000 -0.4753234184596816 -0.3231379747913671
-0.2538772286407959 0.5000000000000000 0.2876221549330741
-0.2792421750134565 0.5000000000000000 0.3820305018425312
-0.2146190513212430 0.5000000000000000 0.3926613919962540
-0.3991611967656143 0.5000000000000000 0.1138403928208041
-0.2164823577607226 0.5000000000000000 0.2009102101564652
-0.3370076890332676 0.5000000000000000 0.2116884112560398
0.4840808154971181 0.0868247231776181 -0.5000000000000000
0.4544661496671172 0.1168714804837263 -0.5000000000000000
0.4374819582300380 0.1552302765909708 -0.5000000000000000
0.5000000000000000 0.0956393118457360 -0.4614989701451465
0.5000000000000000 0.1189702040929596 -0.4665082952105651
0.4327540952307154 0.0892449954324975 -0.5000000000000000
0.5000000000000000 0.1556831110204266 -0.4601824342088875
0.4636316344828433 0.0577803716604857 -0.5000000000000000
0.4901331261180809 0.1314250881026167 -0.5000000000000000
0.3898374460947345 -0.4924686396526618 -0.2585152034644182
-0.1049685554140491 -0.5000000000000000 0.0005478565595458
-0.2096973910918667 -0.5000000000000000 0.0555004415821208
-0.1661751328644658 0.2785963282382365 -0.5000000000000000
0.3003341197862711 -0.5000000000000000 0.3690527733012043
0.4673134139254507 0.0569292913149246 0.5000000000000000
0.5000000000000000 0.0603691731018633 -0.2629177444951293
-0.0925607560450043 -0.2710741118899102 0.5000000000000000
-0.0072533563767203 -0.3059800232700515 0.5000000000000000
-0.0935966899140591 -0.2328778559507071 0.5000000000000000
-0.0732562412468044 -0.2561794454379723 0.5000000000000000
-0.0049059708245278 -0.1877218206669865 0.5000000000000000
-0.0695802366999075 -0.2472586935589196 0.5000000000000000
-0.0516575632360054 -0.2554668472823048 0.5000000000000000
-0.2153678528225810 -0.3696628172070424 0.5000000000000000
0.0352648597377605 0.5000000000000000 0.3847778875333099
0.0120441633044268 0.5000000000000000 0.3598152447675490
-0.0076540770155414 0.5000000000000000 0.3525247754353988
-0.0482610980662883 0.5000000000000000 0.3408058008032786
0.2100551932334866 0.1445994156747076 -0.5000000000000000
-0.5000000000000000 0.1406435117440568 -0.2355895825916869
-0.5000000000000000 0.3661145488645332 -0.2160761791062759
-0.5000000000000000 0.2850538190368697 -0.2342959523563597
0.4655183372417551 0.0002981121723503 0.5000000000000000
0.3944807850946346 -0.0714715443306534 0.5000000000000000
-0.5000000000000000 -0.3127453915083708 0.3637033723033877
-0.5000000000000000 -0.2411587860027594 0.4041894882793173
-0.5000000000000000 -0.2686344447329747 0.4300080061676859
-0.5000000000000000 -0.1156324270266451 0.3867886197768457
-0.5000000000000000 -0.2493347263739772 0.3259072296817633
-0.2164177725136277 -0.5000000000000000 0.3545576676360697
-0.2260152117929865 -0.5000000000000000 0.3084416722005714
-0.2629499407202150 -0.5000000000000000 0.3856745936537438
-0.2194235376824525 -0.5000000000000000 0.4066533743898478
0.4498291001260563 -0.5000000000000000 0.4308475972001769
0.1245417408462023 -0.3231897759925002 0.5000000000000000
0.1881301000405104 -0.5000000000000000 0.4735927438752712
0.1108043818863312 -0.4755196143383287 0.5000000000000000
0.0898025853756244 -0.3620708709801010 0.5000000000000000
0.0764967321405236 -0.3866770860184345 0.5000000000000000
0.2042376891612023 0.5000000000000000 -0.3652903349560014
0.3083930962739211 0.5000000000000000 -0.2681620231271749
0.3112159074814423 -0.5000000000000000 -0.0207952102446246
0.2749302687831298 -0.5000000000000000 -0.1097448156613971
0.2515110389603363 -0.5000000000000000 -0.0545556157494582
0.3740617463913269 -0.5000000000000000 -0.2242362124615725
0.2689476563121977 -0.5000000000000000 -0.0696035600510140
0.1261927198078392 -0.5000000000000000 -0.2179218815292266
0.2281063305275062 -0.5000000000000000 -0.1596607318856266
0.1742741449478587 -0.5000000000000000 -0.0555898510497273
0.1901952979517690 -0.5000000000000000 -0.2297220711163710
-0.5000000000000000 -0.2290170707949775 0.0631245876555298
-0.5000000000000000 -0.3013921495854772 0.1245039756485283
-0.5000000000000000 -0.2445641215731320 0.1315351769985524
-0.5000000000000000 -0.2469219579498167 0.1276479790048780
-0.5000000000000000 -0.2413186696722138 0.1197226477379454
-0.5000000000000000 -0.2555196039124366 0.0942916797398935
-0.5000000000000000 -0.2578432862868326 0.1060228978957631
0.0222231466638215 0.3418913595023029 0.5000000000000000
-0.1516869867574764 0.2542619448981732 0.5000000000000000
0.2490805724216911 0.1707068841479735 -0.5000000000000000
-0.3328464497228413 0.5000000000000000 -0.1895801484205526
-0.2455721378796337 0.5000000000000000 -0.1638285890365287
-0.3735770683598114 0.5000000000000000 -0.2300440819352737
-0.4318991535727348 0.5000000000000000 -0.1937826528938383
0.5000000000000000 -0.2541338445808724 -0.1242088028710732
0.5000000000000000 -0.3975468723596767 -0.0168470572382358
-0.2123081193710460 0.5000000000000000 0.2840464740779983
0.4064361255600166 0.1282163888936815 -0.5000000000000000
0.3075430497533263 0.1668442916610926 -0.5000000000000000
0.3760314156533638 0.1018233522390519 -0.5000000000000000
-0.4348518238013658 -0.5000000000000000 -0.2735479584279860
-0.3550979242890285 -0.5000000000000000 -0.3531639325805926
-0.4185983488310152 -0.5000000000000000 -0.4073157127960243
-0.2744348317443062 -0.5000000000000000 -0.2675497958291462
-0.3337222716312430 -0.5000000000000000 -0.3105842795698336
-0.0082559540762856 -0.5000000000000000 -0.2701957584831934
-0.0769503562565295 -0.5000000000000000 -0.0937990110757082
-0.5000000000000000 0.2398886431049884 0.4332780385925068
-0.5000000000000000 0.2110367236634105 0.4805447961854947
-0.1140978623865497 0.5000000000000000 0.2664426312980305
0.3350309805048855 -0.0654779230446562 0.5000000000000000
0.3891931284410508 0.1970349327137104 -0.5000000000000000
0.3847645960996046 0.2224446290012393 -0.5000000000000000
0.3686401582362399 0.3219912326248421 -0.5000000000000000
0.3718454671142989 0.2455779456010405 -0.5000000000000000
0.3176589724213887 0.2105640891628363 -0.5000000000000000
0.3656715012824535 0.2670731358520114 -0.5000000000000000
0.2126893278910844 0.5000000000000000 -0.4098809418696563
-0.0035559848295090 -0.5000000000000000 -0.0228572523332260
-0.2899931965402204 -0.5000000000000000 0.4225662369495385
-0.2400723615561046 -0.5000000000000000 0.4533309066506120
0.5000000000000000 -0.1580010052267655 0.1111095910426374
0.5000000000000000 -0.2485266467493430 -0.1169466154277880
0.5000000000000000 -0.0725846856073234 0.0681628597438579
0.5000000000000000 -0.3954900151890624 -0.0160311170162471
0.5000000000000000 0.0576676788402818 0.0262463456639688
-0.5000000000000000 0.3129589815213412 0.3461600035892522
0.5000000000000000 0.0601589651068304 -0.2442691221630099
0.5000000000000000 0.0580767628203759 -0.0950520163305165
0.5000000000000000 -0.0036670257187500 -0.1259981174218820
-0.4589951653671014 -0.5000000000000000 -0.2510446308554293
-0.5000000000000000 -0.3069354764417199 -0.2373469500961195
-0.5000000000000000 -0.4405869672739961 -0.2465459996500909
-0.4323390727063694 -0.5000000000000000 -0.2439860199393018
-0.5000000000000000 -0.4318975293905302 -0.2702292084771463
-0.5000000000000000 -0.4174226469520491 -0.1943702653475357
-0.4002443147904861 -0.0935766060747037 -0.4972735513411924
-0.1955962552462922 0.4396478094505676 -0.5000000000000000
0.4174110120071454 -0.0239117740244340 -0.5000000000000000
0.4882085514751212 0.0730295266627676 -0.2628277647014478
-0.3913949528676101 -0.0754595137906209 -0.5000000000000000
-0.5000000000000000 -0.1552606381608177 -0.3604784147501158
-0.5000000000000000 0.0475342386332591 -0.4257782883432221
-0.4487018574137661 -0.5000000000000000 -0.3794518648016701
-0.0248209866514573 -0.4283707131626728 -0.5000000000000000
0.0627123187661993 -0.3909396979500542 -0.5000000000000000
0.2331949778569311 -0.5000000000000000 0.1920838621057570
0.5000000000000000 -0.4010227126132535 -0.0123377976963658
0.2025508847955115 -0.5000000000000000 0.3545621531625370
-0.0127535857225036 -0.4991292745957661 0.1996964291825964
0.2217479923924811 -0.5000000000000000 -0.4101448461820462
0.3418809612177400 -0.5000000000000000 -0.4045469822745518
-0.2346606405878092 0.5000000000000000 -0.0645529590365655
0.4758123711547518 0.0406820790447618 0.5000000000000000
-0.3651777854725770 -0.5000000000000000 0.2424628774960222
-0.5000000000000000 -0.2819870290790246 -0.2417554002585455
-0.5000000000000000 -0.1891732143141862 -0.3372291045456739
-0.3332914105284414 -0.3593664259636025 -0.5000000000000000
0.3814964727965175 0.5000000000000000 0.4678919844555346
0.0599411958207906 0.4309332653949620 0.5000000000000000
0.5000000000000000 0.4093290022728908 0.4946340632865201
-0.1091734410312289 -0.5000000000000000 -0.4420692037788302
-0.5000000000000000 0.3748759566305550 -0.4703636464696194
-0.5000000000000000 0.3974212604381824 -0.4271688218900158
-0.5000000000000000 0.3814363882435930 -0.3338055977371178
0.0836987733072818 -0.5000000000000000 -0.2696220410364612
0.1577631209805410 -0.5000000000000000 -0.2533402222102343
-0.4342328378506222 -0.2609110016535010 0.5000000000000000
-0.4595088341021748 -0.2866678214435454 0.5000000000000000
-0.3749811567585322 -0.3705307766056052 0.5000000000000000
-0.2666548194992406 -0.1760895269179550 0.5000000000000000
-0.2725356058172090 -0.0211360753567872 0.5000000000000000
-0.3009417369592693 -0.1031497302311750 0.5000000000000000
0.1626829912243574 0.5000000000000000 0.3989773582262114
0.2754825432637485 0.4927553110070461 0.3276480137514626
-0.3527742498505487 0.3352721934512226 -0.4984119142049416
0.1106887677390916 0.5000000000000000 0.4418911850694586
0.0464097391772053 0.5000000000000000 0.4864446843828897
0.3126535474560669 0.4989645234859365 0.3892201648035387
-0.0013890097922017 0.4968794076919005 0.4538437189881049
0.1822079985414481 0.5000000000000000 -0.4073545675134841
0.1321456599858532 0.4771254884189514 -0.5000000000000000
0.1934939520576426 0.5000000000000000 -0.4331227359085579
0.1433907462674688 0.5000000000000000 -0.4159294036762669
0.2336016746346141 0.5000000000000000 -0.3544882864842310
0.2019787293288360 0.4774338996274204 0.5000000000000000
0.1142094526245456 0.5000000000000000 0.3751477354600936
0.4859294936785803 -0.5000000000000000 0.2744407255113144
-0.2160022764730950 -0.5000000000000000 0.0529245704016427
0.1667489869512364 -0.1910319874261505 0.5000000000000000
0.2099358720611124 -0.1034372736671511 0.5000000000000000
0.1120631998619458 -0.1203452558209971 0.5000000000000000
0.1529008000009543 -0.0028318840238793 0.5000000000000000
0.5000000000000000 0.0872327138808009 -0.2782730541544221
0.3027863878016341 -0.2523133533793113 -0.5000000000000000
0.3228856644826684 -0.2558863820275827 -0.5000000000000000
0.4008097890791631 -0.1219536014296139 -0.5000000000000000
0.2785726112833637 -0.0668713979791941 -0.5000000000000000
-0.3555750634031747 0.5000000000000000 -0.2197088826698618
0.2231877374976837 0.5000000000000000 -0.2702030492169860
0.5000000000000000 0.2518432734085588 -0.0846748149313400
0.5000000000000000 0.0788020576507752 0.0217339233413332
0.5000000000000000 -0.1955607392117284 0.2376646207453937
0.5000000000000000 -0.2535709213007813 0.2221113205753084
0.5000000000000000 -0.2411835346372312 0.2531930338307269
-0.5000000000000000 -0.4199667113816588 0.2235767228930867
-0.5000000000000000 -0.4036472519314153 0.3562085909190075
-0.5000000000000000 -0.3856020800361820 0.3607454704073929
-0.5000000000000000 -0.3842096785643325 0.4077920931079380
-0.4123978688455996 -0.5000000000000000 0.2765936742616373
-0.4044291834133103 -0.5000000000000000 0.2219654097747279
0.4974818720711491 0.3250295384184475 0.2323545781310077
-0.3450008218816344 0.2318762230110062 0.5000000000000000
0.0741892091980704 0.4116552239479078 0.5000000000000000
-0.5000000000000000 0.2778763720809279 -0.3840644732574114
-0.5000000000000000 0.3698357608722907 -0.2335824441336822
-0.5000000000000000 0.3049214548162395 -0.2618303112894533
0.0671555569560677 0.4221301835470903 0.5000000000000000
0.4724388706871415 0.5000000000000000 0.0178284790687820
0.4423850479212164 0.5000000000000000 -0.0078804358963199
0.4825234383768123 0.5000000000000000 -0.0366246602791962
0.5000000000000000 0.4358368710050345 -0.0317002552662362
0.5000000000000000 0.4603420237773490 0.0233248854963150
-0.5000000000000000 0.3957143161571411 -0.1826973113760439
0.2254616208457300 0.0092107277302371 -0.5000000000000000
-0.3671432320443295 0.5000000000000000 -0.2476345683442469
-0.0553908968008357 -0.5000000000000000 -0.0115064954781870
0.2359890431901352 -0.5000000000000000 -0.1451716775214794
0.2515857656336460 -0.5000000000000000 -0.2109293461636109
0.5000000000000000 -0.4047963142408800 -0.0217450536824610
-0.5000000000000000 -0.2665757041151723 -0.2063071745966310
-0.5000000000000000 -0.2822250705153223 -0.2381059715387662
-0.5000000000000000 0.3967302388474900 -0.2209982533116073
-0.5000000000000000 0.0881226176429124 -0.3463918070145729
-0.5000000000000000 0.0859430114369935 -0.2153319982389912
0.5000000000000000 0.2210464805564192 -0.3799333427638043
-0.5000000000000000 -0.1543720393124159 -0.3244359698472908
-0.5000000000000000 -0.1882061690525282 -0.2293834543507309
-0.5000000000000000 -0.0760628560204255 -0.3219153820345561
0.4662546840366969 0.4156318663792822 0.5000000000000000
0.5000000000000000 0.4820468266972343 0.3664142426115009
0.5000000000000000 0.4262695204954521 0.4359547188476728
0.4942235081628462 0.5000000000000000 0.4686617465283244
0.3804592308224798 0.4874961135510701 0.5000000000000000
-0.3940668393086196 0.5000000000000000 -0.3712538014293619
-0.3204231603935133 0.2876464409158899 -0.5000000000000000
-0.3268088737215597 0.3533941219773963 -0.5000000000000000
-0.5000000000000000 0.3052468408611530 0.0517203452246883
-0.5000000000000000 0.1703811478304285 0.0774663068826100
-0.2018579133642451 0.5000000000000000 -0.1663440299330229
-0.0566563069386645 0.5000000000000000 -0.1323424232896292
-0.0944465731271761 -0.5000000000000000 -0.4211827038382639
0.5000000000000000 -0.2809188463934684 -0.2035238121656929
0.2545440007079273 -0.3714888566730073 -0.5000000000000000
0.3073854217184951 -0.3697628860354100 -0.5000000000000000
0.0601669372289216 0.4057063440713637 0.5000000000000000
0.0118493373860872 0.4217515828699338 0.5000000000000000
0.0960701784659890 0.4366979881550834 0.5000000000000000
0.4139690951234914 -0.2533249504676875 0.5000000000000000
0.5000000000000000 -0.1596533772264410 0.1253923434225900
0.5000000000000000 -0.1379770045582376 0.3680696909178492
0.2672852746503053 0.5000000000000000 0.3146930424675233
0.2605198481051265 0.5000000000000000 0.3276852090071859
-0.4208547840342776 -0.2196414325689982 0.5000000000000000
-0.4425069161948020 -0.1918204473377944 0.5000000000000000
-0.4027135162973809 -0.1575149889396068 0.5000000000000000
0.1862749099647603 -0.5000000000000000 -0.0450750494681948
0.2160131261565499 -0.5000000000000000 0.1647938792131025
0.1272003740527685 -0.5000000000000000 -0.0108462781071192
0.5000000000000000 -0.4044971772347501 -0.0190381059878711
0.3838283759446346 0.3548351293040438 -0.5000000000000000
-0.4039380703432749 0.5000000000000000 0.1014128497627829
-0.3856733503862022 0.5000000000000000 -0.0102009204892543
0.1420034979271300 0.4322717276540627 -0.5000000000000000
-0.5000000000000000 -0.4344541974240832 0.3943147208480904
-0.1117699990041177 -0.5000000000000000 -0.4092413679764837
-0.1582782964343770 -0.5000000000000000 -0.3239114238993583
0.4991148763808342 -0.4684118281323941 0.2890027279958417
0.5000000000000000 -0.4054839385613461 0.3840887812105092
0.5000000000000000 -0.3517768364207079 0.3389651954830223
-0.0241070064020273 0.0745582745702576 0.5000000000000000
0.0415612998226999 0.3492520203623888 0.5000000000000000
0.2694895107676922 -0.3827783542346107 -0.5000000000000000
0.3741524913274913 -0.3196133832054809 -0.5000000000000000
0.3263034368157200 -0.3811782106372151 -0.5000000000000000
-0.5000000000000000 0.3341437129612237 0.3470383670421727
0.2099059151433189 -0.2476321867124235 0.5000000000000000
0.0297363015444721 -0.1768989079900317 0.5000000000000000
0.4782681355297039 -0.5000000000000000 0.3456798628896017
0.4858904950288715 -0.5000000000000000 0.2649205653421418
0.4334426381887270 -0.5000000000000000 0.4320812939926882
-0.5000000000000000 -0.3319088788895605 0.4948539746941771
-0.5000000000000000 -0.3868257046209866 0.4882255510394647
0.3502154243333464 0.0483333359039081 0.5000000000000000
0.5000000000000000 0.0239950172761455 0.4516342959707220
0.3568560590538795 0.0844973504755361 0.5000000000000000
0.5000000000000000 0.0759655418279917 0.4107944267887672
0.5000000000000000 -0.0138648174842912 0.4222190286196231
0.4501079267528477 -0.5000000000000000 -0.2427351741356899
0.5000000000000000 -0.4080347651250378 -0.0289531844440261
0.5000000000000000 0.2708625534054225 0.2924765797982137
-0.1649271269556444 -0.5000000000000000 -0.4860223754360186
-0.5000000000000000 -0.1886018711224638 0.0124273256706806
-0.5000000000000000 -0.2014980231925650 0.1591655240801233
-0.5000000000000000 -0.1905143659549391 0.1280102492205626
-0.5000000000000000 -0.0666144104587888 0.3858078419630321
-0.5000000000000000 -0.2032197725059279 0.2489819093189007
0.1995828232295553 -0.5000000000000000 -0.4173986796021347
-0.0578865823540820 -0.5000000000000000 -0.4579510621870679
0.0855228630732294 -0.5000000000000000 -0.4402864472731885
-0.5000000000000000 -0.4497494842992589 0.2163246214556342
-0.5000000000000000 -0.4443156632896219 0.1502918765290406
-0.5000000000000000 -0.3903844481740972 0.1634167386613962
-0.5000000000000000 -0.3992537187162034 0.1594784762706228
-0.5000000000000000 -0.4166279599788233 0.1310505315614145
0.4385707874056214 -0.5000000000000000 0.4367253313123819
-0.3512350764894290 0.1493552988328329 -0.5000000000000000
-0.3203493161594156 -0.0133212422893530 -0.5000000000000000
-0.3425762225043970 0.0658322975642484 -0.5000000000000000
0.2035283320362955 0.5000000000000000 0.0007791396941046
0.0588640808492245 0.5000000000000000 0.0925426859676733
-0.3115637105148685 -0.4996949790085976 0.1620718908935221
-0.4121774528173089 -0.5000000000000000 0.1215367223089165
-0.3612892628611719 -0.5000000000000000 0.0571114981637349
0.0881891999396996 0.5000000000000000 0.2214166109405337
-0.0516168565513452 0.5000000000000000 0.1693496488331610
0.0582399952473352 0.5000000000000000 0.3117929862571087
0.0478177130133986 0.0728629941199297 -0.5000000000000000
0.3655734665410703 -0.3733616047270141 0.5000000000000000
0.3128611852107214 -0.2608111556208297 0.5000000000000000
-0.4548035869844738 -0.2709931740652002 0.5000000000000000
-0.5000000000000000 -0.4598124786504903 0.3348040622447641
-0.5000000000000000 -0.4833173220286745 0.3164138325124056
-0.4861113530715563 -0.5000000000000000 0.2715274489636469
-0.5000000000000000 -0.4074998572413617 0.3978382648288502
-0.4655269364042470 -0.5000000000000000 0.2379841233560430
-0.3132349853391174 0.5000000000000000 -0.2130698682489149
-0.3808380139782668 0.5000000000000000 -0.2652182440377416
-0.5000000000000000 0.3582320993980739 -0.3759679341186822
0.2261037586887714 -0.5000000000000000 -0.3808514889657868
0.2466489371602167 -0.5000000000000000 -0.4275758911336857
0.3741138408955961 -0.3682272347198919 0.5000000000000000
0.3739793112526073 -0.3845243681148655 0.5000000000000000
0.3811146490571049 -0.3881010503758273 0.5000000000000000
0.3730565288646573 -0.3864298804888303 0.5000000000000000
0.3789508658534708 -0.3824937065224600 0.5000000000000000
-0.5000000000000000 0.2956004421266955 -0.4739907611312512
-0.5000000000000000 0.1767884948900809 -0.4072295186810856
-0.5000000000000000 0.2894974354426824 -0.4100263152124677
-0.0196305647250600 0.5000000000000000 0.4517960677823397
-0.1473222386113034 0.5000000000000000 0.3640503226862313
0.2733255488035169 -0.0177065220081131 0.5000000000000000
0.2165159906284754 0.0572643353008119 0.5000000000000000
0.2386112042283185 -0.5000000000000000 0.4886016433678842
0.2571694091675817 -0.5000000000000000 0.4310460014934011
0.2347049158749930 0.1311636904593457 -0.5000000000000000
0.2929252670491037 0.0261448164703929 -0.5000000000000000
0.0015712199491900 0.5000000000000000 -0.3775250314538723
0.3762704234505723 -0.1971162269776211 0.5000000000000000
0.5000000000000000 -0.1188572153502561 0.4091622096125569
-0.5000000000000000 0.1402517364381131 0.0683045368217456
-0.5000000000000000 0.1546655548768246 0.0693429487957976
0.0019807125510779 0.4285148278042587 0.5000000000000000
0.5000000000000000 -0.1920251957489463 0.1307986568706087
0.4479239517778367 -0.5000000000000000 0.1919932733669594
0.5000000000000000 -0.3983903274989422 0.0059440237107152
0.5000000000000000 -0.4279687834148719 0.2435734078640391
0.5000000000000000 -0.3464438260497018 0.2261103364669194
0.1165911486924725 -0.0684093624427327 -0.5000000000000000
0.0788049006666425 -0.0928486389831787 -0.5000000000000000
0.0563680894735009 -0.0766696550376553 -0.5000000000000000
-0.3502931237221938 0.0028462025241697 0.5000000000000000
-0.2340314175949800 0.0216949110484896 0.5000000000000000
-0.3303024325696027 0.1051601081385314 0.5000000000000000
-0.5000000000000000 -0.1453792572350067 -0.3370016480549269
-0.5000000000000000 -0.0554766828456806 -0.3551832459689824
-0.0695575418161456 0.5000000000000000 0.1502513219162026
-0.1837168853270308 0.5000000000000000 0.1416062603739903
0.1373637239336779 0.5000000000000000 -0.0594621611953933
0.2208122664262452 0.5000000000000000 -0.1390468969243941
0.5000000000000000 0.1079709932976807 -0.2856801469727498
0.5000000000000000 0.3281338454718274 -0.4375315191790662
0.5000000000000000 0.3097216474434294 -0.4102940974670721
0.0527146850413322 0.0804077498043483 -0.5000000000000000
0.1556466760306928 0.1378478280407816 -0.5000000000000000
0.0927719203832358 0.1727830540626437 -0.5000000000000000
0.2416742011973250 -0.2716607046386226 0.4998926977619204
0.4324730051744369 -0.2938017405032022 0.5000000000000000
-0.2695988787712092 -0.5000000000000000 -0.2306043522847114
-0.2347747484106883 -0.5000000000000000 -0.3120161025806150
-0.3286575388141652 -0.5000000000000000 -0.2666586697564814
0.2154134810079967 -0.5000000000000000 -0.2655616465783613
-0.5000000000000000 -0.1968466177866362 -0.1874325799209565
-0.5000000000000000 -0.2644136058305364 -0.0177522114880353
0.0406266177114795 0.3663460119193019 0.4910178910061396
-0.0256559355268292 0.5000000000000000 -0.1070074819891144
-0.5000000000000000 -0.1108189374170778 -0.3549337944948633
0.2291297755593302 -0.5000000000000000 0.2088059530754552
-0.5000000000000000 -0.4119711203301482 -0.4272857182333559
-0.5000000000000000 -0.4222886970642729 -0.4649502646355629
-0.4113411560923125 -0.3966797639119458 -0.5000000000000000
-0.5000000000000000 -0.4305751156050176 -0.4458563815207883
0.5000000000000000 -0.3188191370583764 -0.3856884625754288
-0.4758889791177859 -0.2331720342563051 0.5000000000000000
-0.4450411007092316 -0.1867520143650536 0.5000000000000000
-0.5000000000000000 -0.1811621316450088 0.4319914490503894
0.5000000000000000 0.0950914744695903 -0.2520071187247802
0.5000000000000000 0.0900463261467398 -0.2605321470211963
-0.3694979033442846 -0.5000000000000000 0.4764186654276580
-0.4359770726554114 0.5000000000000000 -0.2759428748231751
-0.5000000000000000 0.3587369802679362 -0.2951517403058441
-0.5000000000000000 0.3881123451929170 -0.2013504757498612
-0.5000000000000000 0.3429307882430251 -0.1711370790290298
0.3393491568179942 0.4251578200370021 -0.5000000000000000
0.5000000000000000 -0.4035937673742646 -0.0197229782635122
0.4742567938861216 -0.5000000000000000 0.3563722447958789
0.4645090464475040 -0.5000000000000000 0.3532717600432800
0.4758261740885915 -0.5000000000000000 0.3505312684083750
-0.4680268468418551 -0.2797842662733704 0.4884977993842125
0.5000000000000000 -0.2572901941023635 -0.1683140049846597
0.5000000000000000 -0.0875889272811947 -0.1145930085315334
0.0455764772196298 0.5000000000000000 -0.1442792717142818
0.3015076261669404 0.5000000000000000 -0.2303150259066731
-0.5000000000000000 0.3117962224396885 -0.3426775392059385
-0.5000000000000000 0.2070881319158288 -0.2136031158477946
-0.5000000000000000 0.2541786489192343 -0.1520730289693528
-0.4618714869977564 -0.5000000000000000 0.1481891662231119
-0.4314504783810326 -0.5000000000000000 0.1613188386267415
-0.5000000000000000 -0.3731201748549723 0.0529828965011579
0.4779651605844714 -0.4482035908241829 0.5000000000000000
0.4964469581255709 -0.4015557651496957 0.5000000000000000
0.5000000000000000 -0.4944162360021357 0.4217439628182771
0.5000000000000000 0.1593046894398370 -0.1104776573235786
-0.5000000000000000 0.0273241451996278 -0.3944274112910700
-0.1697844599581754 0.5000000000000000 -0.0007034915407152
-0.5000000000000000 -0.3465123669482737 0.4476735834568780
-0.4592715234190842 -0.2467513697458283 0.5000000000000000
0.2738278015459140 -0.5000000000000000 -0.2483326639998163
0.0113264044468650 -0.1676244242862698 0.4917559743571844
0.2352091478485386 -0.5000000000000000 0.2316681880639072
0.0076519097961486 -0.5000000000000000 0.1988043780142411
-0.4070403881581880 0.5000000000000000 0.1097851625824438
-0.1974291416443746 0.4351324169653781 -0.5000000000000000
-0.2158908406065529 0.4988971232044980 -0.3563346819585334
-0.2070821764844211 0.5000000000000000 -0.1193432823740381
-0.5000000000000000 0.3126338794693821 0.3756176819363670
-0.5000000000000000 0.2592287766810777 0.4988196760762850
0.5000000000000000 0.4269292684832896 -0.4799666245109098
0.2965091385599659 -0.5000000000000000 0.3151365419360946
-0.5000000000000000 0.3322670319561191 0.3537272219305658
0.3692798567621652 -0.5000000000000000 -0.3845312029389723
-0.3724723076174720 0.2875623849763158 0.5000000000000000
-0.1577484326818697 -0.5000000000000000 -0.0939306095642439
-0.2183525570531962 -0.5000000000000000 0.0263728346780273
-0.1939624059484540 0.4493641556096354 -0.5000000000000000
-0.4491747638832470 -0.1404824564895021 0.5000000000000000
-0.5000000000000000 -0.0655868173965209 0.3953975177584668
-0.5000000000000000 0.0119532568547534 0.4384672659822708
0.5000000000000000 0.0759015852184793 0.0054532811529341
0.0699543752071421 0.5000000000000000 -0.4229143934765059
0.5000000000000000 -0.0405218502386106 -0.1057842261144814
0.5000000000000000 -0.2323748827395004 0.3515344991384013
0.5000000000000000 -0.3330010779811381 0.2840042008534964
-0.1860820011872042 -0.4252309324602008 -0.5000000000000000
-0.0806896590085536 -0.4807311403082974 -0.5000000000000000
-0.1301853680730580 -0.5000000000000000 -0.4630673625114747
0.5000000000000000 -0.3399112229512241 -0.4456417003046474
-0.0601750739289244 0.5000000000000000 0.1512209072085836
0.3959383685828058 0.5000000000000000 0.0239110000500246
-0.0603425116890419 0.5000000000000000 0.1615119046432550
-0.5000000000000000 -0.1663807375996529 0.3151682838836903
-0.5000000000000000 -0.3857105813903964 0.4252452856185289
0.1874031365940067 0.1676305268195781 -0.5000000000000000
0.1225179771368149 0.2210293231681869 -0.5000000000000000
0.3785108732403764 -0.0455123578960128 -0.5000000000000000
-0.0720274670362152 0.5000000000000000 0.1759503314009845
-0.1553560319262447 0.5000000000000000 0.2115245094667936
-0.0775323750474186 0.5000000000000000 0.2915527996658004
-0.0595562059383696 0.5000000000000000 -0.1086073225344556
0.0122426601851852 0.4085765933445912 0.5000000000000000
-0.0772472330592402 0.5000000000000000 0.1335364585138417
0.3448916766793428 -0.5000000000000000 -0.3774784616555731
0.4809701020026107 0.1683031484853851 -0.5000000000000000
0.2294515072537675 0.1020833908016240 -0.5000000000000000
-0.0465762641604599 -0.0450545949543794 0.5000000000000000
0.0364360041521054 0.0643873902727267 0.5000000000000000
-0.1994639842560649 0.1088754102163994 -0.5000000000000000
0.2269157128062215 0.0908357373148334 0.5000000000000000
0.2788786381263721 -0.0033020415897142 -0.5000000000000000
-0.0003019821433802 -0.1455564482728823 0.5000000000000000
0.0427860750563521 -0.0274181713913398 0.5000000000000000
0.5000000000000000 0.0644866377771272 0.0035165930773923
0.3456814468974239 -0.5000000000000000 -0.4217942411171798
0.3512086837041996 -0.5000000000000000 -0.3803861071050383
-0.5000000000000000 -0.3171320145905446 -0.0030830556625928
0.5000000000000000 0.2610626648063585 0.3462164377745632
-0.5000000000000000 -0.0342773684677181 -0.3797824624939733
-0.4926399302605565 0.3149471688748702 0.3609643786369224
-0.5000000000000000 -0.1909303463190148 -0.2091154714151602
0.1726373938688910 0.0809734093206063 0.5000000000000000
-0.3549168506360341 0.1983840469230400 0.5000000000000000
-0.2097715485023997 -0.5000000000000000 0.0609863352395566
-0.2268647344717064 -0.5000000000000000 0.0574356935236993
-0.2701183576886643 -0.4282268004322657 0.5000000000000000
-0.5000000000000000 -0.3248558480213518 0.0079022798089408
-0.4338846992699367 0.2109307504239501 0.5000000000000000
0.4551473677973058 -0.4080932361416181 -0.5000000000000000
-0.2338794980334589 -0.3824778564809699 0.4967432514026673
0 10
0 28
0 39
0 334
0 81
0 83
0 253
0 111
0 254
0 147
0 174
0 255
0 193
0 985
0 256
257 54
258 159
259 131
260 10
261 182
262 193
263 34
264 186
1 18
1 31
1 68
1 69
1 81
1 83
1 94
1 101
1 112
1 124
1 133
1 166
1 177
1 217
1 221
1 226
265 225
2 5
2 266
2 267
2 61
2 268
2 85
2 89
2 91
2 269
2 270
2 143
2 156
2 271
2 1015
2 205
2 209
2 272
2 1230
2 233
2 235
2 247
3 273
3 274
3 52
3 53
3 275
3 276
3 277
3 278
3 279
3 172
3 181
3 280
3 281
3 223
3 282
3 252
283 972
4 42
4 46
4 50
4 64
4 93
4 95
4 124
4 130
4 149
4 204
4 207
4 208
4 215
4 219
4 252
284 91
285 1333
5 43
5 61
5 71
5 85
5 89
5 128
5 152
5 156
5 201
5 205
5 212
5 233
5 235
286 39
287 334
288 84
289 95
290 96
291 1343
6 31
6 49
6 65
6 69
6 70
6 115
6 129
6 132
6 136
6 138
6 155
6 178
6 292
6 216
293 53
294 1015
7 9
7 16
7 41
7 78
7 93
7 204
7 212
7 214
7 219
7 220
7 235
7 237
8 72
8 74
8 295
8 972
8 110
8 135
8 137
8 296
8 162
8 168
8 170
8 180
8 297
8 185
8 188
8 191
8 210
8 298
8 224
8 227
8 228
8 241
299 35
300 186
301 211
302 230
303 244
9 33
9 41
9 304
9 305
9 120
9 306
9 212
9 307
9 219
9 220
9 1274
9 237
10 308
10 39
10 309
10 592
10 94
10 310
10 133
10 147
10 311
10 312
10 985
10 313
10 314
10 239
10 315
11 14
11 17
11 21
11 36
11 37
11 58
11 62
11 63
11 75
11 97
11 154
11 163
11 173
11 179
11 190
11 234
12 55
12 59
12 79
12 317
12 135
12 140
12 318
12 148
12 319
12 176
12 180
12 191
12 192
12 320
12 321
12 248
13 66
13 76
13 322
13 323
13 148
13 169
13 324
13 325
13 326
13 327
13 229
13 238
13 328
13 329
14 330
14 17
14 331
14 58
14 63
14 72
14 75
14 86
14 97
14 121
14 132
14 163
14 183
14 332
14 211
14 224
14 230
14 244
333 176
335 74
336 108
337 1011
338 160
339 185
340 246
341 186
342 44
343 198
344 40
345 865
346 199
347 246
348 72
349 183
350 224
351 230
352 244
353 972
354 114
355 137
356 168
357 175
358 210
359 241
15 360
15 49
15 361
15 126
15 155
15 362
15 195
15 363
15 216
15 364
16 32
16 64
16 93
16 117
16 144
16 204
16 214
16 218
16 220
16 237
365 159
366 199
17 21
17 26
17 37
17 58
17 63
17 67
17 75
17 86
17 154
17 163
17 173
17 183
17 203
17 224
18 367
18 368
18 94
18 101
18 123
18 124
18 133
18 369
18 189
18 198
18 213
18 217
18 370
371 182
19 22
19 372
19 37
19 45
19 373
19 49
19 60
19 65
19 71
19 106
19 126
19 128
19 129
19 153
19 154
19 231
19 374
375 33
376 41
377 56
378 78
379 87
380 102
381 194
382 1333
383 159
384 167
385 242
386 210
387 241
20 30
20 51
20 68
20 86
20 123
20 799
20 157
20 166
20 167
20 188
20 217
20 228
20 242
388 246
21 58
21 70
21 75
21 115
21 132
21 154
21 155
21 190
21 211
389 87
390 158
391 164
22 392
22 393
22 29
22 43
22 45
22 394
22 60
22 73
22 85
22 106
22 145
22 151
22 153
22 164
22 395
22 225
22 232
22 233
396 53
397 189
23 24
23 37
23 62
23 398
23 126
23 154
23 316
23 399
23 173
23 400
23 179
23 401
23 402
24 37
24 403
24 62
24 71
24 404
24 126
24 131
24 316
24 405
24 406
24 407
24 231
25 59
25 66
25 76
25 79
25 408
25 140
25 409
25 148
25 176
25 180
25 410
25 411
26 37
26 67
26 69
26 70
26 75
26 86
26 103
26 105
26 110
26 129
26 138
26 150
26 154
26 173
26 192
26 203
26 206
27 412
27 413
27 414
27 125
27 142
27 415
27 416
27 161
27 417
27 178
27 184
27 418
27 419
27 199
27 420
27 421
27 246
422 43
423 73
424 232
425 34
426 121
427 55
429 250
28 29
28 39
28 45
28 48
28 81
28 83
28 99
28 100
28 106
28 111
28 145
28 158
28 174
28 430
28 187
431 73
432 151
433 225
434 232
435 236
436 30
437 51
438 123
439 198
440 245
441 139
442 151
443 225
444 236
445 76
446 160
447 176
448 161
449 245
450 101
451 119
452 133
453 147
454 189
455 198
29 32
29 43
29 45
29 81
29 99
29 100
29 105
29 106
29 116
29 118
29 128
29 129
29 145
29 164
29 187
29 201
29 212
29 220
29 1274
29 232
29 237
29 243
456 198
30 51
30 457
30 68
30 125
30 132
30 166
30 167
30 178
30 458
30 459
30 460
30 245
30 461
30 251
31 40
31 65
31 68
31 69
31 83
31 100
31 134
31 142
31 166
31 177
31 178
31 184
31 462
31 463
31 226
464 102
465 194
466 247
32 81
32 94
32 99
32 105
32 112
32 116
32 117
32 129
32 138
32 150
32 214
32 218
32 220
32 221
32 226
32 237
32 239
32 243
467 53
468 107
469 44
470 114
471 175
472 198
473 139
474 73
475 122
476 139
477 143
478 1014
479 1230
480 236
33 481
33 482
33 483
33 484
33 95
33 485
33 120
33 486
33 487
33 212
33 488
33 489
33 1274
33 1343
491 37
492 126
493 131
494 153
495 1047
496 231
34 35
34 36
34 497
34 47
34 97
34 498
34 121
34 499
34 186
34 500
34 501
34 502
35 36
35 503
35 504
35 97
35 505
35 121
35 506
35 186
35 211
35 230
35 234
507 975
508 216
509 73
510 165
36 511
36 47
36 62
36 97
36 512
36 126
36 136
36 155
36 513
36 975
36 179
36 514
36 515
36 186
36 516
36 190
36 195
36 234
36 517
490 518
490 519
490 520
490 131
490 139
490 1010
490 153
490 1014
490 1047
490 521
490 231
490 236
490 522
37 38
37 60
37 71
37 80
37 105
37 118
37 126
37 128
37 129
37 152
37 154
37 316
37 173
37 179
37 200
37 231
38 316
38 523
38 169
38 524
38 173
38 525
38 526
38 200
38 527
38 528
38 238
529 63
530 72
531 163
532 230
533 244
534 47
535 975
536 186
39 334
39 81
39 83
39 84
39 96
39 99
39 537
39 133
39 147
39 158
39 174
39 187
39 985
39 239
39 243
40 538
40 539
40 540
40 134
40 142
40 865
40 184
40 541
40 199
40 542
40 543
41 56
41 544
41 66
41 78
41 545
41 87
41 93
41 102
41 140
41 546
41 194
41 204
41 212
41 214
41 219
41 229
41 235
41 247
42 46
42 77
42 592
42 94
42 113
42 124
42 149
42 1157
42 181
42 196
42 208
42 239
42 547
42 252
43 45
43 548
43 73
43 85
43 89
43 128
43 201
43 212
43 232
43 549
550 65
551 106
44 51
44 552
44 553
44 554
44 555
44 114
44 556
44 175
44 188
44 189
44 198
44 557
44 213
44 222
44 241
558 139
559 153
560 225
561 236
45 49
45 60
45 85
45 100
45 105
45 106
45 128
45 129
45 145
45 232
562 209
46 64
46 84
46 94
46 95
46 124
46 130
46 144
46 149
46 196
46 218
46 221
46 239
46 252
563 73
564 85
565 89
566 1230
567 232
568 233
47 62
47 97
47 569
47 570
47 179
47 571
47 572
573 194
574 247
575 247
576 199
577 246
578 972
579 168
580 227
581 49
582 65
583 106
584 126
585 145
586 151
587 153
588 1047
589 142
590 199
591 84
593 91
594 1333
595 247
48 106
48 111
48 596
48 145
48 165
48 597
48 197
48 598
49 65
49 69
49 70
49 100
49 106
49 126
49 129
49 138
49 154
49 155
49 195
49 216
49 599
600 121
601 186
602 230
50 55
50 428
50 78
50 87
50 603
50 130
50 172
50 202
50 204
50 215
50 223
50 250
604 135
605 162
606 180
51 607
51 68
51 608
51 123
51 799
51 167
51 188
51 198
51 213
51 609
51 610
51 245
611 92
612 160
52 53
52 82
52 107
52 124
52 130
52 613
52 172
52 189
52 614
52 222
52 223
52 615
52 250
53 616
53 107
53 124
53 617
53 618
53 189
53 619
53 222
53 223
53 620
53 252
54 621
54 77
54 90
54 622
54 623
54 127
54 624
54 625
54 626
54 159
54 627
54 628
54 629
54 240
55 428
55 630
55 78
55 82
55 631
55 87
55 104
55 110
55 135
55 632
55 633
55 192
55 202
55 634
55 635
55 248
55 250
636 1333
56 66
56 78
56 79
56 87
56 102
56 637
56 140
56 638
56 639
56 229
56 1333
56 640
57 60
57 71
57 73
57 122
57 1010
57 153
57 1014
57 156
57 225
57 231
57 233
57 236
641 107
642 175
58 75
58 97
58 132
58 190
58 211
58 230
58 234
58 244
643 91
644 1333
645 247
646 175
647 68
648 125
649 161
650 178
651 184
652 245
653 246
654 251
655 121
656 230
59 79
59 98
59 140
59 148
59 169
59 170
59 180
59 191
59 192
59 203
59 206
59 229
59 238
59 248
59 249
60 71
60 73
60 85
60 128
60 153
60 225
60 231
60 233
657 131
658 1010
659 316
660 231
661 92
662 120
663 146
664 146
665 194
666 219
667 131
668 131
61 66
61 80
61 91
61 116
61 118
61 152
61 169
61 201
61 205
61 206
61 209
61 214
61 220
61 229
61 235
61 249
669 175
670 91
671 1333
672 182
62 126
62 131
62 154
62 673
62 179
62 674
62 675
62 190
62 676
62 677
62 678
63 679
63 97
63 121
63 680
63 141
63 163
63 681
63 173
63 179
63 1279
63 682
63 683
63 238
63 249
684 186
428 78
428 87
428 685
428 686
428 172
428 194
428 204
428 207
428 215
428 250
687 164
64 93
64 117
64 124
64 130
64 144
64 149
64 204
64 218
64 219
64 221
64 237
65 69
65 100
65 106
65 688
65 178
65 689
65 690
65 691
65 216
65 692
693 231
694 139
66 91
66 695
66 102
66 696
66 140
66 697
66 148
66 169
66 698
66 209
66 699
66 229
66 235
66 1333
66 700
67 75
67 86
67 110
67 163
67 170
67 192
67 203
67 224
701 159
702 87
703 194
68 69
68 83
68 101
68 119
68 123
68 134
68 166
68 171
68 177
68 178
68 184
68 217
68 245
334 704
334 705
334 84
334 96
334 706
334 707
334 174
334 708
334 193
334 985
334 709
334 710
711 84
712 96
713 146
714 1254
69 70
69 75
69 83
69 86
69 100
69 115
69 132
69 138
69 150
69 166
69 178
69 183
69 217
69 226
70 75
70 115
70 129
70 132
70 138
70 154
70 155
715 96
71 85
71 128
71 1010
71 152
71 316
71 156
71 200
71 205
71 231
71 233
72 716
72 74
72 717
72 108
72 1011
72 163
72 185
72 1279
72 718
72 719
72 224
72 228
720 132
721 157
722 167
723 183
724 211
725 242
73 726
73 85
73 89
73 122
73 143
73 727
73 1014
73 728
73 1230
73 225
73 233
73 236
729 172
730 250
731 142
732 157
733 167
734 183
735 224
736 228
737 242
74 88
74 108
74 1011
74 738
74 160
74 162
74 176
74 180
74 185
74 739
74 740
74 741
75 86
75 132
75 154
75 183
742 102
743 194
744 1333
745 141
746 139
747 151
76 98
76 748
76 749
76 750
76 148
76 160
76 176
76 180
76 751
76 191
76 238
76 752
77 90
77 113
77 127
77 753
77 149
77 754
77 159
77 1157
77 181
77 755
77 208
756 188
757 210
758 228
759 241
760 242
78 87
78 102
78 140
78 761
78 194
78 202
78 204
78 207
78 214
78 215
78 248
79 762
79 140
79 763
79 148
79 764
79 176
79 180
79 765
80 105
80 116
80 118
80 152
80 169
80 173
80 200
80 203
80 205
80 206
80 209
80 766
80 249
767 151
768 175
81 83
81 94
81 99
81 100
81 105
81 111
81 129
81 133
81 138
81 147
81 226
81 239
81 243
769 799
770 167
771 188
772 198
773 213
774 241
775 167
82 776
82 103
82 104
82 110
82 114
82 124
82 130
82 777
82 135
82 137
82 778
82 188
82 202
82 217
82 222
82 779
82 241
82 250
780 182
781 193
782 194
783 89
784 120
785 212
786 235
787 247
788 189
789 198
790 213
791 92
792 109
793 125
794 142
795 975
796 178
797 216
83 94
83 100
83 111
83 133
83 147
83 177
83 226
798 114
800 175
801 198
802 210
803 241
84 592
84 804
84 805
84 95
84 96
84 113
84 120
84 144
84 149
84 196
84 985
84 239
84 243
84 1343
806 88
807 162
808 107
809 114
810 175
811 175
85 89
85 128
85 152
85 201
85 233
812 119
813 161
814 171
815 184
816 198
817 245
818 246
592 94
592 113
592 1157
592 196
592 985
592 239
819 92
820 135
821 137
822 168
823 227
86 103
86 110
86 150
86 157
86 166
86 170
86 183
86 188
86 192
86 203
86 217
86 224
86 228
86 242
87 102
87 140
87 824
87 825
87 194
87 202
87 826
87 248
827 111
828 1113
829 165
830 174
831 182
832 193
833 197
834 194
88 835
88 836
88 1011
88 837
88 160
88 162
88 838
88 839
88 840
89 841
89 842
89 212
89 1230
89 233
89 235
89 843
90 844
90 95
90 113
90 845
90 120
90 127
90 846
90 146
90 149
90 146
90 1254
90 207
90 208
90 240
90 1343
847 865
848 199
849 246
91 850
91 102
91 851
91 852
91 853
91 209
91 854
91 235
91 1333
91 855
91 247
92 856
92 857
92 858
92 109
92 859
92 860
92 136
92 861
92 862
92 975
92 863
92 864
92 234
92 251
93 149
93 194
93 204
93 207
93 219
93 237
94 124
94 133
94 189
94 218
94 221
94 866
94 226
94 239
94 867
868 185
869 193
870 151
871 975
872 95
873 96
874 120
875 144
876 1274
877 237
878 243
879 1343
880 122
881 156
882 205
883 209
884 211
885 135
886 176
887 180
888 151
889 164
890 127
891 146
892 1254
893 194
894 207
895 95
896 113
897 240
898 1343
95 113
95 120
95 144
95 146
95 149
95 146
95 196
95 207
95 208
95 219
95 1343
899 182
96 900
96 158
96 901
96 174
96 1222
96 187
96 193
96 1274
96 902
96 903
96 904
96 243
97 121
97 905
97 179
97 906
97 230
97 234
907 111
908 134
909 147
910 865
911 177
912 119
913 134
914 147
915 171
916 172
917 181
918 207
919 208
920 215
921 223
922 252
923 1230
924 247
925 211
98 108
98 926
98 141
98 148
98 160
98 927
98 1279
98 191
98 238
99 100
99 174
99 187
99 220
99 1274
99 237
99 243
928 160
929 176
100 106
100 111
100 129
100 138
100 177
100 930
100 931
100 226
932 209
933 109
934 211
935 251
936 107
937 114
938 175
939 189
940 222
101 119
101 123
101 133
101 941
101 177
101 198
101 213
101 217
101 942
101 245
102 943
102 194
102 235
102 1333
102 944
102 247
103 104
103 110
103 112
103 117
103 124
103 130
103 150
103 192
103 206
103 214
103 217
103 221
103 248
945 209
104 110
104 124
104 130
104 192
104 202
104 214
104 217
104 248
104 250
105 112
105 116
105 118
105 128
105 129
105 138
105 150
105 173
105 203
105 206
105 214
105 220
946 164
947 109
948 136
949 186
950 190
951 211
952 234
953 121
954 133
955 240
956 1343
106 111
106 145
106 957
106 958
106 959
106 960
106 961
962 1333
963 975
964 195
965 216
107 966
107 114
107 967
107 968
107 969
107 175
107 970
107 971
107 222
108 1011
108 141
108 160
108 163
108 170
108 180
108 185
108 1279
108 191
108 973
108 224
109 125
109 136
109 975
109 190
109 974
109 211
109 251
972 976
972 168
972 977
972 978
972 210
972 227
979 175
110 135
110 137
110 150
110 168
110 170
110 188
110 191
110 192
110 202
110 203
110 217
110 228
110 248
980 198
981 245
111 145
111 147
111 165
111 174
111 177
111 982
111 197
111 983
984 193
986 161
987 246
988 238
989 151
112 116
112 117
112 150
112 206
112 214
112 217
112 218
112 221
112 226
113 990
113 149
113 1157
113 196
114 991
114 137
114 992
114 175
114 993
114 222
114 241
115 132
115 136
115 155
115 178
115 190
115 216
994 139
995 143
996 139
116 118
116 128
116 203
116 206
116 214
116 218
116 220
997 198
998 1011
999 160
1000 176
117 124
117 130
117 204
117 214
117 218
117 221
118 128
118 129
118 152
118 201
118 220
119 133
119 134
119 1001
119 147
119 171
119 177
119 198
119 1002
119 245
1003 146
1004 1254
1005 240
120 144
120 146
120 1006
120 1007
120 146
120 207
120 212
120 219
120 1008
120 1274
120 237
120 1343
1009 122
1012 122
1013 143
121 1016
121 1017
121 1018
121 179
121 1019
121 1020
121 230
122 143
122 1010
122 1014
122 156
122 1015
122 1021
122 1230
122 1022
122 233
123 188
123 189
123 198
123 213
123 217
123 222
123 245
1023 1113
124 130
124 189
124 217
124 221
124 222
124 223
124 1024
124 252
1025 158
1026 164
1027 187
1028 232
799 167
799 188
799 210
799 241
799 242
1029 975
125 132
125 136
125 1030
125 1031
125 975
125 178
125 184
125 1032
125 1033
125 251
1034 160
1035 179
126 129
126 131
126 154
126 155
126 1036
126 190
126 195
126 231
126 1037
1038 145
1039 165
1040 197
127 146
127 1041
127 159
127 1042
127 146
127 181
127 1254
127 1043
127 207
127 1044
127 208
127 240
128 129
128 152
128 201
128 220
1045 159
1046 181
1048 247
129 138
129 154
130 172
130 202
130 204
130 214
130 215
130 223
130 250
130 252
1049 143
1050 162
1051 176
1052 180
1053 143
131 1054
131 1055
131 1056
131 1057
131 231
131 1058
1059 176
132 136
132 166
132 167
132 178
132 183
132 190
132 211
132 1060
132 251
1061 160
133 147
133 177
133 1062
133 239
134 147
134 865
134 171
134 1063
134 177
134 184
134 1064
134 1065
1066 172
1067 222
1068 176
135 137
135 162
135 168
135 170
135 180
135 1069
135 191
135 192
135 1070
135 227
135 248
136 155
136 1071
136 975
136 178
136 190
136 211
136 216
136 234
136 251
137 168
137 1072
137 188
137 210
137 227
137 1073
137 1074
137 241
138 150
138 226
139 1014
139 1075
139 1076
139 1077
139 1078
139 225
139 236
139 1079
1011 185
1011 1279
1011 1080
1011 1081
1011 1082
140 1083
140 148
140 1084
140 206
140 214
140 229
140 235
140 248
141 160
141 163
141 170
141 1085
141 1279
141 191
141 1086
141 238
141 249
1087 198
142 865
142 178
142 184
142 1088
142 199
142 246
1089 161
1090 246
143 156
143 1015
143 1091
143 1092
143 1093
143 1230
143 233
144 149
144 218
144 219
144 237
144 239
144 243
145 151
145 158
145 164
145 1094
145 174
145 1095
145 187
145 197
145 1096
1010 153
1010 1014
1010 316
1010 156
1010 1097
1010 225
1010 1098
1010 231
1010 236
146 1099
146 1254
146 1100
146 1101
146 1343
147 1102
147 177
147 1103
147 1104
147 1105
1106 186
148 169
148 176
148 180
148 1107
148 191
148 229
148 238
148 1108
149 196
149 207
149 208
149 219
150 166
150 192
150 203
150 206
150 214
150 217
150 226
1109 230
1110 159
1111 198
1112 213
1114 182
1115 197
1116 212
1117 1230
1118 161
1119 199
1120 246
1121 1333
1122 158
1123 1274
1113 165
1113 1124
1113 182
1113 1125
1113 197
1126 182
1127 1254
1128 240
151 1129
151 164
151 1130
151 1131
151 1132
151 225
151 1133
151 232
152 200
152 201
152 205
865 184
865 199
865 1134
865 1135
865 246
153 1047
153 1136
153 225
153 231
153 236
154 155
154 173
154 179
154 190
1137 198
1138 172
1139 207
1140 215
1141 194
1142 207
1143 161
1144 198
1145 245
1146 159
1147 181
1148 207
1149 208
1150 252
1014 236
1151 182
1152 162
1153 210
1154 227
316 156
316 1155
316 173
316 200
316 1156
316 231
1158 181
1159 252
155 975
155 190
155 195
155 216
156 1160
156 1015
156 200
156 205
156 209
156 1161
156 1230
156 1162
156 233
157 166
157 167
157 1163
157 183
157 228
157 242
158 1164
158 164
158 1165
158 174
158 1222
158 187
158 193
158 197
158 1274
158 243
1166 1254
159 1167
159 181
159 1168
159 1169
159 1170
159 1171
160 176
160 180
160 1172
160 1279
160 191
160 1173
160 1174
161 171
161 184
161 1175
161 1176
161 245
161 246
1177 164
1178 174
1179 182
1180 193
1181 197
162 180
162 1182
162 1183
162 185
162 1184
1185 1015
1186 209
1187 164
1188 232
1189 1222
1190 193
1191 211
1192 251
1157 181
1157 252
163 170
163 173
163 1279
163 1193
163 203
163 224
163 238
163 249
164 1194
164 1222
164 187
164 197
164 1195
164 232
1196 202
1197 248
1047 225
1015 209
1015 1198
165 1199
165 1200
165 197
165 1201
165 1202
165 1203
166 167
166 178
166 183
166 217
166 226
167 183
167 1204
167 1205
167 1206
167 242
167 251
1207 194
1208 212
1209 247
168 1210
168 188
168 210
168 227
168 1211
168 241
169 173
169 200
169 206
169 209
169 1212
169 1213
169 229
169 238
169 249
170 185
170 191
170 192
170 203
170 206
170 224
170 228
170 238
170 249
1214 173
1215 179
1216 975
1217 186
1218 234
1219 183
1220 211
1221 244
1223 197
1224 189
1225 213
1226 222
171 184
171 1227
171 245
172 215
172 223
172 1228
172 1229
172 250
173 179
173 200
173 203
173 1231
173 238
173 249
1232 227
174 1233
174 187
174 193
174 197
175 1234
175 1235
175 1236
175 1237
1238 199
146 1239
146 1254
146 194
146 207
146 1240
146 219
146 1241
975 178
975 1242
975 1243
975 190
975 195
975 216
1244 240
176 180
176 191
176 1245
176 1246
176 1247
176 1248
1249 186
177 1250
1251 182
1252 193
1253 197
178 184
178 1255
178 1256
178 216
178 251
1222 193
179 1257
179 1258
180 185
180 191
180 1259
180 1260
180 1261
181 1262
181 208
181 1263
181 1264
181 252
182 1265
182 193
182 197
182 1266
182 1267
1268 195
1269 227
1270 238
1254 1271
1254 1272
1254 240
183 211
183 224
183 228
183 244
184 199
184 1273
184 245
184 246
1275 193
1276 985
1277 1333
185 1279
185 191
185 1278
185 224
1280 238
1281 1333
1282 247
186 1283
186 230
186 234
1284 193
1285 1333
187 212
187 1274
187 232
187 243
1286 246
1287 247
188 189
188 210
188 213
188 217
188 222
188 228
188 241
188 242
189 213
189 217
189 222
189 1288
189 1289
1279 1290
190 211
190 234
191 192
191 238
191 249
192 203
192 206
192 214
192 248
193 197
194 204
194 207
194 1291
194 219
194 1292
194 1293
194 247
195 216
195 1294
1295 230
196 239
1296 216
197 1297
197 1298
198 1299
198 213
198 1300
198 1301
198 245
199 1302
199 246
200 205
200 1303
200 249
201 212
201 220
201 235
202 204
202 214
202 248
202 250
1304 231
203 206
203 249
204 207
204 214
204 215
205 209
205 1305
206 214
206 220
206 229
206 248
206 249
207 208
207 215
207 219
207 1306
1307 240
1308 211
1309 244
1310 251
208 215
208 252
209 1311
209 1312
209 1313
1314 238
1315 1230
1316 238
985 239
210 227
210 228
210 241
1317 246
1318 234
211 1319
211 230
211 234
211 244
211 251
212 1320
212 220
212 1274
212 232
212 235
212 237
212 1321
213 222
213 241
214 218
214 220
214 229
214 235
214 248
1322 228
1323 232
1324 251
215 223
215 252
1325 1274
1326 232
216 1327
217 221
217 222
217 226
218 220
218 221
218 237
218 239
218 243
219 237
1328 246
220 235
220 237
1329 246
221 226
221 239
222 241
1230 233
1274 232
1274 237
1274 243
223 1330
223 250
223 252
1331 225
224 228
225 236
227 1332
228 242
229 235
1334 250
230 234
230 244
232 1335
234 244
235 247
1333 247
237 243
238 249
1336 247
239 1337
239 243
1338 252
240 1339
240 1343
1340 252
1341 247
1342 246
