1365 2628 0
-0.3310776383547507 0.2474049387256367 -0.1931172209891638
-0.3326960991076540 -0.0004752385098596 0.1883283648659668
-0.3835930862130998 0.0709171459400821 0.3674440187095647
-0.0061491445653747 -0.2086308513817039 -0.3759780482317583
0.3312806285089356 0.3720137106287820 0.0639211824883150
-0.0454846183898556 -0.4032294764426716 0.3348320595431418
0.4873308886038839 0.3898470361552345 0.2737802789375631
0.4518059755410269 0.3084848018892759 -0.3491114202616807
0.2878433312675244 0.1989908292396749 -0.2651139453273121
0.2444951050518496 -0.2906094272710251 0.4674048526423380
0.2570314344450977 -0.0960955059034034 -0.2811116117843848
0.1703856753924906 -0.3732025864961266 0.1310545757368651
-0.1994606220786213 0.3583589186687437 -0.1714128361230858
-0.4108519131807278 -0.1400325791285570 -0.1913937784808633
-0.1676912594956126 0.3539230997904492 -0.2506513189525903
-0.2493773574022431 -0.1053298237784894 0.1336548910556856
-0.2988936304482392 0.2812942034274211 -0.4329614414634562
-0.2988188208002909 0.1807826934969983 -0.4063386410857601
-0.3417446905717534 -0.3580609620287944 0.3006583679064330
0.1411703233236683 -0.2326272695038363 0.1687797442586676
0.2697522953956619 0.1738451763778919 -0.2160507172815676
-0.4335591098735536 0.1572128751316235 0.1359536833468191
0.3492041344805381 -0.4456458212802652 0.1853641139720521
0.1656123437721357 0.2219113966809267 -0.0785717621532835
-0.3383913125918545 -0.0966080531705364 0.3518821392589484
0.4150794161304343 0.4021557956423294 0.1309534574722866
0.2912682356836105 0.4455247909373170 -0.1246730519034933
-0.1479638019237939 0.1724824108290957 0.0494581717876310
-0.4161891594359028 0.1061936950835740 0.2541215895760729
0.4072986136897769 -0.1483086310530271 0.4811640908582167
-0.3874917169444587 0.2071248569246023 0.3758361345789958
0.2693806516392252 0.2763209989988129 0.3205214423960852
-0.4578844714271268 0.2615613409118926 -0.3492626728268255
0.4440252460372052 0.4461932125546229 -0.2601141395882269
-0.2388783341558628 -0.4884050397175804 -0.0699642207844102
-0.3300888964667079 0.2177457857766874 0.4025277444824731
0.3182245139348447 -0.1351249694197691 0.0144975150495603
0.1157272474567832 -0.2375656423549819 -0.3126306169091375
0.0526327620761529 -0.3124016106154732 -0.0855298427766975
0.1149890558642148 -0.2027866413618251 0.1156660015108619
-0.3465599934257326 0.0285417021743761 -0.1960844472577092
-0.4946927587111893 0.1766006365598158 0.2987971712107041
0.0564677796989415 -0.0667089590613137 -0.4012460129305262
-0.4502230183225191 0.0005140534822612 -0.2393123231111112
-0.3287871668820226 -0.4691194501907212 -0.0760487052473851
0.2856726566892815 -0.0232362064413687 0.0629619630215794
0.3326158947575835 -0.3698956364872441 0.3243727700636987
-0.1304428917826146 0.0070255202193672 0.0320087124792743
0.0092389601251619 0.4799374623945549 0.3110717958358993
-0.3359127788887941 0.2056123776220278 -0.3169896452122554
0.0065775387302549 0.2524090958251399 0.1923823234891775
0.4733112955960346 0.4049401155953194 -0.3460816577863282
0.2140519004452792 0.0269351216032852 0.4193058537018961
0.3756183431554514 -0.3685705081853192 -0.3037518071298970
-0.3739081352069158 -0.2748982474158286 -0.0440112044010832
0.3213160787334191 -0.1960684062018716 -0.1906481631201049
0.1364971095970329 -0.2806328040936996 0.1090874426455306
0.1578386738040449 0.4176605779942888 0.4210107178345754
0.1663359190242750 -0.1800664507083858 0.0512510371731434
0.4508746741073406 0.3334106406534001 0.4548990869234821
-0.0083136832307558 0.2008109361114134 -0.1699320565211189
0.0791944300666256 -0.2609180668268092 0.4494679952946488
0.2815990173014795 -0.0608792026339595 0.0291183724617470
-0.0387284999932356 0.4018922494332438 -0.4202337832830483
-0.1600787758710838 0.3429418562120368 -0.4716459889680198
-0.0258330328845793 -0.2634274250452795 0.0240745024123941
-0.3474832728996742 -0.1965378990032822 0.3924464338824660
0.3731488051940970 0.2081687882885204 0.0849888959541467
-0.3452429207735770 0.2326012621676894 0.2337870990292992
-0.2746229936761548 0.1883826959767905 0.0625063627206925
0.3493055337612223 -0.0373435978412315 0.3095099323568398
-0.0860187866432536 -0.3497592224667532 -0.2842920582905617
-0.2669793363006667 0.0436818441886642 0.2919111061881459
-0.3030087674054764 -0.0919911241548848 0.0893020035150935
-0.1829069551310287 -0.3666908538404134 -0.0452443286536197
0.2642548278337633 0.4660849754256113 -0.1611830287264431
-0.1625244688532534 0.3771588346507158 0.3094284026360721
0.0166637228382909 0.4374558460435360 -0.3134463782756487
-0.2189063228754040 0.1672018186008128 -0.3321616306656086
0.4794288298135991 -0.1767165144573106 0.1803752579570628
-0.3479239434344679 0.1859354168124927 -0.1845400539072326
-0.4733811925172646 0.1137664882414546 0.3095305862251843
0.4348991858129223 0.4699550436203936 0.1420805098313866
-0.1422655624512321 0.0830982933529090 -0.0006883729794545
-0.1480228061443469 0.1702307565770658 -0.1224960874296435
-0.3011859647955732 0.2636091766818760 -0.0153255335128160
-0.3616290546395260 0.3343470472865051 -0.1003338710679389
-0.2357405234703902 0.0137458053494961 0.1877508202663436
-0.2016617193155710 0.2417261638620569 0.4362584197550869
-0.3983803186129777 -0.4263908500835312 0.0355338303104640
0.4518407865743541 -0.3021592071339017 -0.4055300544054234
0.3116662147558718 -0.0424304712731269 -0.0034914796525938
-0.0750537094165342 0.0178700261318054 -0.1081616664306329
-0.4701660799047398 0.3413892589934910 0.3799099128432277
-0.0416339159507593 -0.0033034961868958 0.3435049085757085
-0.1593161227999123 -0.1119228211765375 0.3147068914875424
-0.2607028119673325 0.1916528584257606 -0.4148979480706969
0.4592244803805556 -0.2047174714323301 -0.0933272315789313
-0.4326984969149279 0.2622896658272555 -0.2784124926803124
0.1179270592278021 0.1960845923559040 0.4276010528555823
-0.4380623554705114 0.0704643977604822 -0.1778792417804642
-0.4573470557342512 -0.2405989167079781 0.4816320210923895
0.1470977539397185 -0.4050104542494213 -0.1636532869600977
0.3654798796163587 -0.0836485735683994 0.4538096348984404
-0.4234077277630441 -0.4111279180883398 0.4798217109177676
0.0936068533487033 -0.3406025687306418 0.0872755830409737
-0.3498662978289275 0.3806047893674178 0.1955578925192261
-0.2931303550731341 0.4706264307419605 -0.1699649119275226
-0.1264081956617453 -0.4606129672721460 -0.4424961529529130
0.4107637125659593 -0.1413549612898417 0.1598577062380653
-0.0172471628385329 0.1273120368054668 -0.4222428930094899
-0.3319580011586958 -0.2389526293360438 -0.3545928799023861
0.2765394797990348 0.2997525956563434 -0.2388021340587507
0.4130735483308703 -0.4321603868370660 0.0480581808348428
0.1674455005136357 0.1562389639981960 -0.4057103769360528
0.0964812945876878 0.2334332912176342 -0.2741574184817182
0.3294948486454259 0.1277026668205088 -0.0331978445426564
0.2781851806297388 0.2893197371412555 -0.3410331573821734
-0.0095647515918806 -0.4098552640475592 0.3555060492618556
-0.1993573231691090 -0.2489152659221197 -0.0689322089386752
-0.1328394085356652 0.2931583916085279 0.2691186944891588
-0.1396962822617156 -0.0937333437897137 0.0550710297448804
0.2053756605923331 0.2358976450390780 0.2296585696758753
0.0511321007813388 -0.4094980745635663 0.3775630847677851
-0.4665665547373823 0.4073880676259867 0.2887340462301025
0.3946381276522024 -0.4226659503796006 -0.2264175961194301
0.4643458768141251 -0.0615118177722986 -0.4213413968072608
-0.2243590905334409 -0.1012697761653383 -0.2227916982709974
0.3811796521414068 0.1243309107573747 0.1845501531372558
0.0354631788995385 -0.0857037797888114 0.2048459743620075
0.0989163077688744 -0.4216481935603882 -0.3739351851260015
-0.2312101502312280 0.1223814093608060 0.3961341377647887
0.3616161829426858 0.4674547720625040 0.2103892575412725
0.0442246242303475 -0.3145749262198627 0.1877535186548456
0.2211257407013270 -0.0741213737698838 -0.4024822292793735
-0.4473461995842971 0.2133602250937641 0.0139459868878173
-0.4012220984089201 -0.1978084113921843 -0.2906590758076026
-0.4820380505771058 0.0592442747623996 0.1464582427673582
-0.2582840493202085 -0.0556023466190148 0.4772722032718548
0.2562918272144310 0.0247470573990678 0.2074692250262353
-0.4546775320616567 -0.2330610742870642 -0.2799664663726125
-0.1116550536635190 0.4157122935897479 -0.4454313020307281
-0.1441204578872752 0.3338934511148093 0.4364468231461729
-0.1734603490421354 -0.0660032140699771 -0.3691383633429697
-0.3627516460477895 -0.3593711461982683 -0.4032508005644682
-0.0799253931606221 0.4730981718202087 0.4745677802379400
-0.0441591567992536 0.2922459595942306 -0.0432271230402383
-0.2618958124021049 0.0833775550883504 0.2374182617873244
0.4012024541680790 -0.2051447433081750 -0.2912436320689664
-0.2637120361518848 0.1068200782967643 -0.1130505619170721
0.4585524492168287 0.1029155056295901 0.4142647585214980
-0.3026243024222826 0.2985017895008690 -0.1308194689765527
0.3154504506979943 -0.4533251236204892 0.2818778584480912
-0.2819858273808611 0.4565659885959747 -0.2059971330068473
0.4228356147191328 0.2243212707350961 0.4598361362754897
0.2064951778526045 0.2842189308260810 0.3036193316721254
0.0416111480263683 -0.3057612628849826 0.0729054978250090
-0.3595785700256009 -0.2927082699283852 0.2664824845374421
-0.3054919137756371 0.2353373041827880 0.2959290865978308
0.0106844695471102 -0.3588927899295908 -0.1078781832992883
0.1248615880725736 0.3610125465105369 0.1437943054870272
-0.0094664099877573 0.3864620048196414 0.0965100564085157
0.3014985572451363 0.4541683549282298 0.1469410993801294
-0.1935417944706803 0.3876538820859812 -0.1647121643776126
-0.4582483385892071 -0.1034915178809843 0.4573687222313298
0.4052310762268370 -0.1326836996679956 0.0034244108063095
0.0256767871470178 -0.0875264096546511 -0.2192028160785848
-0.3348298276757462 0.0729586721392290 -0.1884342416527336
0.2033260174614202 0.2006465264297081 -0.4158104247833634
-0.1655277641408681 -0.1821722678039837 -0.4712719888346817
-0.3230884945070145 -0.2654039722048693 -0.2810863578786176
-0.0894391866140387 0.2544007563278141 0.2526639846628969
0.4291137421380569 -0.2716843636134636 -0.2794486573500043
-0.0669569179828220 0.3740336309592445 -0.3467583016159181
-0.1320613844399934 -0.3831824919041371 -0.0533296701718562
0.2301233563629936 0.2467446820039174 -0.1797077339208444
-0.1994473178639271 -0.0412583424794279 -0.3508517209234536
0.2678865770867802 0.0853059321413134 0.2939092558307344
-0.1359164786607046 0.3100108058459066 -0.4599614677432788
-0.1889987193904796 -0.3845491433305486 -0.4397794106371100
0.3680593234928042 -0.1916923182805392 -0.0073930051044713
0.3780428415307211 -0.4072641964234121 -0.2851336129892634
0.2329828158135614 -0.2086774642036036 0.4370681998848414
-0.4402551327392648 -0.4397800467676583 -0.1962981290915258
-0.3081075698512918 0.4193386085575934 -0.0505155386256153
0.0537215868631269 -0.0159785089172102 0.2160016912191449
0.2197891776298402 -0.4373065006980756 0.3766904010685550
0.2844501283721994 0.3266823446232481 0.2547258738239950
0.4158753171349370 0.1473265442619023 0.0881462195890326
-0.2656424016009911 0.4630855040048898 -0.2745741204151733
-0.0924040368026955 -0.0532068063683189 -0.3795934025997210
0.1899945541080248 0.4628781647329716 -0.2384399867630911
-0.1590500256025666 -0.4527124415727459 -0.0731724678786221
-0.4585247991495343 0.4701686469893152 -0.4227091483263254
-0.0234743833882354 0.1331816571633297 0.2608119535381437
-0.0107833069863035 0.2179514450487563 0.2440220760317193
-0.0573356360996580 -0.1985853862463693 0.3906257388741443
-0.1201096185756325 -0.1732104794739457 -0.0185718985814363
0.1113928172361440 -0.3866400734259532 -0.1237564402958047
-0.0122281084216636 0.3206982648777950 -0.0282848331792236
-0.4458077501123312 -0.4808098836164267 -0.2856026263734335
0.1853907533669850 0.3976205426099577 -0.4416560968878220
-0.3227449838738921 0.0967847992703745 0.2790506900018921
-0.2155359801274286 -0.2721804250245738 0.2916102272806271
-0.1584316178155110 0.2660600967440734 -0.0093475473856925
-0.0238787634371993 -0.1855650874301769 0.1745538511915117
-0.3428692970563751 0.2612212692836064 -0.0172857544997800
0.1180675167926151 -0.1440372074444916 0.2369566917145753
-0.1119081533914454 -0.1735793185351973 0.3873878471479082
0.1363759836413425 -0.2550116367397524 -0.3675516248297963
-0.3989695235675763 0.0605919638503387 0.0073357258743227
-0.0331342984890819 0.4179658397493951 -0.2694830974952864
0.4612105486682474 0.0677695529363322 0.0808838818604023
0.0567662852863731 -0.2438086811684428 0.4475368340105088
-0.1281370612845412 0.4678798346187876 0.1378306537632763
0.0578797351368967 0.0623699625855034 -0.1966199752431883
0.2404070606515400 0.2662352308185345 0.3295220189723449
-0.1428257791541236 0.1636308130392292 -0.0309035616187563
0.3154248623125544 0.4629737599319965 0.1413674575416808
0.2211321258970900 0.4071715365437256 0.2932959409927405
-0.2796361786668151 -0.3515109474366693 -0.1042311439641070
-0.3835610739874891 0.3402843334584538 0.4239206039404650
0.1165197738217039 0.3328090421728938 -0.1324832012574571
-0.3644613079625945 -0.4535831689719987 -0.3823379601306325
-0.1207319504015605 -0.2219107747186200 0.3417140660159907
0.1038015297481540 0.2382145938916487 -0.1276140080190200
-0.4017404684203654 0.3464391573168943 0.0513680450194023
0.2976080363382851 -0.0894039155831605 0.1521521226120630
-0.1345925754901041 -0.0307320206467601 0.0568946528594660
0.1542385263866337 0.0755943183729260 -0.1067075504007737
-0.1943480743786405 0.1394903790719924 -0.3379164829411219
0.4730731097817638 0.2324602565356431 -0.3043255239801308
-0.4856451039087217 0.0346486933792403 0.2009806798291469
0.4395500782170183 -0.3036579304488900 0.2278408447297369
0.4199591307961703 -0.3875480583736617 0.0589287099772848
-0.0639062795410039 0.0950992540464968 -0.3695612166166482
-0.3718035501795753 0.2214030842439918 0.0808354297627365
-0.4163480135040067 -0.2017503684483160 -0.1982915280473401
-0.2144582861740174 -0.0393888594207874 -0.3340443595152396
-0.0413366486446987 0.2286996650367061 0.2454091229186219
0.3203282097166995 -0.4548960781024398 0.0282840799905419
0.0656863379683446 -0.1723714932624989 -0.2015626495247331
-0.1732174288428827 -0.3009588406944304 -0.1439786952068351
-0.4649188668294610 -0.3171968199184507 0.2542459257285652
-0.1442909218798956 -0.0505294985957070 0.3708157693246883
0.1782783599173654 -0.2643434315308497 -0.0517741583389231
-0.1559600176783253 0.2454470313499029 0.1562031843100546
-0.0020122270049479 -0.2224743922120043 0.2305383991464289
0.2347428912731855 -0.4103380856856831 -0.2769463881042129
0.1927085302040705 -0.0341208893948213 0.1608943718127163
-0.1404493095512116 0.2755304369269396 0.2551213017788374
0.2001198051146849 -0.2206595869619583 0.0965103180193070
-0.1838301587099833 0.4074933070700171 -0.2130263780491040
0.0646784925966639 -0.4093428598469822 -0.2990130895805196
0.2652270033370576 -0.2944562127142718 -0.1171731529144742
0.2325042010553413 -0.4736825746963311 0.0747220424758561
0.0092508911876430 -0.4740782912338937 0.4812392798156730
-0.1572977724417304 0.4663629116417121 -0.3987362065913518
0.1943481941878658 -0.0126978728981937 0.0224741782794140
-0.4853283450191379 -0.2404573264403351 0.5000000000000000
-0.5000000000000000 -0.1487180997328661 0.4930133783614589
-0.0674195232543699 -0.5000000000000000 -0.4960726395799286
-0.5000000000000000 -0.0327640419592735 0.1988703752774013
-0.5000000000000000 -0.2504746171846074 0.4742387523968409
-0.5000000000000000 -0.1427099765471921 0.4553196989496025
-0.5000000000000000 0.0864349483602485 0.4768976044791739
-0.3572778640602587 0.0837138231810552 0.5000000000000000
-0.5000000000000000 0.3644878519183415 0.4482081834429874
-0.5000000000000000 0.3727370611471217 0.4785133760600369
-0.1259968605300669 -0.0592904755209009 0.5000000000000000
-0.1526749706878813 -0.0353747070856384 0.5000000000000000
-0.1947133421809893 -0.0614026915612332 0.5000000000000000
-0.1244596160407453 -0.0875667844158932 0.5000000000000000
-0.1332052045283702 -0.0831920082265048 0.5000000000000000
-0.1380894090216090 -0.0644412633864692 0.5000000000000000
0.0636322362626403 -0.1914363555301059 -0.5000000000000000
-0.0041956864406756 -0.2092858650046193 -0.5000000000000000
0.0768747497876232 -0.2406743525441068 -0.5000000000000000
0.0076780327356037 -0.1456459499546477 -0.5000000000000000
-0.0576550120747509 -0.2194172232963381 -0.5000000000000000
-0.0178496811751505 -0.3819636722916908 -0.5000000000000000
-0.4073878965409082 -0.4916070187224743 0.4294133729998709
0.1573545421310085 -0.5000000000000000 -0.3721238669745013
0.2197268601774071 -0.5000000000000000 -0.3300773303758494
0.1465876109647497 -0.5000000000000000 -0.3398116000736840
0.3713250719120817 0.5000000000000000 -0.0262652645160962
0.5000000000000000 0.4173526929094457 0.0567138106282299
0.5000000000000000 0.3240775054519726 0.0324352828389896
0.5000000000000000 0.2852236854284640 -0.0619593656468642
-0.0222091020864376 -0.5000000000000000 0.2110142773610554
-0.0133939028077477 -0.3659375568683989 0.5000000000000000
-0.0463697151998444 -0.5000000000000000 0.3335830918097772
-0.3288107183930050 -0.5000000000000000 0.2401398225798747
-0.1103787108776446 -0.3585324911067074 0.5000000000000000
-0.1345074578994888 -0.5000000000000000 0.3673609923804433
-0.0608567657141348 -0.5000000000000000 0.1672503918550105
0.5000000000000000 0.3557929840369943 0.2653250760062979
0.5000000000000000 0.3974477239082579 0.2373172062765223
0.5000000000000000 0.4339753388810981 0.2573176075359759
0.5000000000000000 0.3735204198343415 0.2233578829698629
0.5000000000000000 0.3912979395064585 0.2838547535556273
0.5000000000000000 0.4871153177778986 0.3531484479539355
0.5000000000000000 0.3877489298669357 0.2564359593788449
0.4804129494728687 0.5000000000000000 0.2995665769111119
0.5000000000000000 0.3713020342898118 0.2861780487982128
0.5000000000000000 0.2953780677722906 -0.4011899523943895
0.4025687222667415 0.5000000000000000 -0.4465991331747010
0.5000000000000000 0.2936492031926018 -0.3488672402366843
0.5000000000000000 0.3490272198295092 -0.3342783760353178
0.4398867760890662 0.1838677763829166 -0.5000000000000000
0.5000000000000000 0.2841724522845340 -0.2589064445568022
0.2875413530779380 0.3958263891166476 -0.5000000000000000
0.4298125322052465 0.3004167520435940 -0.5000000000000000
0.3821147721060561 0.0835409318958686 -0.5000000000000000
0.5000000000000000 0.0414947949899418 -0.1645302267233646
0.4285932718042966 0.1720268966507431 -0.5000000000000000
0.5000000000000000 0.2476823209784224 -0.1846976235348808
0.3649209512484901 -0.3123746462338373 0.5000000000000000
0.1966893385163885 -0.2560858888910081 0.5000000000000000
0.3687482647178587 -0.2517894148839911 0.5000000000000000
0.2743261527630764 -0.2820766245406988 0.5000000000000000
0.2682079458164873 -0.2923363327713019 0.5000000000000000
0.3062086259112582 -0.3762923667750322 0.5000000000000000
0.2292197937703623 -0.3100565561349429 0.5000000000000000
0.2455970283370295 -0.2671901549809783 0.5000000000000000
0.1689296287872120 0.2339028328489716 -0.5000000000000000
0.1634423326367013 0.3728482979300357 -0.5000000000000000
-0.5000000000000000 0.0818692100054297 0.2446181848777751
-0.5000000000000000 0.1235326028977209 0.2685176610612699
-0.5000000000000000 0.0860106777873695 0.2552228372717056
-0.5000000000000000 0.0385850512450038 0.2960321736660669
-0.5000000000000000 0.0676275963209622 0.2320731255927988
-0.1355068139929640 -0.5000000000000000 -0.4379202855528516
0.5000000000000000 0.0222933328335869 -0.1646141508119137
0.2052311511795190 -0.5000000000000000 0.2358032611067220
-0.0141140770582506 -0.5000000000000000 0.2022260388210961
0.1588181912676919 -0.5000000000000000 0.0878110137538134
0.1494679102367802 -0.5000000000000000 0.1341193474934778
-0.5000000000000000 0.0236864320663725 -0.1413468723025940
-0.5000000000000000 -0.1500750069554130 -0.2084904697441845
-0.5000000000000000 -0.1136588201415108 -0.0429665685680829
-0.5000000000000000 -0.0435032192230997 -0.1897787248179877
-0.1787396411379297 0.2463171549878688 0.5000000000000000
-0.1828873246361783 0.2143701857517218 0.5000000000000000
-0.1567912150745480 0.2815095255695572 0.5000000000000000
-0.1132183425975984 0.3850631486364507 0.5000000000000000
-0.0608004400600373 0.5000000000000000 0.2981569084894525
-0.1748300413997089 0.5000000000000000 0.2835842489876158
-0.2159242692001054 0.5000000000000000 0.2587194799443232
-0.1525937378800271 0.5000000000000000 0.2055794430257477
0.3515088903724237 0.5000000000000000 0.2208057727042280
0.2995591516280176 0.5000000000000000 0.1729381795911209
0.2438884060027925 0.5000000000000000 0.2898920661984843
-0.5000000000000000 -0.1475499015764300 -0.3484617795152759
-0.5000000000000000 -0.2312352420865749 -0.4014836157456352
-0.5000000000000000 -0.2229194728780652 -0.3832453827422310
-0.5000000000000000 -0.2311382640536160 -0.3601796766432431
-0.5000000000000000 -0.2516984927394831 -0.4082130423592008
-0.1706994315164922 0.5000000000000000 -0.2826769633776943
-0.1967183978639750 0.3543236600596056 -0.5000000000000000
-0.3980491728101422 -0.2457346277589581 -0.5000000000000000
-0.4039697475582436 -0.3263474792263389 -0.5000000000000000
-0.5000000000000000 0.0442099289648928 -0.1390985075439242
-0.5000000000000000 0.0367935987369857 -0.1547957049600726
-0.5000000000000000 0.0494358487973884 -0.1416293735980586
-0.5000000000000000 0.0880397416976497 -0.1128952192054083
-0.5000000000000000 0.0470091835683824 -0.1198113565099021
-0.2669295152750347 -0.5000000000000000 -0.1297510109699801
-0.3340797707649050 -0.5000000000000000 -0.1788948822761956
-0.3376658020542018 -0.5000000000000000 -0.2873376132697736
-0.4478964447650626 -0.5000000000000000 -0.1986432998880568
-0.3751769927344663 -0.5000000000000000 -0.2557871004153597
-0.4066619794800513 -0.5000000000000000 -0.2865654336064101
-0.3288308755927155 -0.5000000000000000 -0.2549055881188317
-0.3499599817053253 -0.5000000000000000 -0.3272017471471714
0.5000000000000000 0.1214655008021203 -0.0772916168171189
0.5000000000000000 0.1268671996113978 -0.0549989069832012
0.5000000000000000 0.1080533733920749 -0.0651406945485979
0.5000000000000000 0.1191486510392920 -0.0668396626547939
0.5000000000000000 0.1223693358309528 -0.0482357550632724
0.5000000000000000 0.1057126284254436 -0.0315469976914628
0.5000000000000000 0.1557264170527848 -0.1461624355835157
-0.3067137510008722 0.3721173727366747 -0.5000000000000000
-0.3474230390719083 0.2787648573825283 -0.5000000000000000
-0.3966031267087641 0.3342982252976137 -0.5000000000000000
-0.1877617279858538 0.2221415166166532 -0.5000000000000000
0.5000000000000000 -0.3764527621985274 0.4863666277008818
-0.0323974081208046 0.5000000000000000 -0.4398068608109403
-0.0122487961688623 0.5000000000000000 -0.3965922657904195
-0.0554383873996549 0.5000000000000000 -0.4468111773549823
0.0286323079070703 0.5000000000000000 -0.4458649709932709
-0.0976973769859273 0.5000000000000000 -0.4215252418780996
0.5000000000000000 0.3348813221949369 0.4689588248820566
-0.5000000000000000 0.2224619193722720 -0.4750056640007683
-0.3135921850751502 0.1648577976566887 -0.5000000000000000
-0.5000000000000000 0.1154116365718272 -0.4067373961883969
-0.3957653483880819 0.1681225139083516 -0.5000000000000000
-0.2319429969110778 0.1177651222781503 -0.5000000000000000
-0.3489678682121881 0.2705958387289487 -0.5000000000000000
-0.5000000000000000 0.0603515491158310 -0.2316432518701025
-0.3429688270605206 0.1154591251530133 -0.5000000000000000
-0.3921276958883509 0.5000000000000000 0.0396791162049150
-0.3746972673952098 0.5000000000000000 -0.0217554043482779
-0.2569650884866430 0.5000000000000000 0.0697571729155899
-0.4045374390188605 0.5000000000000000 0.0030526626947530
-0.4749492851317807 -0.5000000000000000 -0.1849644994763267
-0.4282506453610490 -0.5000000000000000 -0.2408549808196166
-0.4392226622079107 -0.5000000000000000 -0.2879549634101832
-0.5000000000000000 0.2503230167118960 -0.4101261145466557
-0.2982687127298912 0.5000000000000000 -0.1316662185193606
-0.2814099409096922 0.5000000000000000 -0.1091869992260617
-0.3044014533720442 0.5000000000000000 -0.0839542037227934
-0.5000000000000000 -0.2695698094119319 0.3239112800073712
-0.3553452997908563 -0.5000000000000000 0.2887069223568591
-0.3361956344111480 -0.5000000000000000 0.2387891461335844
-0.5000000000000000 -0.4437687551177433 0.3110480505113720
-0.2153591735441552 -0.5000000000000000 0.3628158171337061
0.4652575820826320 -0.3408198364774203 0.5000000000000000
0.3990526825029754 0.5000000000000000 0.0066464397760302
0.3387858262858010 0.5000000000000000 -0.0969047601136964
0.4178364374035760 0.5000000000000000 -0.1674400544761032
0.3103927721832845 0.5000000000000000 -0.1265881926897227
0.4194449146671269 0.5000000000000000 0.0707823106976291
0.3442462933484201 0.5000000000000000 0.0602234323015143
0.0829437040141441 -0.1362074538072924 -0.5000000000000000
0.1123925713558672 -0.2064063712062340 -0.5000000000000000
0.5000000000000000 0.0390446954329697 -0.1608692592716428
0.5000000000000000 0.2439542847533189 -0.1747672954514160
-0.5000000000000000 -0.2612747775342414 -0.2793585075026197
-0.5000000000000000 -0.4791426078016576 -0.1780460581486855
-0.5000000000000000 -0.4223268651777660 -0.2167423655152996
-0.5000000000000000 -0.4549412005039077 -0.2835772902289839
-0.1691224909715017 0.3647057685015043 -0.5000000000000000
-0.1388105514565899 0.4349898038525636 -0.5000000000000000
-0.5000000000000000 0.3009696799742679 0.2559093176040256
-0.5000000000000000 0.1737848657140017 0.1136666175465346
-0.5000000000000000 0.2422414255002512 0.0978167024873758
-0.5000000000000000 0.1286017516759966 0.1699074791121734
0.2980320804410003 -0.5000000000000000 0.2325699866191725
0.3525510422124868 -0.5000000000000000 0.1932554995852694
0.3984932927877771 -0.5000000000000000 0.1497530366205370
0.2442333134931443 -0.5000000000000000 0.1602279940583473
0.3544908825599103 -0.5000000000000000 0.2440626154398508
0.1461186466713819 -0.5000000000000000 0.3348475793303651
0.2815752590632820 -0.5000000000000000 0.2883140303357429
0.2226804686503082 -0.5000000000000000 0.3415735157304023
0.2308872195337601 -0.5000000000000000 0.1321986199871253
-0.5000000000000000 -0.4968871118405007 -0.1792198982702629
-0.4921193541218369 -0.5000000000000000 -0.2721556464560084
0.1557692063148334 0.3913192046703857 0.5000000000000000
-0.0137012180181016 0.4438736355007035 0.5000000000000000
-0.5000000000000000 -0.2575205817017228 0.3262776967281893
-0.5000000000000000 -0.0681119913240965 0.2595710265514355
-0.5000000000000000 -0.0515093726875975 -0.2359346055529903
-0.5000000000000000 -0.2117303884171950 -0.2646000351690920
-0.5000000000000000 -0.1841818397081562 -0.2117525809474823
0.4700254001344223 -0.5000000000000000 -0.2856492116178404
-0.0528299840982891 0.5000000000000000 0.1212657613237724
-0.1196325031931935 0.5000000000000000 0.1392438284463748
-0.5000000000000000 0.0520619780408015 0.1360183945629452
-0.5000000000000000 0.0329163478516944 0.0234310451266310
-0.2246815190951804 -0.5000000000000000 -0.0893741905493968
-0.1212441679743452 -0.5000000000000000 -0.2305438089392702
-0.0146664257788842 -0.5000000000000000 -0.0774661238893465
-0.1509074333319574 -0.5000000000000000 -0.1248032232035204
0.2338568752898138 -0.5000000000000000 -0.0890314716955678
0.3486756331418849 -0.5000000000000000 0.0016049834303404
0.3365009780830051 -0.5000000000000000 -0.1230225718165240
0.2271902456306487 -0.5000000000000000 -0.0698947761345789
0.3075809997764112 -0.5000000000000000 -0.0008237613262484
0.2844071385404655 -0.5000000000000000 -0.0582706696585758
0.2497542814796887 -0.5000000000000000 0.0402167234247773
-0.0756745290891277 0.5000000000000000 -0.3328439947166239
-0.0557649845890914 0.5000000000000000 -0.3111039830252726
-0.0821883578064693 0.5000000000000000 -0.3163084800711544
-0.0729144169643739 0.5000000000000000 -0.3005128287614534
-0.1163123521419182 0.5000000000000000 -0.3483292402398778
0.3861936064010335 -0.5000000000000000 -0.2616249949869649
0.3835979167915824 -0.5000000000000000 -0.2709595884430062
0.3626239987351236 -0.5000000000000000 -0.2698314900599151
0.5000000000000000 0.3726123524929074 -0.3813585937160719
0.5000000000000000 0.2424655100117693 -0.3501407585012544
0.5000000000000000 0.4207738639845048 0.0884028527282543
0.5000000000000000 0.3452324143083748 0.0648516164524269
0.5000000000000000 0.3887438695208115 0.1175057190790528
0.2828096536547747 0.5000000000000000 -0.0809494156703394
0.5000000000000000 0.3369956194482255 -0.0083214841621449
0.5000000000000000 0.2949551334436569 -0.1579317114885762
0.5000000000000000 0.2971449406584196 -0.1111609189587789
-0.5000000000000000 0.3354838926754888 -0.3376965476750975
-0.5000000000000000 0.4723069391549397 -0.4154739870008279
-0.5000000000000000 0.4119018992925323 -0.2493282718309415
-0.5000000000000000 0.1249989247983836 0.1777318656167969
-0.5000000000000000 -0.4726609664177876 0.0221834565089441
-0.5000000000000000 -0.4925769997852734 -0.1392885925946556
0.4047749290199583 0.5000000000000000 -0.4338924934079439
0.4047371479728072 0.5000000000000000 -0.4441578962538379
0.3986964279712277 0.5000000000000000 -0.4466355121815540
0.4082338274391705 0.5000000000000000 -0.4514032007208602
0.3777461317695514 0.5000000000000000 -0.4254482306247545
0.3919451496011137 0.5000000000000000 -0.4486571725900608
0.4268125231185488 -0.1117523479888001 0.5000000000000000
0.5000000000000000 -0.2466308497487891 0.3771994960145616
0.4323082164144701 -0.1792669349605246 0.5000000000000000
0.5000000000000000 -0.1826307257884844 0.4634009871468733
0.5000000000000000 -0.1002938409986933 0.4910583060670571
0.5000000000000000 -0.1369524513333778 0.4268592984735115
0.4074035062173458 -0.1591983256393988 0.5000000000000000
0.5000000000000000 -0.1722130171877118 0.3999369990337284
0.5000000000000000 -0.2059177258321434 0.4386590136478052
0.4068560658307536 -0.1292814263903740 0.5000000000000000
0.3910791134892076 -0.1485244255924976 0.5000000000000000
-0.2569256674105080 -0.0857115695484206 0.5000000000000000
0.2566961056300606 0.5000000000000000 -0.1689780285627538
0.1954273685643915 0.5000000000000000 -0.2327138801737123
-0.5000000000000000 0.3147308747770306 0.2856285966771519
-0.5000000000000000 0.1465987588190992 0.4789932646856950
-0.3584337035415095 0.1118374119932318 0.5000000000000000
-0.4285251115180430 0.2580334639870761 0.5000000000000000
0.5000000000000000 0.1599844444895682 0.1558699425555914
0.5000000000000000 0.0626353079604212 0.2468232327188942
0.5000000000000000 0.1244487347550295 0.1976898012577250
0.5000000000000000 0.1095670392474030 0.3508254885073473
0.5000000000000000 0.1365235794097501 0.1449752367345959
0.5000000000000000 0.0844400835001564 0.1182128733538499
0.1956555396986261 0.3125063185698984 0.5000000000000000
-0.2010353850961607 -0.5000000000000000 -0.4826024040485552
-0.2749074250498376 -0.4720582922751935 -0.5000000000000000
-0.3782658181532692 -0.5000000000000000 -0.4452346919556900
-0.5000000000000000 0.2173678944815430 -0.3625641898436116
-0.3587472445163001 0.2775843340533447 -0.5000000000000000
-0.5000000000000000 0.2742651264405495 -0.3838275663667716
-0.5000000000000000 0.0682557340121793 -0.2352831791273745
-0.3982384312498461 0.3345685242338443 -0.5000000000000000
-0.5000000000000000 0.2303588723375243 -0.3452834816074401
0.4748487597329629 0.5000000000000000 -0.1796912890366208
0.4449278308666684 0.5000000000000000 -0.2077545789218067
0.3900744206718092 0.5000000000000000 -0.2712838523178537
0.4510285900767790 0.5000000000000000 -0.2782395542649711
0.4823922791292012 0.5000000000000000 -0.2276544840338251
0.5000000000000000 0.4242504585897132 -0.2866206888672336
0.5000000000000000 0.3766096850107928 -0.1174250012519961
0.5000000000000000 0.3471027572966994 -0.2101926269236366
0.4302236329728937 0.5000000000000000 -0.2804232787633459
0.5000000000000000 0.3539775714676457 -0.1867570516636670
0.5000000000000000 0.4607221544949309 -0.2262540844392009
-0.2303644729989684 -0.5000000000000000 -0.1229658762085239
-0.2393820525739367 -0.5000000000000000 -0.0511354948926571
-0.3199553453487040 -0.5000000000000000 0.1863808310806597
-0.2777313803832624 -0.5000000000000000 -0.0509138998695272
-0.2062002042499009 -0.5000000000000000 -0.0506672331324865
-0.1211759305424585 -0.5000000000000000 0.0808527175955853
-0.3099155849153141 0.2544474595120833 0.5000000000000000
-0.3456267155055678 0.1196245573947241 0.5000000000000000
-0.3985545362706983 0.2941952304459792 0.5000000000000000
-0.4161046412280243 0.2579728962069781 0.5000000000000000
0.4449671053111587 0.5000000000000000 0.1278075094203805
-0.1778680237101831 -0.5000000000000000 -0.2896251588431129
-0.1642013799202140 -0.5000000000000000 -0.3666261881043459
-0.2192392428757265 -0.5000000000000000 -0.2895948671516170
-0.1985997796505611 -0.5000000000000000 -0.3287620525042655
-0.1824450057395172 -0.5000000000000000 -0.1922109232536962
-0.2181238282018507 -0.5000000000000000 -0.2519667186702915
-0.2763621567913265 -0.5000000000000000 -0.3328588598155847
-0.1971453559966060 -0.5000000000000000 -0.2667984106747475
-0.5000000000000000 0.2317445594663809 0.2903168732628731
-0.5000000000000000 0.1487967161371862 0.2293088621489162
-0.5000000000000000 0.1709315961465025 0.3168010196351173
-0.4417181354549610 0.2581307510801829 0.5000000000000000
0.0908445704706967 0.0830024531030225 0.5000000000000000
0.0032662950596918 0.1286107186679504 0.5000000000000000
0.0516371063115538 0.0853700525583229 0.5000000000000000
0.0738811385059651 0.1162112455216239 0.5000000000000000
0.0182806274983310 0.0998429395822882 0.5000000000000000
0.0564716431143023 0.0985122322075513 0.5000000000000000
0.0863764452456706 0.0390091261484682 -0.5000000000000000
0.1345249521045075 -0.1135537645843508 -0.5000000000000000
0.0315129022538451 0.1052746822668918 -0.5000000000000000
0.0351094203528848 -0.0864299761664596 -0.5000000000000000
0.5000000000000000 0.0664800004247083 0.0479814321172400
0.3436366156673715 -0.2466766093295906 -0.5000000000000000
0.3593932800358811 -0.2461342306227220 -0.5000000000000000
0.3649097896696613 -0.2005337958187461 -0.5000000000000000
0.3083883385279023 -0.2595220996336218 -0.5000000000000000
0.3207521464356313 -0.2081300605022866 -0.5000000000000000
0.3456309939914252 -0.2321759911453711 -0.5000000000000000
0.3145067813149730 -0.2372658316096946 -0.5000000000000000
0.3320598234134965 -0.2486786758567532 -0.5000000000000000
-0.3304459096880433 -0.5000000000000000 -0.0987987158718662
-0.5000000000000000 0.0185843271749437 -0.2831276621858592
-0.5000000000000000 -0.0046042613609508 -0.2090986821025733
-0.5000000000000000 0.0569218837939840 -0.2302828378791504
-0.4024611795052202 0.0387440924792632 -0.5000000000000000
-0.5000000000000000 -0.0152084143942504 -0.2727467509188440
0.5000000000000000 -0.4566949604325409 0.0956418252808761
0.5000000000000000 -0.4327376404641744 0.0992961404228100
0.4593112481306442 0.5000000000000000 0.0708688739456949
-0.4001464107878182 0.5000000000000000 0.2814690734499425
-0.4529086828535933 0.5000000000000000 0.3184573829351647
-0.4187686480875240 0.5000000000000000 0.3760509780824145
0.5000000000000000 -0.3556928142710172 -0.1690984823603124
0.5000000000000000 -0.4422245069075904 -0.1570143921798423
0.5000000000000000 -0.4408532468744040 -0.2162555019821931
0.5000000000000000 -0.4010054467864110 -0.2305652761344299
0.5000000000000000 -0.4387827889103024 -0.2256878974763313
0.5000000000000000 -0.4317076130185570 -0.1507346095506957
-0.2820143733216254 -0.5000000000000000 -0.0793273027837250
-0.3823178366056877 -0.5000000000000000 -0.0583969147979875
-0.3478270039555212 -0.5000000000000000 -0.0404975745448700
-0.1570842802423554 0.5000000000000000 -0.2950200252548433
-0.2038829847548349 0.5000000000000000 -0.2826735746249477
-0.1445034040260212 0.5000000000000000 -0.2836006699098007
-0.1733274178065893 0.5000000000000000 -0.2740480089458219
-0.1660214796358601 0.5000000000000000 -0.3281108079384307
0.4994427912150503 -0.4378908364731566 0.1831948500182582
0.2704083891564134 -0.5000000000000000 0.4174709905263475
0.5000000000000000 -0.3146005671422302 0.3228441565008629
0.4492832499691282 -0.2402105020658359 0.5000000000000000
0.3806124612737458 -0.4760352895695742 0.5000000000000000
0.3524057597751592 -0.5000000000000000 0.2939977697213771
0.3658367469489904 -0.4519263725860574 0.5000000000000000
0.0341313142211047 0.3066400053569212 0.5000000000000000
0.0423336816388286 0.5000000000000000 0.3262324870814027
-0.1246818670073787 0.5000000000000000 0.3334968530802144
0.0222825289342433 0.5000000000000000 0.2972273797506699
0.0094949113635795 0.5000000000000000 0.3227541802430486
-0.0026043474124992 0.5000000000000000 0.2969060441771812
0.5000000000000000 0.4209199804054660 -0.3589096640409567
-0.5000000000000000 -0.0902428044720474 0.4167439633837440
0.5000000000000000 0.4257365655450973 -0.4075791045967359
-0.2182803706591624 0.0846599790897561 0.5000000000000000
-0.2482874251184173 -0.0352220383740558 0.5000000000000000
-0.5000000000000000 0.0609124437506272 -0.2309618706735920
-0.3729437289523971 0.5000000000000000 0.1531062492069560
-0.4350526991103305 0.5000000000000000 0.2103008295434324
-0.1859452937872958 0.5000000000000000 0.1321835117147658
0.4698171670136791 0.5000000000000000 -0.3323812422507717
0.5000000000000000 0.3736991857168332 -0.3465988961424119
0.5000000000000000 0.4035397455175171 -0.3367750557687592
0.4391381793998861 0.5000000000000000 -0.3288163479710124
0.2889077048102999 0.4031965406364777 -0.5000000000000000
0.4316104128485889 0.3086358138870312 -0.5000000000000000
0.1736200634612192 -0.1719095503204514 0.5000000000000000
0.2366711109850101 0.0361838924411994 0.5000000000000000
0.1867613557760424 0.1098772493342447 0.5000000000000000
0.1528539985763023 0.0617989905892436 0.5000000000000000
0.1306098498712989 0.0550687511010327 0.5000000000000000
0.3056471459405981 0.0993308781957498 0.5000000000000000
0.1003737562073709 -0.1072521650279842 0.5000000000000000
0.1897852758352001 0.1287049164818502 0.5000000000000000
-0.4550294332963445 0.5000000000000000 -0.4352977881437060
0.5000000000000000 -0.3531172499317904 -0.2724335648630569
0.3673653176764979 -0.5000000000000000 -0.3735470526152877
0.5000000000000000 -0.4047913223385678 -0.3659327681984798
-0.5000000000000000 -0.2619147894151930 0.3283087674598562
-0.5000000000000000 -0.2614485368098339 0.3491245436314651
-0.5000000000000000 -0.2786412458207542 0.3392705144797907
-0.5000000000000000 -0.2731953822633702 0.2232767910409859
-0.5000000000000000 -0.2666733807060008 0.3219868188575957
-0.5000000000000000 -0.2399153775472676 0.3457644546156475
-0.5000000000000000 -0.1069388117562403 0.3370934674522237
-0.5000000000000000 -0.2746378500071412 0.3122392359213708
0.1351799778664751 -0.2404557665314125 0.5000000000000000
0.1812782565827797 -0.2246990389236160 0.5000000000000000
0.1288317304241779 -0.2348575921270981 0.5000000000000000
-0.5000000000000000 -0.1309087525421236 -0.0138921149240172
-0.5000000000000000 -0.2648973629654190 -0.0150627435341931
-0.5000000000000000 -0.2984900672768978 -0.0973914179290588
0.5000000000000000 0.0117410975830867 -0.1598208599965090
0.5000000000000000 -0.0995435821780698 -0.1960022601543098
0.0779559048090324 0.3192423245547437 0.5000000000000000
0.1594397313084574 0.5000000000000000 0.3993857306531894
0.1872096102189825 0.3270605043600553 0.5000000000000000
0.1863240538329196 0.4537567806106283 0.5000000000000000
0.1501061085875283 0.4145893078047560 0.5000000000000000
0.0992486072434697 0.5000000000000000 0.4105904330332344
0.5000000000000000 0.2154597604108224 -0.3169345355638856
-0.2430535976290892 0.5000000000000000 -0.1918271059812504
-0.2264595881746258 0.5000000000000000 -0.2137998177270754
-0.1810408586462363 0.5000000000000000 -0.2063633761065132
-0.2223495323168951 0.5000000000000000 -0.2483917577871839
-0.1305156622572908 0.5000000000000000 -0.2364572274929204
-0.1788188527359700 0.5000000000000000 -0.2184915954253092
0.4587742219251453 0.3116236392232141 0.5000000000000000
0.4150111120217850 0.3391986068258379 0.5000000000000000
0.2413571143514917 0.3182983097360542 0.5000000000000000
0.4550949900557575 0.3612819306468657 0.5000000000000000
0.4210018663098991 0.2921474616980138 0.5000000000000000
0.5000000000000000 0.2875619657341201 0.4724612495806833
0.5000000000000000 0.3621942012173566 0.3985930279204986
0.4996308674347448 0.5000000000000000 0.3817575874477246
0.2908914892575560 0.4166179290256572 0.5000000000000000
0.5000000000000000 0.3664169725552557 0.4708516669537313
0.5000000000000000 0.2974622948129125 0.4373489130032175
0.1414565623916316 -0.4950991183826068 0.5000000000000000
0.0219613653672585 -0.4849606164553477 0.5000000000000000
-0.0512733074440597 0.2603004104801288 0.5000000000000000
0.0664453359190384 0.2453719612451941 0.5000000000000000
-0.0297893299626351 0.2949598323548370 0.5000000000000000
-0.0324249348786024 0.3926896373209858 0.5000000000000000
-0.5000000000000000 0.3939715403232438 -0.0593111031662722
-0.5000000000000000 0.3317372733096215 -0.0242901950187087
-0.5000000000000000 0.4103347589931604 -0.0493639468818587
-0.5000000000000000 0.3926296845360568 -0.0231778335733333
0.3613423665193233 0.0866367508649502 -0.5000000000000000
0.3977743886784885 0.0582607724659858 -0.5000000000000000
0.3682203916566022 0.0600974363029227 -0.5000000000000000
0.3633028168883640 0.0933653868503523 -0.5000000000000000
0.3990521739225379 0.0730434499014443 -0.5000000000000000
0.3923310451861373 0.0867200254649832 -0.5000000000000000
0.0190678715019582 -0.3290308109116800 0.5000000000000000
0.1994081197702645 -0.3067975173794533 0.5000000000000000
0.0563752968804974 -0.2204779716597179 0.5000000000000000
-0.3178107533494974 -0.3008670825769109 0.4991875751834667
-0.3973387685354273 -0.3915010408052212 0.5000000000000000
-0.0704936133340197 0.3765198753534656 -0.5000000000000000
-0.0249825563544782 0.4668717172263493 -0.5000000000000000
-0.0035846725828530 0.3027537463516207 -0.5000000000000000
-0.0686297740856948 0.5000000000000000 -0.4789919618589053
-0.1086376630726456 0.3604128415935199 -0.5000000000000000
-0.2219169737660907 0.3775829748118113 -0.5000000000000000
-0.3100136100605970 0.2929167751520451 -0.5000000000000000
-0.1423668621920935 0.3423301236462862 -0.5000000000000000
-0.1781296279294460 0.2344942352499159 -0.5000000000000000
-0.0609224068839547 -0.5000000000000000 0.1530533466308642
-0.1935274679237264 -0.1371054887181735 -0.5000000000000000
-0.1911293899632407 -0.1344071528984176 -0.5000000000000000
-0.1952466759469163 -0.1405498328893934 -0.5000000000000000
-0.1895802345195600 -0.1388844310120627 -0.5000000000000000
-0.1915441500942403 -0.1341858086201656 -0.5000000000000000
-0.1896456176057772 -0.1340785907317480 -0.5000000000000000
-0.1917293907360986 -0.1342986609703003 -0.5000000000000000
-0.4198144069986246 -0.2347194209352464 0.5000000000000000
-0.1949372189211029 -0.2113490162015227 0.5000000000000000
-0.0523204537502229 -0.5000000000000000 -0.2450464292002532
-0.0752843201928880 -0.5000000000000000 -0.3109118452394496
-0.0161213469291309 -0.5000000000000000 -0.2682959812392167
-0.0398619099163993 -0.5000000000000000 -0.2221406765468832
-0.0134260579052798 -0.5000000000000000 -0.1228909584084543
-0.0822563851693988 -0.5000000000000000 -0.1876722700863703
-0.0222993963969563 -0.5000000000000000 -0.2210946362188818
-0.0261055709724852 -0.5000000000000000 -0.2508274695486652
0.5000000000000000 0.2782508367940235 0.0411455576675352
0.5000000000000000 0.2391764694953465 -0.0450346762104838
0.3224733424718313 -0.5000000000000000 -0.3000917889696571
0.2563918259193710 -0.5000000000000000 -0.2960355431974256
0.4501155874375983 -0.2930875177851938 -0.5000000000000000
-0.0095108127669208 -0.4751058364968470 0.5000000000000000
-0.2179456337302616 0.4931155455230685 0.5000000000000000
-0.2589700467570208 0.4992166431645967 0.5000000000000000
-0.5000000000000000 0.3192507302200041 0.2735597324351169
0.0062988520527903 -0.4885196780433594 -0.0562930847149144
0.2686435234497481 0.5000000000000000 -0.1929814064539723
0.2137840258307929 0.5000000000000000 -0.2526090636346949
0.2328257699487911 0.5000000000000000 -0.3693285834937124
0.5000000000000000 -0.1179794931463318 0.2045780078489990
0.5000000000000000 -0.0830448564813637 0.3329751423576246
0.5000000000000000 -0.1392812375006050 0.3236298537556781
0.5000000000000000 -0.0439416958459804 0.2952312584047804
-0.0686537001063565 -0.5000000000000000 -0.4010246562224241
-0.5000000000000000 0.4590652589421819 -0.2191845736940556
-0.5000000000000000 -0.1061608163422763 0.0001994609529968
-0.5000000000000000 -0.0645622456287559 0.1671014899142856
-0.3332904248314884 -0.5000000000000000 0.2325179206511527
-0.0672564378985452 -0.5000000000000000 0.1474404705687406
0.4783232733550329 0.4307603993834908 -0.5000000000000000
0.2468656339941394 0.2643426381127873 -0.5000000000000000
0.2635370195281698 0.5000000000000000 -0.1238396570508272
0.3047265861428998 0.5000000000000000 -0.2039479506396941
0.2990161145326903 0.5000000000000000 0.2634330617099905
0.1871414147891611 0.5000000000000000 0.3424664645346556
-0.1511875931845913 0.5000000000000000 0.3369957604408902
-0.2357341941422277 0.5000000000000000 0.4134261397265814
0.0387561669448001 0.5000000000000000 -0.3219033385854672
-0.0210950738208745 0.5000000000000000 -0.2789797380996025
0.0868695031582397 0.5000000000000000 -0.3395000444182093
0.4686733622926276 -0.5000000000000000 0.1465704827162848
0.4117614619836660 -0.5000000000000000 0.2464266901334016
-0.1817321316550072 0.2171868967250922 -0.5000000000000000
-0.5000000000000000 0.3362305181937308 0.3635314717641077
0.5000000000000000 -0.1534636769193647 0.1849765334961649
0.5000000000000000 -0.2127839700119755 0.2224511814617699
0.5000000000000000 -0.1946355862144918 0.1403945416897777
0.5000000000000000 -0.1692628912998075 0.1884334940776466
0.5000000000000000 -0.1799880958252833 0.2115966648793581
0.5000000000000000 -0.2219268830908507 0.1432666012950894
-0.0855932298540160 0.3817621749393796 -0.5000000000000000
-0.0949844457882495 0.3526679329823530 -0.5000000000000000
0.1866561478881764 0.3986846427616781 -0.5000000000000000
-0.5000000000000000 0.1140943721117346 0.3131931968551585
-0.5000000000000000 0.1102437589433206 0.3671533080825277
-0.4399149220849538 0.2510420309332533 0.5000000000000000
-0.5000000000000000 0.1082835346967575 0.3018449542298230
0.5000000000000000 0.4534549923986638 0.0992485098148613
0.4247849920012888 0.5000000000000000 0.1512438645761099
0.4788515540618470 0.5000000000000000 0.1771153278441385
0.5000000000000000 0.4354965031525020 0.1269088111910165
0.2509151169695706 -0.5000000000000000 0.0948067895984733
-0.2421797556524788 0.5000000000000000 -0.3141336107605057
-0.1690833831388422 0.5000000000000000 -0.3971275814928634
0.2756416248724293 -0.5000000000000000 0.3939373151426300
0.2557269206780066 -0.5000000000000000 0.4182143485778734
0.1746369839995027 -0.5000000000000000 0.4462904629564794
0.4414571165254401 0.2476939190583257 0.5000000000000000
0.5000000000000000 -0.0467698404690531 0.1007780264730253
0.5000000000000000 -0.0409211653501903 0.0363599315743528
0.5000000000000000 0.0500341466283602 0.0724340752500028
-0.4006765926267247 0.3476626113079033 0.5000000000000000
-0.0177262535207412 -0.5000000000000000 0.2014850583704730
-0.0204825938686115 -0.5000000000000000 0.2124805215464063
-0.0174433325664288 -0.5000000000000000 0.2135573690918993
-0.0194220989879791 -0.5000000000000000 0.2044752333693574
-0.5000000000000000 0.4050331469405809 -0.1509554724518449
-0.3722999941884949 0.5000000000000000 -0.1013839781002275
-0.0899715038410763 -0.5000000000000000 -0.4299043634943079
-0.0242227535248177 -0.5000000000000000 -0.4095240398961909
-0.0362826853132735 -0.5000000000000000 -0.3939175818196203
0.5000000000000000 0.2020489014522910 -0.2621628872627163
0.4190105219983400 -0.0435994527591641 0.5000000000000000
0.4780990934607478 0.0503503617014197 0.5000000000000000
0.4153670310623445 0.0619362285690580 0.4920089532047960
-0.3997196536072222 -0.5000000000000000 0.4048183991743027
0.4868246477716219 0.5000000000000000 -0.4243415839820734
-0.2743546382121440 0.2577502715817239 0.5000000000000000
-0.1703041490855750 0.2021829672613447 0.5000000000000000
0.1442813215407724 0.5000000000000000 -0.2715366965256346
0.1107968299874772 0.5000000000000000 -0.3745535229841541
-0.5000000000000000 -0.3135536578803441 0.0083806039021826
-0.3381355034347786 -0.5000000000000000 0.2310914029097450
-0.5000000000000000 -0.4124991703986986 0.1294306273648273
-0.5000000000000000 -0.3984636315139980 0.0406232656474331
-0.5000000000000000 -0.3719019627653617 -0.0524663830775172
-0.4419504245770325 -0.5000000000000000 -0.0019419473668616
-0.3745215140110146 -0.5000000000000000 0.0042372734854702
-0.4298604262147557 -0.5000000000000000 0.0200039642475913
0.3664280280747593 0.5000000000000000 0.2056223963808650
0.3243032699261753 0.5000000000000000 0.1582524442565928
0.3316040022362158 0.5000000000000000 0.1523270529113053
0.5000000000000000 0.0243639872577769 -0.1453633650862828
0.5000000000000000 -0.0350682823408882 -0.1394594817477743
0.5000000000000000 0.0381078758565676 -0.1467289482630238
0.5000000000000000 0.0020593608640225 -0.2376013068283291
0.5000000000000000 -0.0021783098615245 -0.1754318139646947
0.5000000000000000 0.0069017230821394 -0.1344140500095427
0.5000000000000000 0.0362503345289253 -0.3714429219831389
0.5000000000000000 0.0407712355879421 -0.0888111532861022
0.5000000000000000 0.1042536155795899 -0.2111578254210963
-0.5000000000000000 -0.0816344147890851 0.4767564036289742
-0.2017092440393079 -0.5000000000000000 0.4037221142009405
0.1341413929771345 0.1340673439439086 -0.5000000000000000
0.1565997075350331 0.0352749912192019 -0.5000000000000000
0.1524350123531709 0.1557622978640653 -0.5000000000000000
-0.5000000000000000 0.3299887987829748 0.3050798614198804
-0.5000000000000000 0.3295121419020177 0.2707781851367064
-0.5000000000000000 0.3464195404515202 0.2796025184159198
-0.5000000000000000 0.3277957392696997 0.2530883002937093
-0.5000000000000000 0.3171219900268411 0.2605129349951841
0.5000000000000000 -0.3185316536903976 -0.3459097278455993
0.5000000000000000 -0.2938340769895756 -0.4081725271317992
0.4752142649368777 -0.4443583200200016 -0.5000000000000000
0.5000000000000000 -0.2612073236050003 -0.4465225175989302
0.4384906715984359 -0.3245098517812610 -0.5000000000000000
0.4823816161605507 -0.2151486162249452 -0.5000000000000000
0.3877371768981763 -0.5000000000000000 -0.4122950374941025
0.5000000000000000 -0.2739226090012494 -0.3381587371395997
0.5000000000000000 -0.2545361396973586 -0.3793328564493038
0.5000000000000000 -0.3516964285542241 -0.4040864579607347
0.5000000000000000 -0.0695645698847883 -0.4215819783740175
0.5000000000000000 -0.1316882456245794 0.1839822195592684
0.5000000000000000 -0.0908038462723843 0.1889527324889034
0.5000000000000000 -0.1299865924993548 0.1555428397396459
0.5000000000000000 -0.0594835565369683 0.1511480013116476
-0.1521733016178796 -0.4093573509105178 -0.5000000000000000
-0.2453372995819276 -0.2952443517278094 -0.5000000000000000
-0.2740232516767635 -0.3439893304628352 -0.5000000000000000
-0.1720138058641529 -0.2181175610456327 -0.5000000000000000
-0.1902746382572773 -0.3624916337504128 -0.5000000000000000
-0.2664875914991457 -0.3831946387558589 -0.5000000000000000
0.4506229673519365 0.5000000000000000 0.2304591322069108
0.5000000000000000 0.0094476612706098 -0.4567371366105143
-0.2884279405284528 0.1727167281347604 -0.5000000000000000
-0.4230583308849387 0.5000000000000000 0.0464583316549994
-0.4367541640002660 0.5000000000000000 0.0113142046213144
-0.5000000000000000 0.3831821879192048 0.3782011073119124
-0.5000000000000000 0.3613687868523121 0.3138841305798087
-0.4193067544472663 0.3130073205673911 0.5000000000000000
-0.4413589535092332 0.2789572583378744 0.5000000000000000
-0.5000000000000000 0.3299612429490452 0.3939938638841974
-0.5000000000000000 0.0376617328875612 0.1280347458979565
-0.0965878651785191 0.0937289774189373 0.5000000000000000
-0.0644663513147882 0.0195662906573230 0.5000000000000000
0.0180784444496432 -0.1427359956337569 0.5000000000000000
-0.2208937885632418 0.1235061258854865 -0.5000000000000000
-0.3452166534753121 0.2708297491333001 -0.5000000000000000
-0.1845585616413211 0.2171780010616430 -0.5000000000000000
0.0513976172084850 -0.5000000000000000 0.2821880719884278
0.5000000000000000 -0.2539334427027031 -0.1500429961816538
0.5000000000000000 -0.2190388958141958 -0.0270928905443078
0.5000000000000000 -0.1767162385230303 -0.1191422186378705
0.5000000000000000 -0.1648145093165390 -0.0728766988379213
0.5000000000000000 -0.1511543878722141 -0.1330284611983102
0.5000000000000000 -0.2152313399262917 -0.1478799488756302
0.5000000000000000 -0.2320603658439426 -0.0881568620200388
0.5000000000000000 -0.2333765497666448 -0.0749043901390596
-0.5000000000000000 0.3769212028420307 -0.1904083376026188
-0.5000000000000000 0.2656878603212739 -0.2213755443195693
-0.5000000000000000 0.2084754230461713 -0.2168087840129002
-0.5000000000000000 0.0649721918732004 -0.2313096189333643
-0.5000000000000000 0.2180829268754946 -0.2951499278833037
0.1817141442042584 0.2992969621625950 0.5000000000000000
0.1434115370792038 0.1844917868074092 0.5000000000000000
0.2761470921614720 0.1445302856068983 0.5000000000000000
0.1501999090768533 0.1957955226955675 0.5000000000000000
-0.5000000000000000 0.0191851878483407 -0.1852696053548854
-0.5000000000000000 0.0595161158800325 -0.2283111132247128
0.5000000000000000 -0.0693441527650624 -0.4430389876344027
-0.5000000000000000 -0.4577320066028256 0.4672109880607849
-0.5000000000000000 -0.4443313056973073 0.3117810165271490
-0.4301647180844294 -0.5000000000000000 0.4944069546956572
-0.4259012916232949 -0.5000000000000000 0.4246752612962693
-0.3315260605746551 -0.4976160669944316 0.5000000000000000
-0.3642901336446942 -0.5000000000000000 0.4208708531662090
-0.5000000000000000 -0.3137434428301374 0.4869314555102457
-0.4499204332260057 -0.2422029534902666 0.5000000000000000
-0.4671760566019466 -0.2510391066612682 0.5000000000000000
0.5000000000000000 -0.3007825491563310 0.2801300512407378
0.1090175008301172 -0.5000000000000000 -0.1424729197797073
0.1544914105165486 -0.5000000000000000 -0.1741666052747914
-0.5000000000000000 -0.0189141055803906 0.0736351788870611
-0.5000000000000000 -0.2316954198175699 0.0797926319367256
-0.5000000000000000 -0.0793812035468094 -0.0062755050888736
-0.5000000000000000 -0.0241368646732427 0.1142117475000108
-0.5000000000000000 -0.1260716680465160 -0.0461114311307118
-0.3560485134047623 0.5000000000000000 0.1742524371866969
0.5000000000000000 -0.0629575196327875 0.4811571641830588
0.3134009240798233 -0.0258133983992281 0.5000000000000000
0.5000000000000000 -0.1031177733695624 0.4017185480372449
0.5000000000000000 -0.1523313161291524 0.3763205942574163
0.3755100223946946 -0.0611490170049966 0.5000000000000000
0.5000000000000000 -0.0652558537074552 0.3634003545964084
0.3401703140007692 -0.0984152643968480 0.5000000000000000
-0.5000000000000000 -0.4228326106325515 0.4880791925560560
-0.4297830859761341 -0.3413393333089592 0.5000000000000000
-0.4171120992975718 -0.4119989294146778 0.5000000000000000
-0.4428859547609620 -0.3774292907342684 0.5000000000000000
-0.5000000000000000 -0.4438311016982726 0.3122738453187653
-0.4312281938428397 -0.4581235128050464 0.5000000000000000
-0.4364715548449600 -0.4040950440970071 0.5000000000000000
-0.3860687149853634 -0.4319361002607110 0.5000000000000000
0.1542052538481489 -0.5000000000000000 0.0846357463246290
0.0927050220159878 -0.5000000000000000 0.0438965449622376
-0.0559952501856475 -0.5000000000000000 0.1538485984740870
-0.2788650976076370 -0.0549369248446783 0.5000000000000000
-0.4421540588892436 -0.0903729430527895 0.5000000000000000
-0.5000000000000000 0.4451228452330552 0.0736830558947028
-0.2669358158948276 0.5000000000000000 0.1728571814903408
-0.2779239365400246 0.5000000000000000 0.1082539381914914
-0.3020812316746489 0.5000000000000000 0.2979189058482333
-0.5000000000000000 0.4929481548992906 0.2346213171671609
-0.5000000000000000 0.3775043367636643 0.2531850053081940
-0.2507768923840633 0.5000000000000000 0.4039446660238432
-0.5000000000000000 0.3050949214577349 -0.2997879947397011
0.5000000000000000 -0.3765036313424907 -0.2423836993311439
0.5000000000000000 -0.3068743383282374 -0.2668820157967369
0.5000000000000000 -0.3679054075856125 -0.2656044403481521
-0.5000000000000000 -0.2785899475976137 0.0977951322435475
-0.5000000000000000 -0.3399813391261740 -0.0889882979488259
-0.5000000000000000 -0.2397295919358047 -0.0742201913377810
-0.5000000000000000 0.2110329236986190 0.0307144339095706
-0.5000000000000000 0.0773753552188036 0.1371131774218205
-0.1741918654308896 -0.1610341869246490 -0.5000000000000000
-0.1586419664688003 -0.0938676690713405 -0.5000000000000000
-0.2454066749019521 0.5000000000000000 -0.1450054787942742
-0.2934262326323557 0.5000000000000000 -0.1688223543344814
-0.2926131765571384 0.5000000000000000 -0.2033278308155636
-0.3258572493243287 0.5000000000000000 -0.1427121261894825
-0.2416736413834865 -0.5000000000000000 -0.3933029390984872
-0.1389752415928567 -0.5000000000000000 -0.4713442819100328
-0.1370504559504910 -0.5000000000000000 -0.4542662149828472
-0.1181870384164918 -0.4473121753462152 -0.5000000000000000
-0.0742245623590884 -0.4606113165850599 -0.5000000000000000
0.1781397988793885 -0.5000000000000000 0.0818305317963034
0.4437907423060246 -0.0539768837758317 -0.5000000000000000
0.5000000000000000 -0.2030642094626103 0.0873187674965165
0.5000000000000000 -0.2515245009322829 0.1062825677406384
-0.0910628275543116 0.1107051237257621 -0.5000000000000000
0.0273996029451132 0.1147420815913494 -0.5000000000000000
0.0002014791705474 0.2527372137965843 -0.5000000000000000
-0.0507311731415592 0.1178804998907564 -0.5000000000000000
-0.1724241484981881 0.2137692822816409 -0.5000000000000000
-0.0089389030909162 -0.3675146136057420 0.5000000000000000
0.0008030077363876 -0.3684961976257143 0.5000000000000000
-0.0174003442883084 -0.3320291305189393 0.5000000000000000
0.0114293639648628 -0.3245494167129600 0.5000000000000000
-0.0232766924206063 -0.3427399174112236 0.5000000000000000
0.0012119490861409 -0.4236640238496499 0.5000000000000000
-0.3650968911537269 -0.0598640617327421 -0.5000000000000000
0.5000000000000000 -0.2014591752359273 0.0340094967248145
0.5000000000000000 -0.2240234416651959 0.0343189299951106
0.5000000000000000 -0.2917252596845322 0.0527709676298922
0.5000000000000000 0.2664922438409832 -0.1791293318014198
0.5000000000000000 0.2637781539534095 -0.1353304690236783
0.4308489837361353 -0.5000000000000000 0.0876162485894311
0.4391601749679148 -0.5000000000000000 -0.0075183235696593
0.4700787005925493 -0.5000000000000000 0.0702238312689109
0.5000000000000000 -0.3574365402738949 -0.0167143470918617
0.5000000000000000 -0.4841696047769215 0.0362672257658238
0.5000000000000000 -0.3575208232888840 0.0025959074798521
-0.1296736692247197 0.0473931264307721 -0.5000000000000000
-0.1216415386150543 0.0969565502344749 -0.5000000000000000
0.0384412750324853 -0.5000000000000000 0.3598670625075524
0.0718806494177436 -0.5000000000000000 0.3719903472313578
0.0259840405311362 -0.5000000000000000 0.4591514964089342
0.0371309309875806 0.1160577810549292 -0.5000000000000000
0.0297138169004964 0.2614458211852541 -0.5000000000000000
0.2186399804372174 0.1159946494415985 -0.5000000000000000
-0.5000000000000000 -0.1216788211124030 0.4918841481463741
0.0107775357015437 0.2775647319440425 -0.5000000000000000
0.5000000000000000 0.2294306790296876 -0.1359057727929252
0.5000000000000000 0.2208569194821821 -0.0878004382970880
0.4233640037893044 0.1814179987726849 -0.5000000000000000
0.2742549980648669 0.3947710729802504 -0.5000000000000000
0.4153272837935706 0.2987927796462440 -0.5000000000000000
0.0737186922306707 -0.5000000000000000 -0.1274196180880831
0.0256895152030677 -0.5000000000000000 -0.0736542774217829
0.0974459715315769 -0.5000000000000000 -0.1306532512274800
0.0836206904194108 -0.5000000000000000 -0.1853848689155394
-0.5000000000000000 0.4333865324162133 0.1680623132885274
-0.5000000000000000 0.4306929084655559 0.0475927607812376
0.4836517179510973 0.4364999227061524 -0.5000000000000000
-0.0238544984530797 -0.5000000000000000 0.3465736053273953
-0.1205879553943124 -0.5000000000000000 0.3734723500289881
0.5000000000000000 0.2397989029537419 -0.3142384943850353
0.1004837444614874 -0.5000000000000000 0.3707121009796007
0.1936572617916495 -0.5000000000000000 0.3714602010886991
0.0396656528834328 -0.5000000000000000 0.4563531749209949
-0.4923546860204145 0.4859239999638263 -0.5000000000000000
0.1073115280929230 -0.5000000000000000 0.2255407103142364
0.2106720249772962 -0.3236437113834112 0.5000000000000000
-0.3636839965036997 0.5000000000000000 0.3318648590630048
-0.5000000000000000 0.4209476664764683 0.3296224553100869
-0.5000000000000000 0.4565804288560849 0.2723523880606646
-0.5000000000000000 0.3895159807241621 0.2730919246167239
-0.2649841554879773 0.5000000000000000 0.4086927329491715
0.4307416810114287 -0.5000000000000000 -0.1682376526172888
0.2360904828446999 -0.5000000000000000 -0.1943239586865698
0.5000000000000000 -0.3463504575651797 -0.1427959798564611
0.5000000000000000 -0.1028653811084885 -0.4500796153344789
0.5000000000000000 -0.0187636703544799 -0.4405676837476402
0.3930848301543354 -0.0721015810035371 -0.5000000000000000
0.4842484755211372 -0.1580622695910622 -0.5000000000000000
0.5000000000000000 -0.0622025405544130 -0.3435670147097474
0.4833303369717272 -0.0179542705017512 -0.5000000000000000
0.5000000000000000 -0.0907956107625790 -0.3955531204626442
0.5000000000000000 -0.0930848250477807 -0.4724791187878067
-0.0157635776399711 -0.4607821462813976 0.5000000000000000
0.0993623587086970 0.4546176969466402 -0.5000000000000000
0.5000000000000000 0.0373369845334886 0.2344531528612342
0.1121794131910986 -0.3115089579111444 -0.5000000000000000
0.0145157992554275 -0.4485855268850626 -0.5000000000000000
0.1581951276332532 -0.5000000000000000 -0.4931089445231760
0.0610865978120311 -0.5000000000000000 -0.4934859253723394
-0.3086262356271025 -0.5000000000000000 -0.3703621429056151
-0.4104977332307436 -0.5000000000000000 -0.3079041477012977
-0.3536081528993116 -0.5000000000000000 -0.3634661369558293
0.0008869131037683 -0.5000000000000000 0.4592869802600219
0.1792467050603793 -0.1154188021744167 -0.5000000000000000
0.1576218512004672 -0.1578406926282623 -0.5000000000000000
-0.5000000000000000 0.3062261018636902 -0.3098542344041652
0.1211918220320663 0.4971887627529792 -0.1540111102824064
0.1915459272945233 0.5000000000000000 0.0900086600020293
0.1096835436715489 0.5000000000000000 0.0690954869237856
0.2915838304384218 0.5000000000000000 0.1197272179608227
0.3041717507327838 0.5000000000000000 0.1194527574023191
-0.2896130983253725 0.2356129298264626 0.5000000000000000
-0.3222757372976855 0.0953331897416561 0.5000000000000000
-0.1747875485526916 0.1362591452399773 0.5000000000000000
-0.1545929720819368 0.0780298295248671 0.5000000000000000
0.4601796501547157 0.5000000000000000 0.3247536615882257
0.4022260724817812 0.5000000000000000 0.2466622459407981
0.2402761605305778 0.2955444720741339 0.5000000000000000
0.1920180425512090 0.3130952505139757 0.5000000000000000
0.1941506937801930 0.3117978202598766 0.5000000000000000
-0.0832648082861518 0.4774226318307165 0.5000000000000000
-0.0583964700329961 -0.5000000000000000 0.1574710169014158
0.1362859238169468 -0.5000000000000000 0.4464995353637895
0.0193503091969657 -0.5000000000000000 0.4925349238265653
0.2871481355350344 -0.0782665941083786 -0.5000000000000000
0.2376395203774391 0.0365668426809492 -0.5000000000000000
0.2711926916337373 -0.1492256658192673 -0.5000000000000000
0.0253893435561790 0.1073064721023479 -0.5000000000000000
-0.3391463649805309 -0.1403701782165052 0.5000000000000000
-0.4463919111866324 -0.1887388067518558 0.5000000000000000
0.5000000000000000 0.0597059853628580 0.4395214706948999
0.5000000000000000 0.0124269098086901 0.4954535690729320
-0.5000000000000000 0.3540726566857896 -0.1059133551100572
-0.5000000000000000 0.2663106914031750 0.0264937866196790
-0.5000000000000000 0.2282983817454403 -0.0106408327867756
-0.5000000000000000 0.1344739607870283 0.1577010563819365
-0.5000000000000000 0.1848244752822939 -0.0395396233025175
-0.1376307329467883 0.5000000000000000 0.1398436478625192
-0.3904754325615347 -0.0235716930481833 -0.5000000000000000
-0.5000000000000000 -0.1412619290123111 -0.3224252710417390
-0.5000000000000000 0.0417867575976118 0.1556931228099062
-0.5000000000000000 0.1105283932503910 0.1665620510168166
-0.5000000000000000 0.0611814228399674 0.1584347552375454
0.3788686125839934 -0.5000000000000000 0.0702206333366068
0.3052642212411076 -0.5000000000000000 0.0892245488665745
0.2431464470901801 -0.0741124559770280 0.5000000000000000
0.3895634125261244 0.0589452440128805 0.5000000000000000
-0.4930265250229581 -0.2816833861477511 0.1155883330109362
-0.2327203427387817 0.5000000000000000 -0.3069674326434672
-0.1664701592432926 0.5000000000000000 -0.3831872868473802
-0.2136478726234708 -0.1195639769425464 0.5000000000000000
-0.2637602014264778 -0.0519070258095794 0.5000000000000000
-0.2963279179522635 0.0029687312790553 0.5000000000000000
-0.2530191372668365 -0.0467473138666269 0.5000000000000000
-0.0859660980226327 0.5000000000000000 -0.0168212598115444
-0.1559285333085953 0.5000000000000000 -0.1160861558584348
-0.2138039299714464 0.5000000000000000 -0.0696269102555755
-0.0990970509622265 0.5000000000000000 -0.0699450520317492
-0.1385883569250886 0.5000000000000000 -0.0685174240725782
-0.0870845867552599 0.5000000000000000 -0.1700999036538439
-0.1295826191437236 0.5000000000000000 0.0669699243230883
-0.1546131983142222 0.5000000000000000 -0.1404698325568167
-0.5000000000000000 -0.3597617650705773 -0.3592578461736259
-0.5000000000000000 -0.2591210683942997 -0.2368697012006507
-0.5000000000000000 -0.1911740677051283 -0.3012917482302786
-0.2256743620329306 0.4225912479693789 -0.5000000000000000
-0.0854316547246938 0.5000000000000000 -0.4831293147964490
0.4048628795191622 0.2240101011096370 0.5000000000000000
0.5000000000000000 0.0475830845903909 0.3990788833193796
0.4987757376895082 0.4385559314615193 -0.4839519302982564
0.5000000000000000 0.2838740508722717 -0.3077493296443309
-0.2574074973333325 0.2847806410388183 0.5000000000000000
-0.1506716589012377 0.5000000000000000 0.3401454143054252
-0.1123477433903020 0.5000000000000000 0.4941196519482283
-0.2361749690347375 0.5000000000000000 0.4231988826219498
-0.1869522953386512 0.3211318479420936 0.5000000000000000
-0.5000000000000000 0.1828086175784411 -0.1136360561478026
-0.5000000000000000 0.4053863139582201 -0.2042571456315223
-0.1931514514665811 0.0483593736255521 -0.5000000000000000
-0.5000000000000000 -0.4126699379750056 -0.3984750103287241
-0.5000000000000000 -0.3891550792338286 -0.4240898515031783
-0.5000000000000000 -0.4467543789729937 -0.4312692731794462
-0.5000000000000000 -0.3427925863003794 -0.4382257233196810
-0.4244581958282967 -0.3932257178700131 -0.5000000000000000
-0.3363769223004611 -0.5000000000000000 0.2380456457120333
-0.3347953290744458 -0.5000000000000000 0.2382867824140117
-0.3378288145291297 -0.5000000000000000 0.2379263958756201
-0.5000000000000000 -0.2634320906921933 0.1225879526698588
-0.5000000000000000 0.0234475044177082 0.2014919996289871
0.0545190808272646 0.4696317973335679 0.5000000000000000
-0.1418155287374989 0.5000000000000000 0.3552467011706714
-0.1074849016915832 0.5000000000000000 0.4927978743232205
-0.0316851473177202 0.4595599851598852 0.5000000000000000
-0.0576011205291356 0.4805911389548394 0.5000000000000000
-0.0636929777961411 0.5000000000000000 0.4603585406742429
-0.1963609348031266 0.5000000000000000 0.4370645054181457
0.4885607845332460 0.4429658893568307 -0.5000000000000000
0.3697863318283253 0.4182822401310495 -0.5000000000000000
0.4603199756030904 0.3638439427284104 -0.5000000000000000
0.5000000000000000 -0.1205999635349836 -0.2355913783687077
0.5000000000000000 -0.2215873846994388 -0.2616926742052065
0.5000000000000000 -0.1842337594144133 -0.3115430353742188
-0.5000000000000000 0.3507533243468580 0.0492819778187961
0.5000000000000000 0.1291732090582858 0.4416961044375152
0.5000000000000000 0.1006237113159813 0.4127279348489301
0.3673930272838737 0.1191961167982195 0.5000000000000000
0.4261417696335741 0.1145271712442655 0.5000000000000000
0.5000000000000000 0.0634155615543787 0.3804303954940086
0.5000000000000000 0.1117398162374521 0.4441013388292601
0.5000000000000000 0.1304047490383092 0.4091999531731977
0.2341136745060823 -0.5000000000000000 0.2137403992440182
0.3390033731342260 -0.5000000000000000 0.2836653469247338
0.4988169888125160 0.0368969075087181 -0.3952449375488225
-0.5000000000000000 -0.3051827922100538 0.1242942183673556
-0.5000000000000000 -0.2901374506836751 0.1345248583388768
-0.5000000000000000 -0.4262008404116068 -0.3435417487627597
-0.5000000000000000 -0.4384040947439798 -0.3653617393171088
-0.5000000000000000 -0.4257231034212869 -0.3955652533334119
-0.2669648163261550 0.5000000000000000 -0.0213025526097064
-0.1448547953120582 0.5000000000000000 0.1130450455907215
-0.5000000000000000 -0.0966857037090127 0.4515892767471765
0.3687331470600311 -0.5000000000000000 -0.0083151481249278
0.1244138408553342 -0.2562541678478026 -0.5000000000000000
-0.3044363510340954 0.4332130601566834 -0.5000000000000000
-0.3625262926482746 0.4424835097690025 -0.5000000000000000
-0.2670031079852445 0.4389071293383032 -0.5000000000000000
0.5000000000000000 0.2108557068007598 0.4809457400661281
-0.1250641876104803 -0.2118975871454505 0.5000000000000000
-0.1382712789842847 -0.2061523280314984 0.5000000000000000
-0.0660322762526157 -0.2270352956358236 0.5000000000000000
-0.1417465450563007 -0.2171112204245492 0.5000000000000000
-0.2863752092194236 0.5000000000000000 -0.2318027201497685
0.3726349471167961 0.1655967642254642 0.5000000000000000
0.4163319678456368 0.1756660379296299 0.5000000000000000
0.5000000000000000 0.2186425967726281 0.4342595587670825
0.0902721686055066 -0.5000000000000000 0.0427847397550696
-0.0586294640068033 -0.5000000000000000 0.1538542445596215
0.1435344369726585 0.5000000000000000 -0.4930653124294137
0.5000000000000000 0.2449479796727110 0.0482144101853343
0.5000000000000000 0.1675732128787716 0.0565610662152008
-0.3135855498265215 0.5000000000000000 -0.0520771135101639
0.1102435399953344 0.5000000000000000 0.1835529209119616
0.0435829534722253 0.5000000000000000 0.1559247334649158
0.0143313022121474 0.5000000000000000 0.0043428331391416
-0.0379956215811349 0.5000000000000000 0.1625164439726417
-0.5000000000000000 0.4127289519454984 0.3877988934062229
0.2440269269170996 0.5000000000000000 0.1666886804253842
-0.4945909905666264 0.1132613544665189 -0.0992985315085295
-0.5000000000000000 0.2944232847720694 -0.2988283216711357
-0.4919771572752157 0.4004705534246745 -0.2211748210030894
0.1806218353294183 -0.5000000000000000 -0.2079276235642350
0.1298924429535162 -0.5000000000000000 -0.2142591277746398
-0.5000000000000000 -0.0393361201789338 0.4903566334060919
-0.3973302825942335 0.0044423080068699 0.5000000000000000
0.5000000000000000 -0.1034011034586123 0.0219438884232646
0.5000000000000000 -0.1049481073034075 -0.0135090416595895
-0.1997979876167580 0.0577782839076015 -0.5000000000000000
-0.1707180441818174 0.0493529166263813 -0.5000000000000000
-0.1986989626364913 0.0988305694655579 -0.5000000000000000
-0.1650939655740726 0.0895001928035067 -0.5000000000000000
-0.0306730350811004 -0.5000000000000000 -0.0613956547509034
0.0548456799800555 -0.5000000000000000 -0.0012571916036714
-0.0029216172961615 -0.5000000000000000 -0.0395875445486830
-0.0389240743146701 -0.5000000000000000 0.0847242170185444
0.0384330567383330 0.2671522473734639 -0.5000000000000000
-0.0031596657928560 0.2905302633792124 -0.5000000000000000
-0.0384859562526627 0.2898191101991853 -0.5000000000000000
0.0459793324238181 0.3079145180836766 -0.5000000000000000
0.5000000000000000 0.0265462041079335 0.1213705885944611
0.3997258716056692 0.1751568956869846 -0.5000000000000000
0.2300866406601705 0.1343408245040924 -0.5000000000000000
0.2648240872690560 0.3769095364332631 -0.5000000000000000
0.3950148089436946 0.2852196726760181 -0.5000000000000000
-0.5000000000000000 -0.4421260220495893 0.3102158013373499
-0.1188818116425409 -0.1619768891055496 -0.5000000000000000
-0.1545454135887145 -0.1913162129578630 -0.5000000000000000
0.5000000000000000 -0.2553592142918709 0.2726647364376003
-0.1906846224554343 -0.4946204277401452 -0.5000000000000000
0.5000000000000000 -0.2522347428064760 -0.2599861031281239
0.5000000000000000 -0.2248507414924197 -0.3017151049032953
-0.5000000000000000 0.0710933236236315 -0.2012710794292795
0.5000000000000000 -0.2709930412598928 0.0698446307391808
0.5000000000000000 -0.2942465853559799 0.1350189137778838
0.5000000000000000 -0.3166728384204430 0.0798148586694813
-0.0756562647811743 -0.5000000000000000 0.0091727508098257
-0.0654050146216628 -0.5000000000000000 0.1458229500396092
-0.4835201337410935 -0.4908314710707103 -0.1689797981630275
0.4658381015559874 0.5000000000000000 0.3643834775811888
0.4589147053501800 0.5000000000000000 0.2898053019359562
-0.3152467577838737 0.0167342370255045 -0.5000000000000000
0.3291758973267367 0.1198252274364332 0.5000000000000000
-0.5000000000000000 -0.3620340415889974 0.2086994095512533
-0.1209685763349098 0.3197607139478169 -0.5000000000000000
-0.1765425124555563 0.2271277461373021 -0.5000000000000000
-0.1597731189072176 -0.3960385431966254 -0.5000000000000000
-0.1621883622941743 -0.3333214789033250 -0.5000000000000000
-0.1032682152500782 -0.4238683860294642 -0.5000000000000000
-0.3248280856222072 0.2839334923702108 0.5000000000000000
-0.5000000000000000 -0.4477480904792550 -0.4293182832353529
-0.5000000000000000 -0.4472987889600148 -0.4311449740929168
0.1988572533567416 0.4592438087939015 0.5000000000000000
0.3695827561543083 -0.5000000000000000 -0.3556556911498369
0.5000000000000000 -0.4188932193162784 -0.3585713203809037
0.2380369147846189 -0.1924098936636386 0.5000000000000000
0.1189269275782621 -0.1942380919391950 0.5000000000000000
-0.5000000000000000 -0.4707543394258797 -0.1344538678426259
-0.5000000000000000 -0.4654675618057367 -0.1649966315613751
-0.4819013101326685 -0.5000000000000000 -0.1447181267419317
-0.4509364004732227 -0.5000000000000000 -0.1242611582273076
0.4467660185954674 0.1518333579146021 -0.5000000000000000
0.4412772005494722 0.1750047541441408 -0.5000000000000000
-0.5000000000000000 -0.3944636984715094 -0.1755707122483391
-0.4861302855611815 0.2964144306427359 -0.3186015368336546
-0.4732425418540123 0.5000000000000000 -0.2248156180553821
-0.5000000000000000 0.1008617297710905 0.1805478438625734
0.5000000000000000 0.2418169547232694 -0.2556760027010100
-0.3514028919300140 0.5000000000000000 -0.0835470037984773
-0.5000000000000000 0.2952200312466649 -0.3416842320584418
-0.5000000000000000 0.3011104090710297 -0.3265380999215816
-0.5000000000000000 0.2740155109476138 -0.2927553885967235
-0.3983118569331358 0.3348088516701603 -0.5000000000000000
-0.5000000000000000 0.2803587475529844 -0.3196318865939846
0.3945168947972775 0.0783831447441253 0.5000000000000000
-0.1768253255540751 -0.5000000000000000 -0.0787141298940986
0.1771269790303197 -0.5000000000000000 0.2466793028404884
0.3387108943470463 -0.4614252179599100 0.5000000000000000
0.2239595347901142 -0.3257720148125414 0.5000000000000000
-0.3414017298881761 0.5000000000000000 -0.3859436204518133
-0.4296982013473148 0.5000000000000000 -0.4487034367907045
-0.2933987615292373 0.5000000000000000 -0.2875008873154367
-0.2901383347460325 0.5000000000000000 -0.3339268575615114
-0.3709260179210679 0.5000000000000000 -0.3623957654036862
-0.2763869631142118 0.5000000000000000 -0.2698137860751002
0.5000000000000000 0.0393428258762517 -0.4156118929732851
-0.0278565038286673 -0.0826664252812738 -0.5000000000000000
-0.5000000000000000 0.3711448462415243 0.2216509426201227
-0.3253190562506288 -0.5000000000000000 -0.4087138785163914
0.2022649907982902 -0.5000000000000000 0.0946958616263014
0.1806621129644662 0.5000000000000000 -0.2840537152007441
-0.1094382949480864 -0.5000000000000000 -0.0226475899288898
-0.0731708923318874 -0.5000000000000000 0.1297024849709932
-0.4409810663478312 0.5000000000000000 -0.4021119313073835
-0.5000000000000000 0.3937117850220432 -0.4256201381392444
-0.3985737153986437 0.3365217371850042 -0.5000000000000000
-0.4246079015630992 0.5000000000000000 -0.4316419555215334
-0.4518847282220397 0.5000000000000000 -0.4239462208390917
-0.3981238242030061 0.5000000000000000 -0.3649014046060848
-0.1066383540218454 -0.2881298570943238 0.5000000000000000
0.0081118598173198 -0.1880985410098152 0.5000000000000000
0.0940999908188704 -0.5000000000000000 0.0285524727111806
-0.1483601791150009 0.5000000000000000 0.3161330142666210
-0.4890388952907390 -0.5000000000000000 -0.3119375897201287
-0.4364878115212242 0.5000000000000000 -0.2711767829681980
0.2583334430686041 0.4020969393978815 -0.5000000000000000
0.1722572097869019 0.5000000000000000 -0.3974288809653986
-0.3758289041483734 0.0716324899799294 0.5000000000000000
-0.1546538645833462 -0.3247412513610637 0.5000000000000000
-0.1821393370980308 -0.5000000000000000 0.3674969767157362
-0.0659414451906632 -0.5000000000000000 0.1600532826315195
0.3030529481358658 -0.5000000000000000 -0.3507597650342504
0.3765788230624277 0.5000000000000000 0.3056472093224286
0.4290796923267829 0.4925352522290321 0.2341050187213149
0.3237907986330066 0.1445741199970862 0.5000000000000000
-0.0535569010686521 0.5000000000000000 -0.2501354061044694
0.1297355057861251 -0.5000000000000000 0.0501712624932361
-0.4309332410799565 -0.4369137109883962 -0.5000000000000000
-0.5000000000000000 0.3765417882692206 -0.2136168357631348
0.5000000000000000 -0.3378636487594044 -0.0086201619818042
0.5000000000000000 -0.4607168607217724 0.0419482524075569
-0.5000000000000000 0.0245406443277787 -0.0303522465639903
-0.5000000000000000 -0.2540385068911689 -0.1721167262467718
-0.4962203457951453 -0.0004211140340293 0.3451482980145435
0.2629716159210748 0.5000000000000000 0.1595809089466880
0.1665143833998434 0.5000000000000000 0.2593951689960906
0.0454940734192202 -0.2117661293904444 0.5000000000000000
-0.1130983338075142 0.5000000000000000 0.1579187600683160
0.1896322568014494 0.2123464293359595 0.5000000000000000
-0.4060521298303838 0.3148203094075687 0.5000000000000000
-0.3251760567848033 0.0197082567568647 -0.5000000000000000
-0.2507912490341053 0.5000000000000000 0.4224543403275889
-0.4240007867089942 0.2839275228333032 0.5000000000000000
-0.3999303083042616 -0.5000000000000000 -0.4168526615979800
-0.5000000000000000 -0.3004130071884394 0.2321137775679785
-0.1314112837445537 -0.3065025639833341 0.5000000000000000
-0.0233752874240726 -0.4441488494588018 0.5000000000000000
0.2206630683486805 -0.5000000000000000 0.0774150606525406
0.0144883599110405 -0.4820999121411255 0.5000000000000000
0.1472858614960567 -0.3728122330236919 0.5000000000000000
-0.1811442819202602 0.2164439849781952 -0.5000000000000000
-0.5000000000000000 0.0383778241291498 0.2060026036322943
-0.1129285454605179 0.5000000000000000 -0.4520732201141117
-0.5000000000000000 -0.3280465261828692 0.2545275892755522
0.5000000000000000 -0.3382360389244173 0.0098073526256697
-0.1771573020781589 0.2145913300118850 -0.5000000000000000
-0.0453751047138715 -0.4806501214274322 0.5000000000000000
-0.2139389707025251 0.5000000000000000 -0.4158991557532389
-0.4554112241487359 0.5000000000000000 -0.3823916291913929
-0.3606500610925703 0.5000000000000000 -0.2487309555361503
-0.4108147455764218 0.5000000000000000 -0.1387027743902192
-0.0586337436210587 -0.5000000000000000 0.4449303025732813
0.0110970120317809 -0.5000000000000000 0.4975004256936501
-0.0237702289571187 -0.5000000000000000 0.4855330024733819
259 101
260 164
0 12
0 14
0 49
0 78
0 80
0 84
0 86
0 98
0 149
0 151
0 153
0 189
0 1212
261 108
1 2
1 15
1 21
1 24
1 28
1 69
1 72
1 73
1 87
1 137
1 262
1 147
1 1110
1 157
1 202
1 210
1 1334
1 232
263 101
264 164
2 24
2 28
2 30
2 35
2 72
2 81
2 131
2 138
2 164
2 265
2 202
2 266
2 1334
267 93
268 221
269 94
270 131
271 138
272 196
273 208
274 244
3 275
3 37
3 42
3 71
3 276
3 108
3 127
3 130
3 143
3 277
3 166
3 169
3 179
3 190
3 278
3 209
3 279
3 280
3 241
3 253
282 130
283 248
284 253
4 285
4 23
4 25
4 26
4 67
4 82
4 286
4 116
4 122
4 287
4 160
4 162
4 175
4 187
4 288
4 218
4 222
5 289
5 290
5 118
5 291
5 133
5 292
5 196
5 203
5 224
5 293
5 294
5 247
5 256
5 295
6 25
6 296
6 31
6 59
6 67
6 82
6 297
6 298
6 128
6 132
6 150
6 154
6 299
6 300
6 301
6 302
6 187
6 188
6 303
6 219
6 1324
6 304
7 305
7 306
7 33
7 51
7 112
7 117
7 307
7 308
7 1132
7 309
7 310
7 311
7 231
7 312
8 10
8 20
8 313
8 314
8 112
8 114
8 115
8 117
8 134
8 168
8 175
8 315
8 316
8 1175
8 231
9 317
9 29
9 46
9 318
9 61
9 319
9 320
9 182
9 186
9 321
9 322
9 323
9 324
325 168
326 201
327 28
328 41
329 81
330 1334
331 232
332 108
10 20
10 37
10 42
10 55
10 333
10 91
10 114
10 116
10 126
10 134
10 148
10 166
10 1175
10 209
10 215
10 229
10 241
10 258
11 19
11 22
11 334
11 46
11 56
11 335
11 105
11 336
11 123
11 133
11 152
11 186
11 337
11 233
11 234
11 240
11 245
11 251
11 255
12 14
12 60
12 84
12 107
12 146
12 151
12 153
12 163
12 184
12 204
12 211
12 252
13 338
13 339
13 40
13 43
13 54
13 73
13 100
13 340
13 119
13 127
13 136
13 140
13 170
13 341
13 210
13 237
13 238
342 88
343 131
344 142
345 145
346 48
347 76
348 106
349 214
350 132
351 162
352 219
353 43
354 111
355 136
356 140
357 144
14 16
14 358
14 49
14 60
14 64
14 78
14 84
14 146
14 153
14 163
14 173
14 178
14 189
14 211
14 230
14 252
14 257
15 24
15 54
15 73
15 74
15 87
15 95
15 119
15 121
15 157
15 197
15 203
15 205
15 228
359 64
360 111
361 144
362 40
363 43
364 100
365 1210
366 210
367 34
368 44
369 170
370 1249
371 183
372 200
373 220
374 223
375 20
376 67
377 91
378 116
379 188
380 212
381 231
16 17
16 32
16 49
16 64
16 78
16 96
16 98
16 382
16 178
16 383
16 1275
16 189
16 193
16 384
16 257
16 385
386 46
387 63
388 77
389 141
390 201
391 257
392 59
17 393
17 32
17 40
17 43
17 49
17 78
17 394
17 96
17 395
17 396
17 397
17 167
17 176
17 398
17 399
17 400
17 230
17 238
401 106
402 184
403 214
404 226
405 1249
406 183
407 200
408 32
409 107
410 163
411 184
18 412
18 66
18 413
18 713
18 281
18 101
18 104
18 414
18 157
18 415
18 203
18 416
18 243
19 39
19 46
19 56
19 61
19 123
19 133
19 182
19 186
19 207
19 227
19 233
19 247
19 251
417 46
418 25
419 26
420 33
421 75
422 82
423 218
424 42
425 209
20 23
20 426
20 91
20 112
20 114
20 115
20 116
20 175
20 427
20 1175
20 215
20 225
20 229
20 231
428 140
429 1249
430 183
431 200
432 64
433 141
21 28
21 41
21 68
21 69
21 434
21 435
21 135
21 137
21 147
21 436
21 437
21 202
21 210
21 226
21 236
22 438
22 46
22 614
22 439
22 113
22 440
22 152
22 441
22 442
22 233
22 234
22 240
22 251
22 255
443 123
444 152
445 186
446 255
447 1249
448 200
23 26
23 27
23 50
23 67
23 83
23 116
23 122
23 146
23 160
23 175
23 199
23 222
23 225
23 229
23 258
449 57
450 145
24 451
24 66
24 72
24 73
24 87
24 95
24 138
24 452
24 1110
24 157
24 164
24 203
24 1334
24 232
24 244
453 43
454 140
455 237
456 181
457 161
458 214
459 137
460 210
461 34
462 71
463 751
464 192
465 102
466 113
467 125
468 198
469 240
470 254
471 255
472 63
473 77
474 173
475 211
476 257
477 125
478 181
479 248
480 51
481 231
25 67
25 82
25 482
25 132
25 483
25 162
25 484
25 187
25 218
25 1324
26 33
26 75
26 112
26 116
26 485
26 1069
26 486
26 160
26 162
26 175
26 487
26 488
26 218
26 222
27 47
27 50
27 69
27 83
27 87
27 146
27 147
27 185
27 194
27 204
27 217
27 229
27 239
27 246
489 1275
490 193
491 1212
28 30
28 41
28 68
28 81
28 137
28 147
28 492
28 202
28 1334
28 232
493 89
494 1249
495 33
496 51
497 117
498 1132
499 191
500 201
29 46
29 70
29 79
29 501
29 502
29 103
29 503
29 504
29 505
29 506
29 507
29 508
29 509
29 182
29 510
29 233
29 511
512 138
513 75
514 191
30 35
30 41
30 68
30 81
30 515
30 93
30 158
30 516
30 202
30 517
30 221
30 518
519 67
520 70
521 128
522 150
523 188
524 212
31 57
31 59
31 122
31 128
31 525
31 150
31 154
31 155
31 177
31 187
31 216
31 219
526 108
527 179
528 223
32 49
32 98
32 529
32 530
32 1275
32 193
32 531
32 532
32 533
32 534
33 535
33 51
33 536
33 537
33 75
33 538
33 112
33 117
33 539
33 540
33 541
33 542
33 543
33 191
33 544
33 231
33 545
34 546
34 44
34 74
34 89
34 547
34 548
34 192
34 549
34 220
34 550
34 551
35 88
35 131
35 158
35 552
35 202
35 553
35 554
35 221
35 555
556 82
36 45
36 55
36 58
36 62
36 91
36 109
36 165
36 180
36 227
36 245
36 251
36 254
37 38
37 42
37 55
37 71
37 102
37 134
37 159
37 166
37 198
37 209
37 241
37 248
37 253
37 254
38 58
38 65
38 105
38 156
38 159
38 751
38 197
38 198
38 241
38 242
38 245
39 56
39 58
39 65
39 121
39 129
39 133
39 156
39 197
39 205
39 207
39 247
39 249
39 251
40 43
40 49
40 73
40 78
40 100
40 127
40 136
40 149
40 167
40 210
40 230
40 238
557 71
558 108
559 170
560 179
561 192
562 220
563 223
564 242
41 68
41 81
41 565
41 93
41 566
41 567
41 568
569 52
570 88
571 94
572 99
573 131
574 194
42 575
42 110
42 114
42 576
42 134
42 577
42 166
42 190
42 578
42 209
42 215
42 235
579 212
580 53
581 90
582 126
583 130
584 134
585 148
586 209
587 248
588 44
43 49
43 100
43 589
43 136
43 140
43 167
43 590
43 591
43 592
43 238
43 593
594 113
595 234
596 82
597 106
598 124
599 221
600 97
601 113
602 125
603 172
604 181
605 234
44 54
44 74
44 89
44 1249
44 183
44 606
44 607
44 608
44 220
45 62
45 67
45 91
45 109
45 116
45 128
45 139
45 165
45 188
45 212
45 227
45 249
45 258
609 173
610 189
611 211
612 252
613 257
46 614
46 615
46 616
46 109
46 617
46 618
46 152
46 182
46 186
46 619
46 620
46 227
46 233
46 251
47 73
47 83
47 87
47 92
47 121
47 127
47 129
47 149
47 185
47 194
47 197
47 210
47 228
47 229
47 258
48 50
48 57
48 621
48 622
48 76
48 99
48 120
48 142
48 145
48 155
48 160
48 161
48 171
48 195
48 623
48 624
48 214
48 625
48 219
48 626
48 239
627 51
628 164
629 51
630 131
631 138
49 78
49 80
49 96
49 98
49 100
49 167
49 189
49 632
50 83
50 120
50 122
50 146
50 155
50 160
50 161
50 171
50 185
50 194
50 195
50 199
50 229
50 239
50 246
50 249
50 258
633 106
634 124
635 214
51 636
51 117
51 637
51 638
51 1132
51 639
51 640
51 641
52 642
52 70
52 94
52 99
52 103
52 643
52 644
52 139
52 645
52 177
52 182
52 646
52 185
52 820
52 194
52 647
52 207
52 213
52 216
52 648
52 649
650 193
53 55
53 90
53 651
53 125
53 148
53 172
53 181
53 652
53 209
53 248
53 653
53 254
654 66
655 101
656 104
657 1110
658 157
659 164
660 1334
661 243
662 61
663 182
664 213
54 73
54 74
54 89
54 665
54 666
54 119
54 1110
54 157
54 183
54 667
54 220
54 237
55 668
55 91
55 97
55 148
55 165
55 172
55 180
55 669
55 209
55 241
55 245
55 248
55 254
55 258
56 58
56 105
56 133
56 156
56 245
56 251
57 59
57 670
57 671
57 99
57 672
57 145
57 155
57 673
57 195
57 674
57 216
57 675
57 219
676 231
677 107
678 153
679 163
680 189
681 211
682 252
58 62
58 65
58 92
58 121
58 129
58 156
58 166
58 197
58 227
58 228
58 241
58 245
58 249
58 251
58 258
59 683
59 684
59 132
59 685
59 686
59 687
59 688
59 154
59 689
59 690
59 691
59 187
59 692
59 219
59 1324
59 693
60 78
60 84
60 92
60 115
60 146
60 173
60 211
60 215
60 217
60 222
60 225
60 229
60 230
60 235
694 186
695 256
696 88
697 99
698 142
699 145
700 86
701 135
702 184
703 226
704 114
705 126
706 134
707 168
708 1175
709 231
61 710
61 123
61 133
61 182
61 186
61 207
61 213
61 711
61 247
61 712
62 91
62 165
62 227
62 245
62 249
62 258
714 104
63 77
63 715
63 115
63 716
63 141
63 717
63 173
63 178
63 201
63 718
63 257
64 719
64 141
64 720
64 173
64 178
64 721
64 722
64 257
64 723
65 74
65 119
65 121
65 133
65 156
65 159
65 174
65 197
65 203
65 205
65 241
65 242
65 245
65 724
725 111
726 143
727 144
728 169
729 176
730 190
731 238
66 713
66 95
66 101
66 732
66 138
66 733
66 157
66 164
66 203
66 208
66 224
734 71
735 108
736 130
737 159
738 751
739 192
740 198
741 253
67 116
67 122
67 128
67 139
67 742
67 160
67 187
67 188
67 743
744 181
745 248
746 90
747 256
748 142
749 221
68 69
68 750
68 93
68 106
68 124
68 147
68 158
68 202
68 236
68 246
68 250
69 83
69 85
69 87
69 106
69 147
69 149
69 204
69 206
69 210
69 217
69 236
69 246
752 75
753 191
754 201
70 79
70 755
70 103
70 109
70 128
70 139
70 756
70 150
70 757
70 177
70 182
70 820
70 207
70 212
70 227
70 758
70 233
70 249
71 759
71 108
71 111
71 127
71 130
71 143
71 159
71 166
71 169
71 170
71 174
71 179
71 192
71 241
71 242
71 253
72 87
72 94
72 95
72 131
72 138
72 147
72 194
72 202
72 244
760 1212
73 87
73 761
73 119
73 121
73 127
73 137
73 762
73 149
73 1110
73 157
73 197
73 210
73 228
73 232
74 89
74 119
74 763
74 157
74 174
74 192
74 197
74 203
74 220
74 242
74 764
765 1132
766 168
75 112
75 767
75 1069
75 768
75 191
75 222
769 132
770 219
76 88
76 106
76 120
76 142
76 145
76 158
76 771
76 214
76 772
76 221
76 246
76 250
77 773
77 115
77 1069
77 173
77 191
77 201
77 774
77 211
77 775
77 222
614 113
614 776
614 152
614 777
614 233
614 234
78 80
78 84
78 96
78 149
78 167
78 173
78 178
78 230
78 238
78 778
779 93
79 780
79 781
79 109
79 782
79 783
79 165
79 784
79 785
79 233
786 141
787 178
80 84
80 85
80 86
80 98
80 100
80 135
80 149
80 151
80 167
80 1210
80 206
80 210
788 201
81 789
81 790
81 1334
81 791
81 792
82 793
82 794
82 795
82 132
82 796
82 218
82 1324
797 255
798 189
799 257
800 152
801 186
802 256
803 154
804 109
805 165
806 212
83 84
83 87
83 92
83 146
83 149
83 185
83 194
83 210
83 217
83 229
83 258
84 85
84 92
84 146
84 149
84 151
84 204
84 217
84 230
84 235
85 86
85 106
85 149
85 151
85 184
85 204
85 206
85 214
85 217
85 226
85 236
85 246
807 221
808 105
809 118
810 123
811 133
86 98
86 107
86 135
86 812
86 151
86 153
86 1210
86 184
86 206
86 226
86 1212
86 813
814 108
815 130
816 253
817 231
818 103
819 150
821 281
822 1132
87 94
87 95
87 121
87 129
87 147
87 185
87 194
87 210
87 228
87 244
87 246
88 99
88 120
88 131
88 142
88 158
88 171
88 823
88 194
88 824
88 221
88 239
88 250
825 191
826 201
89 827
89 828
89 1110
89 157
89 829
89 1249
89 183
89 203
89 830
89 831
89 832
89 833
89 220
89 834
89 243
835 132
836 162
837 218
838 91
839 97
840 116
841 126
842 148
843 165
844 1175
845 212
846 231
847 164
713 281
713 101
713 104
713 138
713 203
713 224
713 848
849 114
850 134
851 168
852 93
853 106
854 124
855 226
856 236
90 857
90 858
90 126
90 859
90 148
90 860
90 172
90 181
90 861
90 862
90 863
90 864
90 865
90 866
91 116
91 165
91 212
91 229
91 245
91 258
867 126
868 109
869 128
870 165
871 212
92 121
92 127
92 149
92 166
92 190
92 197
92 215
92 217
92 228
92 229
92 230
92 235
92 238
92 241
92 258
872 108
873 111
874 144
875 169
876 179
877 223
878 1324
879 126
880 96
881 106
882 226
93 124
93 158
93 883
93 884
93 885
93 221
93 886
93 887
888 137
94 95
94 99
94 129
94 131
94 147
94 185
94 194
94 196
94 207
94 208
94 889
94 213
94 890
94 244
94 891
95 121
95 129
95 138
95 196
95 203
95 205
95 208
95 224
95 228
95 244
95 247
96 892
96 178
96 893
96 230
96 894
895 123
97 896
97 897
97 125
97 148
97 165
97 172
97 180
97 898
97 899
97 900
97 901
97 902
97 234
97 254
97 903
98 100
98 904
98 153
98 905
98 1210
98 1275
98 189
98 906
98 907
98 1212
98 908
99 122
99 909
99 910
99 142
99 155
99 177
99 194
99 195
99 911
99 216
99 239
99 912
100 167
100 1210
100 913
100 210
100 914
915 126
281 104
281 916
281 917
281 918
281 919
281 920
281 921
101 104
101 922
101 923
101 924
101 164
925 233
102 926
102 125
102 927
102 198
102 240
102 241
102 245
102 248
102 253
102 254
102 255
928 137
929 1110
930 210
931 232
932 237
933 106
103 934
103 935
103 936
103 150
103 937
103 182
103 820
103 938
103 939
103 940
104 941
104 942
104 943
104 944
104 945
104 946
104 947
104 948
105 949
105 133
105 156
105 159
105 751
105 198
105 950
105 245
105 255
105 951
952 138
953 164
106 954
106 124
106 955
106 956
106 158
106 957
106 184
106 958
106 959
106 204
106 214
106 960
106 221
106 226
106 236
106 246
106 250
961 1275
962 125
963 172
964 181
965 1110
966 183
967 237
968 135
969 137
970 169
971 190
107 972
107 973
107 151
107 153
107 163
107 184
107 1212
107 252
107 974
107 975
108 130
108 976
108 977
108 179
108 978
108 979
108 223
108 980
108 253
981 255
982 126
109 983
109 128
109 165
109 984
109 180
109 182
109 212
109 227
109 233
109 234
109 251
110 985
110 114
110 115
110 986
110 987
110 173
110 178
110 190
110 988
110 215
110 230
110 235
110 989
990 118
991 123
992 196
993 213
994 224
995 256
111 127
111 136
111 140
111 143
111 144
111 169
111 170
111 176
111 179
111 996
111 238
997 165
998 180
999 234
112 115
112 116
112 117
112 175
112 1000
112 191
112 1001
112 222
112 231
113 125
113 1002
113 1003
113 1004
113 1005
113 1006
113 234
113 240
113 254
113 1007
1008 190
1009 235
1010 118
1011 123
1012 256
114 115
114 134
114 1013
114 1014
114 168
114 1015
114 215
1016 164
115 117
115 1017
115 168
115 173
115 175
115 191
115 201
115 211
115 215
115 222
115 225
115 229
115 235
116 122
116 128
116 139
116 175
116 1018
116 188
116 1019
116 212
116 229
116 258
117 168
117 1020
117 191
117 201
117 1021
117 231
117 1022
1023 159
1024 751
1025 198
1026 253
1027 124
1028 226
1029 1132
118 123
118 1030
118 133
118 196
118 213
118 1031
118 247
118 256
1032 231
119 127
119 170
119 174
119 197
119 220
119 237
119 242
120 142
120 158
120 161
120 171
120 214
120 246
120 250
121 127
121 129
121 197
121 205
121 228
121 258
1033 123
1034 186
1035 256
122 128
122 139
122 155
122 160
122 177
122 185
122 187
122 194
122 195
122 216
122 249
122 258
1036 193
123 133
123 186
123 1037
123 213
123 1038
123 247
123 256
124 158
124 1039
124 1040
124 1041
124 1042
124 1043
124 221
125 1044
125 1045
125 172
125 181
125 1046
125 234
125 240
125 248
125 254
126 134
126 148
126 1047
126 1048
126 1049
126 1050
126 1175
126 1051
126 1052
126 1053
126 1054
1055 256
127 136
127 143
127 149
127 166
127 167
127 169
127 170
127 190
127 197
127 237
127 238
127 242
1056 201
128 139
128 150
128 154
128 177
128 187
128 188
128 212
128 227
128 1057
129 185
129 196
129 205
129 207
129 228
129 247
129 249
129 258
130 1058
130 209
130 1059
130 1060
130 1061
130 248
130 253
1062 179
1063 200
1064 223
1065 256
1066 134
1067 209
1068 1275
1070 160
1071 161
1072 162
1073 218
131 138
131 147
131 158
131 171
131 1074
131 194
131 202
131 1075
131 1076
131 1077
131 244
131 250
132 162
132 1078
132 187
132 1079
132 218
132 219
132 1324
1080 154
1081 155
1082 216
1083 145
133 156
133 186
133 203
133 205
133 207
133 247
133 1084
1085 186
1086 256
134 148
134 1087
134 1088
134 1175
134 209
134 1089
134 215
1090 190
1091 138
1092 164
1093 150
1094 820
135 137
135 1095
135 1096
135 1097
135 1210
135 1098
135 206
135 1099
135 210
135 226
135 236
1100 214
136 140
136 170
136 1101
136 237
136 238
136 1102
137 1103
137 1210
137 1104
137 210
137 232
137 1105
1069 160
1069 161
1069 162
1069 191
1069 199
1069 211
1069 222
1106 240
1107 255
1108 182
1109 820
1111 189
1112 257
138 1113
138 164
138 1114
138 1115
138 208
138 1116
138 244
1117 161
1118 163
1119 184
1120 199
1121 204
1122 211
1123 214
1124 252
139 177
139 185
139 207
139 227
139 249
139 258
140 144
140 1125
140 170
140 183
140 200
140 1126
140 237
140 1127
141 1128
141 173
141 178
141 1129
141 257
1130 154
1131 150
1133 231
142 145
142 171
142 1134
142 195
142 1135
142 1136
142 1137
142 221
142 1138
142 239
1139 1210
1140 1212
143 1141
143 169
143 176
143 190
143 238
144 1142
144 1143
144 169
144 170
144 179
144 1144
144 183
144 1145
144 200
144 1146
144 223
1147 157
1148 203
1149 243
1150 1110
1151 232
145 1152
145 1153
145 1154
145 1155
145 1156
145 1157
145 1158
146 161
146 163
146 199
146 204
146 211
146 217
146 222
146 225
146 229
146 246
1132 1159
1132 1160
1132 1161
147 158
147 171
147 194
147 202
147 246
147 250
148 172
148 1162
148 1163
148 209
148 1164
1165 226
149 151
149 167
149 1210
149 206
149 210
149 217
149 230
149 238
150 1166
150 154
150 177
150 1167
150 820
150 1168
150 1169
150 1170
150 1171
150 1172
151 153
151 163
151 184
151 204
151 206
152 186
152 1173
152 1174
152 255
1110 157
1110 1176
1110 232
1110 1177
1110 243
1178 183
1179 200
1180 223
1181 184
1182 214
1183 164
1184 240
1185 209
1186 189
1187 193
1188 257
1189 154
1190 196
1191 208
1192 213
1193 224
153 163
153 189
153 1212
153 252
153 1194
154 177
154 820
154 1195
154 216
154 1196
154 1197
155 160
155 187
155 195
155 216
155 219
156 159
156 751
156 174
156 205
156 1198
156 245
156 1199
157 203
157 243
1200 201
1201 188
1202 212
158 202
158 221
158 246
158 250
159 751
159 174
159 192
159 197
159 198
159 241
159 242
159 253
1203 184
160 161
160 162
160 187
160 199
160 1204
160 219
160 222
161 171
161 199
161 204
161 1205
161 214
161 222
161 1206
161 1207
161 246
1208 221
162 187
162 1209
162 218
162 219
1211 1275
1213 248
1214 253
163 184
163 199
163 204
163 211
163 214
163 252
164 1215
164 1216
164 1334
165 180
165 1217
165 1218
165 212
165 227
166 190
166 197
166 215
166 229
166 235
166 241
166 242
166 258
1219 176
1220 190
1221 230
1222 235
167 1210
167 210
167 230
167 238
751 174
751 1223
751 192
751 198
751 1224
751 1225
751 1226
1227 168
1228 173
1229 178
1230 201
1231 212
168 1232
168 1233
168 201
168 1234
168 1235
1236 243
169 170
169 179
169 190
169 1237
169 1238
170 179
170 183
170 220
170 223
170 237
170 242
171 194
171 239
171 246
171 250
1239 233
1240 179
172 1241
172 1242
172 254
1210 210
1210 1243
1244 180
1245 233
1246 234
173 178
173 211
173 230
173 235
173 257
174 192
174 1247
174 242
174 1248
1250 219
1251 1324
175 222
175 225
175 229
176 190
176 1252
176 230
176 235
176 238
177 185
177 820
177 194
177 1253
177 216
1254 243
178 230
178 235
178 1255
178 1256
179 1257
179 1258
179 223
179 1259
1260 221
1261 200
1262 223
1263 219
180 233
180 234
180 240
180 245
180 251
180 254
181 1264
181 248
181 1265
182 186
182 207
182 213
182 227
182 233
182 1266
182 1267
1249 183
1249 200
1249 1268
1249 1269
1249 1270
1249 1271
1272 1175
1273 231
183 200
183 1274
183 220
183 223
183 237
1276 1212
1277 232
1278 231
184 204
184 206
184 214
184 226
184 1279
1275 189
1275 193
1275 1280
1275 1281
1275 1282
1275 1283
1275 1212
1275 1284
185 194
185 207
185 228
185 249
185 258
820 1285
1286 192
186 1287
186 1288
186 1289
186 256
187 219
188 212
1290 189
1291 193
189 193
189 1292
189 1293
189 1212
189 1294
189 252
189 1295
189 257
1175 1296
1175 231
190 1297
190 235
190 238
1298 226
1299 223
1300 255
191 201
191 1301
191 222
192 220
192 1302
192 242
192 1303
193 1304
193 1305
193 1306
193 1307
193 1212
193 1308
193 1309
194 195
194 228
194 239
194 246
195 239
196 207
196 208
196 213
196 224
196 1310
196 247
196 1311
197 203
197 205
197 241
197 242
198 1312
198 240
198 241
198 245
198 253
198 254
198 255
1313 214
199 204
199 211
199 214
199 222
199 225
200 223
200 1314
1315 1212
201 1316
201 1317
1318 1334
203 205
203 224
203 1319
203 1320
203 247
203 1321
204 214
204 217
204 246
1322 248
205 207
205 224
205 247
1323 219
1325 216
206 210
206 226
206 236
1326 211
207 213
207 227
207 247
207 249
207 251
1327 255
208 224
208 244
1328 223
1329 1212
209 248
209 253
1330 234
1331 234
210 236
210 1332
1333 237
211 222
211 252
212 227
1335 218
1336 219
213 247
213 1337
214 1338
214 246
214 250
215 225
215 229
215 235
216 219
216 1339
217 225
217 229
1340 221
219 1324
1341 238
220 237
220 242
1342 221
221 1343
222 225
1344 223
1345 243
224 1346
224 247
225 229
226 236
1334 232
227 233
227 249
227 251
1347 256
1348 255
228 258
1349 256
229 241
229 258
1350 256
230 235
230 238
230 1351
232 1352
1353 257
1354 243
233 234
233 251
234 240
234 251
234 254
234 1355
235 238
235 1356
1357 256
239 246
1358 257
1212 1359
1212 1360
1212 1361
240 245
240 251
240 254
240 255
241 242
241 245
241 253
241 254
241 258
1362 256
245 251
245 254
245 255
245 258
246 250
1363 256
248 253
248 254
249 251
249 258
1364 256
