1282 2408 0
0.4543348669606446 0.4317215473778854 0.0399286753915244
-0.0769066208800222 0.1117269331224431 -0.3524543807974149
-0.1623707580705588 -0.3918757719387056 0.0193721060535983
0.0909302786460998 -0.0201880258881172 0.1779732903939822
0.0445401353845462 0.0343082663917600 0.4070993184132093
0.0051053948571579 0.2338938758090073 -0.0726645588012875
-0.1908807265408241 -0.4784681471187931 -0.2625746541975426
-0.0034911692908852 -0.3811618705330403 0.1989251384287105
-0.1246471792882127 0.2936262728272425 -0.0688175806190186
-0.1156764843111984 -0.4570518126179903 -0.2422986290318802
0.2591331271207239 -0.0578080855227994 -0.2582112184264596
0.3540690660300121 -0.4975407889358487 0.3474567095938972
-0.1721357303870651 0.2407061208615935 0.3886781232308488
-0.4927013806582317 -0.3181389252816861 0.3321376367253456
0.2355580178029327 0.4653349489961871 -0.1209480974321874
0.0574397052378449 0.1708423034643256 0.4510635644836085
-0.0419432120454916 0.1242023790398427 -0.4420742931896663
0.1035285076009530 0.1496759341616458 0.2208239616885795
0.3288450263824202 0.3723277375259366 0.4479669501451568
-0.0556382925239984 0.1884780623498308 -0.4423232306716017
-0.4003042228926291 -0.2311041421726691 0.3497533588161926
-0.2975520839627689 -0.2471024920821001 0.2863051195483846
0.0290352720905673 0.1387339773961019 -0.4779031794848705
-0.4428735362524564 -0.2875005829772604 -0.2754128157716551
-0.1394044155992384 -0.0781291997883249 -0.0214549896776943
0.3368392815933511 -0.1151352265754139 -0.0805257354613008
0.1397834056078483 -0.1559255436524776 -0.1827041059335746
0.3812116844437385 -0.2604458049487909 0.3942510909731362
0.3772371668437686 -0.2681594538495087 -0.0361168853374271
0.1398038405660416 0.1050636041363296 0.0881064683685629
-0.0049901295061820 -0.1364005625434244 0.4646061800581131
-0.1048100373425345 -0.3047129348729283 -0.0747733708208407
0.0333480907933786 0.3609939813137670 0.0318109524102911
0.2219908550304671 -0.4269639750964345 -0.3585714504229074
0.1946346341493360 -0.3345858932798393 -0.2333035658769897
0.0215145678464262 0.0326683797642225 0.3443597207501498
0.1573503602193617 0.1357046764276033 0.1143036148949519
-0.0460001056028422 0.1170951809408421 0.0381438124297137
-0.1718996432561390 0.2014930980842562 -0.2023499484159345
0.1855781641816891 -0.1839316029336036 0.3564516762572867
-0.1807763564852004 0.0950237652856638 -0.2145938363200827
-0.4376643947947595 -0.2572855775095086 0.4182166562656296
-0.3225109755988004 -0.4109512059004159 -0.3149670698999668
-0.2385245644674828 -0.0527654770083088 0.2540395012366344
0.0898721075579288 -0.0172908500977487 -0.0921584283338381
-0.0048661200989495 0.4405370052225231 -0.1039601190393794
-0.4631395738040561 -0.1588830902169580 0.3191718604565554
-0.2001001603129984 0.1827319366583477 -0.4773192493785011
-0.2444050302666703 -0.4335613660091300 -0.0251547098428168
-0.3440900477045575 -0.3962182454403559 -0.3239967106701631
0.2769958353223809 0.1711843609004275 0.4460548959605454
-0.2350187455529062 -0.0563739262483429 0.3021265544403681
-0.1072655006643008 -0.4304581277199472 -0.2790453985357049
-0.0929779102949377 0.0515208723215603 0.3485215180925919
0.1147243354072725 -0.4400781254528507 -0.1768313230805852
0.4136154038653589 -0.0830811248800989 -0.1359412534947669
-0.1961610765144108 -0.3673937729928827 -0.4583542997537347
0.0827094992597358 0.1242251774613147 0.4402694063104639
0.2493475646840452 0.1133807093219235 0.0280933402524373
-0.1803681504797260 0.2049167699293317 -0.3663331120121870
0.2041444781521520 -0.2100249382003234 0.2326230845788541
0.0255591050371734 -0.2847745063446437 -0.3630600668351452
-0.1940189358975651 0.2791401324211130 -0.2409657968398494
-0.0018405961808842 0.0641733713478653 0.3397911778775222
0.4076156531451178 0.2392066291510833 -0.0229071270319163
-0.2385085588113679 0.0044193383722413 0.1103104761709126
0.4945650743506566 -0.4214313070001409 -0.4114660923361994
-0.0643190041085659 0.2142677839672419 -0.2933863860517357
-0.3639902780924019 0.0366614940259321 -0.0984831028778296
0.2474312610434692 0.2111296721635838 -0.1687819975696415
0.3012420822556351 -0.3439400811621482 0.0146052455110126
-0.4911660338017397 -0.1974929790415137 0.3982671695010150
-0.2949360703490426 0.1197559545892779 0.0544059056950339
-0.0281239310360477 0.2996285015618774 0.4194781116037127
0.2081405780131272 0.4299729474974154 -0.2686225799375040
-0.4419766168042901 -0.1660505105202372 0.0224852799020509
-0.1609483443539046 0.3656759956962377 -0.1651223920144072
-0.0527675522906217 0.0222072110429664 0.3534804394872114
-0.2196908682102196 0.2728238424719020 -0.0935407697981073
-0.2686275996688053 -0.0413971305573845 -0.3435199024099334
0.0214558483324425 0.0779364471212497 -0.3284335918750828
0.2751664314701382 0.3014315583227323 0.1876703430437532
-0.1988959444607733 -0.3517058067000543 -0.4679613398074197
0.1817696656737784 -0.4131505733282445 0.4079146979838920
0.2830115072136786 0.1959376627124930 -0.1913406009627108
0.0666758366120493 0.2978706339024250 -0.4981805538581692
-0.3304658104566680 0.1371686798575128 0.2361297774622085
0.1639151043299360 -0.1480443879858141 -0.3081679206918445
0.0623104733692863 0.2027265677279003 0.2567214561116092
-0.4572879945219807 -0.3819996108237776 -0.3925269019255698
0.4014880744687576 0.1362852575024022 -0.2047372551570918
-0.0881508687874023 -0.4533826289288215 0.3435384519654889
0.0392248693979454 -0.1167328615836801 -0.3790407558046394
-0.0777166476416277 -0.0078984380134566 -0.3435482166764866
-0.1901636063196190 0.1237739455659432 -0.1595778067466941
0.3733553547961631 0.3101971809799652 0.1899461496852307
0.4564319223781005 -0.1941665847147207 -0.1932296112655921
0.2772385170865790 -0.3674717673274903 0.2844648665041255
0.1645138692361271 -0.1034575637801114 -0.2082491116559275
0.3388130132574828 0.2825998350976934 0.0234228833701201
-0.4549579418227930 -0.3639374189126876 0.0570736499554537
0.0823073278959487 -0.4173629623418316 0.4802409032516664
0.3558053719943333 0.3163569873918204 0.4893132721971144
-0.4203992473828991 0.2077184867570019 -0.0384397029569719
-0.1143227329242046 0.1306353565082634 -0.2591657635375471
-0.4722185670945582 -0.4039081342256972 -0.4827472175545480
0.4317742474603308 -0.4265321088964063 -0.3315098556432576
-0.0330459623216631 -0.2483835683381531 -0.4737454612362390
-0.0952831020300466 0.0762052315510172 -0.2921579243284879
0.3026891387001388 0.3880895096951480 -0.2636294009491799
-0.1852388379091897 0.1976448097303182 0.1585010198016319
-0.3147354848798528 0.2363699144601016 0.1001653629398376
0.1227114506311210 0.3826011459329851 -0.0169448405467583
0.1927305295707401 -0.0238170973885668 0.1348864307477638
0.2798652195550935 0.1353568597893549 -0.3806984810055277
-0.0600799346400035 -0.2357428714224455 0.2780759079873746
-0.3600108556480195 -0.4816638699536032 -0.3110876927810189
-0.4678005671612633 -0.2183649450347425 -0.1355859722241848
-0.0518247470873077 -0.1906481445171833 0.4648555485485331
-0.3513013343812585 -0.1956418647932338 0.2076481830911250
-0.4090488709112835 -0.4315527319975757 -0.0128955711266597
0.0050424860269935 0.2186272121215221 -0.1323477911948699
-0.0667248022215619 0.3473367160274619 -0.4183989108891128
0.1988707345620351 -0.3175971340657600 0.2779091652252593
-0.4641032991313753 0.4730485938316573 -0.3550989327234987
-0.2629680640073533 0.2778495385886567 0.4385442967269106
-0.4809847051083647 -0.3820462675827811 0.1010658335002245
0.0375685413615924 0.1069769840072362 0.0405449473681777
-0.2787845903344437 -0.3291267553129708 -0.4558571069158982
-0.0678907497729715 0.2030969299828795 -0.0969557016380631
-0.1297091410778207 0.3474448489786210 -0.3370514274801622
0.2802581941768868 -0.0627298459127437 0.1464246943479670
0.4482390502004961 -0.3033834486043196 -0.4455308349233633
0.2568466245365299 0.4702786711444111 0.1951669991458973
-0.3329968031644599 0.4572861372117469 0.3988997516435560
-0.2468610413332790 0.3781892230099920 0.2451110762933992
0.1748557584553447 -0.0144188330928458 0.1135494636674973
0.1088391486777997 0.4352702142955173 0.1425832687413132
-0.1190505882454552 -0.1848014494948500 0.0018955840642226
0.1732707961455983 -0.1415071013317850 0.3809448126709852
0.0050203579851361 0.4107664273964283 -0.0093501122590570
0.4237537782674906 -0.3648223576447811 0.1636878672862543
-0.2206951045253935 0.2063369652913551 -0.0703051086085997
0.0608096508555262 0.1451584668697928 -0.2493280491521811
-0.0114615242006571 -0.0257004831252642 0.1337931847707905
-0.3225550311893513 -0.2198971041912322 -0.1218766432111464
0.0620426823923435 -0.0939364281184228 -0.3713486900413454
0.4196308525264483 0.2299739137920248 0.2074245228659670
-0.0417090347612559 0.4480053413605726 0.0996476322509973
0.1224910583435294 -0.4713244579415581 0.0611566719412948
-0.0066603564061277 0.0295863059360697 0.3788575679952544
0.3983610774123997 -0.0387938022509079 -0.1296105993666880
-0.4194633986999686 0.1690451113031802 0.3566641734634216
-0.0434249012716300 -0.0292090893037753 0.3695770589607652
-0.1146081289888520 -0.3352189588630440 0.1267645600603575
-0.1975174963500582 -0.3806612998433360 0.3530586077383257
0.1068447913925621 0.3031014865401334 -0.0503063075817892
0.0451069789207732 -0.1247816773273254 -0.0389580026377629
-0.2713888800941832 0.1552543238176443 0.3629261042249501
-0.1159536557839478 0.0303589066706948 -0.3094611319933532
-0.0710161369609613 0.2737793188929135 0.2120777372839855
0.4821830085801915 0.3730212538474865 -0.1388602122371394
0.4076749433109538 0.4723265705235169 0.4749313319049305
-0.1874796395316118 -0.1924399879007878 0.2007366627269203
0.3845768148768195 0.3554359673632088 0.0690118097470191
0.0355597694589899 -0.1079676837727993 -0.3114656476594691
0.0775558833356650 -0.3262981210094799 -0.1397930775022100
0.0372017679488942 -0.2258945928091556 -0.1451823236965781
0.0902832866329480 -0.1735598088106021 -0.4020483895688641
0.0991294408326210 -0.1063997799723450 0.0519313204947932
-0.4316247886485013 -0.1160546488790214 0.1407526327130365
0.2622380687983906 -0.4415385150084307 -0.4633313428977406
-0.3836296119338647 0.1876433727730421 -0.2595334700260336
-0.1964821561997201 -0.0979509700057491 0.0867027001502422
0.4354249114514827 0.1166800670281499 0.0431593545456930
-0.4674882660684981 -0.3907378525948455 -0.3225356725559619
0.2399917067249613 0.2425859305116652 0.4257770761434189
0.4651992877127529 0.4098213663280203 0.2640728222503361
0.0338885984316330 0.2673952564549663 0.1422337948562888
0.2999841319845948 0.0081168300246607 -0.3693565210212222
0.1243275649773413 0.1844226027374692 -0.3352990612027201
0.2320532856680868 0.0632326114124149 -0.4249568684660700
0.2906353042708903 0.1225857344993657 0.0690472620685390
0.0483695417311977 0.0934765894345058 0.3395420577107196
0.0046278556892705 0.3752629579807873 -0.2329684878937575
-0.0987455692003457 0.0275649506696916 0.0958929701002878
-0.2017325299229220 -0.0590039361434860 0.3816110108494348
-0.3419790336409733 -0.3001641342555089 0.1335724578063877
-0.0220024441053308 0.1669670051460735 0.4081153856511772
0.0271546063776926 0.2940779643049200 -0.2051254571247769
0.3716615367056769 0.1189243439152421 -0.3914211749136576
0.3866289126973073 0.3500213288057797 0.1918508149649877
0.4234484918082076 0.2058737129206289 -0.1682192724651779
0.4271516408280736 -0.0893633669791647 0.3658094404990169
-0.0410533963952775 -0.3362708119140693 0.3363645990225748
0.4632593127155748 0.4318723641206775 -0.2081710176738283
-0.0842744500622336 -0.1805107630336036 -0.4270366110988099
0.4223320207245749 0.1768018167045419 -0.4274729236571527
0.1727082166485269 0.1637689528469735 -0.4571515354593752
-0.2114065194688590 0.2621298561954833 0.1150058816458707
-0.4111255302650846 0.2209024277684606 -0.4828337157380100
-0.4399772421098591 0.4304997726762058 -0.2303980167240948
0.0467738791281132 0.0682593205107672 0.0300413068890453
-0.3298778425921866 -0.1667447711928040 -0.2753297324636528
0.4835833904556793 -0.4583875971461844 0.2992144213791689
0.2584068298246148 -0.0474215469372768 0.0889515463258874
0.1705435821251760 -0.0548013623645905 0.1587320867948477
-0.4755221108074402 0.0267450436941384 -0.0576793234581708
0.3567832702166036 -0.1436735948518388 -0.4494539962160065
0.3085749895120445 0.4440730077832678 0.4273403609182256
-0.3094736139176367 0.0203145959251670 0.3939448605963206
-0.1929343179699871 -0.2904646905273099 -0.2511151074416516
-0.2114273751440613 0.0078842049275594 -0.2049844577034195
-0.4068332274087597 -0.2639845451079614 -0.4165119167753706
-0.0443057125536549 -0.3344105124681822 0.3728468962280816
-0.4568167817786554 0.0084760059163959 -0.3195309141337750
-0.3323561724078507 -0.0592525197053776 -0.1342479654004482
0.0564855035994216 0.1221236012976110 0.3373079356298458
0.2747082689994284 0.0396914681050993 0.1435122167656401
-0.2294626764622791 -0.0564472302122636 0.1349107619148396
0.3700042729816381 -0.3907197579973036 -0.3797560890857516
0.0150333894425045 0.2490237825608959 0.2833026894443679
0.0317182838990277 0.3035683182307350 -0.3642014475381477
0.1089954203318148 0.1214668466507978 -0.1952102262182125
-0.1320799754037099 -0.3218928057732925 -0.0018415023037372
-0.2262618633230545 -0.1833055213329666 0.2173072310660211
0.1108067287831105 0.3752768837787840 -0.4065476421797437
-0.4232274544544051 0.0987343529929885 0.2476374245723041
0.0891146459319589 0.5000000000000000 0.0741155270989523
0.2276398337672575 0.5000000000000000 0.2096422536375455
0.1446401532312079 0.5000000000000000 0.1934739017159783
0.3287215824080658 0.5000000000000000 0.3940056969518297
0.2404056633444739 0.5000000000000000 0.3300137776070892
-0.0052074658140809 -0.4607484720971508 0.5000000000000000
0.0742520569033838 -0.4263215371130112 0.5000000000000000
-0.0069269162864401 -0.4127741342581314 0.4880727097165621
0.5000000000000000 0.4100394246391755 0.0273501927745492
0.4462933892893756 0.5000000000000000 0.1760432768227639
0.5000000000000000 0.4891593665806491 0.1130757333842178
0.5000000000000000 0.3711646211517715 0.0642580569026576
0.5000000000000000 0.4214867697605610 0.0835005132253618
0.4187464139296911 0.5000000000000000 -0.0215551911710248
0.3778811003050321 0.5000000000000000 -0.0657050687772535
0.5000000000000000 0.4388814483384653 0.0264655154541240
-0.1582970579113461 -0.1356101949681009 0.5000000000000000
-0.1402414393098349 -0.1334669435392576 0.5000000000000000
-0.0808157859771661 -0.1276139156523682 0.5000000000000000
-0.1596882537861717 -0.1262180731435666 0.5000000000000000
-0.0979492056965595 -0.1477110976100762 0.5000000000000000
-0.1364311806895047 -0.1130620858973088 0.5000000000000000
-0.1550952590611988 -0.0992200963623739 0.5000000000000000
-0.5000000000000000 -0.3528391691542562 0.0239046438541153
-0.2560050079407721 0.1331218384375617 -0.5000000000000000
-0.1721848115559682 0.0398121413865555 -0.5000000000000000
0.2118111910912334 0.5000000000000000 -0.1660065111199266
0.1775334612788983 0.5000000000000000 -0.2945363301084398
-0.5000000000000000 0.4763531200284297 -0.3758265579684004
-0.5000000000000000 0.4439555953851309 -0.2868391415032299
0.5000000000000000 0.4976020835410899 0.4404799455064615
0.4919448501581050 0.4893041601198096 0.5000000000000000
-0.5000000000000000 0.2643683038481076 0.4814769311510914
0.1310666237411816 -0.1543591720933506 0.5000000000000000
0.2307217326916682 -0.1711909214019891 0.5000000000000000
0.2260302364009268 -0.2260512105145049 0.5000000000000000
0.2057774039373065 -0.1762534830727097 0.5000000000000000
0.2268859741322732 -0.1634752197967277 0.5000000000000000
0.1983018575855820 -0.1933456985590877 0.5000000000000000
-0.1840279967937060 0.4167573042474381 -0.5000000000000000
-0.1926577830447067 0.4200818165247555 -0.5000000000000000
-0.1898502831142329 0.4222953591069926 -0.5000000000000000
-0.2203963782383431 -0.2078921954510999 0.5000000000000000
-0.1558202475746497 -0.2101309241025305 0.5000000000000000
-0.0571889416565524 -0.1903254914752328 0.5000000000000000
0.5000000000000000 0.3693272933982739 -0.1441290177530672
0.5000000000000000 0.4151443823971911 -0.2066114337816677
-0.2139768500822080 -0.5000000000000000 -0.1147424002630378
-0.0114765991385488 -0.5000000000000000 0.1276446107657778
0.1009855677994278 0.5000000000000000 -0.3518671498508000
0.0653637097720460 0.5000000000000000 -0.4347570037539131
0.0155452052200445 0.5000000000000000 -0.4736167290249101
0.0230983067919985 0.5000000000000000 -0.4473861394069150
0.0373433419648273 0.5000000000000000 -0.4706708862225896
0.2594317604825231 0.0309392471275578 0.5000000000000000
0.3238018560899592 -0.0692613715812014 0.5000000000000000
0.1233822918195339 0.0028422125603153 0.5000000000000000
0.1301049323913792 0.0518988191198494 0.5000000000000000
0.2237876299192073 0.0348231634403600 0.5000000000000000
0.0223584140985717 0.0217757949402473 0.5000000000000000
-0.5000000000000000 0.1784444925589779 0.3120203774433956
-0.2664697982790544 -0.4966594623877870 -0.5000000000000000
-0.1822723311571975 -0.5000000000000000 -0.2438402807564100
-0.1789881808639392 -0.5000000000000000 -0.3303678085072813
-0.2764065762948351 -0.4374667397569102 -0.5000000000000000
-0.2489940566201417 -0.5000000000000000 -0.2892804184303960
-0.2034674985604869 -0.5000000000000000 -0.2640139429399254
-0.2594876585886750 -0.5000000000000000 -0.3166021752113911
-0.2067142572487280 -0.5000000000000000 -0.2136255403515080
-0.1738478332239192 -0.5000000000000000 -0.2786486102872630
-0.3947615377271797 -0.4745228596039133 -0.5000000000000000
0.0027881094450661 -0.5000000000000000 0.2781063240348901
0.1594661383399106 -0.5000000000000000 0.2623794472364777
-0.0514189518287105 -0.5000000000000000 0.2935319796782618
0.2384923600546052 -0.5000000000000000 0.3183763005846701
0.0439927457121754 -0.5000000000000000 0.1883631596465043
-0.3658372901876172 0.0904243053731641 -0.5000000000000000
-0.3675692394533893 0.0357281496386285 -0.5000000000000000
-0.3202799384679297 0.0676571315093742 -0.5000000000000000
-0.4144850750789782 0.2026915425967625 -0.5000000000000000
-0.4434655649953429 0.0587543950667132 -0.5000000000000000
0.5000000000000000 0.3694116183837239 -0.1255189615598395
0.5000000000000000 0.4135607853405679 -0.1697673122581774
-0.1164397698839332 -0.5000000000000000 -0.2132607644611620
-0.1474219967729640 -0.5000000000000000 -0.3474699854786123
-0.0022827419338369 -0.5000000000000000 -0.1349277114449794
-0.0897019303169281 -0.5000000000000000 -0.2332687628932316
-0.1831778925792267 -0.5000000000000000 -0.1863257470528832
-0.1075216156888453 -0.5000000000000000 -0.2755619015288242
0.5000000000000000 0.1615350868416191 -0.1395542427041339
0.5000000000000000 0.0630657260028003 -0.1687239590639233
0.2337308220106951 -0.0752870734931016 -0.5000000000000000
0.0709722316770174 -0.0734169597077327 -0.5000000000000000
0.4589731033278256 -0.3630425103063474 0.5000000000000000
0.5000000000000000 -0.4153965170269859 0.4527041762875985
0.5000000000000000 -0.4854276974927481 0.4724652716249347
0.3509645856146154 -0.4666345043944589 0.5000000000000000
0.3338755763149153 -0.5000000000000000 0.3436431589069925
0.3927333884068213 -0.5000000000000000 0.3909088581937459
-0.1348559477584688 0.1826592046307488 0.5000000000000000
-0.1148289912736503 0.2684532853143147 0.5000000000000000
-0.5000000000000000 0.2178179672587907 0.2019652258618088
-0.3221412159347834 0.3103577395010358 -0.4995214943462902
0.5000000000000000 0.1404863132251205 -0.1710878840121418
-0.5000000000000000 0.2142975301952391 0.0605571465245309
-0.5000000000000000 0.2285569603536707 -0.0267426850974261
-0.5000000000000000 0.2446023688913363 0.0171746292206539
-0.5000000000000000 0.2773038116881795 0.0430360547786173
-0.5000000000000000 0.4001271637606407 0.0812954795086012
-0.5000000000000000 -0.3234204349806963 0.3156510197563630
-0.5000000000000000 -0.3318759359828249 0.2794508007391245
-0.5000000000000000 -0.3052930051441217 0.3225195623498514
-0.3482916961706586 -0.4163314204666478 0.5000000000000000
-0.5000000000000000 -0.3481233404693451 0.3443058405800814
0.2298246282527234 0.5000000000000000 -0.1345746696641037
0.3016427126446891 0.5000000000000000 -0.1552234239495840
0.2183378920409424 0.5000000000000000 -0.1195585860594023
0.2252027777475694 0.5000000000000000 -0.0977429556272420
0.3766866316629558 0.5000000000000000 -0.0664230038877359
-0.0192658715958670 0.2271164910054667 0.5000000000000000
0.1160100884048732 0.2542086148448107 0.5000000000000000
0.0668822805035285 0.1771039658133938 0.5000000000000000
0.1130467552167219 0.1311586505135261 0.5000000000000000
-0.0643380618526111 0.1280007920303063 -0.5000000000000000
-0.0742915333270346 0.1001161179174992 -0.5000000000000000
-0.1784262010625435 0.1328412451848903 -0.5000000000000000
-0.0442017113937941 0.1128480792435450 -0.5000000000000000
-0.1075492874553656 0.0789104734786721 -0.5000000000000000
0.0165304942472390 -0.0066093840140790 -0.5000000000000000
-0.1406981106812053 0.5000000000000000 -0.4328541366383954
-0.0743182400289200 0.1751606935345057 -0.5000000000000000
0.0101456939328764 0.1386971095994146 -0.5000000000000000
-0.1908329014405943 0.1772037281017909 -0.5000000000000000
0.2586140742133421 0.0445120292812752 0.5000000000000000
0.0264360000605071 -0.2349893805251057 0.5000000000000000
0.0412369681076826 -0.2530023105206378 0.5000000000000000
0.0449880270192064 -0.2690004044873571 0.5000000000000000
0.0472471630372799 -0.3022889258835038 0.5000000000000000
0.0301968398829025 -0.2560483743165229 0.5000000000000000
0.0178739344191712 -0.2447335947229654 0.5000000000000000
0.0299832458498153 -0.2603885929810517 0.5000000000000000
0.0288776223286296 -0.2612606783487510 0.5000000000000000
0.5000000000000000 0.3866698038067605 0.3608619686929679
0.3858438011208548 0.3134161200640220 0.5000000000000000
0.3774292542515519 0.3894464881589239 0.5000000000000000
0.3477586083708851 0.3808905988899282 0.5000000000000000
0.1652703058798129 0.3557816137143161 0.5000000000000000
0.4040783427723827 0.3466271988562518 0.5000000000000000
0.2912994454144050 0.1488438409765767 0.5000000000000000
-0.2225767560727975 -0.3650030874450466 -0.5000000000000000
-0.2197666384321521 -0.3523393887356542 -0.5000000000000000
-0.0735458824735092 -0.2631708382123822 -0.5000000000000000
-0.2889322329027156 -0.3347357210289090 -0.5000000000000000
-0.4956666988829926 0.3211926022719261 -0.5000000000000000
-0.4351533431785656 0.2456503380956189 -0.5000000000000000
-0.2281586007078401 0.5000000000000000 0.4943908697510260
0.5000000000000000 0.4515298006432035 0.3519045270467724
0.5000000000000000 0.3762679233293676 0.3158044332017618
0.5000000000000000 0.3703366293963123 0.3024912799534380
0.5000000000000000 0.2255495880023679 0.3416331001440057
0.5000000000000000 0.4157590384897444 0.3817563048761040
0.5000000000000000 0.4008892219189131 0.2984044593648536
0.5000000000000000 0.3793610070945904 0.2998284301611123
0.4721944954139690 0.4870059223093216 -0.5000000000000000
-0.0660738548207926 0.1812539554474402 -0.5000000000000000
-0.0752899114422926 0.2327336605625711 -0.5000000000000000
-0.0512112577448960 0.1942629015480214 -0.5000000000000000
-0.5000000000000000 -0.3433174818074032 0.1712680701206564
-0.1357804961805515 -0.2883226465924473 0.5000000000000000
-0.5000000000000000 -0.2402766914613444 0.3004831593647620
-0.3715018840852353 -0.2378250265997907 0.5000000000000000
0.2958129879962917 0.5000000000000000 0.2392063965350788
0.4119559697982898 0.5000000000000000 0.4561599099122265
-0.5000000000000000 -0.3580548278603545 0.1435730598698734
-0.0836644491674148 -0.2980823355973116 0.5000000000000000
0.0146728506203469 0.1411180406082988 -0.5000000000000000
0.0187747035871853 0.1316034888865637 -0.5000000000000000
0.0205811508204265 0.1475540451285469 -0.5000000000000000
0.0367038254815613 0.0487012766417142 -0.5000000000000000
-0.5000000000000000 -0.3455971661124292 -0.2682786464355715
-0.5000000000000000 -0.3372009008288355 -0.3285022389356628
-0.5000000000000000 -0.2527436273405252 -0.3269926182206953
-0.5000000000000000 -0.2714770678817623 -0.2985657634388997
-0.5000000000000000 -0.3142735619004932 -0.3891769953058004
-0.5000000000000000 -0.2717228764617350 -0.1387164871226835
-0.2468231270106217 -0.3594529394632985 -0.5000000000000000
-0.4595651537494638 -0.4006346204685627 -0.5000000000000000
-0.3138252265415398 -0.3460162390883178 -0.5000000000000000
-0.3987807191782629 -0.3193006470973162 -0.5000000000000000
0.5000000000000000 -0.0817751130277083 0.0191279392115467
0.5000000000000000 -0.1303920156281433 -0.0339170645508107
0.5000000000000000 -0.1768508247445187 0.0788502155028729
0.5000000000000000 -0.0431038229379883 0.0143980789377540
0.5000000000000000 -0.2904670754428815 0.1788211221415951
0.4574888056492107 -0.3004964273896359 0.5000000000000000
0.5000000000000000 -0.2434732544587042 0.4169380589269858
0.5000000000000000 -0.3284496147273370 0.4632930098003485
0.5000000000000000 -0.1669975436239690 0.4816154811225508
0.5000000000000000 -0.2332555999171910 0.4156828179408570
0.3829760299389618 -0.2453185145646160 0.5000000000000000
0.5000000000000000 -0.2808288492120335 0.3995972386335842
0.5000000000000000 -0.1667513132102904 0.4476793495668909
0.5000000000000000 -0.2916644353204798 0.1837789949446302
0.4875998016124665 -0.2996503994011017 0.5000000000000000
0.4239187456022936 -0.2483792401788578 0.5000000000000000
0.3606826448504865 -0.1263668470789603 0.5000000000000000
0.4555362660636521 -0.1876456211185890 0.5000000000000000
0.5000000000000000 -0.1522475317701564 0.0277510829476629
0.5000000000000000 -0.1990096029018394 -0.0188053479621883
0.5000000000000000 -0.2556917957144310 0.0816823564241816
0.5000000000000000 -0.3788080874834694 0.0341312475781977
0.5000000000000000 -0.2900354628438617 0.0192433771731380
0.5000000000000000 -0.3855592582486591 -0.0341117531638729
0.5000000000000000 -0.3559646174451725 0.0556779221105375
0.5000000000000000 -0.2917684137090629 0.1785860027476472
0.3891889082411471 0.0565208940339862 -0.5000000000000000
0.0887798976403933 -0.0503734983449947 0.5000000000000000
-0.0064969801208319 -0.1183530761023854 0.5000000000000000
0.0091688814393166 -0.1371348778954461 0.5000000000000000
-0.2873898344134181 0.2830548490935584 0.5000000000000000
-0.3340425674113742 0.3824668735366610 0.5000000000000000
-0.3737398391173229 0.2365212902402852 0.5000000000000000
0.2078495916813843 -0.3762819275576632 0.5000000000000000
0.0993515633775014 -0.4062860333231130 0.5000000000000000
-0.5000000000000000 0.4676012812397596 -0.2591786953441085
-0.5000000000000000 0.4477223217901287 -0.1778006475802964
-0.2580374336577084 -0.4919837475669637 -0.5000000000000000
-0.2460780678593145 -0.4515957528448712 -0.5000000000000000
0.5000000000000000 0.1762802328377646 -0.4158483425684222
0.1854882877074604 -0.3388618468193221 -0.5000000000000000
0.0743561378175774 -0.4819929187731553 -0.5000000000000000
0.1316710392403326 -0.5000000000000000 -0.3799678424213565
0.2385134138616361 -0.5000000000000000 -0.3339059192988508
0.5000000000000000 -0.4680678952091016 -0.1200172401924550
0.1385843499897556 -0.3876030895607575 -0.5000000000000000
-0.5000000000000000 0.0727426133568189 -0.2151210967686566
-0.5000000000000000 0.1143859707934173 -0.1861966464089571
-0.5000000000000000 0.1017933398166120 -0.2438602058813413
-0.5000000000000000 0.0513327568882971 -0.1411695796996794
-0.5000000000000000 0.0515415985982322 -0.2719034861930952
-0.5000000000000000 0.0598492081111796 -0.2243863032489367
0.1074538932462691 -0.5000000000000000 -0.3631717572820627
0.2370850968212519 -0.5000000000000000 -0.2993004526002939
0.5000000000000000 -0.4459410019323410 -0.0827585045309482
0.1267033939509554 0.0003266164644396 0.5000000000000000
0.2375166327201451 0.0346421937742981 0.5000000000000000
0.1008128278894848 0.5000000000000000 0.2904747502968305
0.1569098935257070 0.5000000000000000 0.2207125288063926
0.1148937941282342 0.5000000000000000 0.2171557802402517
0.0861376969520398 0.5000000000000000 0.2062386435533232
0.1504124584794656 0.5000000000000000 0.2661923530000911
0.4812217975438814 0.1420837216975923 0.5000000000000000
-0.2297501342494273 -0.3842792243451165 -0.5000000000000000
-0.2258052256213125 -0.3688704369855993 -0.5000000000000000
0.1019975180568769 -0.5000000000000000 0.3795342927502325
-0.0579604301340599 -0.5000000000000000 0.3443596098283714
0.0491570617430696 -0.5000000000000000 0.4202744784891457
-0.0531266495316020 0.1171122998279042 0.4941985878392857
-0.2076174529348153 0.2253865900736791 0.5000000000000000
-0.2467508387683131 0.1408752003857834 0.5000000000000000
-0.1787260694853943 0.1347953281209804 0.5000000000000000
-0.2110902560365460 0.0633792388082251 0.5000000000000000
0.5000000000000000 0.1530086756238861 0.0871075168223585
0.3107188575840204 -0.2149630272158814 0.5000000000000000
0.3162710342178867 -0.0991384803101245 0.5000000000000000
-0.3081359687140739 0.1337537159841972 -0.5000000000000000
-0.3883622863245681 -0.2943259692509010 0.5000000000000000
-0.2078084679112666 -0.2883721518286569 0.5000000000000000
-0.5000000000000000 -0.2492523457432917 0.3347876982883475
-0.3575197862725964 -0.3647472553011638 0.5000000000000000
-0.5000000000000000 -0.3717410804556409 0.3758895556814968
-0.3902799552756637 -0.2464242521341997 0.5000000000000000
-0.5000000000000000 -0.2845733453116290 0.3919451115997575
-0.5000000000000000 -0.3129527065922771 0.4262884227233570
0.0634009126144077 -0.3832268644044649 0.5000000000000000
0.0011207690983037 -0.3865547873880275 0.5000000000000000
-0.0225637529709643 -0.3283268819719689 0.5000000000000000
0.0084799239536465 -0.3189401074806922 0.5000000000000000
-0.5000000000000000 0.4508464814557325 -0.4075137624103704
0.4333037268586308 -0.4522205224068540 -0.5000000000000000
0.2752203822522325 -0.4538690464874409 -0.5000000000000000
-0.4473429042748177 0.5000000000000000 -0.3773541689755244
0.4954355973611960 0.2014876189780910 0.3425602940672470
-0.3186318665597821 -0.5000000000000000 -0.1808695400990756
-0.2973905379741710 -0.4265857148077836 -0.5000000000000000
-0.2502464254207046 -0.5000000000000000 -0.1893484047092574
-0.4116956361721257 -0.4614966048420094 -0.5000000000000000
-0.5000000000000000 -0.0009736429620326 0.0935923776459494
0.2384354119921218 -0.2461478370459572 -0.5000000000000000
0.1199052448728312 -0.2156711246676040 -0.5000000000000000
0.2367186790527881 -0.3996464956393366 -0.5000000000000000
0.2959976446977456 -0.1805685375088560 -0.5000000000000000
0.2611813192937635 -0.3274954682798905 -0.5000000000000000
-0.5000000000000000 0.2452105442398194 -0.0677995056698139
0.2748952970185503 -0.0001659490996142 -0.5000000000000000
0.2398046532366577 0.0357750992920366 -0.5000000000000000
0.1937445385037313 0.1183225106792555 -0.5000000000000000
0.3255341538354159 -0.1030923582119210 -0.5000000000000000
-0.0584173657894086 0.1392219295042263 0.5000000000000000
-0.0683028135292001 0.2870575304958529 0.5000000000000000
-0.1646363194060868 0.2790191204196272 0.5000000000000000
-0.1363997038827348 0.2486292097584811 0.5000000000000000
-0.0681523501622830 0.2422768581161865 0.5000000000000000
-0.0994938402889050 0.5000000000000000 -0.0438034188205369
0.0492048288017156 0.5000000000000000 -0.1075252142947207
0.1013800058068079 0.5000000000000000 -0.0809615917483392
-0.1050693345125384 0.5000000000000000 -0.1902004398697997
0.0376806818383474 0.5000000000000000 -0.0848470994083543
-0.1814269731752743 0.5000000000000000 -0.2650633949259719
0.5000000000000000 -0.4361552929028811 -0.2823710976589962
-0.5000000000000000 -0.1539684158522844 0.2397885343368485
-0.5000000000000000 -0.1993751706279331 0.3007306989702466
-0.4032683670619654 -0.0888382695760290 0.5000000000000000
-0.5000000000000000 -0.1335291737554139 0.3090757892660203
-0.3835383554494978 -0.2228561298733767 0.5000000000000000
-0.5000000000000000 -0.0889829866461462 0.3144090283964288
-0.4997583516874370 0.0827236874011950 0.1988975181425013
-0.5000000000000000 0.0999761896584710 -0.0560817717559511
-0.5000000000000000 0.1061887908571501 0.0037991978798120
-0.5000000000000000 0.1475020147184695 -0.0680726801815743
-0.5000000000000000 0.0435616457009643 -0.0671166898048117
0.2067699964970345 0.5000000000000000 -0.2465521038279238
0.1443576022692299 -0.0228231065721842 0.5000000000000000
0.1161753157571899 -0.0069466732231003 0.5000000000000000
0.5000000000000000 0.0675223185050908 -0.1105917248101244
0.5000000000000000 0.0265764391279081 -0.0925478464109575
0.5000000000000000 0.0688330990318355 -0.0414252430187787
0.5000000000000000 0.0507849964012089 -0.1494656264782412
0.5000000000000000 0.0917329316203747 -0.1061637248795705
-0.1972772354395082 0.1651149969073780 -0.5000000000000000
-0.2347347606889634 0.1727772033699272 -0.5000000000000000
-0.1898643557013874 0.2045532360888130 -0.5000000000000000
-0.2342415591741132 0.1909603150782340 -0.5000000000000000
-0.0320332323297395 0.1130797578695254 0.5000000000000000
-0.0437848171031556 0.1025777184911655 0.5000000000000000
-0.2736981831905934 -0.5000000000000000 -0.0206368583984331
-0.3053222990616701 -0.5000000000000000 -0.1367297132663904
-0.2558239497483008 -0.5000000000000000 0.0654664002094226
-0.5000000000000000 -0.4261418693617277 -0.2046013645748322
-0.2086103458617047 -0.5000000000000000 -0.0217176424231389
-0.1577724764295713 -0.5000000000000000 0.1649119564709324
-0.2324658547545461 -0.5000000000000000 -0.1126063427671595
-0.0754127115822494 -0.5000000000000000 0.0883052260556948
-0.5000000000000000 -0.2747979400424413 -0.1142777316571322
0.4883709068694514 0.0530114140415238 -0.1791882440167521
0.5000000000000000 0.0694561045797774 -0.2647369214440450
0.3840168576769604 -0.3522854008521566 0.5000000000000000
0.4528363074955555 -0.3283930507220217 0.5000000000000000
0.4394580574574543 -0.3190384467815299 0.5000000000000000
0.5000000000000000 -0.4644261787608099 0.3077720670960493
-0.5000000000000000 -0.0008791487306104 -0.3288627290411708
-0.3210982122192213 -0.5000000000000000 -0.1793197398853496
0.1972346193745242 0.2574045175952333 0.5000000000000000
0.3809742943766220 0.2935182732975318 0.5000000000000000
0.2927174071635091 0.1644671349814281 0.5000000000000000
0.2470592628848919 0.1289456593927742 0.5000000000000000
0.2740699289683814 0.0785097827610179 0.5000000000000000
0.3247025915450819 0.1318275286950483 0.5000000000000000
0.3344128235443301 0.1783813303198749 0.5000000000000000
0.4321476047577354 0.1513449896994127 0.5000000000000000
0.5000000000000000 -0.0731970333626484 -0.0345275529155410
-0.3703858128277532 -0.5000000000000000 -0.0133963742459104
-0.3987764129755316 0.4785344018373388 -0.5000000000000000
-0.2977053086637477 0.4416739016720137 -0.5000000000000000
0.5000000000000000 -0.0495126257542819 0.4377831043621230
0.5000000000000000 -0.0005418905605978 0.4212593094461529
-0.5000000000000000 -0.0010709982591194 0.0951270527708283
0.4681124506879269 0.4989668776300119 0.3611315108107865
-0.1503466731865362 -0.5000000000000000 -0.3739625796773360
-0.2620156537789714 -0.4302083652476248 -0.5000000000000000
0.0247031710239288 -0.5000000000000000 -0.3534510934426496
0.5000000000000000 -0.4228785788450262 -0.3025504590895138
0.0852895738765869 -0.5000000000000000 0.0353293950181145
-0.0106717349245579 0.0238055845319556 0.5000000000000000
-0.0843052174382869 -0.5000000000000000 -0.3405450437026135
0.1954893536231990 -0.5000000000000000 -0.1528810988106420
0.0986321268235534 -0.5000000000000000 -0.3126257326676901
0.1617828933829858 -0.5000000000000000 -0.0706037171464772
0.5000000000000000 -0.4796410391093118 0.0364766216730465
0.1900729539052567 -0.5000000000000000 -0.2559889806496131
0.0962086423223491 -0.5000000000000000 -0.1799396213261469
0.5000000000000000 -0.4741354973715629 -0.0626819959285939
0.0438744016276313 -0.5000000000000000 -0.2416559924786719
0.1174605012831229 -0.1473235118147331 -0.5000000000000000
0.0958973487194644 -0.1582828051658643 -0.5000000000000000
0.2508812109583488 -0.1450674276614665 -0.5000000000000000
0.0495247188204219 0.4591391783372411 0.4953976012073656
-0.1293312336411622 0.3980715473784281 0.5000000000000000
-0.1056095195031245 -0.4055726360401289 0.5000000000000000
0.5000000000000000 -0.1089160890388098 -0.0762563568082199
0.5000000000000000 -0.0435350847697420 -0.0090511104210802
0.5000000000000000 -0.0326915060101414 -0.1369825785083338
0.5000000000000000 -0.0786674047457063 -0.1625429377648920
-0.1702620620585357 -0.5000000000000000 -0.4152651944777137
-0.1701358243244400 -0.4053765542506085 -0.5000000000000000
-0.2435274290656063 -0.3985296762971883 -0.5000000000000000
0.0310035076738140 -0.5000000000000000 -0.4039638347526895
-0.1587166458346200 -0.3507459279363202 -0.5000000000000000
-0.1714088964080153 -0.3595712981671521 -0.5000000000000000
-0.1274458847793480 -0.3640585621633869 -0.5000000000000000
-0.1228777299686064 0.0075031788540308 -0.5000000000000000
-0.0366744468473802 -0.0442796065404482 -0.5000000000000000
0.1344489329975558 0.0995871604256870 0.5000000000000000
0.2160917429872454 0.0615577828238353 0.5000000000000000
0.0414480806918030 0.0608717145898304 0.5000000000000000
-0.5000000000000000 -0.1565343358397313 0.0376998912031052
-0.5000000000000000 -0.1618339159681706 0.1129230555688263
-0.5000000000000000 -0.1280902982416804 0.1042692196453182
0.1029333260873176 0.3042030729543415 0.5000000000000000
0.2927502185754817 0.3127091652404956 0.5000000000000000
0.0652280534265945 0.4337652054094939 0.5000000000000000
0.1777890640340151 0.2875401800327805 0.5000000000000000
0.1354726627350207 0.2989352138494092 0.5000000000000000
0.2947235707614620 -0.1451213353267789 -0.5000000000000000
-0.2692428402833563 0.5000000000000000 0.4227641583694344
0.3985970975532919 -0.3227332594853419 -0.5000000000000000
0.3945016412994081 -0.2871538431760476 -0.5000000000000000
0.3031987878368882 -0.3649158764421275 -0.5000000000000000
0.3540386528502894 -0.2139105329722405 -0.5000000000000000
0.3565414129096783 -0.3051195222322208 -0.5000000000000000
-0.2851859276263498 0.1638398940727607 -0.5000000000000000
-0.2732360015784899 0.2074884752124772 -0.5000000000000000
0.3901010886553155 0.3066914911307103 0.5000000000000000
0.3919045982584195 0.3068531709269189 0.5000000000000000
0.3807619578547410 0.3095022573632108 0.5000000000000000
0.3958894286463625 0.3030547762611288 0.5000000000000000
0.3811263937675885 0.3020976141991801 0.5000000000000000
0.5000000000000000 -0.2916451579163716 0.1814208751346553
0.5000000000000000 -0.4699839192233213 0.2468959546131600
0.5000000000000000 -0.4809648238713952 0.2580446335140959
0.5000000000000000 -0.4606496555802167 0.2478656638318717
0.5000000000000000 -0.4694180236355762 0.2810255572584258
0.0807202367010809 -0.5000000000000000 -0.3862833457865564
0.0485738981861841 -0.3221381669823031 -0.5000000000000000
-0.3730388226881023 0.3126537746618467 -0.5000000000000000
0.5000000000000000 0.4927513788967630 0.3702438167131200
0.5000000000000000 0.4946613043570588 0.4041055040460318
0.5000000000000000 0.4867180301782247 0.3884245376545614
0.5000000000000000 0.4973017944048980 0.3861471577490904
0.5000000000000000 -0.1947511523022528 -0.1916208242099156
0.5000000000000000 -0.3777299202927249 -0.2996403273952731
0.5000000000000000 -0.2853929890227903 -0.4005506253111817
-0.5000000000000000 -0.4774932822269482 -0.0257576767969593
0.5000000000000000 0.3018336132241848 0.0539198767398615
0.5000000000000000 0.2559017083357911 0.1699604935685764
0.5000000000000000 0.2410302583244520 -0.0269754053273387
0.5000000000000000 0.1622805620229889 0.0458434139613145
-0.5000000000000000 -0.4205008085589785 -0.4740478705299453
-0.5000000000000000 -0.4892502313117402 -0.3758450267690882
-0.5000000000000000 -0.4122696368548604 -0.3453952309324120
0.2291988938811157 -0.4987146269222419 -0.4762316945865198
-0.1773062742743340 -0.3853138891023185 -0.5000000000000000
-0.5000000000000000 0.0009615933255649 0.0887282680216654
-0.4932761069893253 -0.2326797693947557 -0.5000000000000000
-0.5000000000000000 0.4166058669627289 0.3589801218406206
-0.2429142018218900 0.4633931852020745 0.5000000000000000
0.4576655076265376 0.4873716964329873 0.5000000000000000
-0.5000000000000000 -0.1590195109547063 -0.0750297974926672
-0.5000000000000000 -0.1768848844052947 -0.1119797716196079
-0.5000000000000000 -0.1543214473003846 -0.0917562471136070
-0.5000000000000000 -0.0864030825532811 -0.0841823206443360
-0.5000000000000000 -0.1138136446941957 -0.1580137622983337
-0.5000000000000000 -0.1489719302995758 -0.1035592688788170
-0.5000000000000000 -0.1517707229601232 -0.0881360189483208
-0.3360993443750050 -0.5000000000000000 -0.2250355668202294
-0.3333532233000109 -0.5000000000000000 -0.1352336074239007
-0.3348504457352420 -0.5000000000000000 -0.1782953936746975
0.5000000000000000 0.4974526949851505 0.0773927277475236
-0.2388657607208156 -0.3855149053012866 -0.5000000000000000
-0.2853521910655842 -0.3807160120530017 -0.5000000000000000
0.3203508780867984 -0.4694240992250286 -0.5000000000000000
0.5000000000000000 -0.4701298778485840 -0.4363529472328312
0.5000000000000000 -0.4647835907444747 -0.3812969079415894
0.4906240868354885 -0.3981569200237312 -0.5000000000000000
0.4733629607655130 -0.5000000000000000 -0.3868353395709913
-0.3173121835913600 0.0871705299166830 -0.5000000000000000
-0.2891435532380404 0.1402565320830167 -0.5000000000000000
-0.2785563006956918 0.1265268338312426 -0.5000000000000000
-0.2799786037684931 0.1133789984091579 -0.5000000000000000
-0.3964602696077010 0.2051781212065764 -0.5000000000000000
-0.1460533066891851 -0.5000000000000000 0.3003639161753445
-0.3547782797275438 -0.5000000000000000 0.0744621724915319
0.4245351190647236 -0.5000000000000000 0.2871454699916889
0.5000000000000000 -0.1782731111535977 -0.1375618476092716
0.5000000000000000 -0.4348544898284157 0.0707279724373036
0.2611943582041286 -0.5000000000000000 -0.2410809002737391
0.5000000000000000 -0.4359253480305502 -0.0164823110362167
0.5000000000000000 -0.4096047743800424 0.1000072931040660
0.5000000000000000 -0.2924342907890983 0.1799386825752726
-0.4667714149671123 -0.1811561692756907 0.5000000000000000
-0.5000000000000000 -0.2073664746988430 0.3741284789533353
-0.4288264456508504 -0.1227682181194335 0.5000000000000000
-0.5000000000000000 -0.1834667228732302 0.3860330153584869
-0.4034084018797459 -0.2262197959668022 0.5000000000000000
-0.5000000000000000 -0.2238072083626542 0.3939240047133261
-0.5000000000000000 -0.1468031215617895 0.3692266948872665
-0.5000000000000000 0.0059245424998815 0.0865372635531822
-0.4374419720708316 -0.3138820305270261 -0.5000000000000000
-0.4476511068149782 0.4239585851692895 0.5000000000000000
0.4972945853985195 0.1618014529085731 -0.3939360766499654
0.5000000000000000 0.1483439362216608 -0.4536930171747488
0.5000000000000000 0.1049983622642989 -0.4782744751189695
-0.0718574668979680 0.5000000000000000 0.2429053620650672
0.1648642714700677 0.3557072696184990 0.5000000000000000
0.0204605126995535 0.3516893244999276 0.5000000000000000
0.5000000000000000 0.4934160677930252 -0.4555403770228071
0.5000000000000000 -0.1950685538895605 -0.1634205037721968
-0.5000000000000000 -0.4274121606053068 -0.1459850274710486
-0.5000000000000000 -0.4005848031343300 -0.3035733456323138
0.5000000000000000 -0.3712516538362169 0.4506090068683289
0.5000000000000000 -0.3686704287092741 0.3349790831348413
0.2430058161421960 0.4391381864682628 -0.5000000000000000
0.1002946885424221 0.3238880841437057 -0.5000000000000000
0.2473298813699272 0.4372467945300423 -0.5000000000000000
0.3126969011325641 0.3877556850910971 -0.5000000000000000
0.2528007077379018 0.4392973645234454 -0.5000000000000000
0.2303300171701281 0.4326821413722220 -0.5000000000000000
0.3178366189123806 0.5000000000000000 -0.2291719325597632
0.0846923936601580 0.4899716269082346 -0.5000000000000000
0.1066447479920355 0.4551316907090907 -0.5000000000000000
0.3770683517728740 0.5000000000000000 -0.0667244964502204
0.3656605562579334 0.5000000000000000 -0.2206352033776461
0.4216016613559824 0.5000000000000000 -0.2047345465512150
0.2913363213903643 0.5000000000000000 -0.0925304928745712
-0.5000000000000000 0.4648181939397201 -0.4239239714307773
0.2238786231096472 -0.4986867740008259 -0.5000000000000000
0.2033912483380409 -0.4739664170342249 -0.5000000000000000
-0.5000000000000000 -0.1701613766287799 0.0215216197948982
-0.5000000000000000 -0.0219113540697178 0.0790446567367483
-0.5000000000000000 -0.1765680561817075 -0.0250130675444254
-0.5000000000000000 -0.1407390177325288 -0.0199830480959340
-0.5000000000000000 -0.2555161970102577 -0.0987591315361569
-0.5000000000000000 0.3821806978794469 -0.0574064000100281
-0.5000000000000000 0.4016708666071611 -0.0489112915963798
-0.5000000000000000 0.4129911705112354 -0.0438586410114217
-0.5000000000000000 0.4074982361494751 -0.0522858067337445
-0.1450115734572768 0.5000000000000000 -0.0413933373039997
-0.3734973204783856 0.3149373170299474 -0.5000000000000000
-0.3243978320285648 0.5000000000000000 -0.1650502126229228
-0.1627906092552149 0.5000000000000000 -0.2249139313722550
-0.2239899159066770 0.5000000000000000 -0.2947594551294065
-0.5000000000000000 -0.3896697658511714 0.0915784669053153
0.0731115748246043 -0.5000000000000000 0.0468594382828353
-0.5000000000000000 -0.3931817266928664 -0.3993459415532060
-0.5000000000000000 -0.4070081472274416 -0.4668175562896003
-0.5000000000000000 -0.4428192441895837 -0.3732011042152081
-0.5000000000000000 -0.3976656761194960 -0.3464206541951328
0.5000000000000000 0.3725511582194763 -0.3695471711534574
0.5000000000000000 0.3728868580906839 -0.1804500330513966
0.5000000000000000 0.2984656109955033 -0.2543700186621554
0.5000000000000000 0.4095599931248596 -0.2513396467299259
0.5000000000000000 0.4738673029287503 -0.4369850947015879
-0.5000000000000000 -0.3087198073428737 0.0460047967776784
-0.5000000000000000 -0.1852201714703533 0.0983121151485633
-0.5000000000000000 -0.1401218283984891 0.0935345476349073
-0.5000000000000000 -0.2271212197952025 0.0656645804978694
-0.0022778502212737 0.0174498918591516 0.5000000000000000
-0.5000000000000000 0.0078278884408339 0.0955660498539275
-0.5000000000000000 -0.0129678677474666 0.0942070709804819
-0.5000000000000000 0.0078939224802660 0.0483135007813134
-0.5000000000000000 0.0017336867006049 0.1020061126162453
-0.5000000000000000 -0.0010354276537953 0.0895093679900827
-0.5000000000000000 0.0112742626079550 0.1049898576528837
0.1848119038596137 -0.4453664763220860 0.5000000000000000
0.0981175467256209 -0.4274143577943280 0.5000000000000000
-0.1500171573005634 0.5000000000000000 -0.0249154295905601
-0.3370233894500094 0.5000000000000000 -0.1597838099706624
-0.5000000000000000 0.3989560052779126 -0.1656228770278014
-0.5000000000000000 0.2993755506656888 -0.2586914861504169
-0.4427901379626713 -0.0461264024757563 -0.5000000000000000
-0.2628345311402271 -0.0324719007871849 -0.5000000000000000
-0.4739364872679916 0.0273628963769444 -0.5000000000000000
-0.3244237035500334 -0.0855718972208045 -0.5000000000000000
-0.2076377508118394 -0.1061102885240737 -0.5000000000000000
0.3871126777145915 -0.1044261907072544 -0.5000000000000000
0.0433808907933809 -0.0522704100492543 -0.5000000000000000
-0.5000000000000000 -0.3772855772199348 0.0231047757281585
-0.5000000000000000 -0.4278082311879793 -0.0419560072927548
-0.5000000000000000 -0.3865096660711784 0.0795543385590958
0.1491171522998034 -0.5000000000000000 0.0672870923998024
-0.0285687216266245 0.5000000000000000 0.3263345552265129
-0.1079676813303501 0.5000000000000000 0.2240724718367194
-0.0654977258426496 0.5000000000000000 0.1789435458825272
-0.0769606051432530 0.5000000000000000 0.2187030595061378
-0.2179024447952215 -0.3027651395562894 -0.5000000000000000
-0.1911042664773002 -0.3390045744344956 -0.5000000000000000
-0.1680858255333294 -0.3409855786332711 -0.5000000000000000
-0.1786917508694101 -0.3475981603405462 -0.5000000000000000
0.2460969097919714 -0.4225603397489288 0.5000000000000000
0.2300156744079446 -0.3644969598971290 0.5000000000000000
0.2042761687409229 -0.5000000000000000 0.3231975546065172
0.2605662305793983 -0.3821891973907868 0.5000000000000000
0.2525092067200459 -0.5000000000000000 0.3390106517519001
0.2874276447044474 -0.3193278839621837 0.5000000000000000
0.1556265503839552 -0.5000000000000000 0.4998456030485982
0.1113819417696223 -0.5000000000000000 0.2711281088994155
0.2525102038562923 0.5000000000000000 0.1911796819305172
-0.0733882214677957 0.5000000000000000 0.3985598186855115
-0.2605724878856319 0.5000000000000000 0.3510834511427879
-0.2055613746580290 0.5000000000000000 0.2905564551755020
-0.1794982315807109 0.5000000000000000 0.3551413861374745
-0.4213983819845978 0.5000000000000000 0.1619865236623579
-0.4989380995049143 0.3718433307089520 -0.3461320888410940
-0.5000000000000000 0.4050666180959020 -0.2737379064877838
-0.5000000000000000 0.1977279816843454 0.1884142239922180
0.2320082620670996 -0.0769455964839334 -0.5000000000000000
0.0632532095568773 -0.0853378660128249 -0.5000000000000000
-0.5000000000000000 -0.3565284076103798 -0.4317520712041419
0.5000000000000000 0.1636938876031399 -0.2260566323771648
0.5000000000000000 0.1811785526961365 -0.1329963140445843
0.2410431452198975 -0.4645391547711227 -0.5000000000000000
0.3245317412235918 -0.4987645351719202 0.1839884115414086
0.1654868722164736 -0.5000000000000000 0.0968682903463710
-0.0689425460269796 -0.5000000000000000 0.4576226258189238
-0.1191370579782089 -0.5000000000000000 0.3532811287578852
-0.2962312526769328 -0.5000000000000000 0.2277857356348830
-0.0831823103137151 -0.5000000000000000 0.3433615110280527
0.0400380407496852 -0.5000000000000000 0.4518893363046247
-0.2446906627090284 -0.5000000000000000 0.2933615090338586
-0.0178002112956311 -0.5000000000000000 0.2705775845814454
-0.0732829978876390 0.3896118989199523 -0.5000000000000000
0.0111226622957459 0.4059022927082880 -0.5000000000000000
-0.0688030758459235 0.5000000000000000 0.0295905258022368
-0.1081075036441765 0.5000000000000000 -0.0151457419548859
-0.1079446118790239 0.5000000000000000 0.0225797847939956
-0.4871251391736831 -0.0873135930517666 -0.5000000000000000
-0.4748307372869568 -0.1700814419319312 -0.5000000000000000
-0.5000000000000000 -0.0152185651185746 -0.4374147637172954
0.4673653331926020 0.4985860496740833 0.0472101432926877
0.3376853301819080 0.5000000000000000 0.2201591385184709
0.4487620329760085 0.5000000000000000 0.2558379338037249
0.3029617893677042 0.5000000000000000 -0.0197797414213945
-0.1079757327483962 -0.1624413093387632 -0.5000000000000000
0.0456540406873684 -0.0836997544276077 -0.5000000000000000
-0.1311389736442088 -0.1218899264139830 -0.5000000000000000
0.1371884247961448 0.0701598786656134 -0.5000000000000000
0.1227270784634185 0.1458259605452065 -0.5000000000000000
-0.1751967590455394 -0.0170949654295454 -0.5000000000000000
-0.2655543553833837 -0.0752403137262160 -0.5000000000000000
-0.1668262262169472 -0.0989462696773673 -0.5000000000000000
0.5000000000000000 0.4762832899322882 0.0789894749672716
0.4538736782826988 0.5000000000000000 0.0276935387718564
0.5000000000000000 0.4920191871290915 0.0345856845527488
-0.0961459603672481 -0.2348050853906838 -0.5000000000000000
-0.2704718443911566 -0.2779691924847474 -0.5000000000000000
-0.1745670335851635 -0.1906606944833968 -0.5000000000000000
-0.3882674091648948 0.5000000000000000 0.4278883000240070
-0.5000000000000000 0.1963121557905185 -0.1277541502913492
0.4601620616149957 -0.2796123476664633 -0.5000000000000000
0.5000000000000000 0.2830225100192420 0.2698873760457552
0.5000000000000000 0.2681865645575058 0.2810424865501605
0.5000000000000000 -0.2143641455313738 -0.1463699018125028
0.5000000000000000 -0.2806271599576682 -0.1451257852796229
0.5000000000000000 -0.1646969397603200 -0.2186027114914086
0.5000000000000000 -0.1544094447559400 -0.1920333322386705
0.4696832905560066 0.1970532472757885 -0.5000000000000000
0.5000000000000000 0.1864108414162243 -0.4011587285319821
0.2292943490349899 -0.5000000000000000 0.2840271076406680
0.2630796821598376 -0.5000000000000000 0.3262877848318420
0.5000000000000000 0.3177432786307196 0.0722172359621722
0.4256490857032826 0.4713464184150948 0.5000000000000000
-0.5000000000000000 -0.3016768841959839 0.0039169207106030
-0.5000000000000000 -0.3691100353508332 0.1008049331927377
-0.5000000000000000 -0.3632991053253311 0.0401008225759611
-0.4420053023450713 -0.5000000000000000 0.1310105073567449
-0.5000000000000000 -0.3438364500492560 0.0285298396142221
-0.5000000000000000 -0.2849025066438428 -0.0885633071554452
-0.3699784886086568 -0.5000000000000000 -0.3228605804253120
0.1139112201201948 -0.4197592625514128 0.5000000000000000
-0.0082653816476871 -0.5000000000000000 0.4020605804413262
0.1027962262291525 -0.4572473207437183 0.5000000000000000
0.0949211404970819 -0.4189433802241562 0.5000000000000000
0.2675039850392859 0.0311477436840377 0.5000000000000000
0.2552426144983907 0.0039867903785150 0.5000000000000000
0.2420923439684711 0.0429460555520238 0.5000000000000000
0.2972355216714945 0.0152102791662497 0.5000000000000000
0.2435499728827210 0.0467128424616189 0.5000000000000000
0.2728287404951507 0.0352775046163309 0.5000000000000000
0.1660738128747548 0.3555397041026082 0.5000000000000000
-0.5000000000000000 0.2189558400305879 0.1599825483311165
-0.5000000000000000 0.2250195208251113 0.2187903736566081
-0.5000000000000000 0.2401827268007181 0.1861339628710189
-0.5000000000000000 0.1977595492890084 0.2420984978353453
-0.5000000000000000 0.2044163417530470 0.2072169386347696
-0.5000000000000000 0.1705340636775161 0.2027067611163073
0.5000000000000000 -0.0329532381372241 -0.0031198769431614
0.5000000000000000 0.0115850771953979 0.0336633812815653
0.5000000000000000 -0.0330109743123000 0.0356122441528051
0.5000000000000000 -0.0533636627175511 0.2056797741664943
-0.5000000000000000 0.1644805543748795 -0.2111668038219223
-0.5000000000000000 0.3854799147404429 -0.1563699438847623
-0.5000000000000000 0.2535175720321396 -0.1641847904697432
-0.5000000000000000 0.4949722554143220 0.1101268891387044
-0.3550162092565065 -0.2245338793306268 -0.4999298122702425
-0.4912195326316370 -0.2510719641254026 -0.5000000000000000
-0.4816249406999069 -0.4048171674760996 -0.5000000000000000
-0.4464767354367932 -0.5000000000000000 -0.4633578872014479
-0.5000000000000000 -0.3746510172433883 -0.4767514444478438
-0.4614413252108337 -0.4232865376106320 -0.5000000000000000
-0.5000000000000000 -0.4607235571359079 -0.0579281361475581
0.5000000000000000 -0.4949536765808574 0.1386506607173784
0.5000000000000000 -0.4129352955122562 0.1421099301334034
0.5000000000000000 -0.0233160867706600 -0.1358990383926810
0.5000000000000000 -0.0172457518441253 -0.1600103173582478
0.5000000000000000 0.0248434231192706 -0.1633953240953378
-0.0145794799593566 -0.4346879845735654 0.5000000000000000
-0.0973098130468683 -0.4928061442836124 0.5000000000000000
0.0617204754090569 0.4796484806075985 0.5000000000000000
0.3203697286638206 -0.5000000000000000 -0.3232946677330643
0.5000000000000000 -0.4157218576690069 -0.3675616225223687
0.5000000000000000 -0.4082676182838841 -0.2352579089706574
0.4676719345026531 -0.5000000000000000 -0.3115573563204027
0.5000000000000000 -0.4492196352624032 -0.2116854183160407
0.4369451582161154 -0.5000000000000000 -0.3399977614065675
-0.0954199132646869 -0.0599612228769168 -0.5000000000000000
-0.1996206251824835 -0.0022072741840758 -0.5000000000000000
0.3376884611781401 0.1703386659130844 -0.5000000000000000
0.1502035860952783 0.1612794652652534 -0.5000000000000000
-0.3162479392519802 0.5000000000000000 0.4075986180102095
-0.5000000000000000 -0.2087493931665890 -0.1946633939129456
-0.5000000000000000 -0.1665250441148625 -0.3733726555203232
-0.5000000000000000 -0.2253027085195146 -0.4318441339255941
-0.5000000000000000 -0.0322878057565418 -0.3511694580955996
-0.5000000000000000 -0.1172295794590924 -0.3080162388870393
-0.0411143227156693 -0.2443401843861935 -0.5000000000000000
-0.0470690403919734 -0.2505134960945236 -0.5000000000000000
-0.1013150505614321 -0.1772976031497050 -0.5000000000000000
-0.0316985260607471 -0.2547164320732307 -0.5000000000000000
-0.0146569570102048 -0.2676017619318977 -0.5000000000000000
0.1200755796893562 0.4491199122263229 -0.5000000000000000
0.3774696811683809 0.5000000000000000 -0.0664664660969961
-0.5000000000000000 -0.2105334966271482 -0.1226532402558301
-0.5000000000000000 0.3958510551279549 -0.1570729950443357
0.1789993144060871 0.5000000000000000 -0.0442089704935448
-0.4457477351754889 0.5000000000000000 -0.3476678569692022
-0.2102464417986115 -0.4806811170295982 0.5000000000000000
0.3316322135876780 0.3730198610131111 -0.4975841260054645
0.4261775819595222 0.4826091567984718 -0.5000000000000000
0.1635896620074697 0.3570341819316948 0.5000000000000000
0.0250407945969263 0.4751867191325920 0.5000000000000000
0.0228859748236150 0.5000000000000000 0.4567425716999803
-0.0265202094033537 0.5000000000000000 0.4183478109264518
-0.5000000000000000 -0.3462021143551669 0.1376023209563949
-0.5000000000000000 -0.3777740571690620 0.1115334786199119
-0.5000000000000000 -0.3727113360788454 0.1432794367631741
-0.5000000000000000 -0.3620470669275535 0.1266924120197492
0.5000000000000000 0.3445149131440995 -0.1557308475542249
0.5000000000000000 0.0698208155318101 -0.1880053441615762
0.5000000000000000 0.1598095310069454 -0.3088406259509023
0.5000000000000000 0.1990552524185818 -0.2030664458714637
0.5000000000000000 0.1829093509163397 -0.3468407698101182
-0.3831964344671466 0.3221704819527361 -0.5000000000000000
-0.3668272894227907 0.3153088505689715 -0.5000000000000000
-0.3846717514520474 0.3166254285236593 -0.5000000000000000
-0.3890918668189612 0.2838805359264330 -0.5000000000000000
0.5000000000000000 0.4814307357554338 -0.3445247655889151
0.5000000000000000 0.2629829542380873 -0.4250847742845200
0.4103936678698631 0.4676009787076090 0.5000000000000000
0.3379022576128501 0.4388750634551501 0.5000000000000000
-0.5000000000000000 0.4759208696070185 0.2934401879006999
-0.5000000000000000 0.4850792681265735 0.2224499937400151
0.3873587219543344 0.4668418935309354 -0.5000000000000000
-0.3482751951220490 -0.5000000000000000 -0.3058293411227105
-0.3782189282700354 -0.5000000000000000 -0.3468508039692679
-0.3076979467048369 -0.5000000000000000 -0.2473985474389376
-0.3768399372845356 -0.5000000000000000 -0.3108416417417801
-0.4192629360944026 -0.4752920623004817 -0.5000000000000000
0.2549755148334924 -0.5000000000000000 -0.3827717146794122
-0.5000000000000000 -0.2180745289101817 -0.1530174193984717
-0.5000000000000000 -0.2222782397151433 -0.1798675260677657
-0.5000000000000000 -0.2582257165679422 -0.1213320858969446
-0.0393505862767506 -0.2325860706474688 0.5000000000000000
-0.0251586847340043 -0.1400241260741713 0.5000000000000000
-0.0316350346041942 -0.1842922685140485 0.5000000000000000
-0.5000000000000000 -0.2605984024523664 -0.4625632030160485
-0.5000000000000000 -0.2336331577070323 0.2647856952228075
-0.4294366685184406 -0.5000000000000000 0.0970318087937172
-0.4498672674329291 -0.5000000000000000 0.0456942925930909
-0.5000000000000000 -0.2837473726273172 -0.1080589780167702
-0.4240809567527355 -0.5000000000000000 -0.0994445142403357
0.0955621574008065 0.4341611369124874 -0.5000000000000000
0.1650283967012525 0.3557746093443188 0.5000000000000000
0.1650020785971356 0.3557751923586839 0.5000000000000000
0.1649798487543018 0.3557374480058650 0.5000000000000000
0.1651138509485356 0.3556466752077855 0.5000000000000000
0.1651845451031357 0.3558472958305045 0.5000000000000000
0.1649892034461340 0.3557222241688326 0.5000000000000000
-0.0875897619217785 0.3460369538858191 -0.5000000000000000
-0.2176688696810304 0.2599404476428790 -0.5000000000000000
0.3332543912283042 -0.2564834883018025 0.5000000000000000
-0.5000000000000000 0.3277093080326806 0.3287055929043620
-0.5000000000000000 0.3282746998204680 0.3286808985538635
-0.5000000000000000 0.3279444924642640 0.3282500943268590
-0.5000000000000000 0.3267041946032400 0.3286392008125500
-0.5000000000000000 0.3299025267000721 0.3261081048520278
0.5000000000000000 -0.3570231041546196 -0.4188491629926215
0.3835065255497950 0.1386669728168298 -0.5000000000000000
0.1975000230929865 0.1407139170792388 -0.5000000000000000
0.3724736008071389 0.0545762371424019 -0.4916394950876737
0.0184250266770351 0.3628967700265822 -0.5000000000000000
0.4995368688405839 -0.4498941504664185 0.3721881963294675
-0.5000000000000000 0.4264644241451097 -0.3778763961776543
-0.3935360966506919 0.5000000000000000 -0.2412158960790124
-0.4763223328932457 0.5000000000000000 -0.3796766092946761
-0.4941743067322048 0.5000000000000000 -0.3618296260582693
-0.4424924863816115 0.4131534488361598 -0.5000000000000000
-0.5000000000000000 0.4988918183885263 -0.3812746562210698
-0.3218464527781169 0.5000000000000000 -0.3281899028275568
-0.0086311870107447 -0.3954375597265967 0.5000000000000000
-0.0730911547304858 -0.3355219530093898 0.5000000000000000
-0.0252708805384686 -0.3214438561488667 0.5000000000000000
0.5000000000000000 -0.0897304012790334 0.4459836968066799
0.5000000000000000 0.2368837633366284 0.4172185917180230
0.4339336943326683 0.4315391311522216 0.5000000000000000
-0.1822183455159118 -0.5000000000000000 0.3631684303339150
0.3644042121679590 0.4871507940469829 0.5000000000000000
0.2673354997499579 0.4870914026920816 0.5000000000000000
0.4345039906481916 0.1987676857368407 -0.5000000000000000
0.3809280698415155 0.0732573513360564 -0.5000000000000000
-0.2370621611666962 0.2692460841915816 0.5000000000000000
-0.2344338338743882 0.2799429174968734 0.5000000000000000
-0.4479238581957266 -0.5000000000000000 0.1382942697165642
-0.3879383558578822 -0.5000000000000000 0.1916388047070622
-0.5000000000000000 -0.3875360191334398 0.0969934203767543
-0.4797953460963541 -0.5000000000000000 0.0918105186607693
-0.4110524259012280 -0.5000000000000000 0.2093739465283528
0.3161386108361545 -0.5000000000000000 0.2031975806922653
-0.3553720154930295 -0.4007951814798942 -0.5000000000000000
-0.3155950796204818 -0.3070614440207491 -0.5000000000000000
-0.1570704149673519 0.5000000000000000 -0.2581477475518200
-0.3443296216276963 0.3744039203475246 -0.5000000000000000
-0.2217125908590893 0.5000000000000000 -0.3137873710625480
0.0066122228272860 -0.2038837313523295 -0.5000000000000000
0.5000000000000000 -0.0036015256354615 0.3078385028274715
0.5000000000000000 -0.2905230588172424 0.1809339740691527
-0.5000000000000000 0.3766733813996292 -0.3182165946446363
-0.4525358577150939 0.3813764917884096 -0.5000000000000000
0.5000000000000000 -0.1297639699135407 0.3920088346084545
0.4367648259145406 0.4857799161728397 0.5000000000000000
0.4679977319342104 -0.3427137753609403 -0.5000000000000000
0.4237231204781388 -0.2482692482377265 -0.5000000000000000
0.5000000000000000 -0.2737659174472746 -0.4342479215882964
0.5000000000000000 -0.2240005245743061 -0.3656516672633546
0.2403738404939141 0.5000000000000000 0.1107134421655055
0.2447247137535119 0.5000000000000000 0.1645089456975193
0.5000000000000000 0.3756616368166593 -0.1451713760767219
0.5000000000000000 0.4269885469528004 -0.2084514252036617
-0.5000000000000000 0.4141592619020762 0.2772273528718950
-0.5000000000000000 0.3827282223539618 0.2100656811724100
-0.5000000000000000 0.4628753789817235 0.1564863624615363
0.4494171977312561 0.4712016879923061 -0.5000000000000000
-0.5000000000000000 0.1082351900708472 0.3709043873315960
0.1608369460520648 -0.5000000000000000 0.1537660488697590
-0.3209517277173977 0.5000000000000000 0.4254397315801965
-0.3686595249850566 0.4213591533488829 0.5000000000000000
-0.4153289634087399 0.5000000000000000 0.3228149187223965
-0.4164515496466537 0.5000000000000000 0.4988081679090514
-0.2784584207543413 0.4404549086301006 0.5000000000000000
-0.2922368737336990 0.4568617297680926 0.5000000000000000
-0.2626471121570610 0.3787503766634311 0.5000000000000000
-0.2968532405051362 0.4265433628092067 0.5000000000000000
-0.2554949065401938 0.5000000000000000 0.4528540648061942
0.5000000000000000 0.4733872198658999 0.2047588269370637
0.3364283592408889 0.5000000000000000 -0.0182327586640471
-0.0129330971441902 -0.0947713474749300 0.5000000000000000
-0.0394175947836240 -0.0986745474798172 0.5000000000000000
-0.5000000000000000 -0.3584995306557016 -0.3279152428719200
-0.5000000000000000 -0.2076941667020058 -0.3176915149815606
0.5000000000000000 0.0908088028382663 0.3253406802070221
0.5000000000000000 0.0112321829264284 0.3054333890419821
0.5000000000000000 0.0062173220317463 0.2923428466152961
0.5000000000000000 0.0006223372952940 0.3058714740472640
0.5000000000000000 -0.0078188014367702 0.3149448264090059
0.5000000000000000 -0.0013631253697501 0.3078635823378643
0.5000000000000000 -0.0272664924979505 0.2827836184463006
-0.4684963583786205 -0.3436288446782941 -0.5000000000000000
-0.5000000000000000 0.4548655191310243 0.0161886054528171
-0.1698963155775182 0.5000000000000000 0.2896085998109519
-0.3134613352771802 0.5000000000000000 0.1272564226196574
0.2220293758393856 -0.5000000000000000 0.2531094165759425
0.3075342231797888 -0.0920806317904752 0.5000000000000000
-0.5000000000000000 0.1501634192722590 -0.3187319875721963
-0.5000000000000000 0.1679142348796540 -0.4069545252438190
-0.5000000000000000 0.0568197221384646 -0.3323899239115475
0.5000000000000000 -0.3409535625560703 0.2102034166815823
0.5000000000000000 -0.3969404371330189 0.1623459472801320
0.5000000000000000 -0.3446405665446352 0.2467818704029264
0.5000000000000000 -0.2934330814233512 0.1808339228984151
-0.2590136384089466 -0.4324678171104232 0.5000000000000000
0.5000000000000000 0.1542503377534385 0.4881751833465215
0.4932769998915347 -0.5000000000000000 0.3653413271752694
-0.5000000000000000 -0.2668996450445080 -0.1176008045053708
0.0500998190874100 -0.0789342428588573 -0.5000000000000000
-0.1281609259844525 -0.1163064635002029 -0.5000000000000000
-0.4239345616757303 0.2293777479340702 -0.5000000000000000
0.0322024321203193 -0.4448915059810992 0.5000000000000000
0.0096024528991828 -0.4136940263953099 0.5000000000000000
0.5000000000000000 0.2966041658390665 0.1202261528058442
0.5000000000000000 0.2506497524034348 0.2644844373643071
0.5000000000000000 0.2406873537694459 0.2743416011534125
-0.2679070523512191 0.5000000000000000 -0.0968952728422413
-0.5000000000000000 0.4030971496099942 -0.1632313307082114
-0.2177331848310576 0.5000000000000000 0.0966033225002967
0.4854585048119944 0.4988839137207180 -0.4653642439546213
0.1279160363418846 -0.5000000000000000 0.0718663208881490
-0.0541013583934917 -0.5000000000000000 -0.0452358304346914
0.1033739908347018 -0.5000000000000000 0.1027101035168575
0.0073801858701070 0.0195703513562227 0.5000000000000000
0.3712250799867685 -0.1571101886046120 -0.5000000000000000
-0.5000000000000000 0.1163628812349243 -0.4475514400454336
-0.4404551632459342 0.1944724737331300 -0.5000000000000000
-0.5000000000000000 0.0273792445851469 -0.4089674156255331
-0.3729030676734668 0.0716021149077561 0.5000000000000000
-0.3002409760989366 0.2069542917578925 0.5000000000000000
-0.5000000000000000 -0.0044860912572608 0.3209607094393794
-0.5000000000000000 0.1247003099726974 0.3555269353190862
-0.4860631914442872 0.1803569301308166 0.5000000000000000
-0.3669536482449582 0.1612917876797654 0.5000000000000000
-0.3847549201964811 0.2025786768780347 0.5000000000000000
0.5000000000000000 -0.4370911759401431 0.2949815925511560
0.5000000000000000 -0.4922151181348805 0.3245283412327724
-0.0013493774966180 0.0050012270636807 0.5000000000000000
-0.1042716343011580 -0.1646964862238160 -0.5000000000000000
-0.1120052630184483 -0.1652667682622001 -0.5000000000000000
-0.5000000000000000 -0.3976673508918874 0.3654043259141862
-0.3369054846267085 -0.5000000000000000 0.2754293742462681
-0.3213862287405653 -0.2748649975740491 0.5000000000000000
-0.1770165519784034 0.0959932128825379 0.5000000000000000
-0.2246523570391696 0.1987815152243218 0.5000000000000000
0.5000000000000000 0.3567945478237352 -0.0635478942215240
0.5000000000000000 0.3322391360913893 0.0795357802664856
0.5000000000000000 0.2525133257786299 0.0688997190662831
-0.4163653417075698 0.2182031458121431 -0.5000000000000000
0.0451001977245280 -0.2199298361972017 -0.5000000000000000
0.1258693295815862 0.2061768501329485 -0.5000000000000000
0.4937543476487161 0.4710494431539222 -0.5000000000000000
0.5000000000000000 0.3007858522032281 0.2221605827291053
0.5000000000000000 0.1901933971516834 0.1740868625303666
0.5000000000000000 0.3621956303485154 0.2806041169608011
0.5000000000000000 0.2991107525430967 0.2674465850806815
0.4186090810201105 0.5000000000000000 -0.0331322047063876
0.5000000000000000 0.3581701413362975 -0.1267019578737161
0.3778125785687595 0.5000000000000000 -0.0661927521301705
0.5000000000000000 0.3820946601746404 -0.1271277345882344
0.3541065056523419 0.5000000000000000 0.4485380757431832
0.4136286521535097 0.5000000000000000 0.4812631467037182
0.4138850819712402 0.4856475322427648 0.5000000000000000
0.3555461643938441 0.4968399562404369 0.5000000000000000
-0.3245757100178717 0.0106811285253469 0.5000000000000000
0.5000000000000000 0.3728058695645555 0.1341532412544590
-0.1493358296386693 -0.1208066397686324 -0.5000000000000000
0.1212463389021505 0.3826682846314726 -0.5000000000000000
-0.5000000000000000 0.2553218638989418 -0.3155710379390706
-0.5000000000000000 0.2639711756401971 -0.4207870058774287
0.2280700811294504 -0.0791662620015097 -0.5000000000000000
0.0574735846854340 -0.0986676592375916 -0.5000000000000000
0.0804545997574124 -0.2553574050007578 -0.5000000000000000
-0.5000000000000000 0.4946575178313700 0.1616399399584783
-0.5000000000000000 -0.0650024602555071 0.2717520426660363
0.0830041505527687 0.5000000000000000 -0.1727791248791723
0.2165451283583057 -0.4210176322469815 -0.5000000000000000
0.5000000000000000 -0.4430020439345529 0.3100087717233682
-0.1208914157646239 0.4117523017409449 0.5000000000000000
-0.4370333818605293 -0.2638873338710320 -0.5000000000000000
-0.5000000000000000 0.2994338598940625 -0.3633750038166982
-0.5000000000000000 0.2540044274683037 -0.2899592514378147
0.5000000000000000 0.4061333005618397 0.2521211570862231
0.5000000000000000 0.3697491663955190 0.1991388461982541
0.5000000000000000 0.1573271207061274 0.0187889926215716
0.5000000000000000 0.0990214624512365 0.0747267715718351
0.5000000000000000 0.1855249860744583 0.1895345714181025
-0.5000000000000000 0.3020870392983759 -0.4404147755067613
0.5000000000000000 0.4757996384397581 -0.3074812714618247
0.5000000000000000 0.4923807223664066 -0.3879616984257022
0.2485807314951674 0.5000000000000000 0.3973932711977015
0.1850991976995431 0.0359951914746630 -0.5000000000000000
0.1553518449825557 0.1211535509315497 -0.5000000000000000
-0.3656213693119476 0.5000000000000000 -0.1785018063470665
-0.4508496257168423 -0.5000000000000000 -0.3148062320742241
-0.5000000000000000 -0.3646744043711712 -0.3881349104829075
-0.5000000000000000 0.3987782378720159 -0.1603554557613371
-0.5000000000000000 0.4055037830957699 -0.1745925688126778
-0.1495407420958472 -0.0037558333847648 0.5000000000000000
-0.2074079804352248 0.0338562072367177 0.5000000000000000
0.2351944316882729 -0.0732263017433594 -0.5000000000000000
0.5000000000000000 -0.0855179818335276 -0.2872794729173482
0.0950456528088188 -0.0595980319344964 -0.5000000000000000
0.5000000000000000 -0.0490464379215307 -0.2445035040179922
0.5000000000000000 0.0001462115969715 -0.3774883607592124
-0.5000000000000000 0.3833543920631082 -0.2630315259752970
0.2332763928596222 -0.0689615207049421 -0.5000000000000000
0.1006137322874237 -0.0353684939224247 -0.5000000000000000
-0.4538973262921929 0.4958031116636527 0.1420006092706025
0.1420532946842182 0.5000000000000000 -0.1144237827812666
0.2742400250166749 0.4932384413648970 -0.0749564098969053
0.5000000000000000 -0.0898141216047345 0.4196627998229985
-0.4220650215842644 0.2185635150559476 -0.5000000000000000
-0.1268607692389501 0.5000000000000000 -0.2386994780472815
-0.2035639010182433 0.5000000000000000 -0.3017965302423123
0.2418517058225453 -0.0802558369580030 -0.5000000000000000
0.2712607098292024 -0.0399968423967495 -0.5000000000000000
-0.0439935440484607 -0.0036625960989112 0.5000000000000000
-0.2197703748736369 -0.1420382532091944 -0.5000000000000000
-0.5000000000000000 -0.2709110823460316 -0.1039850615139095
0.4195503291862221 0.5000000000000000 -0.0436967802590604
0.3502012328090526 0.5000000000000000 -0.0494315118138853
-0.3421341121312889 -0.0175908193329839 0.5000000000000000
0.5000000000000000 0.0358412203346884 -0.1810319429053286
0.5000000000000000 0.0385654958180204 -0.2321328718861771
0.5000000000000000 0.0261213592145960 -0.3818647572032065
0.5000000000000000 0.2194297109749705 -0.1198189102877754
0.5000000000000000 -0.2880296539765663 0.1848299203077519
0.5000000000000000 -0.2471554626771512 0.1938067090415240
0.3779117103055242 0.5000000000000000 -0.0665394383023206
0.3746539944405478 0.5000000000000000 -0.0663114953226713
-0.5000000000000000 0.4898767883282564 -0.2756515234997294
0.5000000000000000 0.1502634706764112 -0.0478481092996405
0.5000000000000000 0.2485141703871068 -0.3860195982703704
0.3700010582720620 -0.0786103533573427 0.5000000000000000
0.4871840902897941 -0.0961234092045152 0.5000000000000000
0.4901448641372869 0.1071852472054588 0.5000000000000000
0.3336595299793458 -0.0732186174799977 0.5000000000000000
0.5000000000000000 0.4450456910171650 -0.1976268445730405
0.5000000000000000 0.4378648222274439 -0.1734205768077760
-0.5000000000000000 -0.3122947973114242 -0.4527545616691463
-0.5000000000000000 0.0365081622344462 -0.3288825582343750
-0.1517275672521279 -0.1446263532059754 -0.5000000000000000
0.3825281061340819 0.2367656069636361 -0.5000000000000000
0.5000000000000000 0.2447238927237451 -0.4209820980111842
-0.5000000000000000 -0.0057230258464981 -0.3529568228937517
0.1271091367064080 0.1737031646379822 -0.5000000000000000
0.2172714738196916 0.2101568591805646 -0.5000000000000000
-0.5000000000000000 0.0165719254927048 -0.0690865925866097
-0.1436986943669462 0.3841109095504868 0.4974361670764298
-0.3836534867060434 0.2176182426036349 -0.5000000000000000
0.5000000000000000 -0.1672834841257421 -0.4262067878111948
-0.3169381510827943 0.5000000000000000 0.0971589886042712
0.4842084639228500 -0.5000000000000000 0.3210696537181926
-0.5000000000000000 0.4749653919885668 0.0479377659781209
0.5000000000000000 -0.1262970943520907 -0.3209595725127850
-0.1449168536512382 0.4053103347810045 0.5000000000000000
0.5000000000000000 -0.4552574547155445 0.3201901630669524
0.0603289275169820 0.3450458210636594 -0.5000000000000000
0.2183454102040908 -0.3725220235461293 -0.5000000000000000
0.5000000000000000 -0.1006119189862268 -0.2884590956846771
0.5000000000000000 -0.0312193548485777 -0.3938056334181413
0.5000000000000000 0.0116717264963076 -0.4045703054454995
0.2664123046921127 0.5000000000000000 0.4935513730886097
-0.5000000000000000 -0.0425469553648218 0.3198279387654412
0.0692043306944806 0.3683163249701935 -0.5000000000000000
-0.4363451278411950 0.5000000000000000 0.1344485883631293
0.4957856067021373 -0.0586740080316347 0.2476895675545559
-0.4882387779418224 -0.2853193603791501 -0.5000000000000000
0.4870998230339985 0.1359736298038811 0.5000000000000000
228 45
229 133
230 137
231 162
232 209
233 91
234 101
0 236
0 14
0 64
0 237
0 856
0 109
0 238
0 239
0 161
0 164
0 240
0 177
0 241
0 242
0 243
0 1222
244 20
245 21
246 30
247 46
248 118
249 186
250 210
251 100
1 16
1 19
1 47
1 59
1 252
1 67
1 80
1 93
1 104
1 253
1 108
1 143
1 159
254 14
255 74
256 124
257 201
258 595
259 162
260 152
261 30
262 39
263 83
264 115
265 139
266 194
267 122
268 130
269 184
270 20
271 21
272 118
273 161
274 195
2 6
2 7
2 9
2 31
2 42
2 48
2 49
2 91
2 145
2 149
2 154
2 275
2 187
2 276
2 224
277 14
278 74
279 122
280 184
281 226
3 17
3 29
3 35
3 37
3 39
3 50
3 60
3 282
3 113
3 127
3 136
3 139
3 144
3 169
3 183
3 185
3 193
3 283
3 202
3 206
3 218
4 35
4 284
4 485
4 57
4 63
4 285
4 286
4 150
4 153
4 183
4 287
5 8
5 29
5 32
5 36
5 58
5 62
5 76
5 81
5 121
5 127
5 129
5 156
5 178
5 189
288 152
6 9
6 31
6 289
6 42
6 52
6 290
6 291
6 292
6 293
6 116
6 294
6 295
6 296
6 297
6 298
6 211
7 31
7 299
7 48
7 83
7 91
7 97
7 101
7 115
7 123
7 300
7 301
7 302
7 149
7 154
7 194
7 303
7 224
304 40
305 79
306 159
307 200
308 215
8 32
8 38
8 62
8 76
8 78
8 129
8 140
8 142
8 148
8 160
8 178
8 199
309 161
310 195
9 31
9 42
9 52
9 311
9 54
9 312
9 313
9 314
9 149
9 166
9 315
9 316
9 211
317 90
318 572
10 25
10 55
10 80
10 84
10 87
10 90
10 96
10 98
10 146
10 151
10 179
10 180
10 181
10 319
10 320
10 208
10 223
11 321
11 322
11 83
11 97
11 323
11 839
11 324
11 325
11 1028
11 204
11 326
12 327
12 328
12 485
12 73
12 86
12 329
12 110
12 111
12 125
12 135
12 158
12 160
12 188
12 199
12 1261
331 90
332 86
333 103
334 111
335 135
336 1220
13 20
13 21
13 337
13 41
13 338
13 339
13 340
13 155
13 341
14 45
14 342
14 74
14 343
14 99
14 109
14 112
14 156
14 164
14 344
14 345
14 184
14 189
14 346
14 1222
15 347
15 485
15 50
15 57
15 348
15 73
15 349
15 88
15 350
15 176
15 188
15 217
15 221
16 351
16 19
16 22
16 47
16 352
16 353
16 80
16 354
16 93
16 355
16 143
16 146
16 180
16 356
357 184
358 19
359 22
360 47
17 29
17 36
17 37
17 50
17 81
17 88
17 361
17 127
17 144
17 176
17 178
17 183
17 185
17 217
17 218
362 30
363 39
364 83
365 101
366 115
367 118
368 194
369 214
18 370
18 371
18 595
18 81
18 372
18 102
18 373
18 374
18 375
18 133
18 137
18 162
18 176
18 177
18 178
18 191
18 209
18 221
376 50
377 56
378 82
379 107
380 128
381 830
382 200
383 134
384 595
385 81
386 95
387 510
388 162
389 177
390 191
391 1131
19 22
19 47
19 67
19 392
19 85
19 122
19 393
19 143
19 180
19 394
19 222
20 21
20 41
20 46
20 71
20 395
20 119
20 396
20 397
20 155
20 186
20 398
399 133
400 162
21 401
21 115
21 118
21 119
21 402
21 126
21 155
21 163
21 186
21 187
21 214
21 225
22 403
22 80
22 85
22 404
22 180
22 181
22 198
22 405
22 406
23 31
23 48
23 49
23 407
23 408
23 89
23 409
23 117
23 120
23 410
23 145
23 175
23 411
23 203
23 211
23 412
23 213
23 224
413 82
414 105
415 128
416 213
24 68
24 138
24 144
24 145
24 157
24 169
24 173
24 185
24 202
24 203
24 212
24 216
25 26
25 28
25 44
25 417
25 55
25 58
25 418
25 419
25 87
25 96
25 98
25 420
25 131
25 151
25 174
25 421
25 205
25 1279
26 28
26 34
26 44
26 61
26 70
26 87
26 98
26 131
26 157
26 165
26 166
26 167
26 168
26 196
26 205
27 39
27 422
27 423
27 60
27 424
27 83
27 97
27 123
27 425
27 426
27 141
27 427
27 1028
27 428
27 429
27 430
27 431
27 432
27 193
27 433
27 434
28 33
28 34
28 435
28 436
28 70
28 437
28 87
28 96
28 438
28 106
28 439
28 131
28 141
28 440
28 441
28 166
28 442
28 205
28 220
443 1026
29 36
29 44
29 58
29 113
29 121
29 127
29 136
29 182
29 202
29 218
29 223
30 43
30 444
30 51
30 115
30 118
30 445
30 139
30 153
30 163
30 446
30 186
30 225
31 42
31 49
31 52
31 60
31 123
31 138
31 145
31 149
31 157
31 166
31 167
31 203
31 211
31 224
447 125
448 134
449 152
32 76
32 81
32 112
32 137
32 140
32 148
32 156
32 178
450 83
451 101
452 124
453 201
454 52
455 56
456 727
33 34
33 457
33 54
33 61
33 458
33 678
33 459
33 106
33 460
33 461
33 168
33 171
33 462
33 220
463 68
464 103
465 172
466 207
467 215
468 216
34 54
34 61
34 70
34 469
34 87
34 96
34 106
34 470
34 471
34 166
34 168
34 220
35 472
35 63
35 65
35 77
35 473
35 139
35 144
35 150
35 153
35 183
35 185
35 219
474 614
475 133
476 137
477 148
478 209
36 50
36 58
36 81
36 121
36 127
36 510
36 147
36 156
36 178
36 182
36 479
36 218
480 56
481 82
37 68
37 72
37 88
37 94
37 110
37 127
37 129
37 142
37 144
37 178
37 185
37 202
37 212
37 217
482 83
483 91
484 101
38 40
38 59
38 62
38 67
38 78
38 94
38 104
38 121
38 129
38 142
38 172
38 200
486 125
487 152
488 158
489 210
490 174
39 60
39 83
39 115
39 123
39 138
39 139
39 491
39 144
39 193
39 194
39 492
39 206
40 44
40 59
40 493
40 79
40 94
40 104
40 108
40 127
40 129
40 159
40 172
40 200
40 202
40 212
40 215
41 494
41 71
41 495
41 496
41 497
41 155
41 498
41 499
41 500
41 501
502 101
503 235
504 155
505 214
506 124
507 66
508 171
509 124
42 48
42 49
42 52
42 511
42 512
42 105
42 116
42 128
42 513
42 514
42 211
42 224
43 51
43 53
43 65
43 77
43 515
43 86
43 119
43 153
43 163
43 170
43 219
43 225
43 227
516 96
517 168
518 171
519 208
520 220
521 103
522 179
523 181
524 198
525 208
526 485
527 73
528 125
529 158
530 188
44 58
44 80
44 93
44 98
44 104
44 108
44 136
44 151
44 157
44 159
44 165
44 169
44 202
44 205
44 212
44 218
44 223
45 76
45 531
45 112
45 130
45 133
45 137
45 140
45 156
45 532
45 533
45 184
45 534
45 535
45 536
537 106
46 51
46 538
46 71
46 119
46 539
46 170
46 186
46 540
46 541
46 542
46 210
46 543
545 72
546 86
547 103
548 207
549 74
550 139
551 153
552 90
553 151
554 174
555 572
556 192
47 557
47 59
47 330
47 558
47 67
47 108
47 122
47 559
47 130
47 560
485 53
485 57
485 561
485 150
485 158
485 186
485 188
485 562
485 210
48 49
48 563
48 564
48 565
48 566
48 567
48 91
48 120
48 568
48 145
48 154
48 175
48 569
48 187
48 570
48 571
48 224
573 190
574 83
575 97
576 123
577 204
578 215
49 579
49 89
49 105
49 116
49 128
49 175
49 211
49 213
49 224
50 57
50 580
50 581
50 81
50 582
50 88
50 583
50 584
50 585
50 586
50 510
50 176
50 183
50 587
50 217
50 218
588 55
589 120
590 124
591 130
592 193
593 218
51 53
51 594
51 86
51 118
51 119
51 153
51 170
51 186
51 210
51 225
51 227
52 54
52 56
52 61
52 596
52 597
52 598
52 82
52 128
52 166
52 211
599 106
600 149
53 57
53 63
53 65
53 72
53 77
53 86
53 110
53 150
53 153
53 158
53 186
53 188
53 601
53 210
54 56
54 61
54 602
54 603
54 70
54 604
54 605
54 606
54 607
54 839
54 608
54 149
54 609
54 166
54 610
611 87
612 168
613 208
615 1261
616 155
55 617
55 87
55 96
55 618
55 619
55 151
55 179
55 208
55 620
56 61
56 621
56 622
56 623
56 624
56 82
56 107
56 128
56 625
56 166
56 626
56 627
56 211
628 93
629 146
57 63
57 630
57 631
57 150
57 176
57 183
57 188
57 632
57 217
633 75
634 119
635 170
636 73
637 102
638 614
639 176
640 221
641 208
642 134
58 69
58 99
58 121
58 151
58 156
58 174
58 182
58 202
58 205
58 218
58 223
643 66
644 132
645 171
646 208
647 220
59 62
59 330
59 648
59 67
59 104
59 108
59 122
59 130
59 649
59 200
650 81
651 95
652 102
653 510
654 176
60 70
60 97
60 115
60 123
60 131
60 138
60 141
60 144
60 154
60 157
60 166
60 167
60 169
60 655
60 193
60 206
60 224
656 70
657 839
658 141
659 204
61 660
61 82
61 87
61 107
61 165
61 166
61 167
61 168
61 196
61 661
61 211
62 330
62 67
62 76
62 78
62 662
62 121
62 129
62 130
62 830
62 172
62 189
62 200
663 595
63 65
63 77
63 110
63 150
63 183
63 185
63 188
63 217
595 664
595 133
595 162
595 177
595 665
595 209
595 666
330 122
330 130
330 200
667 96
668 106
669 132
670 120
64 69
64 84
64 99
64 109
64 147
64 671
64 672
64 161
64 164
64 174
64 182
64 673
64 192
64 674
675 105
676 116
677 175
679 82
65 68
65 72
65 77
65 680
65 86
65 110
65 173
65 185
65 207
65 216
65 219
681 213
682 134
683 134
684 162
685 75
686 117
687 173
688 207
689 215
690 216
691 219
692 116
693 120
694 175
695 856
696 82
697 128
544 86
544 152
544 210
544 227
66 678
66 698
66 106
66 132
66 699
66 700
66 701
66 702
66 171
66 220
703 79
704 104
705 108
706 159
707 200
67 104
67 121
67 122
67 130
67 143
67 189
67 222
708 91
709 120
710 204
68 72
68 94
68 103
68 142
68 172
68 185
68 207
68 212
68 215
68 216
68 219
69 74
69 84
69 99
69 109
69 121
69 143
69 156
69 174
69 180
69 182
69 189
69 222
69 223
69 226
711 96
70 97
70 712
70 713
70 123
70 839
70 131
70 141
70 149
70 714
70 715
70 166
70 167
70 169
70 716
71 717
71 718
71 719
71 720
71 721
71 722
71 723
72 724
72 86
72 103
72 110
72 111
72 142
72 185
72 199
72 207
725 213
726 134
728 197
729 1026
73 730
73 110
73 614
73 731
73 732
73 135
73 160
73 188
73 199
73 1261
73 221
733 1131
734 96
735 120
736 175
737 97
738 141
739 74
740 85
741 109
742 964
743 195
744 226
74 745
74 99
74 109
74 746
74 747
74 122
74 184
74 189
74 748
74 222
74 226
749 109
750 195
751 1222
752 124
678 753
678 106
678 171
678 754
75 755
75 756
75 100
75 757
75 117
75 119
75 145
75 163
75 170
75 173
75 187
75 758
75 207
75 759
75 216
75 219
75 225
760 103
761 111
762 135
763 199
76 78
76 764
76 765
76 124
76 130
76 830
76 140
76 148
76 156
76 766
76 184
76 767
76 189
76 201
76 768
769 126
770 149
771 89
772 105
773 116
774 175
775 964
776 161
777 192
778 195
779 1131
780 100
781 119
782 170
783 187
77 150
77 153
77 784
77 219
785 86
786 170
787 207
788 210
789 219
790 227
791 83
792 101
78 793
78 103
78 129
78 830
78 142
78 148
78 160
78 172
78 794
78 795
78 178
78 796
78 199
78 201
79 797
79 93
79 798
79 921
79 799
79 157
79 159
79 165
79 167
79 800
79 196
79 203
79 211
79 212
79 215
79 216
79 801
802 208
80 93
80 98
80 108
80 143
80 146
80 165
80 180
80 181
80 803
80 223
81 95
81 99
81 102
81 112
81 133
81 137
81 510
81 147
81 156
81 176
81 177
81 178
81 182
81 191
804 100
805 120
806 126
807 149
808 614
809 135
810 148
811 160
82 812
82 107
82 128
82 813
82 814
82 166
82 196
82 815
82 211
83 91
83 97
83 101
83 123
83 816
83 817
83 818
83 819
83 820
83 821
83 822
83 194
83 823
824 133
825 614
826 134
827 135
828 1261
829 1220
84 85
84 90
84 109
84 114
84 151
84 174
84 180
84 181
84 192
84 198
84 222
84 223
84 226
831 201
85 109
85 964
85 122
85 180
85 198
85 222
85 226
86 832
86 103
86 110
86 111
86 125
86 152
86 158
86 188
86 207
86 210
86 227
87 92
87 96
87 98
87 146
87 165
87 168
87 833
87 834
87 208
88 110
88 160
88 176
88 178
88 185
88 217
88 221
89 105
89 116
89 175
89 835
89 213
90 836
90 114
90 151
90 174
90 179
90 180
90 181
90 572
90 190
90 837
90 192
838 171
840 149
91 101
91 841
91 120
91 842
91 843
91 844
91 235
91 154
91 155
91 845
91 187
91 194
91 846
91 847
91 214
848 122
849 226
850 137
851 140
852 148
853 203
854 213
855 215
857 133
858 177
859 1222
92 93
92 146
92 860
92 165
92 168
92 196
92 861
92 862
863 181
864 198
93 98
93 865
93 108
93 146
93 157
93 159
93 165
93 866
93 196
93 867
856 868
856 869
856 870
856 1222
94 127
94 129
94 142
94 172
94 185
94 202
94 212
94 215
871 107
872 128
873 196
874 134
875 103
876 132
95 99
95 112
95 510
95 147
95 156
95 877
95 164
95 191
95 878
96 106
96 879
96 132
96 880
96 168
96 881
96 208
96 882
96 220
727 883
727 190
727 197
727 1026
727 884
97 123
97 839
97 885
97 886
97 141
97 1028
97 149
97 166
97 204
98 146
98 151
98 165
98 205
98 223
99 109
99 112
99 147
99 156
99 887
99 164
99 174
99 182
99 189
888 162
100 889
100 890
100 891
100 120
100 892
100 126
100 893
100 155
100 187
100 894
895 116
101 896
101 897
101 235
101 898
101 899
101 194
101 214
900 113
901 139
902 183
903 193
904 217
905 218
102 906
102 176
907 111
908 125
909 135
910 152
911 158
912 227
913 151
914 174
915 205
916 1279
103 111
103 917
103 142
103 172
103 918
103 919
103 199
103 207
920 1220
104 108
104 121
104 127
104 129
104 143
104 202
104 223
922 213
105 116
105 128
105 923
105 924
105 925
105 926
105 213
927 120
928 839
929 141
930 151
931 179
932 572
933 235
934 155
935 614
106 936
106 937
106 938
106 132
106 939
106 940
106 941
106 171
106 220
942 146
943 159
944 197
945 198
946 134
947 117
948 203
949 213
950 215
951 216
107 952
107 953
107 954
107 955
107 168
107 196
107 956
108 143
108 159
108 202
108 223
109 964
109 114
109 957
109 161
109 164
109 180
109 958
109 192
109 195
109 198
109 222
109 226
110 111
110 142
110 160
110 178
110 183
110 185
110 188
110 199
110 217
110 221
959 117
111 135
111 960
111 199
112 133
112 137
112 140
112 156
112 164
112 961
112 184
112 191
112 1222
962 124
963 155
965 1131
614 966
614 135
614 160
614 967
614 968
614 1261
614 209
614 969
970 119
971 126
972 155
973 187
974 161
975 572
976 190
977 192
978 197
113 131
113 136
113 169
113 193
113 205
113 206
113 218
979 124
980 130
981 830
982 200
964 114
964 161
964 983
964 192
964 195
964 197
964 198
964 1131
964 984
964 226
114 179
114 180
114 181
114 190
114 192
114 197
114 198
985 162
986 209
987 134
988 1220
989 1131
115 118
115 123
115 138
115 139
115 144
115 153
115 154
115 163
115 173
115 187
115 194
115 214
115 225
116 990
116 991
116 175
116 992
116 993
116 994
995 171
117 996
117 997
117 145
117 173
117 187
117 203
117 998
117 216
118 999
118 1000
118 155
118 163
118 1001
118 186
118 214
118 225
1002 213
119 1003
119 170
119 186
119 187
119 225
120 1004
120 126
120 154
120 155
120 175
120 187
120 1005
120 1006
120 1007
1008 226
121 127
121 129
121 143
121 156
121 189
121 202
121 223
1009 137
1010 148
1011 160
1012 176
1013 209
1014 221
122 1015
122 130
122 184
122 189
122 1016
122 222
122 226
123 1017
123 149
123 154
123 166
123 194
123 224
1018 125
1019 134
1020 135
1021 152
1022 1220
1023 132
1024 197
1025 198
1027 226
124 830
124 1029
124 1030
124 1031
124 1032
124 1033
124 1034
124 201
124 1035
1036 235
1037 155
1038 214
1039 193
1040 510
1041 162
1042 155
1043 162
1044 209
1045 197
1046 1026
125 134
125 135
125 152
125 158
125 1047
125 1048
125 1261
1049 126
1050 155
126 155
126 1051
126 187
126 1052
126 1053
127 129
127 178
127 202
839 1054
839 141
839 149
839 204
128 921
128 196
128 1055
128 1056
128 211
128 213
129 142
129 178
130 184
130 1057
130 189
130 1058
130 222
130 1059
1060 168
131 1061
131 157
131 167
131 169
131 1062
131 193
131 205
131 206
131 218
131 1279
830 172
830 1063
830 1064
830 200
830 201
1065 193
1066 162
132 1067
132 1068
132 1069
132 1070
132 208
132 220
133 137
133 162
133 164
133 177
133 1071
133 1072
133 191
133 209
133 1222
1073 161
1074 195
1075 134
1076 135
1077 1220
1078 1131
1079 152
1080 149
134 135
134 1081
134 1082
134 1083
134 1084
134 1085
134 1086
134 1087
134 1261
134 1088
134 1220
134 1089
1090 177
1091 1222
1092 153
1093 186
1094 175
1095 203
1096 510
1097 147
1098 174
1099 182
1100 193
1101 218
1102 1279
1103 213
135 148
135 160
135 199
135 1104
135 1261
135 1220
135 1105
135 1106
136 169
136 202
136 205
136 206
136 218
1107 149
137 140
137 148
137 178
137 209
137 221
921 196
921 203
921 211
921 213
138 139
138 144
138 145
138 154
138 157
138 163
138 167
138 169
138 173
138 203
138 211
138 224
139 144
139 153
139 173
139 193
139 1108
139 206
1109 172
1110 200
1111 215
140 148
140 156
141 1028
141 1112
141 1113
141 1114
141 1115
141 204
142 160
142 172
142 178
142 185
142 199
1116 155
510 147
510 174
510 176
510 182
510 1117
510 218
143 180
143 189
143 222
143 223
1028 1118
1028 204
144 153
144 169
144 173
144 183
144 185
144 202
144 219
145 154
145 163
145 173
145 187
145 203
145 211
145 1119
145 216
145 224
146 165
146 168
146 181
146 1120
146 1121
1122 200
235 155
235 1123
235 1124
235 214
147 1125
147 1126
147 164
147 174
147 182
147 1127
148 160
148 1128
148 1129
148 178
148 199
148 201
148 1130
148 221
149 1132
149 166
149 1133
149 1134
149 224
150 153
150 1135
1136 208
1137 172
1138 200
1139 215
151 174
151 179
151 572
151 223
152 158
152 1140
152 1141
152 210
152 1142
152 1143
152 1144
152 1145
152 1146
152 227
1147 204
1148 204
153 163
153 173
153 186
153 1149
153 219
153 225
1150 168
1151 196
154 163
154 187
154 194
154 224
155 187
155 1152
155 194
155 1153
155 1154
155 214
156 178
156 182
156 184
156 189
157 159
157 165
157 167
157 169
157 202
157 203
157 205
157 211
157 212
158 1155
158 1156
158 188
158 210
158 227
159 212
1157 161
1158 164
1159 174
1160 200
1161 168
160 178
160 188
160 199
160 221
1162 198
1163 1131
1164 164
1165 174
1166 177
1167 191
161 1168
161 1169
161 1170
161 192
161 195
161 1171
162 1172
162 177
162 1173
162 1174
162 209
162 1175
1176 210
163 173
163 187
163 194
163 214
163 219
163 225
164 1177
164 177
164 191
164 1222
165 167
165 168
165 196
165 1178
1179 226
1180 172
1181 200
166 167
166 211
167 169
167 196
167 203
167 205
167 211
168 1182
168 196
168 1183
168 1184
168 208
168 220
169 202
169 205
169 206
1185 1220
170 207
170 210
170 1186
170 219
170 225
1187 184
171 1188
171 220
1189 204
1190 1261
1191 213
172 1192
172 1193
172 200
172 215
1194 177
1195 191
173 185
173 216
173 219
173 225
174 182
174 1196
174 192
174 205
174 1197
174 218
174 1198
174 223
174 1279
1199 200
1200 195
1201 1131
1202 209
1203 181
1204 198
1205 201
175 1206
175 1207
1208 199
1209 201
176 178
176 217
176 221
177 191
177 1222
1210 186
1211 210
178 199
178 221
179 181
179 1212
179 572
179 190
179 1213
179 1214
179 208
179 1026
179 1215
179 1216
180 181
180 189
180 198
180 222
180 223
180 226
1217 201
181 1218
181 190
181 198
181 1219
181 1026
182 205
182 218
1221 184
183 185
183 217
1223 193
1224 200
184 1225
184 189
184 222
184 1226
185 202
185 212
185 216
185 217
185 219
1227 208
1228 1026
186 1229
186 210
186 225
1230 196
187 194
187 1231
187 214
187 225
1232 195
1233 1222
188 217
188 221
1234 210
572 190
572 1235
572 1236
189 222
189 223
190 192
190 197
190 198
190 1026
190 1237
1238 192
1239 193
1240 1279
1241 195
1242 1222
1243 201
192 197
192 198
192 1244
192 1245
193 1246
193 206
193 1247
193 1248
193 218
193 1279
194 214
1249 206
195 1250
195 1251
1252 213
1253 215
196 211
196 1254
197 198
197 1026
197 1255
197 1256
1257 215
198 1258
198 1026
198 1259
1260 207
1262 200
1263 208
199 201
199 1264
200 215
1265 204
1266 1220
1267 208
1261 1268
202 212
202 223
203 211
203 212
203 213
203 215
203 216
204 1269
205 218
205 1279
1270 226
207 216
207 219
1271 220
208 1026
208 1272
208 1273
208 220
1026 1274
209 1275
210 1276
210 227
1277 226
211 213
1220 1278
212 215
212 216
213 1280
1281 218
215 216
216 219
217 221
218 1279
219 225
222 226
