1293 2512 0
-0.4018225463577589 0.1372558933586470 -0.0886619479096270
0.3067910677272723 -0.2590723135539534 0.1089727521687186
-0.1958689633512757 0.4515729588902059 0.2844280598352715
0.3347436585918015 -0.1489574029936197 -0.1290009700898497
0.4091234855106252 -0.4024153919963327 0.1929946381329120
0.3720433167163371 -0.2095241771410811 -0.1025697158494965
-0.3113894394754687 0.0370445719951019 0.1149027672503996
0.3586782085965337 -0.0921047164727770 -0.2678738479160733
-0.2014375573336318 0.2405918586717536 0.4337080866969389
0.2763670011865547 0.0944810711597278 -0.0090051341574748
0.3179676728219935 -0.3120547473776845 0.1969481511665699
-0.1275895609754903 0.3082462295426232 0.0996703039497338
-0.4142843034520542 -0.4423711082525467 -0.3657216160122749
-0.0936878500866049 0.4807632199666640 0.4489982789679995
0.1362935891914497 -0.4811468879236160 0.2356227868466697
0.0484074401349190 0.0169805135356887 -0.1023331791046716
-0.0308041119309555 0.4075514290427081 0.2355384369916899
-0.1506552361966081 0.1508927552604915 -0.2075749953718421
-0.0072686643634295 0.0390387056021076 0.3872131749199891
0.0320546882953760 0.2199659932353857 -0.1865437339496838
0.3846156648476720 -0.3250082458577007 0.2774949356968622
-0.2529343674832021 -0.3638401325076083 -0.2288613053532981
0.1085574005694625 0.1855001074521596 0.0217859494639234
-0.1099558403203839 -0.3047356185180242 -0.4241259180048350
0.1235694014470513 -0.4128406896227397 0.2732117636195470
-0.2997750104845321 0.4065428435228262 0.0812825720944399
0.3618236299321930 0.1275835135740684 -0.4208073102757450
-0.0751673602160032 0.2570546506094583 0.2268206381406772
-0.4749896557576569 0.1605364576233503 -0.0265057313946385
-0.4544533854824288 0.0787266134658149 -0.2686609933275997
-0.2868234851637748 0.0964263619010979 0.3951423999932556
-0.1510274213517199 0.2218552359186919 -0.3850368042953780
-0.2381667203942373 0.2005647239800367 0.0769394252559473
0.1972621188634076 0.1894327221643279 0.1707717278517279
0.1014354954486761 -0.1609528371200340 0.3233710603367409
0.2315400062821251 -0.0886270277683920 0.4391142110846093
-0.4712718138810995 0.2685498346741622 0.1203134814454671
0.1592224389964843 -0.0120579510542611 -0.4670114092981182
0.0622999817071765 -0.3816008746204994 -0.1214251584473129
0.0126919602563534 -0.0814076008646016 0.3862457223914212
0.2518480125140706 0.0175929796791299 -0.2790881155941660
0.0425846924904065 0.2216087707015750 0.2787811331958296
0.0950917083805395 -0.1261789123884803 0.4155452016512579
0.4365658808757641 0.0481761515538161 -0.4606166806463786
-0.4879681455248495 -0.2170057013619754 -0.0868753188776774
-0.4054185912823302 -0.1927869743094787 -0.0263764055759593
0.0965204530920492 0.4341400161897596 0.0656553871655934
-0.0998607313206822 0.2128178611188847 -0.4546149155099176
0.0138385380685161 -0.2583418259796937 0.3231800410484333
0.0722815207179676 -0.0899497431205204 -0.1467479510592956
-0.4675942269309697 -0.1489319999721626 0.2059419568740480
-0.3961174435490880 0.0812841012964336 -0.0870019621747785
0.2016619091715134 -0.0680863402814371 -0.2360645656974636
0.1730745142311943 -0.2465495366769614 -0.0346178356996567
0.2483857587547272 0.2922278128021683 -0.1656744960675276
0.3700363749256653 0.4329676269331434 -0.2078815857067801
0.2286601050779926 -0.3142170375677621 -0.4816545391663019
0.2992562946794352 0.0882145263375396 0.1251910130678204
-0.0632447751542849 -0.3692079616370965 0.4011614889009631
-0.0861745657569872 0.3286093955747575 -0.3145004783759030
0.0880953738102635 0.4224507260463699 -0.0257454586989654
-0.3873071784706355 -0.2720416726328418 -0.1067485370712569
0.2390610885083911 -0.1904533978395963 -0.1236019058733718
0.2092251511803608 0.0756098187564669 0.2194787794865630
0.4656357958227239 0.0236655592522188 0.3561597807575013
0.0855387888910722 -0.0762899087529536 0.2356724207082370
-0.3702642606725038 0.4015080420012276 0.4329342345988024
0.2399428167480032 -0.2416635287984790 0.4350888736627814
0.4109790609266301 -0.1218454648903582 0.4192522750797101
-0.4703639421970359 -0.4052884260889204 0.3263345302477499
0.0358520370536832 0.1224614375259564 -0.4618909202161218
-0.2011482707502773 -0.1623222061625638 -0.3069640903230703
-0.4879537408609982 0.4571784084375481 0.4135262620321677
-0.1544669439254205 -0.1773628152508880 0.0578930561196304
0.0673051111037819 -0.3323180492659336 0.2888615507334369
0.1392798487125785 -0.0238800981047208 -0.4588719987438374
-0.2683211884843319 0.2304370756360700 -0.4432258554268386
0.3275274809413969 0.1424332240332444 0.4776758035365526
-0.3850726040420509 -0.2968981200603492 0.2463287988971979
0.0929539962775177 -0.0737817903859873 -0.2328321477866055
-0.0168042529068407 0.3363922758559511 0.4520658573405461
-0.2765158209682270 0.4548491227575852 -0.0337407463892659
-0.1642516453934765 -0.4446229097306300 0.3231169029769308
-0.1030496256133259 0.0121901587269818 0.3307721173445088
0.0406563189556702 0.1370348158005576 -0.3868096893380855
0.0180471059887450 -0.1289150290846797 0.1729284672825471
-0.3815024294045580 -0.1568952620866452 -0.3976783332511133
0.3949736425793746 -0.4028231271634199 -0.3489184881263337
0.3242872106425652 -0.3925313603873235 -0.0314575318403070
0.2491870285571275 0.2484783581385456 0.0042668539962497
0.0424244674446324 0.0753928595514680 0.1403047045990611
-0.2174143983931399 0.3191394151455951 -0.3243850261462580
-0.0687717678123957 0.0713601987843165 -0.1311085438364198
-0.4380560662747113 -0.1900136297990981 0.2372294567819652
-0.3261299070044513 0.0219986046185396 0.1633183535150498
0.1058441022399675 -0.1322985870517991 0.3076660221695092
-0.0959855382759885 0.2341527683543224 0.1442776278742552
0.0812813531709733 0.1440518062953947 0.3607887404182146
0.1371025322979714 0.1719303393939894 -0.2205778244307546
-0.2798022535880396 0.1135046351603740 -0.3996198083041684
0.1735918051884507 -0.4011068389644571 -0.3550522869707262
0.1069873958956078 0.2944547151118551 -0.2095543631968486
0.1325982466707835 -0.1689264495177559 -0.4050318306083242
-0.3158054639895590 0.3450596071812955 0.2874123344755413
-0.2315919625696121 -0.3780291983718764 0.1790413172276019
0.0195365599088514 -0.2318619125181312 -0.3445842844956838
0.3376199076150819 0.2276981044832368 -0.2116140950490321
0.3031995885910236 0.1882149529342537 -0.4486622534441421
-0.0509122690319558 -0.4294441756341350 0.1796019544444856
0.1159424058259643 -0.2703919963914442 0.3557034184393857
-0.3873894945269917 0.0347952373963200 0.0564039478750689
0.1991543425585547 -0.2600914104938005 -0.3625148151117836
-0.2152772233117958 0.4230691970590626 0.1946020453382299
-0.1721510783152247 -0.3633963462241706 -0.3851075048964351
-0.3541970158773474 0.1284437515678613 0.2273932246727272
0.0809916152576142 -0.3092680489129876 0.1748091208522620
-0.4114778747116281 -0.3549849594707449 -0.3799252867973800
0.3746691426331267 -0.2307646112117790 0.2137249424194272
-0.2439342719850676 0.0049343133565921 0.2442787414015959
-0.2171461941501240 0.4616147346247551 -0.2819553191707888
0.4577329481787866 0.1685328591730967 0.0547045590071010
0.3606077077424114 -0.1125474425294043 0.1290202317923426
0.3310709817226908 0.0246885908333605 -0.2917578918841480
0.1585144928139775 0.0304894617199752 0.1074812638775879
0.4331678598900855 0.0175151553940880 0.1284628672042257
0.2058522073230719 0.3901887717787113 0.1507653111075591
-0.4273820532025053 0.4865319660690663 -0.3377040756871186
-0.1400443138803776 -0.3137350327868718 0.1093951129556724
0.3035053968669328 -0.1375791551167572 0.0851637858752986
-0.3397473674865001 0.0307946283502304 -0.4820109372282719
0.2230013416882900 0.3823024068647358 0.2013519143957826
-0.1394464961947157 0.1598998566119743 -0.0301549425313935
0.1963133871496510 0.2288440352216161 -0.3102952373817437
-0.3718327105761024 -0.1358264604478885 0.3633015863972423
-0.0056797619307493 -0.4153125274014174 0.4755553789868215
-0.3571765288777710 -0.2679230819883891 0.3673181151396057
0.0094048173865584 0.0641872463679727 0.3363879774358230
0.3725914857649056 -0.0393509655570246 0.0497494780062168
-0.1688416832152137 -0.4681144085914348 -0.0788009574188554
-0.1321412448111033 -0.1702991396590140 -0.3901398204972199
0.3681084117390170 -0.0280702326412255 -0.0906781430645928
-0.2904059105589876 0.1868725233533449 -0.2011272007905635
-0.0695363750074600 0.1834676175306657 0.2855330354737351
0.0012678229357552 -0.2439792825477565 0.4531686461545335
-0.1012533114274809 0.1870440310198629 -0.0626000722381908
0.1467679140766676 0.2863829920606010 -0.4356722279854083
-0.0166999272687170 0.4742065819647711 0.3568712849378339
0.4643356741318732 -0.1348794433713617 0.3598798253075580
-0.0255978853558521 0.1875571803230013 0.0090491131077650
-0.3423226580911582 -0.1646928072424614 0.0915848634769627
0.2767349241438787 -0.4564695156226608 0.0027652745009489
-0.1839462203357869 -0.0577632917260642 -0.1573702359468462
0.4564675657376729 -0.4248575281457104 -0.2516644722015828
-0.2493220925272927 0.1917496097666880 0.2020664949265851
-0.3580488993412959 0.2844052237603122 -0.0213645744001373
0.2883709513841906 -0.4449914047339066 -0.2970579445415196
-0.0391878292614071 0.3187533639202426 0.1176492348407217
-0.4713094716768635 0.0651068410000255 0.2002393890706261
0.0242647815593158 0.0891548847121780 -0.1560547536425867
0.0556885226041789 -0.2304014390997247 -0.4745558501380637
-0.3823725210608627 -0.3845700575600051 0.2372051411261312
-0.2170047594459088 0.4170352465680334 0.3571299297475880
0.4220246255545154 -0.1149498737024623 0.0661134853285441
-0.4674131343560819 -0.2071408380271263 0.1870290115717362
0.2871326994556050 -0.1229047105507963 0.3915829325948748
-0.2534515326287123 0.0605892513300541 -0.2374296555469387
-0.2407185129611923 0.1767934623367334 0.0506709334339932
-0.1803543544018502 -0.3311394241182934 -0.0388014958006817
0.2809956349220197 -0.2222634390322327 -0.0718758863033292
-0.2774522463134921 0.1111675920871120 0.4792695730940343
-0.3874015447512749 -0.0765782620683986 -0.2385465033580610
0.2777092850407066 -0.3870489125893967 0.2695783579398798
0.4505954920519682 -0.1174985030942624 0.3536360012287257
0.3884782207457652 -0.1882813465505270 -0.1996323445448403
-0.4251695490347535 -0.4192338409880000 0.4299675816736666
0.3286743425690130 0.2796553282545035 0.0951080401618308
0.0488012251064560 0.0051369194367337 0.2654587310396664
0.1940226994989483 -0.1006494004787938 -0.3476031584219589
-0.0579987896657750 0.2817543439608031 0.4163312475144856
-0.1984782846156083 0.0505657522278864 -0.3268839636139150
0.2798870801367319 -0.4337726550249081 -0.3292840608359235
0.1528220856323089 -0.4348793326154394 0.0756812433678865
-0.1173617040391544 -0.2316648926726425 -0.2917421278323788
0.4395949285575460 -0.3723089820129178 -0.4126668896728234
0.0668609170449396 -0.2885177254064580 0.1829561834242328
-0.4497657439725748 -0.0434567228664913 0.2047464820930260
0.0176714525059222 0.3106420353524645 0.1947657738243075
-0.4236087137318537 -0.0700565524282251 -0.1115774533444396
0.3253906607558019 0.1340271554343080 -0.3665588741196621
-0.1772927540769999 0.0290092618938511 -0.1683800776565197
-0.2652608500107940 -0.1593888097134551 -0.4071319061899895
0.0043078587144963 -0.1209581433323524 -0.0880498554429192
0.3664507181165663 -0.2070194119163304 0.1236246344797450
-0.1117553798957699 -0.1920937835214882 0.0891907834580177
-0.4252053233828879 0.4774507627526450 0.4795122329585644
-0.4701913428624488 0.2683644610543170 -0.0874082391851514
0.2269429989370466 0.0422188821073177 -0.2326324919109796
-0.4618601187342510 0.3571947559677832 0.2207873331556130
-0.3163935499541659 0.4420540371347133 0.2908009228861326
0.2848081124110232 0.1424621978743894 0.1620977736855042
-0.1038972772901591 -0.2501264376903236 -0.2854129500025585
0.3815557394773307 0.3820273488846321 -0.1484861430234421
-0.0541521795939064 0.2698245746585226 -0.0190684087012175
-0.1933361787800225 -0.0149567185724892 -0.4512859293586825
-0.2163384114445436 0.0182614075264286 0.3672106635926261
-0.2513977121581580 -0.0332169301589349 0.2142372503713571
-0.1107453203254146 -0.0089896277840700 0.1400464405115345
0.3593019864189559 -0.2920099363483263 0.3674691575047237
-0.4461134208617405 -0.1982803129540061 -0.3848662059217809
0.1652534139636463 -0.3565368459382310 -0.4699904446578586
-0.4368022512028218 0.3693195879621268 -0.0454847879255440
-0.1326466754150261 -0.2832760097871678 0.0871600176588878
0.3178833835501357 -0.2862982381914932 0.3356588660984222
0.3215182225642997 -0.1690588342403186 -0.4571693305926676
-0.2953696140904949 0.2288219069264552 0.3705193417942551
-0.3740201755854421 -0.0307976853268542 0.0694065025505475
0.0003626784752169 -0.1180607182562130 0.2445480618613048
0.1890957469471015 -0.2212218298128787 0.3235454202373089
-0.0585836533910103 -0.3495052429031497 0.0723692325905697
0.3984322656911929 0.4844974356711332 -0.0924742402967657
0.1760323525498162 -0.4165956394774224 -0.4029406431880769
0.4057294851689302 -0.1604899054244486 -0.1867162330794253
-0.3899803441147491 0.0472509749042323 0.4576785450785078
-0.4745186427020106 -0.2752394150036410 0.1625458318962045
0.0183774657468070 0.1746650784329415 -0.1635854639987218
-0.0483863879694070 -0.2776006261254778 -0.1516465261175924
-0.1972248414038528 -0.2431566449801499 0.2015978352738886
-0.3307829566507493 -0.4213581558989213 0.1893231155521410
0.3198103405231720 0.1327469893924266 -0.0441448926413435
0.3236192689936119 -0.0065519982615468 0.2318993351518135
-0.0152197030683476 -0.0702017711621211 0.0408628905859980
-0.0940369101406598 0.4493778840638896 -0.1200431546072409
0.0912835636231633 -0.2024465548559982 0.0663046536763760
-0.4377834336344806 -0.3489599977322265 0.4513589575912507
-0.1208826394421559 -0.1139978567783338 -0.2234321817874467
0.0099961770360139 -0.2033079585228568 0.4379206085022386
-0.2804052875549345 0.2415947745378196 -0.0389573430489171
-0.0331229546572123 -0.3075190730142622 -0.4587158665541818
0.2259451310706088 0.1355487295138554 -0.3340411905705356
0.0077044772576850 0.1001169553681999 -0.3200096173214248
0.4515543102276427 -0.4573534269506315 -0.4577286364366398
0.2724770609355888 -0.1719104935830611 -0.1856814635611327
0.1884974385691133 -0.3287735271601666 -0.1008205804311920
-0.4963935380630916 0.0602342405378018 0.4888965226591563
0.5000000000000000 -0.3514369439403315 -0.2143586117069027
-0.2612472162303577 -0.4546384315884228 -0.5000000000000000
-0.2079160866197899 -0.4350679799729884 -0.5000000000000000
-0.2643833345357440 -0.4338543013458834 -0.5000000000000000
0.5000000000000000 0.0703150820207258 0.1892267061459956
0.5000000000000000 0.1005970259697149 0.1230860911504610
0.5000000000000000 0.0753427060993783 0.1381326430753003
0.5000000000000000 0.0475302849722894 0.0858363022556584
0.5000000000000000 0.0868212915028980 0.1406294223227159
0.2431265324001432 -0.5000000000000000 -0.0030339169851213
0.1613135892374771 -0.5000000000000000 0.0377263408788271
-0.5000000000000000 -0.4646866694957563 -0.1311379199116134
-0.2906152883569237 0.5000000000000000 0.1925665884554110
-0.0998183538503440 0.5000000000000000 0.2717835984057766
-0.1681488216768894 0.5000000000000000 0.2965440433523115
-0.2238627558431424 0.5000000000000000 0.1976464609728234
-0.1665055869476399 0.5000000000000000 0.3381584110352978
-0.2296505538964775 0.5000000000000000 0.3656214040758862
-0.2462020011223031 0.5000000000000000 0.2930923598031042
-0.5000000000000000 0.0381931560544491 0.4909596967639800
-0.3883211315266517 -0.2408854966705277 0.5000000000000000
-0.5000000000000000 -0.2131715289100021 0.4791784018489637
-0.5000000000000000 -0.2527461260041010 0.4840268447549042
-0.5000000000000000 -0.2950954404375995 0.4926158635775873
0.5000000000000000 -0.4887863346813987 0.2700000927381370
0.5000000000000000 -0.3768665098007231 0.1919348925662249
0.5000000000000000 -0.4294723726246366 0.1856968280871925
0.5000000000000000 -0.3524860065684902 0.1251346960306222
0.4648617379172683 -0.5000000000000000 0.3403014767073697
0.4178802687255265 -0.5000000000000000 0.1842951318915501
0.4062567334699603 -0.5000000000000000 0.1854488430068295
0.4277268841850195 -0.5000000000000000 -0.0280175038166343
0.4503342095568810 -0.5000000000000000 0.1557910203973860
0.3321460323936293 -0.5000000000000000 0.2401172808963596
0.4209914020673386 -0.5000000000000000 0.2855003586922912
0.5000000000000000 -0.4344940240369468 0.0556751881639528
-0.5000000000000000 0.0825084676789299 0.4336032930343700
-0.5000000000000000 0.0940815538576871 0.4876007214202792
-0.4848897481284191 0.0573527740771575 0.5000000000000000
-0.4939777292764906 0.0715307459329203 0.5000000000000000
-0.5000000000000000 0.0573045640337712 0.4621889929497449
0.5000000000000000 -0.1317692305557315 -0.0938493988711316
0.5000000000000000 -0.2544929429431828 -0.0659182095551518
0.3015205009124151 0.4251599893405960 -0.5000000000000000
0.2003262768207440 0.3414496130685795 -0.5000000000000000
0.5000000000000000 -0.0245192396000633 -0.2379267076991347
0.5000000000000000 -0.1168778969884953 -0.2971400658330825
0.5000000000000000 -0.0065047243850596 -0.2639542180257948
0.3228993681345447 -0.0515329340380545 -0.5000000000000000
0.5000000000000000 -0.0996425620246326 -0.2365806590536094
0.5000000000000000 -0.1017574023562959 -0.3118879727535326
0.0457038086183145 0.1488300594733813 -0.5000000000000000
0.1297284853246078 0.2788095277008678 -0.5000000000000000
0.0132914557094288 -0.3792126335390721 -0.5000000000000000
0.0196203724771128 -0.3114511228249085 -0.5000000000000000
0.0612302931389306 -0.3682308087401058 -0.5000000000000000
0.0228780684896699 -0.3831444964121513 -0.5000000000000000
-0.0170675547065694 -0.3535166540287683 -0.5000000000000000
-0.2481738731114554 0.2954130748305075 0.5000000000000000
-0.1733544633685159 0.2414821978679686 0.5000000000000000
-0.1674429761098782 0.2805644306645401 0.5000000000000000
-0.0312475050633025 0.1473836848502130 0.5000000000000000
-0.2100480052181485 0.2145372687844327 0.5000000000000000
-0.2108724738842293 0.2390981244402938 0.5000000000000000
-0.5000000000000000 0.1625404750152045 -0.0355348329819990
-0.5000000000000000 0.1047214964127028 -0.2155380209154478
-0.5000000000000000 0.2489079090943427 -0.0855254096610816
-0.1290088395699112 0.2132104868471119 -0.5000000000000000
-0.2525797117455999 0.2256661668848176 -0.5000000000000000
0.3692950814413781 0.4699666160976127 -0.5000000000000000
0.3445214992182002 0.3670019775882614 -0.5000000000000000
0.2973811270085797 0.4133126332080546 -0.5000000000000000
0.4212054781681170 0.4834881323923201 -0.5000000000000000
0.5000000000000000 -0.3420413848279901 0.2267258381254678
0.5000000000000000 -0.3055594205016237 0.1999286597418344
0.5000000000000000 -0.2017465144633127 0.3083479551664475
-0.3735810776910572 -0.5000000000000000 -0.3583654374340842
-0.3767764680977740 -0.4036101972938623 -0.5000000000000000
-0.4383842417861108 -0.5000000000000000 -0.2928915948920284
-0.5000000000000000 -0.4255077617119429 -0.2714326287015847
-0.3030443728577801 -0.5000000000000000 -0.3665680748320737
-0.3241373233742863 -0.5000000000000000 -0.3016305642185347
-0.3523545011923374 -0.5000000000000000 -0.3820220697679559
-0.4210996133487327 -0.5000000000000000 -0.3999813480359257
-0.5000000000000000 -0.3918829632952255 -0.1931301187100010
-0.5000000000000000 -0.4826371966642017 -0.2102201831613987
-0.3783689025765161 -0.5000000000000000 -0.2957214107342148
-0.3986171695473823 -0.4681891343602946 -0.5000000000000000
-0.1395310767094339 0.3450862343106406 0.5000000000000000
-0.0751589900625756 0.5000000000000000 0.4529670083592673
-0.1198888028277458 0.4987613370665727 0.5000000000000000
-0.0803301589940180 0.5000000000000000 0.3475590721354461
-0.1603916501413996 0.4768220379199680 0.5000000000000000
-0.0895966520632809 0.4872122598391221 0.5000000000000000
-0.0978048797092454 0.4682833265546421 0.5000000000000000
-0.1010129622773446 0.5000000000000000 0.4406305322055205
-0.0357019027641197 0.4480850667075983 0.5000000000000000
0.1251023196154692 -0.5000000000000000 0.2322951486136176
0.1303838956268073 -0.5000000000000000 0.2168784592310098
0.0484992847262490 -0.5000000000000000 0.1472509693992108
0.1548174103460636 -0.5000000000000000 0.2439962547379294
0.1248952458239922 -0.5000000000000000 0.2047771391503541
0.1398884624445247 -0.5000000000000000 0.2365656664651279
-0.0643467196148813 0.5000000000000000 0.2632966633049229
-0.0200368103489599 0.5000000000000000 0.2235135164641024
-0.0419633088447805 0.5000000000000000 0.1258915074132596
-0.1032415797959433 0.2593736438848827 -0.4957604871953352
0.3292710657963053 0.1454058265162475 0.5000000000000000
-0.4338108938259721 -0.1793615326149637 0.5000000000000000
-0.0698487351554694 -0.0119195620166494 0.5000000000000000
-0.0011122410381563 0.0138561341934279 0.5000000000000000
0.0430907458495067 0.0840961316850270 0.5000000000000000
-0.0858415782356752 0.0694038583626904 0.5000000000000000
0.5000000000000000 -0.3143013406063260 0.1529518989597750
0.4675098294554579 -0.5000000000000000 0.3673593963210178
0.4679984692006467 -0.2500450769472453 0.5000000000000000
0.3920943286006663 -0.5000000000000000 0.4305839936879365
0.5000000000000000 -0.3633100533444314 0.4236831734735275
-0.1931526332320021 -0.5000000000000000 -0.2971258011990988
-0.1777584839389145 -0.5000000000000000 -0.3268708973294915
-0.1739438916218420 -0.5000000000000000 -0.1956738508270353
-0.2273520871423724 -0.5000000000000000 -0.3337436756718535
-0.2485551918298846 -0.5000000000000000 -0.2420045810541213
-0.0794367296712239 -0.5000000000000000 -0.3116760070898673
-0.1001275773065839 -0.3529860341850050 -0.5000000000000000
-0.1235793365624339 -0.3872451808393612 -0.5000000000000000
0.3109168889547611 0.5000000000000000 0.2077628480680456
-0.1385607610342958 -0.3414254089097558 -0.5000000000000000
-0.0767330255847176 -0.5000000000000000 -0.3145397638815373
-0.0775934594558780 -0.3096486186282639 -0.5000000000000000
-0.0792833351218013 -0.3934935585902518 -0.5000000000000000
-0.0564025881828299 -0.2599290548259988 -0.5000000000000000
-0.1215088349441358 -0.2263345533411885 -0.5000000000000000
0.1248584387530347 -0.3472753226369996 0.5000000000000000
0.0546810686571510 -0.3759869111136531 0.5000000000000000
-0.5000000000000000 0.4093971121560246 0.4826798643472583
-0.5000000000000000 0.4498847197473078 0.4291945697568825
-0.5000000000000000 0.4423427571815279 0.4942566097716630
-0.5000000000000000 -0.1199433768155331 0.4170706961752210
-0.3756605684514907 -0.4940167646846227 -0.1394368137593189
-0.1937428955528377 -0.5000000000000000 -0.0833668642436998
-0.5000000000000000 0.3932049823462085 0.1433518177835405
-0.2986817426579335 0.5000000000000000 0.1804436427430128
-0.3866614999185098 0.5000000000000000 0.0506398931019939
-0.2798314153561141 0.5000000000000000 0.0753854553865247
-0.5000000000000000 0.4369513975047894 -0.0316244594228338
0.5000000000000000 0.1317392543816168 -0.2986316748106065
0.3924711307525591 0.1071616781666695 -0.5000000000000000
0.3332541636030718 0.0232499988220733 -0.5000000000000000
0.3279235939749754 0.0638446834516800 -0.5000000000000000
0.3370289475497352 0.1239115765036400 -0.5000000000000000
0.3807195343862294 0.1592895704500921 -0.5000000000000000
-0.5000000000000000 0.3263856853043927 0.1358907793578477
-0.5000000000000000 0.4386487757556335 0.3401150498192658
-0.5000000000000000 0.3755788615530067 0.1841624468984117
-0.5000000000000000 0.3837360456628590 0.0863110981562808
-0.5000000000000000 -0.0006069741291182 -0.1050904011919570
-0.5000000000000000 -0.0914580121856404 0.0014044610668449
-0.5000000000000000 -0.1028167236880052 0.1082493230873663
-0.5000000000000000 -0.0240977351026837 -0.0123252450560498
-0.5000000000000000 -0.0364319765723922 0.0210339398393900
-0.5000000000000000 -0.0516144284789305 0.0867494434945454
-0.5000000000000000 -0.0607804795705650 -0.0254997872146080
-0.5000000000000000 -0.0515412854722049 0.0228302165808538
0.1135880332571557 0.2006894267573847 0.5000000000000000
-0.5000000000000000 -0.1423665575195675 0.2252649471406940
-0.5000000000000000 -0.1655292667845707 0.2575373510359181
-0.5000000000000000 -0.1266329741220216 0.3290653894052323
-0.5000000000000000 -0.0654276875460454 0.2319196511447421
0.1969981053788143 -0.0765747990677653 0.5000000000000000
0.0606244048045032 -0.0668830067688279 0.5000000000000000
0.1040744349782600 -0.0969721989769994 0.5000000000000000
-0.5000000000000000 0.1742919526394585 0.0859127097432416
-0.5000000000000000 0.2125561716198532 -0.0073877017230540
-0.5000000000000000 0.1506925121596100 -0.0179358357503956
-0.5000000000000000 0.1249053908091789 0.0494766669483422
-0.5000000000000000 -0.0215340252010878 -0.2600504524788265
-0.5000000000000000 0.0232438677916586 -0.3370515766563920
-0.5000000000000000 0.0967774562269099 -0.3248201528810180
-0.5000000000000000 -0.0042127053334356 -0.4684696990936846
-0.5000000000000000 0.0931111119767522 -0.1685423989045289
-0.5000000000000000 0.0822885537062377 -0.2519680703047651
0.1016249974539412 -0.4899551067420864 0.3954822674835851
-0.5000000000000000 -0.3953411592680294 0.3229472539746517
-0.5000000000000000 -0.2877604451277206 0.1863844495117277
-0.1231608360807213 0.1465565011570581 -0.5000000000000000
0.5000000000000000 0.2692634572081802 -0.0868689983634216
0.5000000000000000 0.2867305567635278 0.2349128647117307
0.5000000000000000 0.2345914606653249 0.1064842684495413
0.5000000000000000 0.2729257229070787 0.1308097798740254
0.5000000000000000 0.2904792241502991 0.0880199263848911
0.5000000000000000 0.3528494052967081 0.1552098466330908
0.5000000000000000 0.3125029886701745 0.0922741507972358
-0.1095883640445539 0.5000000000000000 -0.3822993918762933
-0.1785311656506827 0.5000000000000000 -0.3302510483017558
-0.0109927736575367 0.5000000000000000 0.3700800328611764
0.2541427886181177 0.2119685396898212 0.5000000000000000
0.1342322260648486 -0.1377765865130400 0.5000000000000000
0.2601078405954907 -0.1055197258013650 0.5000000000000000
0.2316083213343975 -0.0128884322217860 0.5000000000000000
0.2504418984601761 -0.0648924407234336 0.5000000000000000
0.1218758800705291 0.0298762394217792 0.5000000000000000
0.2565176412350953 -0.0699387944647617 0.5000000000000000
-0.5000000000000000 0.2202100224028673 0.1541402985578409
-0.5000000000000000 0.3019920246880953 0.0589642366394384
-0.5000000000000000 0.2820297381754431 0.1466476186112052
-0.5000000000000000 0.2763774812521788 0.0751339610305675
-0.5000000000000000 0.3054842889987146 0.2593099853225270
-0.5000000000000000 0.1521378262659389 0.0913961594466970
0.4012438671823949 0.5000000000000000 -0.1961952487952634
0.4052489408586009 0.5000000000000000 -0.0994501223073203
0.1839621837732061 0.5000000000000000 -0.0077248471159607
0.2609329223436027 0.5000000000000000 -0.0958167016684201
0.3147205807446163 0.5000000000000000 -0.1383742626275902
0.1870782254497032 0.5000000000000000 -0.0535890471658079
0.3189687499750316 0.5000000000000000 0.1430822305046756
0.2436789650235842 0.5000000000000000 0.0051454993244280
0.3043490481197151 0.5000000000000000 -0.1002363501342585
0.3712185414947443 0.5000000000000000 -0.0890014767161203
0.1321496285102366 -0.0110450970891559 -0.5000000000000000
0.1801891504015179 -0.0231088236275876 -0.5000000000000000
0.2211294851143925 -0.0242509345753780 -0.5000000000000000
0.1898499353771802 -0.0135317719643268 -0.5000000000000000
0.1893402694369191 0.0159728012063813 -0.5000000000000000
0.1775622348562230 -0.0169072452740655 -0.5000000000000000
0.1553392205801290 -0.0012529041652511 -0.5000000000000000
0.0322566717595482 -0.1496966836079058 0.5000000000000000
0.0636268775300402 -0.1607192567951059 0.5000000000000000
0.1351582729089664 -0.2112609431740483 0.5000000000000000
0.0632148174034994 -0.2088489963596832 0.5000000000000000
0.0196063837754684 -0.2172091772008181 0.5000000000000000
0.0266813928326283 -0.1934381534598411 0.5000000000000000
-0.1062894364273816 0.2331173156010362 -0.5000000000000000
0.0176987964792526 -0.5000000000000000 -0.0536198559253844
0.0970045450823232 -0.5000000000000000 -0.1222354830521175
0.0924169651697008 -0.5000000000000000 -0.1572403887360538
-0.0052674331432826 -0.5000000000000000 0.0648679102183387
-0.0735074835224916 -0.5000000000000000 -0.3092800483450390
0.5000000000000000 0.2203757897777410 -0.1529740175750925
0.5000000000000000 0.0686356120548393 -0.1786367656922395
0.5000000000000000 0.0895619806124849 -0.0920870771653630
0.5000000000000000 0.0430177913479052 -0.1882776448530818
0.5000000000000000 0.0344175680306007 -0.1612561911286208
0.5000000000000000 0.0283940829388368 0.0009050783313787
0.5000000000000000 0.0556466182585102 -0.1588654198282065
-0.5000000000000000 -0.2021457920239889 -0.1172828272771050
-0.5000000000000000 -0.1179297931357036 -0.2464328572470089
-0.5000000000000000 -0.1098518057379503 -0.1936474050654433
-0.5000000000000000 -0.1673757352481905 -0.3166502406566220
-0.0819560338001633 -0.1556648884466423 0.5000000000000000
-0.0583819552341550 -0.0832825942213495 0.5000000000000000
0.0106533109510566 -0.0570791605915417 0.5000000000000000
0.0478943451353925 0.0558153116825776 0.5000000000000000
-0.1685535086440589 -0.5000000000000000 -0.0836922539290241
0.3034654619891620 -0.0316116259615999 -0.5000000000000000
-0.2296257740849858 -0.4553113458257455 0.5000000000000000
-0.2568125662717468 -0.4276962225960744 0.5000000000000000
-0.2863934443357958 -0.4471470058363914 0.5000000000000000
0.0803139459433243 0.2503344650102970 0.5000000000000000
0.2230266928363987 0.2164173153623972 0.5000000000000000
-0.5000000000000000 -0.3161631022190700 0.0417852253299006
-0.5000000000000000 -0.3744166389468618 0.0975441159741016
-0.5000000000000000 -0.3632778865323354 0.0980565958578927
-0.5000000000000000 -0.3692369657103562 0.1161052227398897
-0.5000000000000000 -0.3498479663914195 0.1201310914604578
-0.5000000000000000 -0.3703226181127669 0.1124580791089656
0.0651926512402882 -0.0906463516553219 0.5000000000000000
0.0694033656824225 0.0323168384484029 0.5000000000000000
0.4282652733687582 0.0468638885279711 -0.5000000000000000
0.5000000000000000 0.0416511145933868 -0.4901949863145587
0.5000000000000000 0.0266647914086179 -0.3333913285765722
0.5000000000000000 0.0985340092995208 -0.3416946550439853
0.4663158966911659 0.1013429134698488 -0.5000000000000000
0.4267311989713600 0.0672400375000309 -0.5000000000000000
0.5000000000000000 0.0406763419956616 -0.4606709481841876
0.3831479648075614 0.0081537412136345 -0.5000000000000000
0.4587050258830599 0.0128059267587156 -0.5000000000000000
0.5000000000000000 -0.0322454194644590 -0.3923252098986495
0.4203026181408821 0.1014435359476407 -0.5000000000000000
0.4619097449637700 0.0272108113887156 0.5000000000000000
0.4374214704622638 -0.0407113442447807 0.5000000000000000
0.3598327910581575 0.1147750537273976 0.5000000000000000
-0.4223048993515226 -0.1170005020895991 0.5000000000000000
-0.4079901965201677 0.0287996175181854 0.5000000000000000
-0.5000000000000000 -0.2212109543433229 -0.0693102763687038
-0.5000000000000000 -0.2251561273797544 -0.0946622792441889
-0.5000000000000000 -0.2523395828230835 -0.0930675567180231
-0.5000000000000000 -0.2066335421195024 -0.0588879657496492
0.4884073183661600 -0.3553948390864534 -0.2259838524498486
-0.5000000000000000 -0.1907628041166776 -0.4611023049177567
0.5000000000000000 -0.0031694126789440 -0.2408884875354914
0.5000000000000000 -0.0125500119273825 -0.2026979578634381
0.5000000000000000 -0.0481887565358908 -0.2193875768565110
-0.5000000000000000 -0.0484522246472678 -0.3584006697053243
0.5000000000000000 -0.3475767119339738 -0.2695341719869345
0.5000000000000000 -0.3410055424486526 -0.4813524704993645
0.4414927563272148 -0.1114032571169346 0.5000000000000000
-0.1177711427646650 -0.3124328129266246 0.5000000000000000
-0.1515970055891012 -0.1309803650704427 0.5000000000000000
-0.3323690312210991 -0.2376476424050283 0.4926402045243842
-0.0495704189962000 -0.2426580421082301 0.5000000000000000
-0.2020188727697601 -0.1128881637064405 0.5000000000000000
-0.1909357717635377 -0.2402838651620275 0.5000000000000000
-0.0548358728919654 -0.2149983169688999 0.5000000000000000
0.1469259826422460 -0.1580677600308943 -0.5000000000000000
0.2653348528859447 -0.2542829149031249 -0.5000000000000000
0.0700005948486373 -0.2191727422380243 -0.5000000000000000
-0.3766494636348641 -0.1983250009986804 -0.5000000000000000
-0.2950844267369133 -0.1973852039918943 -0.5000000000000000
-0.4187498650753581 -0.2289597654410425 -0.5000000000000000
-0.5000000000000000 -0.1977795414186740 -0.0354473740251875
0.1614570321202311 0.5000000000000000 0.0627830600371050
0.0891439709330542 0.5000000000000000 0.0456002972181545
0.0489067726618495 0.5000000000000000 0.1311516910599029
0.1307278285335665 0.5000000000000000 0.0742466628782061
0.0388906055877636 0.5000000000000000 0.0401974399884690
0.2454661531573378 0.4468504130949194 0.5000000000000000
0.2254205991095876 0.3963987602261415 0.5000000000000000
-0.1113086246500704 0.1591805388107510 -0.5000000000000000
-0.0634714907200735 0.2552165075856969 -0.5000000000000000
-0.0720933358811435 0.1930212622906065 -0.5000000000000000
-0.3513119967768782 0.3937916108289662 0.5000000000000000
-0.2775462652476860 0.3966654213096429 0.5000000000000000
-0.4082462354408114 0.4617594943751823 0.5000000000000000
-0.3099999039665255 0.3134880217737557 0.5000000000000000
0.4878379853486058 0.5000000000000000 -0.4873687056736559
0.1929090759468730 -0.2739643785848705 0.5000000000000000
0.1142310502123154 -0.3999777891613188 0.5000000000000000
0.1216817040269430 -0.3007379005320884 0.5000000000000000
0.1692503123616274 -0.3395458739892190 0.5000000000000000
0.5000000000000000 0.4766030818121751 0.1893374659813828
-0.2263752751663490 0.4802169706546446 -0.5000000000000000
0.1336249170643819 -0.4106219541114383 -0.5000000000000000
0.1041457368703641 -0.4996679305423553 -0.5000000000000000
-0.5000000000000000 -0.1557905559388706 0.1954398262351807
-0.5000000000000000 -0.0866915589208523 0.1803337722740893
-0.5000000000000000 -0.1869393267567462 0.0193508334038819
-0.5000000000000000 -0.2133021206520809 0.2810527110221070
0.2648498700454475 -0.1765490857547272 0.5000000000000000
0.3369703359386996 -0.1212902392857187 0.5000000000000000
0.3156481666158401 0.0668599202696255 0.5000000000000000
0.2864713001438777 -0.1215843494617126 0.5000000000000000
0.3077206347790321 -0.1713903008621235 0.5000000000000000
-0.5000000000000000 -0.2193709467535132 0.1392935829539922
-0.5000000000000000 -0.2675795945053278 0.1289237784690528
0.2062082736299803 -0.5000000000000000 -0.4027938794420742
0.2599000022000778 -0.5000000000000000 -0.3604101739126315
0.2529128252295994 -0.5000000000000000 -0.3824842154246628
0.2050564953722453 -0.5000000000000000 -0.4202400349781925
-0.5000000000000000 0.1023139406768106 -0.0326167555157161
-0.5000000000000000 0.1075221787862989 0.0657261487208437
0.3132571529394931 0.1429232291901198 0.5000000000000000
0.1598181976807380 0.1449235115542339 0.5000000000000000
-0.0295483124115649 0.3191792994259786 0.5000000000000000
-0.0657291936138784 0.2710262227841868 0.5000000000000000
0.1159358103339320 0.5000000000000000 -0.2271616455960966
0.5000000000000000 0.1547032180348976 0.0221594082214931
0.3262124242885618 0.5000000000000000 -0.3386823718286557
0.5000000000000000 0.4341577564819493 -0.2359273113714115
0.1568836243040796 0.5000000000000000 -0.2272695888702602
0.3798586108844131 0.5000000000000000 -0.3251078430573161
0.5000000000000000 0.4494456196029424 -0.3087807409483390
0.3542251229121326 0.5000000000000000 -0.2190344694305243
0.3332958910776924 0.5000000000000000 -0.2715018023320644
0.2862695646263547 0.2855086113988178 -0.5000000000000000
0.3908803861335672 0.2265426238100373 -0.5000000000000000
0.4177992680194596 -0.5000000000000000 -0.4640002301476351
0.0092267485015504 -0.3689696132475637 0.5000000000000000
0.0458257079287523 -0.3625811845599899 0.5000000000000000
0.0592727911515135 -0.4044446960444731 0.5000000000000000
0.0587422333089616 -0.3459205660176670 0.5000000000000000
0.0111636464891057 -0.3986830914057835 0.5000000000000000
0.0219802116094977 -0.3084865992490296 0.5000000000000000
0.2706143990946194 -0.4361418359934873 -0.5000000000000000
0.2670438471575658 -0.3171043026883782 -0.5000000000000000
0.2063963904243010 -0.3145382870165720 -0.5000000000000000
0.2411025411770587 -0.3178728135033852 -0.5000000000000000
-0.5000000000000000 0.1785373449134466 0.1844188623282038
-0.5000000000000000 0.1352918344881040 0.1874936777545347
0.2721168616529246 -0.2631552126863667 -0.4877671462818225
0.3225538638996120 -0.1702574532174137 -0.5000000000000000
0.5000000000000000 -0.3342691691538576 0.0323325629778773
0.5000000000000000 -0.2762157149501178 0.1231346263548851
0.5000000000000000 -0.1862025614170144 0.2710270444807688
0.5000000000000000 -0.2073976199435120 0.0644619893363736
0.5000000000000000 -0.2682201305094280 0.0861537086097988
-0.1117475648628045 -0.3875376602012431 0.5000000000000000
-0.0929958815791944 -0.3940342277085787 0.5000000000000000
-0.3339040550081738 -0.2909850628889591 0.5000000000000000
-0.0389832329350919 -0.3409357820646083 0.5000000000000000
-0.0903196237294212 -0.5000000000000000 0.4022400916460515
0.5000000000000000 -0.3360451707088250 -0.2420500904839747
-0.3812738729032618 -0.5000000000000000 0.0000316749133106
-0.3898985347953055 -0.5000000000000000 -0.1613200715126702
-0.3585273589771092 -0.5000000000000000 -0.1532804476977764
-0.5000000000000000 -0.3984435935393385 -0.1196595163025103
-0.5000000000000000 -0.4870004171413109 -0.1913063646799705
0.4724620535120786 0.5000000000000000 0.3332324599781352
0.3753908250432564 0.5000000000000000 0.3443309630316375
0.4652233762226583 0.5000000000000000 0.3260005266674652
0.4719266630131015 0.5000000000000000 0.3275164130775449
0.3401373782965409 -0.5000000000000000 -0.3678430750181822
0.3549087818110961 -0.5000000000000000 -0.3475535015559091
0.3190760965857530 -0.5000000000000000 -0.3525641900117165
0.3185856176548004 -0.5000000000000000 -0.3621778140249988
0.3668268600435766 -0.5000000000000000 -0.3978442960514613
-0.1751553085147844 0.3800374484051447 -0.5000000000000000
-0.0245200339735756 0.3314595666611665 -0.5000000000000000
0.0586591410146802 0.3458941003067051 -0.5000000000000000
-0.0285555316893613 0.5000000000000000 -0.2815256333188246
0.1167494437426385 0.5000000000000000 -0.0595944502564558
0.1026464170721245 0.5000000000000000 -0.1964703083450804
0.0824531972455369 0.5000000000000000 -0.0196696986665880
0.0280674849307152 0.5000000000000000 -0.0154564090831105
-0.2994818690854196 -0.0945382240495609 -0.5000000000000000
-0.3220178927478982 0.0243048524208103 -0.5000000000000000
-0.2376756823062615 -0.0992334027611995 -0.5000000000000000
-0.1955993108535317 -0.0163594908818440 -0.5000000000000000
0.4397858370365701 -0.4404848063753568 -0.5000000000000000
-0.5000000000000000 0.1268342497612429 -0.3786833622585164
-0.5000000000000000 0.1112624127484372 -0.3730551884460938
-0.5000000000000000 0.2344244563412029 -0.3584292177059111
-0.5000000000000000 0.1966397646353165 -0.2155613066629997
-0.5000000000000000 0.0968374786129107 -0.3926486735662573
-0.3851813593726837 -0.5000000000000000 0.0852587134260343
-0.5000000000000000 -0.3434803895442549 -0.1116984559583952
0.3259973080808137 0.1293809696027400 0.5000000000000000
0.4951360369369519 0.2686286882160911 -0.1473960146862557
0.5000000000000000 0.1630845348753417 -0.0208599023721754
0.5000000000000000 -0.0657064998164923 -0.0894799283370860
0.4946447219616343 0.0226239443366302 0.0498331019315774
0.5000000000000000 -0.1005128615620576 -0.0133857241845624
0.5000000000000000 -0.1192097911201778 -0.1318571619941756
0.5000000000000000 0.1201742129402483 0.4252979940267000
0.5000000000000000 -0.0078546045754591 0.3778851952607858
0.5000000000000000 0.0259791270989558 0.3314918435870955
0.4809112972539817 0.1358447094457562 0.5000000000000000
0.5000000000000000 0.0822337535660998 0.3048648267947907
0.5000000000000000 0.0170620713973685 0.4377520102189496
0.0860109107497240 -0.1717869904354206 -0.5000000000000000
-0.0326650531780790 -0.1725814879139473 -0.5000000000000000
0.0530671320099092 -0.2174888030363092 -0.5000000000000000
-0.5000000000000000 0.2994847478782299 0.4774408386239742
-0.2477644764754277 0.4531878406780218 0.5000000000000000
-0.3685433648150921 0.4575596700255101 0.5000000000000000
-0.5000000000000000 0.3118476954242787 0.2787118749300885
-0.2924342791141468 0.5000000000000000 0.4353416424656378
-0.3918129664791217 0.3797469778375013 0.5000000000000000
0.1771999201394671 -0.2654858618732948 0.5000000000000000
0.2443992163146073 -0.2530004258566504 0.5000000000000000
0.2164826617697542 -0.3036416112243010 0.5000000000000000
0.4571617280532597 -0.2484360079838295 0.5000000000000000
0.2704066781338105 -0.2948355034437699 0.5000000000000000
-0.5000000000000000 -0.4052869128788668 0.2507685625178443
-0.5000000000000000 -0.4007377451864177 0.1819500022126217
-0.5000000000000000 -0.3318203979051383 0.1642263833349521
0.0987288938499218 -0.5000000000000000 0.3748406513486283
0.0075862803668772 -0.5000000000000000 0.1971603307415792
-0.0582100203704075 0.1276191621488413 -0.5000000000000000
-0.1621586022513918 0.1604149816082502 -0.5000000000000000
-0.1486578575577856 0.1275172274283074 -0.5000000000000000
-0.1272162638729730 0.1210993626739278 -0.5000000000000000
-0.1424048355886102 0.0827848810628853 -0.5000000000000000
-0.1026601722258067 0.1272500074116635 -0.5000000000000000
0.3437070626873812 0.5000000000000000 0.1600136020871802
0.4569729806449572 0.5000000000000000 0.1565363765148525
0.4049985629742127 0.5000000000000000 -0.0772643447061178
0.0055563865669214 0.4579657879428841 0.5000000000000000
0.5000000000000000 0.2509390610452248 -0.1618867780364859
0.5000000000000000 0.2670131475521922 -0.1987674911975302
0.5000000000000000 0.2863754663740279 -0.2134687481347450
0.5000000000000000 0.2824318091849931 -0.1636285606386157
0.4096565037817362 0.1960871024794346 -0.5000000000000000
0.5000000000000000 -0.0745467287931789 0.4111715769952005
0.4668421845775516 -0.2433300458177919 0.5000000000000000
0.4257429615690352 -0.1140123101150395 0.5000000000000000
0.4915744229226259 -0.0478554010766841 0.5000000000000000
0.3860383340852688 -0.0886653647674290 0.5000000000000000
0.2713553201111146 -0.4376726241793448 -0.5000000000000000
0.2711722630015614 -0.4377221438511969 -0.5000000000000000
0.2716190272796282 -0.4375494136787610 -0.5000000000000000
0.2703246389712538 -0.4370871915318368 -0.5000000000000000
0.2709267922104231 -0.4376758402188247 -0.5000000000000000
0.2721726508117909 -0.4378378252408819 -0.5000000000000000
-0.1162734514355860 0.3053085451330132 0.5000000000000000
-0.1645615054981836 0.3076281118564137 0.5000000000000000
-0.1383218667018644 0.2904353041093331 0.5000000000000000
-0.3891938243649086 -0.5000000000000000 0.1005304973274036
-0.4405633620182202 -0.5000000000000000 0.4819160777144875
-0.5000000000000000 -0.4147353568762814 0.3244127404498559
-0.4313568553127827 -0.5000000000000000 0.2981746728287739
-0.5000000000000000 -0.4098101972371382 0.3774043471202035
-0.5000000000000000 -0.4264140597185778 0.3462624890002559
-0.5000000000000000 -0.3836469305232038 0.3447638628036319
-0.5000000000000000 -0.4348687922795700 0.3038098379475677
-0.5000000000000000 -0.3384393635314943 0.3379073345518203
0.4362120219136794 -0.4830740591803909 -0.5000000000000000
0.1022435055365918 0.0205263665102282 -0.5000000000000000
0.1031398523512223 0.1695749707021348 -0.5000000000000000
-0.0435527307505127 0.0503899101395917 -0.5000000000000000
0.0255314131309035 0.1886394602561118 -0.5000000000000000
0.0660302190223679 0.0028213544830909 -0.5000000000000000
0.0333494809661809 0.1229869350031546 -0.5000000000000000
0.0716321373782930 0.0907074542091965 -0.5000000000000000
-0.3151777328535056 0.5000000000000000 0.2048382431669993
-0.2967931776287836 0.5000000000000000 0.1666062783787270
-0.2944176366011958 0.5000000000000000 0.1852884061573604
-0.3031876280108137 0.5000000000000000 0.1857964497743974
-0.2998069485969880 0.5000000000000000 0.1917948074009218
0.5000000000000000 -0.3059446648377975 -0.2433624689722580
0.5000000000000000 -0.1437478458195248 -0.2751564965778543
0.5000000000000000 -0.2329535321949122 -0.3530075744703772
0.5000000000000000 -0.1342061306152364 -0.3380359722753370
0.5000000000000000 -0.1368172924539867 -0.2670003655160157
-0.3571788826070357 -0.5000000000000000 0.0675239051888119
-0.3850283141352183 -0.5000000000000000 0.0950738674194423
-0.3795534327886617 -0.5000000000000000 0.0857541396342755
-0.3820514285110297 -0.5000000000000000 0.0949271645229287
0.3293681611317867 0.4890461225690330 0.1844346818575418
0.2916728330370253 0.5000000000000000 0.1442902927069459
0.4289259252074996 0.5000000000000000 0.1761549492940643
0.3806901458879480 0.5000000000000000 -0.0336907007258406
-0.5000000000000000 0.4516538157223831 0.4223751392363830
-0.5000000000000000 0.3968885898904314 0.4381856534420280
-0.5000000000000000 0.4416230395015341 0.3918194208313939
-0.4904369612316747 0.5000000000000000 0.4079805588820851
-0.5000000000000000 0.4826546913442603 0.4566933649510335
-0.4933316274704403 0.4569407611352445 0.5000000000000000
-0.5000000000000000 0.4663085190421900 0.4035618612091774
-0.5000000000000000 0.3396450091093733 0.3030558487270714
-0.5000000000000000 0.4968505405791931 0.3671871863180948
-0.5000000000000000 0.4936194683187137 0.4386999748432829
-0.4347777780941179 0.5000000000000000 0.3776545946653603
-0.4596746912687870 0.4069901144901698 0.5000000000000000
-0.4927052031758409 0.5000000000000000 0.4148110998023194
0.4410842238009633 -0.5000000000000000 0.3596472987387342
0.4663912744122836 -0.5000000000000000 0.3797114490868502
0.5000000000000000 0.0164680572304181 -0.2679319851051952
0.1262655510631856 -0.0136027938407967 -0.5000000000000000
0.1697186313196451 -0.0334229425676463 -0.5000000000000000
0.1107509564937471 -0.0630305586617234 -0.5000000000000000
0.0707350068418182 0.5000000000000000 0.4850738580835829
-0.0075828808547013 0.5000000000000000 0.3793303607758783
-0.2606780991037486 0.1524141108812349 -0.5000000000000000
-0.2627120132796669 0.0883016538263781 -0.5000000000000000
-0.3189584317214044 0.0411408657546483 -0.5000000000000000
-0.2208060633954594 0.0259904768242280 -0.5000000000000000
-0.3395523219420661 0.0479286230619139 -0.5000000000000000
-0.5000000000000000 0.4205105507573373 -0.4074128354218881
-0.4033003260562374 0.4488944751988988 -0.5000000000000000
-0.2408289021054183 0.3070214370431343 -0.5000000000000000
-0.5000000000000000 0.2749465287459130 -0.4969678016239062
-0.2998809240622128 0.2349254910630501 -0.5000000000000000
-0.2939957507324957 0.2067779354452081 -0.5000000000000000
0.0728477027041953 -0.5000000000000000 0.4073305945570153
-0.0312543081044796 -0.5000000000000000 0.4612506771091620
0.4801556311963646 -0.5000000000000000 -0.2499006436378322
-0.5000000000000000 0.2661400011267352 -0.1261984890679589
-0.5000000000000000 -0.0089461864308756 -0.4742383848624375
-0.5000000000000000 -0.0066603948675200 -0.4752993003719799
-0.5000000000000000 -0.0079605742583174 -0.4720369452675605
-0.5000000000000000 -0.0064890431916886 -0.4753559145884681
-0.5000000000000000 0.4700167207020773 -0.3751776798835765
-0.5000000000000000 0.3419112546418762 -0.2075992020658263
0.5000000000000000 0.1926285719008794 0.4824140046531168
0.5000000000000000 0.2754121476998154 0.2960959055146887
0.5000000000000000 -0.4638449209199638 -0.4886228605491187
0.5000000000000000 -0.4781288261507793 -0.4950311497789288
0.3367403917182011 0.1379667687122741 0.5000000000000000
0.3070027922585407 0.1654280757988877 0.5000000000000000
0.2229475667828663 0.1251836398080922 0.5000000000000000
0.3697734904768115 0.1535066401799805 0.5000000000000000
0.5000000000000000 0.1579941482094469 0.2867593267298855
0.3278449795708847 0.1251099239764142 0.5000000000000000
-0.5000000000000000 -0.2770049627624757 0.3283688830024385
0.0984325301304693 0.5000000000000000 0.4717626095298034
0.0121784473490072 0.5000000000000000 0.3778831295383926
-0.4103348436463281 0.4602396932899325 -0.5000000000000000
-0.3672192737587894 0.4430148842159185 -0.5000000000000000
0.0181563395045191 0.3148256661272030 0.5000000000000000
0.0912888859218785 0.2111580745508455 0.5000000000000000
0.0924722672097656 0.4371298589763508 0.4925627587575030
0.1328596641639536 0.2966724802108794 0.5000000000000000
0.0095204476338102 0.2744669450334256 0.5000000000000000
0.0901815108570372 -0.0898737054321011 -0.5000000000000000
-0.0208742740812011 0.3545755313174814 0.5000000000000000
-0.0512929892000324 0.4148613659654700 0.5000000000000000
-0.0420269348200211 0.3644233574730181 0.5000000000000000
0.0038605272046007 0.3713246065069229 0.5000000000000000
0.1699322670376361 -0.5000000000000000 -0.4261093490411599
0.4956312278397661 0.2900943003575567 0.2579132204801460
-0.2631511080854970 0.5000000000000000 -0.0707857204087986
-0.3362683445862241 0.5000000000000000 -0.0226810238904197
-0.2242161613392448 0.5000000000000000 -0.0377974796160460
-0.3469273125328516 0.5000000000000000 -0.1254390166845596
-0.2719273320382999 0.5000000000000000 0.0070447122157867
-0.5000000000000000 0.4433290557268378 -0.0473892843679537
-0.5000000000000000 0.4676258849469618 -0.1345533528023072
-0.3014540914674366 0.5000000000000000 -0.0832195944622243
0.3566641697068407 -0.3392042223225285 -0.5000000000000000
0.2927206441529288 -0.2796950462160218 -0.5000000000000000
0.3347085762889811 -0.3433518800856096 -0.5000000000000000
0.3751627489818213 -0.3380872523722340 -0.5000000000000000
0.3966227564830224 -0.3868428199090096 -0.5000000000000000
-0.5000000000000000 -0.1175104923093749 -0.4158506237819246
-0.5000000000000000 -0.1027800927944124 -0.3857649669486812
-0.5000000000000000 -0.1380051119027262 -0.4084428520386220
0.5000000000000000 0.1530362571815891 -0.2499323376412250
0.5000000000000000 0.1108681179967723 -0.2666524143314660
0.5000000000000000 0.1332422157561398 -0.2813955523101037
0.5000000000000000 0.1329885082979199 -0.2181975156580421
-0.1988980985387241 -0.5000000000000000 0.3669503487910504
-0.2947205220330155 -0.5000000000000000 0.3021700854917057
-0.1744012519630161 -0.5000000000000000 0.4358090761665706
-0.1756365856743913 -0.5000000000000000 0.2876328484727537
-0.1862717563060460 -0.5000000000000000 0.2997262485487703
-0.1523049146609625 -0.4137077312717872 0.5000000000000000
-0.1043434597529383 -0.4026947602704867 0.5000000000000000
-0.3428017609571510 -0.2913709343481337 0.5000000000000000
-0.1152020220457164 -0.5000000000000000 0.3793183640827630
-0.1323867983609414 -0.0376778953027381 0.5000000000000000
0.1470783263787492 0.2039251348545179 -0.5000000000000000
0.0189627063507587 0.2499546475841014 -0.5000000000000000
-0.3530990951419433 -0.5000000000000000 0.4376700730035115
-0.3649964313056349 -0.2671947979533195 -0.5000000000000000
-0.3054067189622806 -0.1584261984675391 -0.5000000000000000
-0.4013296113959314 -0.0909113494257102 -0.5000000000000000
-0.4061173590028414 -0.1500661102967094 -0.5000000000000000
-0.4516735112395337 -0.1351856515840426 -0.5000000000000000
0.1471468178740557 -0.2694236745326378 -0.5000000000000000
0.1646630683374824 -0.3020633832278498 -0.5000000000000000
0.2427483191746260 -0.2762883072347239 -0.5000000000000000
0.0919714935635468 -0.2618010424043685 -0.5000000000000000
0.1605630980316994 -0.3396667919838699 -0.5000000000000000
0.3621890531666245 -0.5000000000000000 -0.2380528340933602
0.4888627397847722 -0.5000000000000000 -0.3323140110540612
0.3661342237486921 -0.2754813485602929 -0.5000000000000000
0.5000000000000000 -0.3215789569682626 -0.0374468320483074
0.3386026384521212 -0.5000000000000000 -0.1333487367108860
0.3147974251867217 -0.5000000000000000 -0.0571282111182166
0.4051574769342356 -0.5000000000000000 -0.0951766154822928
0.5000000000000000 -0.4410357198004054 -0.0593104295165105
-0.1003001392927929 -0.5000000000000000 -0.0577328301308219
0.0638903613422359 -0.5000000000000000 0.0159625227243192
-0.0137964835189787 -0.5000000000000000 -0.0033656224876370
-0.3107324250283156 -0.2582065446264183 0.5000000000000000
-0.3427669148203628 -0.2704011785662423 0.5000000000000000
-0.2193443164496666 0.5000000000000000 -0.2560893544960481
-0.1324203782566686 0.5000000000000000 -0.1352579030469451
-0.2105139453222344 0.3766244214146602 -0.5000000000000000
-0.3760741136570107 0.5000000000000000 -0.3680556345443270
-0.2100531737122781 0.4138509349351410 -0.5000000000000000
-0.5000000000000000 -0.2454829415519754 0.3132322597374630
-0.2667266722535065 -0.3694965376652502 -0.5000000000000000
-0.3773035249404274 -0.3658031598146471 -0.5000000000000000
-0.3055690625797290 -0.2632074162835356 -0.5000000000000000
-0.3940404629262775 -0.2928265548388688 -0.5000000000000000
-0.4365889971406003 -0.3956696283438789 -0.5000000000000000
0.2348920901558176 0.5000000000000000 0.1028002144971866
0.4608259854363930 0.4862571746785222 0.1869342303554859
0.0980287681558476 -0.2883074392518122 0.5000000000000000
0.0295692465679056 -0.2626029755143868 0.5000000000000000
0.2157530975306838 0.1969058079413679 0.5000000000000000
0.0632753837784711 0.1073423818733961 0.5000000000000000
-0.5000000000000000 0.3024653472115784 -0.0337364887081760
-0.5000000000000000 0.3402438931693868 -0.0060330027838358
0.4915255468769420 0.2471637857015381 -0.5000000000000000
-0.3125175635424844 0.1265754995507704 -0.5000000000000000
0.1460354809335234 0.3047388378590716 -0.5000000000000000
-0.5000000000000000 -0.2421774682903349 -0.3954158353347799
0.0963872379212561 -0.5000000000000000 0.4074660297114969
0.0996999448640767 -0.5000000000000000 0.4106321681837273
0.1318670882176305 -0.4997930503105247 0.5000000000000000
0.1168890455065732 -0.5000000000000000 0.3852278752978402
0.0372680828009384 -0.5000000000000000 0.3980797726133191
0.1196330702622968 -0.5000000000000000 -0.1722818946086954
0.1634358900186954 -0.5000000000000000 -0.3533084543218926
0.1351037802400356 -0.5000000000000000 -0.2486625115943996
-0.0702775736868726 -0.5000000000000000 -0.3141775870294528
0.3012256324892072 0.2278112795550982 0.5000000000000000
0.5000000000000000 0.3120783117216764 0.2979855624662234
-0.1684008786001184 -0.5000000000000000 -0.0339234727408154
0.1155792034717908 -0.0039404972229068 -0.5000000000000000
-0.0067592849957890 0.5000000000000000 -0.2696481478461302
0.1057643482696507 0.5000000000000000 -0.2303022592209881
0.1867436664520051 -0.1142933665971799 -0.5000000000000000
0.1001536701928920 -0.1102778359805692 -0.5000000000000000
0.0401691144682778 -0.5000000000000000 0.4686708936252526
0.1227641144149071 0.5000000000000000 0.4611659048216418
0.2678528026481348 0.4995353159901113 0.3564028813043537
0.0998184511234573 0.4980003996550765 0.2559449992846179
0.0441896202848318 0.5000000000000000 0.3890072244320303
-0.5000000000000000 0.2879025780935144 0.4626427067656802
-0.5000000000000000 0.3102316403095414 0.2751003417365485
0.5000000000000000 -0.0978661966121762 0.3804445953047523
0.5000000000000000 -0.0826034228782293 0.3812545252167218
0.5000000000000000 -0.3463827960992218 -0.2029128874687396
0.5000000000000000 -0.1947751060167191 0.0162868794257237
0.5000000000000000 -0.2542775143040117 0.0250743913584640
0.5000000000000000 -0.2249612256587266 -0.1114219344214578
-0.2071268928436441 -0.5000000000000000 0.2150594110749496
-0.2318318747777769 -0.1600107967985123 -0.5000000000000000
0.0784564175752149 -0.1144327684934955 -0.5000000000000000
0.1210977290509719 0.4008396812596800 0.5000000000000000
0.0622645524151410 0.4476732673860012 0.5000000000000000
0.1523565297385432 0.5000000000000000 0.3675543373264098
0.4857543584322522 0.3484097112053106 -0.5000000000000000
0.3851934110661544 0.1912836228039226 -0.5000000000000000
0.2511214018525240 0.2113714730200252 -0.5000000000000000
0.3020386633735950 0.1673299994293073 -0.5000000000000000
0.2873630102919342 0.2245098362928961 -0.5000000000000000
0.3453434104947193 0.1861069988873834 -0.5000000000000000
-0.0937205770180138 0.5000000000000000 0.2558078477721475
0.0714370125983432 0.5000000000000000 0.2576538180576803
-0.0501977152582410 0.5000000000000000 0.3007380269823444
-0.0753985405562775 0.5000000000000000 0.1786345230842924
0.3577157181469627 0.5000000000000000 0.2012857339712323
0.4560018658071548 0.5000000000000000 0.2056764486596242
-0.0187709532336236 -0.5000000000000000 0.1003519092614501
-0.1179318810452581 -0.5000000000000000 0.2074039752230708
-0.0842682720565997 -0.5000000000000000 0.3480609660976852
-0.5000000000000000 -0.0142625585631591 0.1346774460753329
-0.5000000000000000 0.1037899103149265 0.0788937899694596
-0.1714580882394624 0.5000000000000000 0.0835309127147410
-0.2410500690666934 0.5000000000000000 0.1301596112993191
-0.1482665223514535 0.5000000000000000 0.1127742805659860
-0.2078404905715471 -0.5000000000000000 -0.3715254062482524
-0.1780211816400401 -0.3812055708255255 -0.5000000000000000
-0.0780041068004325 -0.5000000000000000 -0.3144323925693048
-0.0871785525476724 -0.4112332328639407 -0.5000000000000000
-0.5000000000000000 0.2586310440461534 0.4488376083925027
-0.5000000000000000 0.2748779513848728 0.4735389637251867
-0.5000000000000000 0.2381427586521247 0.4806968010461900
0.5000000000000000 -0.3179370539715997 -0.4856014101386485
-0.5000000000000000 -0.2323033757706122 -0.3360022849970933
0.1969468291328033 0.2339487817158154 -0.5000000000000000
0.1743233493701608 0.2584744881412805 -0.5000000000000000
0.2041235520605647 0.2111371287536309 -0.5000000000000000
-0.5000000000000000 0.3057091919756831 0.2738592640833398
-0.5000000000000000 0.1113546828309892 0.0906816701786304
0.1706570369841442 -0.5000000000000000 -0.0745203644545066
0.1652819318597216 -0.5000000000000000 -0.1798869905404112
0.1189468583487375 -0.5000000000000000 -0.0643895577683232
0.1162898558687228 -0.5000000000000000 -0.1194800644496724
-0.5000000000000000 -0.3909369431189409 -0.2758028303054821
-0.5000000000000000 -0.3744515588418389 -0.3611931188791137
-0.5000000000000000 -0.3643729188446698 -0.1957726488655308
-0.4689807609142818 -0.3329266397479160 -0.5000000000000000
-0.2643571571987102 0.0890347453876513 0.5000000000000000
-0.1914859748113313 -0.0283913815259080 0.5000000000000000
-0.0369190640690320 -0.1710819600594215 0.5000000000000000
0.5000000000000000 -0.3456278895780734 -0.2390966163397861
-0.4366548765075645 -0.5000000000000000 0.4896479980916192
0.3265304591423153 -0.2941691105593198 0.5000000000000000
0.5000000000000000 -0.2288430077403880 0.1224769651638050
0.2638503009060941 0.2868793544331060 0.5000000000000000
-0.4332998610527509 -0.4400140988678407 0.5000000000000000
-0.4407107185983407 -0.3839626259717910 0.5000000000000000
0.2689733914022472 -0.5000000000000000 -0.2790998684568883
-0.3501749847573637 0.5000000000000000 -0.3521689642219828
-0.0970057191448604 0.5000000000000000 -0.2788156637559320
-0.2468193169572102 0.5000000000000000 -0.3162682319457712
-0.3060636032894156 0.5000000000000000 -0.2624731370502284
-0.1909830413355521 0.5000000000000000 -0.2966712087930811
-0.2528108854573402 0.5000000000000000 -0.2688313324655037
0.5000000000000000 0.4104102800379208 -0.2071389424099910
0.5000000000000000 0.4599768127110267 -0.1747231974393063
0.5000000000000000 0.1551659302621181 0.0547647622699339
0.5000000000000000 0.1593364425440562 0.1151666959475125
0.5000000000000000 0.1228003867735716 0.0550394185657732
0.5000000000000000 0.2103444247213273 0.0157594990298807
0.5000000000000000 0.1655458413519652 0.1400407606049456
0.3262602032593197 0.5000000000000000 0.2271218918873641
0.3569613775998594 0.5000000000000000 0.2103628315129842
0.2981891668474194 0.5000000000000000 0.2082211818387051
0.5000000000000000 0.4223272230826375 0.1721869703857227
0.5000000000000000 0.3828494595608841 0.0539795659795978
0.3182583863773474 -0.0296878737491863 -0.5000000000000000
0.2439106094104702 -0.5000000000000000 -0.3147053697723327
0.1657643940346477 -0.5000000000000000 -0.3811276346513897
-0.2001393809891316 0.4652590989315963 0.5000000000000000
0.5000000000000000 0.0239002220224987 0.1998705919131457
0.1950585084153447 0.5000000000000000 0.2514610949148617
-0.5000000000000000 0.4509244721569257 -0.2572456313030081
-0.5000000000000000 0.4759214433707970 -0.3228551248232289
-0.4024384628560679 0.5000000000000000 -0.3568424207217901
-0.4282568249282251 0.5000000000000000 -0.3160322647210783
-0.5000000000000000 0.4680101633269394 -0.1386202684569720
-0.4751474249023300 0.5000000000000000 -0.3192283171755697
-0.0340458315462701 0.5000000000000000 0.3504233964513948
0.2122070870338762 -0.5000000000000000 0.0581766666977255
0.1314332056560268 -0.5000000000000000 0.1101888882945465
-0.5000000000000000 0.2991751686197665 -0.1009279159963648
-0.1361808362208905 -0.0746105039710335 -0.5000000000000000
-0.1645688731993622 -0.0254479806223771 -0.5000000000000000
-0.1354596451109364 -0.0462753242352601 -0.5000000000000000
-0.1086024151807053 -0.0080086308927259 -0.5000000000000000
-0.3493869098478778 0.0282749686928896 -0.5000000000000000
-0.3507190979484816 -0.0739504149164082 0.5000000000000000
-0.2820446786071926 0.1007259332021327 0.5000000000000000
-0.2610318462667022 0.0142475039744030 0.5000000000000000
-0.3772875699921062 0.0400038217823709 0.5000000000000000
0.2569955781845999 0.2385743243135537 0.5000000000000000
0.1992069433307143 0.5000000000000000 0.2661096933048186
-0.5000000000000000 0.3203178313239510 -0.1453069143148283
0.5000000000000000 -0.1359567812727673 0.3343063803073491
-0.3740811788098035 0.5000000000000000 -0.3823427685539198
-0.4629821109535203 -0.5000000000000000 -0.2992523074157239
0.2687112740261084 -0.2373757545839403 -0.5000000000000000
0.3018971522807670 -0.2593396710756178 -0.5000000000000000
0.2511504314200149 -0.3051922643168777 -0.5000000000000000
-0.4370556079838152 0.5000000000000000 0.4655592114004738
0.0683820800217139 -0.4599335075006241 0.5000000000000000
0.1512780097747068 -0.4916981699790545 0.5000000000000000
0.2559974654155865 0.2535440233598751 -0.5000000000000000
0.0840111289927737 0.3066244734461961 -0.5000000000000000
-0.3907729980798135 -0.2004076373660268 0.5000000000000000
-0.5000000000000000 -0.2464398155471896 0.3520226997780835
-0.5000000000000000 -0.0036089563257935 0.2822847423753942
0.0032977950714269 -0.4260362056205768 0.5000000000000000
-0.0236953114893886 -0.4274172211761785 0.5000000000000000
-0.0593719615650173 -0.4055641496049389 0.5000000000000000
-0.0065040859482497 -0.3966197328026971 0.5000000000000000
-0.0760991172275052 -0.5000000000000000 0.4179237169825412
-0.4024424625157649 -0.5000000000000000 0.2696301975046344
-0.4163911480886319 -0.5000000000000000 0.3390607280398594
-0.3800804637743915 -0.5000000000000000 0.2471794626347089
0.3085947592797798 -0.5000000000000000 -0.0825895440026710
0.3897691900167062 -0.5000000000000000 -0.2091970488600361
0.3181475474316101 -0.5000000000000000 -0.2362639060446479
-0.5000000000000000 -0.4193764432743717 0.4607209191258921
-0.5000000000000000 -0.3838711719552935 0.4689067736988087
-0.3483392586563993 -0.2862032072332744 0.5000000000000000
-0.5000000000000000 -0.2712182427587374 0.3524894844493315
0.4796881713758743 0.5000000000000000 0.1771272956122069
0.3115803775175935 -0.5000000000000000 0.0507820578361831
0.2897586491213587 -0.5000000000000000 -0.0275549764150496
0.2978989887742658 -0.5000000000000000 -0.1938272685677675
-0.5000000000000000 -0.1953817860858138 0.1825446007471532
-0.5000000000000000 -0.2470181379758814 0.1653681759376668
-0.0583671694290071 -0.5000000000000000 0.0375544993806877
-0.1995138003855258 -0.5000000000000000 -0.1447431720061458
-0.0829155603703815 -0.5000000000000000 -0.2964498430516926
-0.1896010940761656 -0.5000000000000000 -0.1276472462251287
-0.1729237357975372 -0.5000000000000000 -0.1196750208639882
-0.1754668347291005 -0.5000000000000000 0.0135071331376380
-0.2174110999329519 -0.5000000000000000 -0.1163438330417498
0.2071842965155054 -0.5000000000000000 -0.2427679245390729
0.1388552262580523 -0.5000000000000000 -0.2772576307901186
0.1354008262199992 0.3162052297716662 -0.5000000000000000
-0.0031255898376652 0.5000000000000000 -0.2931579541615751
-0.0443618361977244 0.5000000000000000 -0.2256811977778316
0.1085500381934474 0.5000000000000000 -0.2462127635194345
0.0574657656492563 0.5000000000000000 -0.2049224594158562
-0.2905659009717385 0.5000000000000000 -0.4320691342808443
0.4466507547957208 -0.5000000000000000 -0.1422416314462371
0.5000000000000000 -0.3597591479828690 -0.3254055924009388
0.5000000000000000 -0.3687877659638670 -0.2241961618842654
0.5000000000000000 -0.3050543470606688 -0.2259439695154047
0.5000000000000000 -0.3628583281585794 -0.2340273395576999
0.5000000000000000 -0.3692769651611492 -0.2062053552613446
0.2240917664095369 -0.0741104592851627 -0.5000000000000000
0.2982580565648300 -0.1353963715135420 -0.5000000000000000
0.0421185587670916 -0.1085950234579131 -0.5000000000000000
-0.0556365980279746 -0.1942727535215723 -0.5000000000000000
-0.1325941485904283 -0.1576377945924715 -0.5000000000000000
0.5000000000000000 -0.0815284152160735 -0.1874320981431983
-0.5000000000000000 -0.3028974745604569 -0.2993528598462988
-0.4723209217420041 -0.3529284891010878 0.5000000000000000
0.3592456493381976 -0.5000000000000000 -0.0605589705766472
0.4427289091010911 -0.5000000000000000 -0.1652094102918529
-0.0119516016156911 -0.2470280283811625 0.5000000000000000
-0.0709720455194100 -0.3560421366162067 0.5000000000000000
-0.0020888305135003 -0.2622565117048617 0.5000000000000000
0.5000000000000000 0.0241287329869723 0.0695819230074400
0.0150600219932531 -0.5000000000000000 0.0839093448249566
-0.0164597685905171 -0.5000000000000000 0.0845103823719760
0.5000000000000000 0.4743631376910380 -0.4889758465596713
-0.4339328810945353 0.4982984091159744 0.5000000000000000
0.4468388276956082 -0.4423876263771446 -0.5000000000000000
0.1906643071720034 0.3065131256155788 -0.5000000000000000
-0.4136558089044209 0.4873051566055067 0.5000000000000000
0.2169304433895189 0.2716372095602284 -0.5000000000000000
0.1900702732755990 0.3541109286693551 -0.5000000000000000
-0.1035592768255744 0.5000000000000000 -0.0932603078203726
0.4503429224188054 0.5000000000000000 0.2160742412953245
0.4965647329326558 -0.5000000000000000 -0.3144045052882383
0.4979314827845056 -0.5000000000000000 -0.3394774715536147
0.4900100739692430 -0.5000000000000000 -0.3671078368235200
-0.4693739621227232 -0.3318426455776082 0.5000000000000000
-0.2727648614995801 0.4063436667216307 -0.4957489150240406
-0.0684402503413102 0.4884891423658707 0.5000000000000000
-0.0473746021047441 0.5000000000000000 0.3722396697833985
-0.0152112673820183 0.5000000000000000 0.3224466290962739
0.0154386214559176 0.4296289669007425 0.5000000000000000
0.5000000000000000 -0.1552243833470015 0.2871754516795826
0.5000000000000000 -0.1406957415184710 0.3571630405840882
0.5000000000000000 -0.0807967398579618 0.3333696946035590
0.4692374811023204 -0.2459264318347394 0.5000000000000000
0.5000000000000000 -0.1316913859432972 0.3017935560166952
-0.4327754910560673 0.5000000000000000 -0.1796514557138941
0.2695957550984715 -0.5000000000000000 0.0893459683944857
0.5000000000000000 -0.1578205886662937 0.0526608079708728
0.5000000000000000 0.4709684336999136 -0.2470573240053880
0.5000000000000000 -0.4455025534991533 -0.2396900241398901
0.5000000000000000 -0.4290318978305165 -0.2673625437648012
0.5000000000000000 -0.4382836120071533 -0.1910873785954717
-0.4521960425150455 -0.1776548249162173 -0.5000000000000000
0.0713451919627492 -0.1668622333553703 -0.5000000000000000
0.0691810856577718 -0.0938770132593292 -0.5000000000000000
0.0780959716901098 -0.0642038611040390 -0.5000000000000000
0.2851941039455240 -0.0570959437472069 -0.5000000000000000
0.3179640677989379 0.0054964044421112 -0.5000000000000000
0.3185951470910686 -0.1108644759649866 -0.5000000000000000
-0.4485502911678941 0.4934147835663064 0.5000000000000000
-0.5000000000000000 0.0203249256373198 0.1789027779245952
-0.5000000000000000 -0.0336526355811740 0.1745316736411708
-0.5000000000000000 -0.0282701910338379 0.1390504109417149
0.5000000000000000 -0.0399407686738976 0.1753627066246330
0.5000000000000000 -0.0579190513243587 0.3235179886797083
0.2715350730139073 -0.5000000000000000 -0.3219055800279021
-0.5000000000000000 0.0981891651819333 0.1126167420438530
-0.5000000000000000 0.0499113532294463 0.2277474219474084
-0.2300774751183561 -0.2638206402765542 -0.5000000000000000
0.0205426234564705 -0.2568138232603496 -0.5000000000000000
0.0426135684169533 -0.2260074729241368 -0.5000000000000000
-0.1665918402426393 0.5000000000000000 0.3874910235921966
-0.2448994126048999 0.5000000000000000 0.4096561516946389
0.5000000000000000 -0.1158159469455838 0.0589744448004420
-0.5000000000000000 -0.2153951524771736 0.1966535379534262
-0.5000000000000000 -0.2003170467786702 0.0147812388289910
-0.5000000000000000 -0.2411300696327495 0.2722659488969843
-0.0768537909131227 0.5000000000000000 -0.1510787972865815
-0.5000000000000000 0.4177077005329340 -0.0480375817623103
0.0574491824038645 0.0860123691659619 0.5000000000000000
0.0242741107918115 0.1523232606031084 0.5000000000000000
-0.5000000000000000 0.4595309243694086 -0.1331725446670749
-0.5000000000000000 0.4657552607225554 -0.1333570085895275
-0.2828703637154642 0.1073981298227060 0.5000000000000000
-0.3149612953036794 0.1192436231692837 0.5000000000000000
-0.2740871129126055 0.1126572345579373 0.5000000000000000
-0.2721701511562244 0.1259030415438183 0.5000000000000000
-0.3017620404409380 0.1495559505085998 0.5000000000000000
0.3021098789881311 0.0477395956013964 -0.5000000000000000
0.2083416947211504 -0.4156531374782816 0.5000000000000000
0.2647040754736529 -0.5000000000000000 0.2795875773694201
0.3530986046013969 -0.5000000000000000 0.4084475454797997
0.3107448178800445 -0.4600480622878621 0.5000000000000000
-0.0765840517786241 -0.5000000000000000 -0.3128960868471173
-0.0691184989272198 -0.5000000000000000 -0.3157261353086994
-0.0760121867862613 -0.5000000000000000 -0.3114063174614555
-0.0757737498794079 -0.5000000000000000 -0.3149939300248936
0.2643532675159846 -0.3615939911129091 0.5000000000000000
0.2354143049048147 -0.3665472236742207 0.5000000000000000
-0.0086934424216987 -0.2178069278093071 0.5000000000000000
0.5000000000000000 -0.1175156560532874 0.2799901794016709
-0.3818404098470242 0.0505789977908652 0.5000000000000000
0.3630953175957493 -0.2459217468177571 -0.5000000000000000
-0.3532792506688098 -0.2959700868775004 0.5000000000000000
-0.4054885044227909 -0.3967323446957917 0.5000000000000000
0.4664176752056190 -0.2499731618659337 0.5000000000000000
-0.1137358141046441 0.5000000000000000 -0.2042794885946139
-0.4041445074858266 0.1857178365473302 0.5000000000000000
-0.4187951533370714 0.0812254946505198 0.5000000000000000
0.5000000000000000 0.4076534981592908 -0.1189899796098968
0.5000000000000000 0.4731947279794503 0.1208958127008857
0.5000000000000000 0.4619707075482847 -0.0905123052392058
0.1814047320266972 -0.5000000000000000 -0.4452932200981393
0.2452276241557620 -0.3218737979032765 -0.5000000000000000
0.1193585915215552 -0.5000000000000000 0.0907760799455288
-0.0423315288195676 -0.3099574396270871 -0.5000000000000000
-0.5000000000000000 0.2764365992258618 -0.0384226870870849
-0.4701993362676430 -0.5000000000000000 -0.4483133379622445
0.5000000000000000 -0.3704159426731202 -0.4961244565886906
0.4937855747587253 -0.4079100525650233 -0.5000000000000000
-0.5000000000000000 -0.2591543240742344 -0.3698025606111837
-0.0564573596923697 -0.3798087818422335 -0.5000000000000000
0.3116859331795475 0.1257752802352875 -0.5000000000000000
0.2684579052953383 0.1255695014417151 -0.5000000000000000
0.3801315775694289 -0.2812038601239119 -0.5000000000000000
0.4594883467606579 -0.3783936126336044 -0.5000000000000000
0.5000000000000000 -0.3944670378856687 -0.3807586243818297
-0.5000000000000000 0.0012478816212011 0.2379539228074518
-0.3220803004120117 0.5000000000000000 -0.4912691468824325
-0.5000000000000000 -0.1838710452462654 -0.0448317115160673
-0.4221259858591840 0.5000000000000000 0.4763492701774071
-0.5000000000000000 -0.2964594451541324 -0.2283761622002577
-0.1919626952374447 -0.1536432894348447 -0.5000000000000000
0.3450118980141136 -0.2184569647838649 -0.5000000000000000
0.3865764731464472 -0.5000000000000000 0.4580175041179768
0.2336142773652570 -0.3238968282701385 -0.5000000000000000
0.3603879736627097 -0.3578052428106161 0.5000000000000000
-0.4360528031508016 0.4744681532497820 0.5000000000000000
-0.5000000000000000 0.3133256471612843 0.2706745359809136
-0.5000000000000000 0.3083715336014860 0.2763663267694088
-0.3673533717709040 0.5000000000000000 0.4644886395917878
-0.4469467106445281 0.5000000000000000 0.4847224249947838
-0.4053869929639390 0.5000000000000000 0.4428525426417704
-0.4253016194660545 0.4560278398688609 0.5000000000000000
-0.4388185702156677 0.5000000000000000 0.4692914475635924
-0.5000000000000000 0.3343328450457508 -0.0877841466494079
-0.4302272077443229 -0.3263178777239209 0.5000000000000000
-0.5000000000000000 -0.2702711103698557 0.1746515925324383
0.5000000000000000 0.3266423794795697 -0.0943098612457886
0.5000000000000000 0.4208175156187500 0.1063639703231469
0.5000000000000000 0.3752104805565066 -0.0730571838510481
-0.5000000000000000 0.4864737993820746 0.2204346571381881
-0.2832352954749811 0.5000000000000000 0.3750318393565093
-0.3229965112447982 0.5000000000000000 0.2978477373337567
0.5000000000000000 0.1586894720958203 0.2217852262979241
-0.1695066391599734 -0.0678167521092748 -0.5000000000000000
0.4909799603798974 0.4968549090749483 -0.4586769824074657
0.3710456736232390 -0.1579492754275028 -0.5000000000000000
-0.5000000000000000 -0.3388478536227904 0.4259997232526473
0.3458737230797478 -0.3945037514703110 0.5000000000000000
0.5000000000000000 -0.3557483662888725 0.4612052698388252
-0.4911089274829298 -0.1559607361706014 -0.5000000000000000
-0.4864019360320560 -0.2488169772859823 -0.5000000000000000
-0.5000000000000000 -0.1994056885682648 -0.3804747157447915
0.5000000000000000 -0.1229053800515716 -0.2116004189866957
0.1748714114981722 -0.3712451416640979 -0.5000000000000000
-0.5000000000000000 0.4090067752677041 -0.0700592636285252
-0.5000000000000000 -0.2194717124155528 0.0183803565107248
-0.0216546257581333 -0.2753148897732255 -0.5000000000000000
-0.2668450388343722 0.2319231282147926 0.5000000000000000
-0.2606837620219655 -0.5000000000000000 0.2138117176913547
-0.2853555527727009 -0.5000000000000000 0.2187711669865038
0.5000000000000000 0.4121366503729996 0.2214616346203676
-0.3607177787366634 0.0421570106448909 -0.4884397472618597
0.4520373268565218 0.3709805705552043 -0.5000000000000000
0.3506322511834410 -0.1690686421599115 -0.5000000000000000
0.5000000000000000 -0.1212414231249790 -0.3611221068331153
0.3358865418600140 -0.1708519664803249 -0.5000000000000000
-0.3671560021354964 0.2929993072003484 0.5000000000000000
-0.5000000000000000 -0.4310125531027790 -0.3665752137747210
-0.3565870854542437 -0.2928488015776280 0.5000000000000000
-0.4977310828478997 -0.4103404852880241 -0.4313579858118717
0.1963285812120685 -0.4330342738099041 -0.5000000000000000
-0.5000000000000000 -0.4011496637517013 -0.4491555799639533
-0.5000000000000000 -0.4108789367186162 -0.4486135122626374
-0.4597785874019023 -0.4376625431803123 -0.5000000000000000
-0.5000000000000000 0.0354363757834439 0.3074306333878756
-0.5000000000000000 -0.2736911887636628 0.2491577644383030
-0.0814829880136846 0.5000000000000000 -0.0819317394597477
-0.4169319869033682 -0.3577788961996453 0.5000000000000000
-0.5000000000000000 -0.2966846139473351 0.3822119773277857
0.4601995032921753 -0.4127604941234228 -0.5000000000000000
0.1718410085470335 0.0605144836622644 -0.5000000000000000
0.5000000000000000 -0.4529256081865952 -0.4179969889097240
244 532
245 12
246 113
247 116
248 64
249 120
250 124
251 674
252 199
253 150
254 181
0 28
0 29
0 51
0 110
0 114
0 141
0 154
0 166
0 195
0 236
255 383
1 4
1 5
1 10
1 53
1 88
1 115
1 117
1 128
1 150
1 168
1 181
1 192
1 217
1 232
1 242
2 13
2 16
2 27
2 256
2 257
2 112
2 258
2 146
2 259
2 161
2 260
2 198
2 261
2 262
3 5
3 7
3 52
3 62
3 128
3 137
3 140
3 162
3 168
3 173
3 221
3 241
263 243
264 543
265 133
266 135
267 233
4 268
4 10
4 269
4 20
4 270
4 271
4 272
4 88
4 273
4 117
4 274
4 275
4 150
4 276
4 171
4 277
4 192
4 278
4 279
243 280
243 281
243 114
243 282
243 133
243 157
243 283
243 185
243 214
243 222
243 284
5 285
5 87
5 88
5 286
5 128
5 532
5 162
5 168
5 173
5 192
5 221
5 241
287 55
288 145
6 51
6 73
6 94
6 110
6 114
6 118
6 131
6 151
6 153
6 166
6 189
6 205
6 206
6 215
7 40
7 43
7 289
7 52
7 290
7 291
7 122
7 140
7 292
7 173
7 177
7 293
7 213
7 294
7 221
7 241
295 70
296 145
297 100
298 159
299 209
300 220
301 237
8 18
8 27
8 30
8 302
8 303
8 66
8 304
8 83
8 103
8 142
8 153
8 161
8 305
8 169
8 178
8 306
8 204
8 307
8 214
308 28
309 29
310 195
9 15
9 22
9 33
9 52
9 57
9 89
9 98
9 123
9 137
9 140
9 196
9 199
9 228
311 47
312 76
313 55
314 107
315 145
316 1255
10 20
10 88
10 115
10 117
10 150
10 171
10 181
10 192
10 212
10 217
317 20
318 117
319 147
11 16
11 25
11 27
11 32
11 81
11 96
11 103
11 112
11 131
11 144
11 153
11 156
11 202
11 231
11 236
12 21
12 320
12 383
12 321
12 113
12 116
12 322
12 323
12 324
12 325
12 326
12 327
12 328
12 329
12 1280
12 330
12 331
13 16
13 332
13 333
13 80
13 334
13 335
13 336
13 146
13 337
13 161
13 338
13 339
13 178
13 340
14 24
14 341
14 426
14 108
14 342
14 343
14 150
14 171
14 181
14 344
14 345
14 346
15 22
15 49
15 52
15 79
15 90
15 92
15 98
15 123
15 148
15 158
15 191
15 196
15 230
15 234
16 27
16 46
16 80
16 347
16 112
16 934
16 146
16 156
16 161
16 178
16 348
16 186
16 231
16 349
351 77
17 19
17 31
17 59
17 91
17 92
17 99
17 131
17 141
17 144
17 165
17 179
17 189
17 224
17 236
17 239
352 133
18 39
18 42
18 83
18 97
18 353
18 136
18 354
18 142
18 355
18 169
18 176
18 178
18 356
19 22
19 31
19 59
19 84
19 98
19 101
19 132
19 144
19 145
19 148
19 202
19 224
19 231
19 239
20 357
20 358
20 117
20 147
20 171
20 359
20 360
20 207
20 212
20 361
362 21
363 113
364 138
21 383
21 61
21 71
21 86
21 113
21 116
21 138
21 365
21 366
21 167
21 367
21 182
21 190
21 200
21 225
368 23
369 113
370 762
22 33
22 41
22 46
22 54
22 60
22 89
22 90
22 98
22 101
22 123
22 125
22 148
22 156
22 158
22 186
22 196
22 202
22 224
23 71
23 105
23 113
23 139
23 371
23 372
23 373
23 182
23 374
23 190
23 200
23 375
23 237
23 376
24 377
24 378
24 58
24 74
24 426
24 108
24 109
24 115
24 134
24 171
24 181
24 217
379 66
380 72
381 194
382 133
384 138
25 385
25 32
25 36
25 386
25 81
25 103
25 387
25 112
25 154
25 388
25 389
25 197
25 198
25 210
25 236
26 43
26 390
26 106
26 107
26 122
26 391
26 392
26 393
26 394
26 188
26 395
396 36
397 72
398 197
399 210
400 29
401 45
402 50
403 51
404 110
405 185
406 187
407 215
408 97
27 41
27 96
27 103
27 112
27 142
27 153
27 156
27 161
27 178
27 186
409 50
410 93
411 133
412 185
413 35
414 39
415 42
28 29
28 36
28 51
28 416
28 110
28 114
28 154
28 417
28 195
28 418
28 419
29 420
29 421
29 51
29 422
29 76
29 423
29 99
29 129
29 141
29 165
29 170
29 187
29 195
29 424
29 1272
29 425
427 69
428 223
30 94
30 114
30 118
30 142
30 153
30 169
30 204
30 214
30 222
31 350
31 47
31 59
31 429
31 76
31 84
31 91
31 99
31 141
31 179
31 239
32 36
32 96
32 103
32 114
32 131
32 144
32 153
32 154
32 166
32 236
430 671
431 834
432 120
433 175
434 201
435 903
436 219
437 59
438 119
439 146
33 41
33 57
33 63
33 77
33 89
33 90
33 97
33 123
33 125
33 130
33 440
33 175
33 186
33 199
34 39
34 42
34 48
34 85
34 95
34 109
34 184
34 216
34 217
34 232
34 235
35 441
35 42
35 442
35 443
35 444
35 63
35 64
35 65
35 67
35 68
35 77
35 95
35 97
35 164
35 445
35 176
35 217
35 229
35 446
36 447
36 448
36 103
36 114
36 449
36 153
36 154
36 450
36 451
36 195
36 197
36 210
36 452
453 55
454 219
455 46
456 54
457 55
458 60
459 762
460 125
461 201
462 219
37 40
37 70
37 75
37 84
37 463
37 464
37 465
37 466
37 177
37 467
37 188
37 468
37 196
37 469
37 238
37 239
470 39
471 42
472 67
473 109
474 143
475 235
350 47
350 59
350 476
350 70
350 76
350 91
350 145
38 53
38 477
38 100
38 105
38 111
38 115
38 478
38 138
38 479
38 480
38 481
38 181
38 218
38 225
38 232
38 237
38 242
482 671
483 106
484 120
485 122
486 140
487 674
488 228
489 44
490 170
491 187
492 208
39 42
39 493
39 65
39 83
39 95
39 494
39 495
39 496
39 176
39 216
39 235
497 138
40 52
40 75
40 79
40 122
40 140
40 498
40 177
40 188
40 196
40 238
499 82
500 135
501 174
41 502
41 80
41 90
41 96
41 97
41 825
41 130
41 136
41 142
41 503
41 148
41 178
41 186
504 44
505 383
506 61
507 160
508 223
509 227
42 65
42 67
42 95
42 109
42 510
42 511
42 176
42 217
42 235
43 512
43 513
43 514
43 515
43 516
43 122
43 517
43 518
43 519
43 520
43 213
43 521
43 522
523 64
524 68
525 77
526 133
527 222
44 45
44 528
44 61
44 529
44 116
44 170
44 187
44 530
44 208
44 531
44 223
533 208
534 122
535 140
536 221
537 170
538 532
539 183
540 68
541 58
542 83
544 143
545 204
546 226
547 235
548 102
549 623
550 159
551 86
552 190
553 208
45 50
45 61
45 71
45 73
45 149
45 151
45 163
45 167
45 170
45 187
45 554
45 215
45 223
46 60
46 89
46 555
46 125
46 934
46 156
46 556
46 557
46 186
46 558
46 231
46 559
560 933
561 130
47 59
47 562
47 70
47 76
47 84
47 563
47 145
47 179
47 564
47 239
565 66
566 161
567 194
568 214
569 1255
570 67
571 426
572 109
573 171
574 903
575 119
48 58
48 74
48 85
48 108
48 109
48 127
48 143
48 184
48 193
48 211
48 216
48 218
48 226
48 235
576 209
577 220
49 52
49 53
49 62
49 79
49 105
49 111
49 123
49 191
49 225
49 230
49 232
49 234
50 93
50 133
50 578
50 149
50 579
50 163
50 185
50 580
50 215
50 581
582 67
583 68
584 77
585 164
586 207
587 163
588 223
589 100
590 155
591 180
592 220
51 110
51 141
51 151
51 165
51 166
51 170
51 187
51 189
51 593
51 215
51 594
595 77
596 97
52 62
52 75
52 79
52 123
52 140
52 177
52 196
52 241
53 62
53 105
53 111
53 115
53 128
53 168
53 181
53 191
53 225
53 232
53 242
597 80
598 178
54 55
54 60
54 89
54 98
54 101
54 106
54 125
54 132
54 599
54 145
54 201
54 228
600 120
55 671
55 601
55 106
55 107
55 602
55 132
55 603
55 145
55 604
55 605
55 606
55 607
55 608
55 201
55 1255
55 219
55 609
610 240
611 58
612 74
613 426
614 109
615 134
616 143
56 617
56 618
56 619
56 100
56 102
56 111
56 623
56 180
56 620
56 209
56 220
57 63
57 120
57 123
57 124
57 137
57 199
57 228
57 229
621 114
622 157
624 213
625 88
626 117
627 147
628 162
629 192
58 74
58 82
58 543
58 426
58 108
58 127
58 134
58 143
58 630
58 631
58 632
58 226
58 633
58 634
635 532
383 61
383 636
383 116
383 637
383 138
383 638
383 167
383 639
383 640
641 834
642 933
643 762
644 903
645 87
646 152
647 155
648 180
649 240
59 84
59 91
59 650
59 101
59 119
59 651
59 652
59 653
59 144
59 145
59 202
59 231
59 236
59 239
60 654
60 89
60 101
60 125
60 655
60 156
60 656
60 186
60 202
60 231
60 657
658 86
659 129
660 190
661 203
662 240
663 76
664 99
665 126
666 195
667 1272
61 71
61 668
61 73
61 78
61 86
61 104
61 116
61 149
61 151
61 167
61 170
61 669
61 190
61 208
61 223
61 227
62 79
62 111
62 123
62 128
62 140
62 168
62 177
62 232
62 241
62 242
670 77
63 65
63 77
63 90
63 97
63 123
63 176
63 199
63 229
672 120
673 140
675 162
676 221
64 68
64 677
64 77
64 678
64 124
64 679
64 164
64 172
64 199
64 680
64 229
64 681
64 682
683 102
684 139
685 159
65 85
65 90
65 95
65 123
65 128
65 176
65 216
65 229
65 230
65 232
66 72
66 103
66 686
66 687
66 688
66 161
66 689
66 194
66 197
66 198
66 214
66 690
66 691
67 68
67 692
67 109
67 693
67 164
67 171
67 694
67 695
67 696
67 207
67 212
67 217
697 69
698 160
699 223
700 426
701 108
702 70
703 76
704 99
705 179
706 203
707 239
708 762
709 903
710 219
711 146
671 712
671 713
671 106
671 120
671 714
671 715
671 175
671 201
671 1255
671 228
671 716
68 77
68 717
68 117
68 147
68 164
68 172
68 718
68 719
68 207
68 229
68 720
68 721
722 87
723 180
724 183
725 209
726 220
727 240
728 80
729 161
730 178
69 731
69 78
69 732
69 733
69 734
69 735
69 160
69 174
69 736
69 737
69 223
69 233
69 738
69 739
740 240
70 75
70 84
70 741
70 742
70 743
70 744
70 145
70 745
70 746
70 747
70 238
70 239
71 86
71 113
71 139
71 151
71 165
71 167
71 170
71 179
71 182
71 190
71 203
71 234
748 72
749 81
750 112
751 197
752 198
753 532
754 173
755 183
756 213
757 221
758 138
759 160
760 167
761 227
763 125
764 903
765 219
72 766
72 767
72 768
72 769
72 770
72 771
72 772
72 773
72 194
72 197
72 198
72 774
72 775
72 776
72 777
72 778
779 171
780 207
73 149
73 151
73 167
73 191
73 193
73 205
73 206
73 211
73 215
73 225
73 226
73 230
73 234
781 122
74 426
74 108
74 109
74 115
74 134
74 143
74 184
75 79
75 84
75 782
75 102
75 783
75 784
75 177
75 196
75 239
785 825
786 146
787 76
788 99
789 129
790 203
791 1272
76 792
76 793
76 91
76 794
76 99
76 126
76 141
76 795
76 796
76 1134
76 195
76 797
76 1272
798 426
799 134
800 152
801 195
802 86
803 129
804 170
805 1272
806 126
807 195
808 77
809 834
810 183
811 240
77 97
77 834
77 812
77 130
77 813
77 814
77 175
77 199
77 815
77 229
77 816
77 817
78 93
78 104
78 133
78 135
78 149
78 160
78 163
78 223
78 226
78 227
78 233
78 818
819 825
820 146
821 126
822 1134
823 80
824 97
826 130
827 178
79 92
79 102
79 105
79 111
79 828
79 158
79 177
79 191
79 196
79 234
79 239
80 97
80 825
80 829
80 130
80 934
80 146
80 830
80 831
80 178
80 832
80 186
833 220
81 835
81 91
81 836
81 112
81 119
81 126
81 837
81 838
81 154
81 839
81 840
81 841
81 842
81 210
81 231
81 236
843 87
844 623
845 180
846 183
847 240
848 86
849 170
850 208
851 106
852 122
853 188
854 228
82 855
82 543
82 104
82 108
82 127
82 856
82 135
82 160
82 174
82 857
82 858
82 859
82 860
82 861
82 862
82 226
82 227
82 863
83 90
83 864
83 118
83 136
83 142
83 169
83 176
83 204
83 205
83 206
83 216
83 226
83 235
84 98
84 865
84 132
84 866
84 145
84 238
84 239
867 174
85 95
85 123
85 176
85 184
85 193
85 206
85 216
85 230
85 232
86 868
86 869
86 116
86 129
86 870
86 871
86 170
86 190
86 208
86 872
86 1272
873 102
874 111
875 623
876 159
877 209
87 88
87 111
87 623
87 878
87 532
87 879
87 152
87 155
87 168
87 173
87 180
87 183
87 880
87 213
87 240
87 241
88 881
88 882
88 883
88 532
88 884
88 150
88 152
88 155
88 168
88 181
88 192
88 885
88 242
886 138
887 181
888 218
89 98
89 101
89 106
89 125
89 175
89 199
89 201
89 228
90 92
90 96
90 97
90 123
90 136
90 142
90 148
90 176
90 206
90 230
543 133
543 135
543 204
543 889
543 890
543 226
543 233
891 119
892 231
91 893
91 119
91 126
91 894
91 141
91 144
91 154
91 1134
91 195
91 210
91 231
91 236
92 131
92 144
92 148
92 151
92 158
92 189
92 191
92 206
92 224
92 230
92 234
92 239
895 119
93 133
93 135
93 149
93 163
93 185
93 223
93 896
897 113
898 116
899 190
900 208
901 1280
902 125
94 110
94 114
94 118
94 133
94 149
94 157
94 185
94 205
94 215
94 222
95 128
95 164
95 216
95 217
95 229
95 232
96 131
96 142
96 144
96 148
96 153
96 156
96 166
96 186
96 202
96 206
904 109
905 143
97 130
97 136
97 142
97 906
97 907
97 176
97 178
908 195
909 210
910 106
98 101
98 106
98 132
98 158
98 196
98 224
98 228
98 238
98 239
99 129
99 141
99 165
99 179
99 203
99 911
99 1272
912 145
913 208
426 914
426 108
426 109
426 915
426 916
426 134
426 171
426 917
426 918
100 105
100 111
100 919
100 920
100 921
100 155
100 922
100 180
100 209
100 220
100 237
100 242
834 933
834 120
834 762
834 130
834 923
834 175
834 199
834 903
834 924
925 138
926 239
101 132
101 927
101 928
101 145
101 202
101 231
102 105
102 111
102 623
102 929
102 930
102 159
102 177
102 213
931 134
932 825
935 146
103 112
103 936
103 114
103 153
103 154
103 161
103 937
103 197
103 198
103 214
938 147
939 172
940 532
941 162
942 192
943 221
104 108
104 127
104 135
104 138
104 149
104 160
104 167
104 944
104 218
104 226
104 227
945 190
105 111
105 139
105 946
105 159
105 182
105 191
105 200
105 209
105 225
105 234
105 237
105 242
825 933
825 130
825 934
825 947
825 146
825 948
825 186
825 949
106 107
106 122
106 132
106 950
106 175
106 188
106 196
106 201
106 1255
106 228
106 238
106 951
107 952
107 132
107 145
107 953
107 188
107 954
107 1255
107 238
107 955
956 112
957 934
958 146
959 231
960 762
961 903
108 115
108 127
108 138
108 962
108 181
108 184
108 963
108 218
108 964
109 115
109 143
109 171
109 184
109 217
109 235
110 114
110 965
110 157
110 166
110 185
110 187
110 189
110 215
110 966
111 623
111 159
111 173
111 177
111 180
111 209
111 213
111 241
111 242
112 967
112 156
112 968
112 161
112 198
112 231
112 969
113 116
113 970
113 971
113 972
113 182
113 973
113 190
113 200
113 225
974 114
975 214
976 222
977 183
978 208
979 132
980 145
981 238
114 118
114 153
114 154
114 157
114 166
114 982
114 214
114 983
114 222
115 171
115 181
115 184
115 217
115 218
115 232
115 242
984 150
985 155
986 181
987 242
116 988
116 989
116 990
116 190
116 208
116 1280
116 991
992 169
993 204
994 235
995 532
996 174
997 207
117 121
117 128
117 147
117 998
117 162
117 164
117 172
117 192
117 207
117 212
117 217
933 762
933 130
933 934
933 999
1000 174
1001 233
1002 155
118 133
118 142
118 153
118 166
118 204
118 205
118 206
118 222
119 126
119 1003
119 1004
119 1005
119 1006
119 1007
119 1134
119 1008
119 210
119 231
1009 201
1010 219
120 124
120 674
120 1011
120 1012
120 175
120 1013
120 1014
120 199
120 228
120 1015
762 125
762 130
762 1016
762 1017
762 175
762 903
762 219
762 1018
121 124
121 128
121 137
121 162
121 164
121 172
121 192
121 229
1019 903
1020 219
122 140
122 1021
122 177
122 188
122 196
122 228
1022 155
1023 220
1024 161
123 128
123 137
123 140
123 176
123 196
123 229
123 230
123 232
124 137
124 674
124 1025
124 162
124 172
124 199
124 228
124 229
125 130
125 934
125 175
125 186
125 201
125 219
125 1026
126 1027
126 1028
126 1029
126 1030
126 1031
126 1032
126 1134
126 195
126 210
1033 146
127 138
127 167
127 184
127 211
127 218
127 226
1034 150
1035 181
128 137
128 140
128 162
128 164
128 168
128 192
128 217
128 229
128 232
1036 195
1037 139
1038 203
1039 234
1040 239
129 1041
129 165
129 170
129 179
129 190
129 203
129 1272
1042 133
1043 169
1044 204
1045 222
130 934
130 1046
130 175
130 186
130 199
130 1047
1048 195
1049 147
1050 1134
1051 1280
131 141
131 144
131 148
131 166
131 189
131 206
131 236
623 1052
623 173
623 180
623 183
623 1053
623 1054
623 213
1055 194
1056 134
1057 171
132 145
132 188
132 1058
132 238
934 146
934 186
1059 145
133 135
133 149
133 185
133 1060
133 204
133 205
133 222
133 226
133 1061
133 1062
134 143
134 1063
134 1064
134 1065
134 1066
134 1067
1068 160
1069 174
1070 227
1071 150
1072 152
1073 155
1074 174
1075 233
135 160
135 174
135 1076
135 226
135 233
135 1077
136 142
136 176
137 140
137 674
137 162
137 228
137 229
1078 903
1079 150
1080 150
1081 155
1082 163
1083 223
138 1084
138 1085
138 167
138 1086
138 1087
138 1088
138 1089
138 218
138 225
138 227
138 1090
1091 155
1092 220
1093 145
1094 145
1095 231
1096 145
1097 231
1098 1134
532 1099
532 152
532 173
532 1100
532 183
532 1101
532 1102
532 221
532 1103
532 1104
1105 177
1106 213
139 1107
139 159
139 182
139 190
139 203
139 1108
139 234
139 237
139 1109
139 239
140 674
140 162
140 196
140 1110
140 221
140 228
1111 208
141 154
141 165
141 166
141 179
141 189
141 195
141 210
141 236
142 153
142 178
142 204
142 206
1112 233
1113 150
1114 152
143 1115
143 1116
143 226
143 1117
143 235
674 1118
674 162
674 228
1119 181
1120 218
1121 1255
1122 194
1123 240
1124 145
1125 194
144 148
144 202
144 224
144 236
145 1126
145 1127
145 238
1128 231
1129 903
1130 152
1131 183
1132 240
1133 233
146 1135
146 1136
146 1137
146 1138
147 1139
147 1140
147 1141
147 162
147 172
147 1142
147 207
147 1143
148 156
148 158
148 186
148 202
148 206
148 224
149 151
149 163
149 167
149 185
149 187
149 205
149 215
149 223
149 226
149 227
1144 210
150 155
150 171
150 181
150 1145
150 242
151 165
151 167
151 170
151 179
151 187
151 189
151 191
151 205
151 206
151 215
151 230
151 234
1146 162
1147 219
152 155
152 183
152 1148
152 1149
152 1150
152 240
1151 208
153 154
153 166
153 204
153 206
153 214
1152 159
1153 234
1154 239
1155 177
1156 188
1157 213
1158 194
1159 157
1160 185
1161 215
154 166
154 195
154 197
154 210
154 236
1162 162
1163 172
155 168
155 173
155 180
155 1164
155 241
155 242
156 186
156 202
156 231
157 185
157 1165
157 222
157 1166
158 196
158 224
158 239
1167 190
159 1168
159 209
159 1169
159 237
160 174
160 223
160 227
160 233
161 1170
161 178
161 198
161 214
161 1171
162 172
162 192
162 221
162 1172
163 1173
163 1174
163 223
163 1175
164 172
164 207
164 212
164 217
164 229
1176 231
165 166
165 170
165 179
165 187
165 189
166 189
166 206
166 236
1177 210
167 182
167 200
167 211
167 218
167 225
167 226
167 227
167 234
1178 176
1179 178
1180 195
1181 210
168 173
168 192
168 241
168 242
169 1182
169 1183
169 1184
169 204
169 1185
169 214
169 222
169 1186
170 179
170 187
170 190
170 203
170 208
170 1272
1187 188
171 1188
171 181
171 1189
171 1190
171 207
171 212
171 217
171 1191
1192 200
1193 220
1194 225
1195 237
1196 207
1197 212
1198 235
172 229
172 1199
1200 222
173 183
173 1201
173 213
173 221
173 241
174 1202
174 227
174 233
174 1203
175 199
175 201
175 903
175 219
175 228
1204 207
1205 231
176 206
176 216
176 230
177 213
177 241
1206 214
1207 222
1208 201
1209 903
1210 219
178 186
179 189
179 190
179 203
179 234
179 239
1211 220
180 1212
180 220
180 241
180 242
181 1213
181 218
181 242
1214 237
1215 195
1216 1280
1217 183
1218 240
182 200
182 225
182 234
1219 208
1220 237
1221 188
1222 238
183 1223
183 213
183 1224
183 1225
183 240
184 193
184 211
184 217
184 218
184 232
185 205
185 215
185 222
185 1226
1134 1227
187 1228
187 215
1229 194
188 196
188 238
189 206
189 215
189 234
189 239
1230 208
190 203
190 1231
1232 213
191 193
191 225
191 230
191 232
191 234
1233 207
1234 209
1235 207
1236 194
193 205
193 206
193 211
193 216
193 218
193 225
193 226
193 230
193 232
1237 197
1238 214
194 198
194 1239
194 1240
194 1241
194 1242
194 1243
195 210
195 1244
1245 233
1246 223
1247 201
1248 903
1249 219
196 228
196 238
196 239
197 198
197 1250
197 210
198 1251
198 1252
199 228
199 229
199 1253
200 225
200 234
200 237
201 219
202 224
202 231
202 236
203 234
203 1254
203 239
1256 213
204 205
204 222
204 226
204 235
205 206
205 215
205 216
205 226
206 216
206 226
206 230
1257 233
207 212
207 1258
207 1259
208 1260
208 1280
208 1261
208 1262
1263 221
209 220
209 237
209 1264
210 1265
1266 223
211 218
211 225
211 226
1267 237
212 217
1268 214
1269 227
1270 227
1271 903
1255 1273
1274 213
213 1275
213 1276
213 241
214 222
214 1277
1278 1280
1279 233
216 226
216 235
217 232
903 219
218 225
218 232
220 1281
1280 1282
1280 1283
1280 1284
222 1285
223 227
223 1286
224 239
225 232
225 234
225 237
225 242
226 235
230 232
231 236
231 1287
233 1288
233 1289
234 239
1290 240
1291 238
238 239
1292 240
241 242
