1208 2010 0
0.3257003066626758 -0.3814414515614956 0.4081455222378992
-0.4593949381123944 -0.1622029659826216 -0.1941116366016198
-0.1277403705205401 0.1816627817912859 0.0474200026704113
0.2726039010036471 -0.3479876067034373 -0.4216063282205536
0.2412829443173596 0.3393232173044414 0.2693196929904588
-0.3957480490348254 0.2477089306268296 0.3086145818834983
0.4242910439582109 0.3817087836021411 0.4792462344223334
0.4359619794335192 -0.4213429055135074 0.3197705512518136
0.2094196961337906 0.1542082348944376 -0.0208661275080847
0.3013846383028599 -0.4920115741957816 -0.3513635879797633
0.0608751275891665 -0.3300288247913269 -0.1423949120780429
-0.1658594498613666 -0.2992063170427611 0.2549938583155543
0.2826330473305374 -0.2125818212761975 0.4974743905289866
-0.2620923970787213 0.0071723805829632 0.3314296478046293
0.3912540618396483 0.4248876928531555 -0.2361124965333065
0.1541631763399408 0.4240480834606240 -0.3790686652348062
0.4145836620113886 -0.2087824977592610 -0.1852897106360671
0.1526584033125806 -0.4314619872963408 -0.2627515055810592
0.4598875500520420 0.1914089627974032 0.3507324322924156
0.4188482242463503 0.3112342438374211 0.2982223931895436
0.0264828372888249 0.1374032994270366 0.3346292549091970
0.1653771023371522 -0.3958918904533037 -0.4409342567128647
-0.3882770217799383 -0.4091711811606816 -0.3571232852182589
0.3877724863325411 0.4765739563974309 -0.1478204936511777
0.4559099828198920 0.1975410955135581 -0.2435798601854560
0.2234885933590391 0.2410511689208489 -0.0689357645566254
-0.1320654311617452 0.1629956760468765 -0.0237651450256855
0.1667500672928953 0.0626156028572486 -0.0057117283429577
-0.4809613028557340 0.0863742568820916 -0.1376792910704160
-0.3246815934127961 -0.2505967041337540 -0.0306104733185051
0.3738778812740192 0.2931298881395761 -0.1279304038858837
-0.4430995899942241 -0.2591690675275419 -0.2765540745649719
-0.2300876455626033 -0.0967898132322517 -0.3294873693254144
0.1416252711161727 0.0946173142477954 -0.2204475845111899
-0.3380874140855746 0.0025353664064354 0.0364657054772407
-0.2976094607817549 -0.2128333601318331 -0.3143377925987259
0.0700993434981662 -0.0566931226003992 0.1838551993733707
-0.2778997188462800 0.0996448815941348 0.4666049346869693
0.0513046690356364 0.2482364457888082 0.4774271968812410
-0.0937176002587226 -0.0873988504521318 -0.2333055162849241
0.1401189212031682 -0.0696165814999773 0.2188236721307767
-0.1911026032024886 -0.2390061359375950 0.3808283780962281
0.1054785837619683 -0.2542903671400055 -0.0662595937487939
-0.3348996399537033 -0.3688432994288912 -0.1212417801572687
-0.3551178891189395 -0.1376422357473584 -0.1586437200636359
0.0902971940016686 -0.2239622091367936 0.2545902508924925
0.1313067832580710 -0.4348790434177038 -0.0420509010444371
0.1008154559266162 0.1627124869791528 -0.2097692572080656
0.2581613447009102 -0.0520967260565890 -0.1615673778819485
0.1866891723841699 0.0682904291892664 0.3712704770606983
-0.1757696298853696 -0.1634317872913853 -0.1487922341419675
-0.3917843165753133 0.0694937897834113 -0.3440703392253498
0.0092307420268176 0.3252182888743443 -0.1577544558190654
-0.4413880260056722 -0.4637678062916393 -0.4412921881815065
-0.1355602959383869 0.0048197994211542 -0.2177395724420024
0.0603482578155914 -0.1385191005257483 -0.2039997436400739
-0.0228715032789789 0.1659841827497031 -0.2980378755399161
0.3414303640394732 -0.3870113447976818 0.3733992391929771
-0.3218190841501429 0.3660311836846747 0.2421277882830357
0.1338263126450496 0.2826312355127693 -0.2060895701079544
-0.3361322445164890 -0.2473563556229433 -0.0744597429997529
0.1555127417486817 -0.2447194743069596 0.0381897335355056
0.0244371836058020 0.0474777289980800 -0.4478800461221750
-0.0371077306809038 -0.1015992424804709 -0.3279070888835678
0.4042061899017597 0.2723409289160315 0.4249877845758236
-0.2598608423177567 -0.4146204104168164 -0.2027726203745983
0.3372282295659495 0.1958498883978501 0.4215557350574866
-0.1781415599314115 -0.0002588322060884 -0.1173784093503634
-0.3769689718708236 0.1787874232481472 -0.0503716513692286
0.0553471240260681 -0.1789592007453214 0.0968548887623202
0.0074461685756561 -0.3824642245706773 -0.3773389352264633
-0.2807273008679074 0.2418186328848138 0.0582144466688400
-0.2040384320290499 0.3619267708234323 0.3107307769188468
-0.3214564631277396 0.3793672470026618 -0.2680747195010038
-0.3991449031577403 0.3508820574058099 -0.1480655133529384
0.0949140029650610 0.0560069187314130 -0.0760410264088337
0.3399807541676632 -0.3051385424580880 0.3921494149083282
-0.1357224311700023 -0.1956518856408575 -0.4247405846655672
0.2304495720824531 -0.4468375715798380 0.0900622732103795
-0.0079800566448730 -0.3837676815946764 0.2155353775262228
0.2774403502472640 0.0549021357722781 -0.2352291466551732
0.1060649258069474 0.3766874413841670 0.2025331359636991
-0.2766222831075758 -0.4325806882121343 0.0701964945579432
-0.0928571893666406 -0.1459735969342910 0.3554330682603022
0.0850723326272842 -0.1562161449635555 -0.2202858892932884
0.3828405162592485 -0.1256071546683239 -0.4083770838941621
-0.2814651381633057 0.0431222873604448 -0.4174240275291378
-0.4396160017075674 0.0797277900906534 -0.0123419650377959
-0.2693589083747230 -0.0073731228724544 0.0744749424337978
0.1651979206922667 0.2785530354848993 0.0151673985420747
0.3790524469779926 0.0356797389680992 -0.0259587090658248
0.4240172189413430 -0.4103762413766046 0.2295302477544225
0.4817803289263752 0.0082377669267973 0.4061969691212198
0.3295334427457560 0.3755614348375106 -0.3488599781309027
-0.3876257881861227 -0.3113988614063629 -0.2699342320345166
-0.1953183059366407 0.4665566701880995 -0.3007992883595298
0.4338495355771036 -0.1296977110603026 -0.0671075036185129
-0.2065548923120827 0.0374183615665839 -0.4679865420386937
-0.1111449050879442 -0.4176359329498059 -0.2453345353389512
0.1092258484266043 -0.2004505061431569 -0.3012148082551380
-0.3161341953399068 0.0544371114760955 0.2615166818416693
0.1137000346406756 0.4740758143028174 -0.1999731356110352
0.1790052464692296 -0.2095436947757716 0.3779620856199044
0.4832823509056194 0.4029845795913726 -0.4435828129834416
-0.4611669595481473 -0.2424785580153815 0.4296186715952496
-0.4136379669017306 0.4399741085522450 0.4612143612691326
0.0239007700207076 0.0132827932534186 -0.2378610185857491
0.4035138685987831 -0.0703266458250769 -0.3093613922581682
-0.0589458659510932 0.3724468734954456 -0.2364368850235865
0.2695216273879268 0.2145366697034563 0.3422393013678301
0.3022711512916994 -0.0413810587762504 -0.0664391368252119
0.3556088696876236 -0.4123447005657239 0.4245185073659897
-0.4485062239407457 -0.4876402575095263 0.0004170800541109
-0.0931166081228193 -0.2090541176700378 -0.2299123873072975
-0.2760316495012822 0.1559114130476902 0.4419213094623975
-0.1349420385775022 0.1341581649443941 -0.1622897923199141
-0.0196529903382230 0.2384301113904689 -0.2523289411450520
0.2642963760338087 -0.0957606370996443 -0.1819245805878026
-0.0509784016364319 -0.3228938505914948 0.1319870809831593
-0.2442222969464393 0.4713013340899605 -0.3695661915735937
0.2398840701210361 0.0834197131699905 0.4022207944497014
0.4668734128283442 -0.3507104161326740 0.2291552397874650
-0.4108124498968651 0.2298613924398015 0.3135624463923816
0.4028905843192456 -0.1805209062424193 -0.3622158865497457
0.3602680036636340 -0.0130890928938975 0.4733081989781281
-0.3209320551031096 -0.0599320478001591 -0.0972176994839430
0.4728661267320559 -0.1620117165188566 0.1614698817062293
0.2245870967830001 0.3116551547452378 0.1406728693842343
0.4037768761749184 0.2834506660058380 -0.1283256831082888
-0.3353721110125064 0.3431260473140935 -0.0854686765766957
-0.3487594745109068 -0.2404936787514644 -0.1795031838950386
0.1186328100300972 -0.3422675553573913 0.1633649613616054
0.3513577863086784 -0.2643584925711654 -0.1468194575338023
-0.0455478685599780 0.4374569046758613 0.4557227503872789
-0.0447726055643201 0.0929827834406995 -0.3330240655075505
-0.2225602471155319 -0.2561827259059812 -0.2455054741002369
0.1181505448256259 0.4409698705252969 0.3938778335683624
-0.0921014899500347 -0.0037222458471671 0.2255094618246601
-0.3515388982604932 0.4427010435228949 0.0283121449997040
0.4047099208365898 -0.1090624317126108 0.2217877318185085
-0.3999513069899869 -0.1227991075612617 -0.3052438220087336
-0.3947919180171895 0.1784282196003220 0.0173754029355345
0.4508898697326759 -0.4594098618496303 -0.4194577880561101
0.3420398710551414 -0.0516053598584052 0.0720135281049928
-0.1217710609746135 0.1852293244908727 -0.4301733771185918
-0.2090432309547958 0.1535518240029199 0.1190261419368271
-0.4669901622487888 0.4444949110508753 -0.3034028603113100
-0.2975349494629302 0.4222343710587386 0.2968788857202335
-0.4851815796180272 0.4504265074816369 0.0822754735942527
0.2563751177105185 0.2205823539389928 -0.4576658082824591
0.0419055034544597 -0.2846283209061486 0.0062316427850489
0.3914596653829041 -0.1018120413917400 -0.2028934262226084
0.0100355011661171 -0.0404082630746610 0.2767165496003340
-0.3306267475422601 0.3353195873150187 0.2448900486606213
0.2384976831805567 -0.0957496905183919 -0.0418275865641982
0.0500724854552405 -0.2043584566645462 0.1824524043864102
0.3716215781414420 0.3627529349389997 -0.4249281021542232
0.2608357010498816 -0.1748897041725193 0.4555979536529968
-0.4320485494122159 -0.2728726836714478 0.3706810589310139
-0.1952921350370440 -0.0054868149454489 -0.0493254557842778
0.2101772523171939 0.1714956396512004 -0.4137515712749029
-0.1318868129913988 0.4088978653866749 -0.4757144905823147
-0.4227927099441275 0.0281196348712778 0.3090109971672276
-0.4677417647588117 -0.4673698581144257 0.1953148473295737
0.3504394381650749 0.1059097741143841 -0.3978066381441615
-0.0145194696060859 -0.2497843716963305 0.2646137020850193
-0.3392745639291858 0.3952705126187677 0.0074325475223434
0.2310958496434438 -0.2492140754409782 -0.3941506005617830
0.3222985984316399 -0.1247089535121896 -0.2337643538361451
-0.4479250786356676 0.0362837941516259 0.3665206079686346
-0.2434806858495756 -0.0570755133971272 0.1920225997781100
0.1029864550346253 0.3723321860363114 -0.2834411225662726
0.3863103027422631 0.0987143105907948 0.1177159508797426
-0.1581007468003833 0.1143484069750478 0.4443878221176852
0.2807690857535087 -0.0151262420016215 0.3091390162262490
0.4332986177539786 -0.2304894849951704 0.1528888336795116
-0.0489193844646258 0.4434267285293601 -0.3736838455377497
-0.1393966594625579 -0.2281212646578610 -0.4722074368394190
-0.4378868457631709 -0.2841816493703984 0.0476916694647362
0.5000000000000000 0.1905469733044883 0.4885695519173406
0.4611942429614453 0.2348457182348060 0.5000000000000000
0.4268203917279391 0.1930834545287309 0.5000000000000000
0.5000000000000000 0.0776232032519181 0.4763532430730602
0.5000000000000000 0.2674785949359531 0.4633398434139713
0.3631278194657597 -0.3814155346715760 0.5000000000000000
0.2931556292197536 -0.3448518016186680 0.5000000000000000
0.2869870853365749 -0.4402684183000917 0.5000000000000000
0.3189136500284578 -0.3375787748193080 0.5000000000000000
0.2838289318340319 -0.4331811217665608 0.5000000000000000
0.2292770668236379 -0.5000000000000000 0.2624327952154010
0.3059160259883322 -0.3903882639552404 0.5000000000000000
0.2750405005206287 -0.5000000000000000 0.3619864857408305
-0.5000000000000000 -0.1741417316743967 -0.3296989970885240
-0.5000000000000000 -0.0755692527482733 0.1465127322575864
-0.5000000000000000 -0.1180016620925242 -0.2643103685526050
-0.5000000000000000 -0.1804700044096044 -0.1881203788162389
-0.5000000000000000 -0.1456278124321382 -0.2633388944022287
-0.4873986608010570 0.1150883085495447 0.5000000000000000
-0.3179806345466091 0.2279483217622202 -0.5000000000000000
-0.0734322298121687 0.1639870263592091 0.5000000000000000
0.0028405297709612 0.2975699157102475 0.5000000000000000
-0.2870701237810532 0.0904697424274643 0.5000000000000000
-0.3782043739335047 0.0348582593321265 0.5000000000000000
-0.4003119563931180 0.0383757996082393 0.5000000000000000
0.3517776063042602 0.1863385016215355 0.5000000000000000
0.3217751794300929 0.1914731173510149 0.5000000000000000
0.2882125562604750 0.1085249049803033 0.5000000000000000
0.3636758661934116 0.0069364786146990 0.5000000000000000
0.2935234878307518 -0.3244935849077410 -0.5000000000000000
0.2487189118786421 -0.3586730774315704 -0.5000000000000000
0.5000000000000000 -0.2659797097785812 -0.2083721291555754
0.5000000000000000 -0.2220833988061164 -0.2001508958330321
0.5000000000000000 -0.3481590176272151 -0.0236375436804059
0.2652634874018979 -0.3690415199319007 -0.5000000000000000
0.2239203759216674 -0.3919713637784347 -0.5000000000000000
0.2631288652359175 -0.3251314770247156 -0.5000000000000000
0.5000000000000000 -0.3969719289252727 -0.0473676110873564
0.1626393344761890 -0.3259016644348463 -0.5000000000000000
0.4052378884835232 -0.5000000000000000 0.2051937854939780
0.3183013698108692 -0.5000000000000000 -0.2562123559545418
0.3239042599123006 -0.5000000000000000 0.1251007485819146
0.3062556992478080 -0.5000000000000000 -0.0457266498963220
0.4004187698400757 -0.5000000000000000 0.1736526644388465
0.3799422716575993 -0.5000000000000000 0.2328337581784895
0.2710286258610399 0.5000000000000000 0.2722094185404278
0.2678477692906150 0.3315757497635208 0.5000000000000000
0.2122866977099919 0.4100970047468276 0.5000000000000000
0.2972066168776749 0.5000000000000000 0.1221950679728694
0.5000000000000000 -0.2132590362997562 0.4111815474553466
-0.5000000000000000 0.2486874590832981 0.1882493166244942
-0.5000000000000000 0.2475835326773950 0.0717251053414060
-0.3380343986038379 0.2206961645969530 0.5000000000000000
-0.3711593747686182 0.2151910813261702 0.5000000000000000
-0.5000000000000000 0.3182517787228765 0.2284444328639682
-0.3274279962543312 0.2458399442766561 0.5000000000000000
-0.3266513991963386 0.3349248692450871 0.5000000000000000
-0.3944031037657492 0.2645925350422278 0.5000000000000000
-0.2072355137562437 0.2349155859546592 0.5000000000000000
0.3673636117771697 -0.3822035236374052 0.5000000000000000
0.3665046502230362 -0.3690261964303618 0.5000000000000000
0.3681676284174136 -0.3881190169233865 0.5000000000000000
0.0090846461561296 -0.5000000000000000 -0.2010923342344674
-0.0450613515432439 -0.5000000000000000 -0.3139714931307045
-0.0774598622854380 -0.5000000000000000 -0.2783722706947487
-0.0820659767660281 -0.5000000000000000 -0.2254887608539881
0.4390318947709062 -0.4302753905118578 -0.5000000000000000
-0.3929664198402731 0.1411465219961363 -0.5000000000000000
-0.3899117173357637 0.2004152581364368 -0.5000000000000000
0.0553720687850256 0.1102480486834294 0.4999999999999999
-0.5000000000000000 0.2498779176045489 -0.1255614276902719
-0.5000000000000000 0.1922234259314492 -0.4491171809765053
-0.5000000000000000 0.2398071176299740 -0.3437138363417288
-0.5000000000000000 0.3070083098487691 -0.4468407860234686
-0.5000000000000000 0.3082834481301242 -0.3627652251903289
-0.5000000000000000 0.2974687083200503 -0.3855725313929169
0.4432948226950762 0.5000000000000000 0.4774258817578120
0.3173605176375824 0.5000000000000000 0.3275354042750639
0.4303041780661808 0.3927271026579087 0.5000000000000000
0.3006056570195686 0.3417714697861216 0.5000000000000000
0.5000000000000000 0.3943803789832244 0.3517818274616116
0.4073914313779601 0.3865025863614708 0.5000000000000000
0.4968390112105928 0.5000000000000000 0.2936423909726135
0.4507754261502172 0.3890679943497776 0.5000000000000000
0.5000000000000000 0.3995949408241393 0.2898741958279108
0.4342504044148588 0.3804943083408842 0.5000000000000000
0.4257644308425643 0.3853650044006600 0.5000000000000000
0.3306003953227923 0.5000000000000000 0.1715620080588540
0.4255499968750820 0.3746673211617052 0.5000000000000000
0.0642697877341678 0.4351661326533540 -0.5000000000000000
-0.1303007610597837 0.4133341562235367 -0.5000000000000000
-0.0000767364557734 0.4125748795151202 -0.5000000000000000
-0.0715256336148100 0.4481982421063797 -0.5000000000000000
0.4454447443329347 0.0045750172476159 0.5000000000000000
0.2985680259615269 0.0498421606189726 0.5000000000000000
0.3644620420804656 -0.0112850425755949 0.5000000000000000
0.4850931263710488 -0.4896321308936219 0.5000000000000000
0.4875154139690822 -0.4341127980712007 0.5000000000000000
0.5000000000000000 -0.3802307790764687 0.4604965623740445
0.5000000000000000 -0.4379488182115467 0.3043229106901471
0.5000000000000000 -0.4509518744894786 0.3173188296831829
0.1103574934550758 -0.1300770422167009 -0.5000000000000000
0.0849504795283533 -0.1409388808806303 -0.5000000000000000
0.0577626246738913 -0.0499645225765548 -0.5000000000000000
0.0611170088065822 -0.1325487986701366 -0.5000000000000000
0.0884265920681940 -0.1435513309436501 -0.5000000000000000
0.0930016285296431 -0.1530038461953221 -0.5000000000000000
0.1123587630661138 -0.1352679049593955 -0.5000000000000000
0.1338939550971391 -0.1754142183431462 -0.5000000000000000
0.1251957595719737 -0.1387591613698077 -0.5000000000000000
-0.2691957854202692 -0.0928011723570663 -0.5000000000000000
-0.2930628872431357 0.0126247027152902 -0.5000000000000000
-0.2197892402735595 0.0242129762033618 -0.5000000000000000
-0.3814536123013416 -0.4883584264113290 0.1829794072323508
-0.4449031903030311 -0.5000000000000000 0.0169349986636192
-0.3032980365343892 -0.0354622022880502 -0.5000000000000000
-0.3866007244168144 0.0508434145021336 -0.5000000000000000
-0.3126370140287298 0.0387782158717605 -0.5000000000000000
-0.2328280135685483 0.0361936997913362 -0.5000000000000000
-0.3899042068646810 -0.0437684818441103 -0.5000000000000000
-0.0246977767012449 0.4442008489386723 0.5000000000000000
-0.4968958653396439 0.2480968856292349 -0.1040470435125106
-0.5000000000000000 0.3408800591306651 -0.2246776216028021
-0.5000000000000000 0.4362739752619353 0.0363186416845643
0.5000000000000000 0.0781385568258645 -0.4703220098747681
0.4814295535042706 0.0333179824502143 0.5000000000000000
0.3690317548895382 -0.0030820146979009 0.5000000000000000
-0.5000000000000000 -0.1901796459466612 0.3500640131033024
-0.5000000000000000 -0.1873247720645074 0.3116848396449796
-0.5000000000000000 -0.0761770272316490 0.3153839134319520
-0.5000000000000000 -0.1937359526199995 0.2024489723706730
-0.3296437146569802 0.5000000000000000 0.0471230492935084
0.1643633700592735 0.4031342027233723 -0.5000000000000000
0.2769957008157572 0.3691321386952371 -0.5000000000000000
0.2465950671164714 0.2397822485674168 -0.5000000000000000
0.3302061213959449 0.3616994193467608 -0.5000000000000000
0.1113978057341253 0.5000000000000000 -0.1994162489273171
-0.1039712561850005 0.2404302925802400 -0.5000000000000000
-0.1391474931581087 0.1941989222362979 -0.5000000000000000
-0.1380026817642852 0.3990627595574749 -0.5000000000000000
0.1762533949084829 0.5000000000000000 -0.0208950465120197
0.5000000000000000 0.4554406716483592 -0.1381487252651357
0.5000000000000000 0.4821934311542148 -0.0917044537209779
0.5000000000000000 0.3914277379613127 -0.4296820510127328
0.5000000000000000 0.3585052501916295 -0.3984197827828136
-0.2421343928034042 0.5000000000000000 -0.3717201642999659
0.2985877308317448 -0.5000000000000000 -0.2865416279562998
0.2784629700237465 -0.4934964810152053 -0.5000000000000000
0.2788308001833263 -0.4678944451022278 -0.5000000000000000
0.2180830808065758 -0.4631237359862094 -0.5000000000000000
0.5000000000000000 -0.4989173948534593 -0.0497473496298610
0.4542735297091547 -0.5000000000000000 -0.0181797667111629
0.2997221019245306 -0.5000000000000000 -0.3296275338469264
0.5000000000000000 -0.4393935243677671 -0.0402046817297840
0.3137352384878626 -0.5000000000000000 -0.3370846709785808
-0.0519308898688302 -0.2695671018258982 -0.5000000000000000
0.0592747947441159 -0.3093496744305528 -0.5000000000000000
0.1912626881208318 -0.2365625307354945 -0.5000000000000000
-0.0020656264239073 -0.3537886019755587 0.5000000000000000
-0.1517351488188800 -0.3272564019244571 0.5000000000000000
-0.1252224779998093 -0.2775606378348670 0.5000000000000000
-0.2028613400206547 -0.5000000000000000 0.3377010240554089
0.4246556272309835 0.2495398840347370 0.5000000000000000
0.3737877057034736 0.1898205108536515 0.5000000000000000
0.4856092426754255 0.0506664670801685 0.5000000000000000
0.3728074017555496 0.0037466275415490 0.5000000000000000
-0.1955068811530118 0.0241860482975523 0.5000000000000000
-0.2189668040058315 -0.0686069063720289 0.5000000000000000
-0.5000000000000000 -0.0740585807880317 0.1520930589927220
-0.2586874436256957 0.0110025785441793 0.5000000000000000
-0.0729002663244587 0.0433223111019940 0.5000000000000000
-0.1701983477723290 -0.0710624281260263 0.5000000000000000
0.2563145361914567 0.2256772740627056 -0.5000000000000000
0.3514206323142777 0.3463027270034558 -0.5000000000000000
0.1538407666708247 -0.4655728518336146 -0.5000000000000000
0.1596749781319844 -0.4353981643207939 -0.5000000000000000
0.1073307438944861 -0.4446847174567384 -0.5000000000000000
0.1905323644536777 -0.4822981646097698 -0.5000000000000000
-0.0148161767996807 0.4513359765087517 0.5000000000000000
0.1281401179157109 0.4671789239853990 0.5000000000000000
0.5000000000000000 0.3721138615621836 -0.1481117286015848
0.4067066271671853 0.5000000000000000 -0.2988230673883355
0.4304867560721140 0.5000000000000000 0.0053514635190704
0.2467052126425383 0.4717929665345601 -0.5000000000000000
0.5000000000000000 0.4048328946151707 0.2078902263216588
0.5000000000000000 0.3718556917209423 -0.0819747565260549
0.3278687133369676 0.4115896735160420 -0.5000000000000000
0.3836957384705819 0.5000000000000000 -0.3689748321992884
0.5000000000000000 0.4305250254132370 -0.2888138473551348
0.5000000000000000 0.3327515405189905 -0.0007965480554292
0.5000000000000000 0.0857837781328663 -0.1580951431860740
0.5000000000000000 0.0365664701436177 -0.1075032594768995
0.5000000000000000 0.0188201358374108 -0.1521107812477304
0.5000000000000000 0.0446399527131925 -0.1523338119831116
-0.5000000000000000 -0.2150833987970667 -0.3847622757002967
-0.5000000000000000 -0.1897696947381106 -0.4348080170853536
-0.5000000000000000 -0.1680710916485919 -0.4154240808544966
0.1250542172952437 0.1513490183333476 -0.5000000000000000
0.1155992831341854 0.1673789346733000 -0.5000000000000000
0.1230998812279241 0.1944859335235771 -0.5000000000000000
0.2113030877214618 0.2034583470088110 -0.5000000000000000
0.1649519365998801 0.1701232601110729 -0.5000000000000000
0.2462288005635196 0.2217414930876859 -0.5000000000000000
-0.2959696033112545 0.0942400566826835 0.5000000000000000
-0.3913173584205543 0.0540443545100760 0.5000000000000000
-0.4087250983761736 0.0542243380132358 0.5000000000000000
-0.5000000000000000 0.2328895482911450 -0.1297713632368128
0.5000000000000000 0.4297650086190151 -0.4564489072970455
-0.5000000000000000 0.0953688927373576 -0.2108277089085064
-0.5000000000000000 0.1012169708877916 -0.3379825592224110
-0.5000000000000000 0.1250306052878916 -0.2762606016032859
-0.5000000000000000 0.1267885763011985 -0.2524833879002165
0.1965401933240890 -0.0593269303252489 0.5000000000000000
0.2085759349937580 -0.0620402279102654 0.5000000000000000
0.2121121449736904 -0.0119964086018725 0.5000000000000000
0.2086306213862187 -0.1177939953140042 0.5000000000000000
0.1716351598498388 -0.0549562768452675 0.5000000000000000
0.2426600473911912 -0.0470875232423437 0.5000000000000000
-0.4315052440127695 -0.4817110310841268 -0.5000000000000000
0.0952885030128540 0.3740376021520654 -0.5000000000000000
0.1229889631174797 0.5000000000000000 -0.4393152375623964
0.1202187262475071 0.4008728609243719 -0.5000000000000000
0.1304725993564092 0.4532572230861885 -0.5000000000000000
0.2835953953310255 0.5000000000000000 -0.3125454282214685
0.1685380298398683 0.4588706311793486 -0.5000000000000000
0.0762868201049595 0.4200668665863058 -0.5000000000000000
0.0614753322542315 0.5000000000000000 -0.4444141795540846
0.0963542748789096 0.4601358931406245 -0.5000000000000000
-0.0211738697041720 0.5000000000000000 -0.4931780762703323
0.2647527285098210 0.5000000000000000 -0.0366700047399690
-0.5000000000000000 0.2387280800411885 0.2006179687593660
0.0573879552745194 0.2968408271197198 -0.5000000000000000
0.0003936038419822 0.2781306263327332 -0.5000000000000000
0.2073739586912090 0.2376276494572692 -0.5000000000000000
0.1433734886899382 0.2169124763888037 -0.5000000000000000
-0.1133878494554516 0.3957061308491985 -0.5000000000000000
0.0527172272713951 0.3342847098359866 -0.5000000000000000
-0.0218692966101134 0.3838063178472065 -0.5000000000000000
0.3519078221463535 -0.2646895329133238 -0.5000000000000000
0.5000000000000000 -0.2209054567220432 -0.1982448907083958
0.5000000000000000 -0.2734834801277404 -0.0301577933456076
0.2934936789197866 -0.2694164181404908 -0.5000000000000000
0.5000000000000000 -0.2741535558890358 0.0750545277757646
-0.2578221802118653 0.0951709053470675 0.5000000000000000
-0.1453620069235762 0.1050752792158800 0.5000000000000000
0.5000000000000000 0.1677228817141243 -0.1983215667931862
0.5000000000000000 -0.3491920104850524 0.2634685163170056
-0.4747923870962059 -0.5000000000000000 -0.3711322384083340
-0.4430789388161963 -0.5000000000000000 -0.4347269126050105
-0.3749555068374680 -0.5000000000000000 -0.3406851049689326
0.2459659696248422 -0.5000000000000000 0.1860356582307419
0.3105429578278822 -0.5000000000000000 0.3754905626438210
0.0715502379954925 0.4995123299701175 -0.0054426289917537
0.1226107783196203 0.5000000000000000 -0.1833162456932551
-0.5000000000000000 -0.3945558145867106 -0.0057407196117912
-0.5000000000000000 -0.3975137762900328 -0.0003401364193108
-0.5000000000000000 -0.3917938462460837 0.0294623219132689
-0.5000000000000000 -0.4305321711163942 -0.1808625601593867
-0.5000000000000000 -0.3979545339838714 0.0010569814692339
-0.5000000000000000 -0.3987366316899721 0.0026812336697142
-0.5000000000000000 -0.4000283264591413 0.0006361959122903
-0.5000000000000000 -0.4005255270202754 0.0084118844698904
-0.5000000000000000 -0.3953465600232113 0.0016362574775561
0.2265939748761275 0.3153596215974255 0.5000000000000000
0.2775721007041788 0.3274341553968291 0.5000000000000000
0.2728913865332574 0.3226763550315934 0.5000000000000000
0.2655771530118682 0.3322010819315908 0.5000000000000000
0.2685035501090339 0.3275323479078037 0.5000000000000000
0.2454851895109118 -0.5000000000000000 -0.1212685277751006
0.1008860151950786 -0.5000000000000000 -0.3525020142467143
0.1308138783826260 -0.5000000000000000 -0.2400170749061001
0.1370770850865764 -0.5000000000000000 -0.2803821559845319
0.0812074163489508 -0.3351002588543049 -0.5000000000000000
0.0562404284935474 0.2544522113954522 0.5000000000000000
-0.0127040842258604 0.4005629341080843 0.5000000000000000
0.1033901539447482 0.3739624405349125 0.5000000000000000
0.5000000000000000 0.1629773210894738 0.4125064032834346
0.5000000000000000 0.2012856966560069 0.3421299879136478
0.5000000000000000 0.2157890952195977 0.4029503274756711
0.5000000000000000 0.1761438483927569 0.4195966776008005
0.5000000000000000 0.2292946989804936 0.2578501839190568
0.2369998824765176 -0.5000000000000000 -0.0514885202576782
0.2667167602517270 -0.5000000000000000 -0.0016038490928341
0.2823754451547988 -0.4904941716511592 -0.1007539732729534
0.2299932422493742 -0.5000000000000000 -0.3447268071269319
0.3592350084896755 -0.1937570742020485 -0.5000000000000000
0.3631198494187629 -0.2362615168084378 -0.5000000000000000
0.4023938571362081 -0.3919235665897828 -0.5000000000000000
0.5000000000000000 0.3775444563411712 0.3057522568371080
0.5000000000000000 0.3903911579965500 0.2639825847682603
0.3223714518385930 0.5000000000000000 0.1226226096953850
0.5000000000000000 0.2952226227323568 0.1965151308122519
0.1171219959272087 0.1482792037475572 0.5000000000000000
-0.0637048282574275 0.1613031667543057 0.5000000000000000
0.1335336935883937 0.0961281441986310 0.5000000000000000
-0.0675133969135693 0.0457710107100557 0.5000000000000000
0.0314005099042605 0.1634713691144509 0.5000000000000000
-0.5000000000000000 -0.3904519947035114 -0.4928913642870574
-0.5000000000000000 -0.3875800405692058 -0.4829230649737735
-0.4992549286212510 -0.4564941996748085 -0.3269541479165725
-0.5000000000000000 -0.3998789479297613 -0.4958053675745537
-0.5000000000000000 -0.3822927972552464 -0.4856894308496694
0.4057287931387790 -0.4541521873367547 0.5000000000000000
0.5000000000000000 0.2273376679227075 -0.1922820429576099
0.5000000000000000 0.3921810666589327 -0.3967217645570316
0.5000000000000000 0.2957132558465479 -0.0929938459468010
0.5000000000000000 0.3368052202094868 -0.2333150428701975
0.1627670175373058 -0.3970695838969729 -0.5000000000000000
0.0962882556310117 -0.5000000000000000 -0.4255322330826011
0.1341819830635290 -0.3942888917669758 -0.5000000000000000
0.1652119583464817 -0.4148200424478564 -0.5000000000000000
0.1938182309841132 -0.3605097548623871 -0.5000000000000000
0.1181062771209229 -0.3555567460117122 -0.5000000000000000
-0.3187884301990003 -0.5000000000000000 0.0338509382320516
-0.4145211322248869 -0.3659779171905256 -0.5000000000000000
-0.2761559903951589 -0.5000000000000000 -0.4017662653984478
0.2103716340198495 0.0336614401256460 -0.5000000000000000
0.2172381452499202 0.0540969487418366 -0.5000000000000000
0.2845807291214019 -0.0296257361513126 -0.5000000000000000
0.2593720075079601 0.0172474516393136 -0.5000000000000000
0.2121766564958738 0.0238802053138570 -0.5000000000000000
0.2044294567875453 0.1103501650766419 -0.5000000000000000
0.2654178628125062 0.0766618720947383 -0.5000000000000000
0.2274952506292706 0.0127195732089150 -0.5000000000000000
0.3980603135584347 0.5000000000000000 -0.2183040309585077
0.3851450405578855 0.5000000000000000 -0.1820000969441361
0.4231133028428011 0.5000000000000000 -0.0134857478356309
0.2337552896866846 0.4886232211376316 -0.5000000000000000
0.5000000000000000 0.4099306078272723 0.2181274639857622
0.3844232979157389 0.5000000000000000 -0.2929304724925209
0.3520573924515162 0.5000000000000000 -0.0397501567505548
0.0052413894853249 0.0517140733614621 -0.5000000000000000
0.5000000000000000 0.1706905401269897 -0.3294852834668132
0.3728494415222807 0.1805123971949458 -0.5000000000000000
0.5000000000000000 0.2128688987868521 -0.1535471431464295
0.5000000000000000 0.2062742474643276 -0.0753637429785073
0.5000000000000000 0.2311474153590198 -0.1531936604540390
0.5000000000000000 0.2091881713523253 -0.1704052044137456
0.5000000000000000 0.1049208971991255 -0.1120099486411616
0.4421932674070108 0.2396664850142451 -0.5000000000000000
0.5000000000000000 0.1093941985434814 -0.2011133748709508
0.5000000000000000 0.2349019649888814 -0.0843630097259191
-0.2777398032734250 0.4676802586787785 -0.5000000000000000
-0.1512144148701692 0.4137969926509962 -0.5000000000000000
-0.3895926565962986 0.5000000000000000 -0.0705390304555950
-0.4540666032460043 0.5000000000000000 -0.2559710428067845
-0.3713016570759979 0.4766176894813695 0.5000000000000000
-0.3968298837473633 0.4393713811384921 0.5000000000000000
0.5000000000000000 -0.1320558154029713 -0.0103842125503996
0.5000000000000000 -0.1595181101898119 0.1628992815738769
-0.3150989840041026 0.2244635216811519 -0.5000000000000000
0.0853404818181243 -0.3980716264004489 0.5000000000000000
0.0510006405056107 -0.2075393674203783 0.5000000000000000
0.0735298004738520 -0.3268883661394929 0.5000000000000000
-0.4145076212578312 0.4389236049038340 0.5000000000000000
-0.5000000000000000 0.1464951714062283 -0.0866896361441378
-0.5000000000000000 0.0852437594275334 -0.1509442362845250
-0.5000000000000000 0.0605641541986058 -0.1899677199782585
-0.5000000000000000 0.0810892799149844 -0.1933333202108293
-0.5000000000000000 0.0780928131402504 -0.1466075578960207
0.5000000000000000 0.3927058684953221 0.2239857513376554
0.3156462223588901 0.5000000000000000 0.0676787632547828
0.5000000000000000 0.2867506367035935 0.0449853267211057
-0.4752506878589112 -0.4640729894531565 -0.5000000000000000
0.4333790813935928 0.5000000000000000 -0.3611997756245782
-0.4816418855339190 -0.2349035307008755 -0.5000000000000000
-0.5000000000000000 -0.2933540642209356 -0.4119325687687039
-0.5000000000000000 -0.2428030702096182 -0.2359551450667360
-0.4318480735935646 -0.3225847626973233 -0.5000000000000000
-0.5000000000000000 0.4709043434912198 -0.3371801219354984
-0.2822534855657271 -0.1155644676446690 -0.5000000000000000
-0.2354221446228706 -0.0988253159183216 -0.5000000000000000
-0.1703649987760165 -0.0806136883375126 -0.5000000000000000
-0.4706970748324390 -0.4556564901578077 0.5000000000000000
0.0981993361412374 0.0708146314809946 -0.5000000000000000
0.0027998280037338 0.1607770755091111 -0.5000000000000000
0.2664681014594705 0.2066759790612563 -0.5000000000000000
0.2453226047135601 0.1690867340192196 -0.5000000000000000
0.3260871075174281 0.1327485451082089 -0.5000000000000000
0.3154859770259485 -0.1278643843492209 -0.5000000000000000
0.2185641001161592 -0.1296106662663260 -0.5000000000000000
-0.0399875508254276 -0.3929946891137668 -0.5000000000000000
-0.5000000000000000 -0.0739785465861836 0.1512004354660853
-0.5000000000000000 -0.0257243716542575 -0.2578249881655080
-0.5000000000000000 0.0225889471668922 -0.1058715380118266
-0.5000000000000000 -0.1025222991769647 -0.2585584881118864
-0.4986249907669980 0.4952906403836553 -0.5000000000000000
-0.5000000000000000 0.4689833951105263 -0.4154770645696502
-0.5000000000000000 0.1894166713971274 -0.0049203694658836
-0.5000000000000000 0.2428756324174008 0.0820702497518558
-0.5000000000000000 0.2314255231167147 0.0032952134386812
-0.5000000000000000 0.3862125726729329 0.0559219798513271
-0.5000000000000000 0.2614931283097511 0.0380845352041409
0.5000000000000000 0.0294946457504466 0.4298227258518486
0.5000000000000000 0.1072114487162620 0.3664194658705234
0.2843111558172651 -0.0535135936065126 0.5000000000000000
0.2711189927835142 0.0004018548929838 0.5000000000000000
0.2870854421744515 0.0156675066988598 0.5000000000000000
0.3538335808739292 -0.0209776117099657 0.5000000000000000
0.2838350831488524 -0.1337259117388465 0.5000000000000000
0.3150426980901897 -0.0374472357834746 0.5000000000000000
0.5000000000000000 0.1518230280416481 -0.3730310842417067
0.5000000000000000 0.0115021849591599 0.4299160508355564
-0.3353363201865251 -0.5000000000000000 0.2467922626034209
-0.2766772537595530 -0.5000000000000000 0.4518238573192849
-0.3934810734394941 -0.2104096501587931 -0.5000000000000000
-0.3499430684281362 -0.2064501721897999 -0.5000000000000000
-0.3136418007189186 -0.1667693360685316 -0.5000000000000000
-0.3909139708850146 -0.3063183115423597 -0.5000000000000000
-0.3107336905717298 -0.2662645564537091 -0.5000000000000000
0.4704234106334125 -0.4553728061508517 -0.5000000000000000
0.3716874067973778 0.1808449621172964 -0.5000000000000000
0.3727203579362388 0.1814080847462539 -0.5000000000000000
0.3726430989143679 0.1802098714829699 -0.5000000000000000
-0.1826049232876458 -0.2081741532344753 0.5000000000000000
-0.1248901045010465 -0.1507209040385860 0.5000000000000000
-0.3276445674622646 -0.2270367529989879 0.5000000000000000
-0.1977889798520869 -0.1181280033228931 0.5000000000000000
0.0675643509652923 0.2423421193981950 0.5000000000000000
0.2714036617304895 0.1977754154928447 0.5000000000000000
0.2487488182144973 0.1046692906648127 0.5000000000000000
0.1371563404108683 -0.0867693382901240 0.5000000000000000
-0.2758370590110048 0.0844896891268812 0.5000000000000000
-0.2683381374556544 0.0575445595196045 0.5000000000000000
-0.2875668388249372 0.1113151867977598 0.5000000000000000
-0.5000000000000000 0.1190976071805852 0.3084254828609469
-0.2700243479000445 0.1050618498189881 0.5000000000000000
-0.3449992431638691 0.0112928545528198 0.5000000000000000
-0.3741294347672043 0.0192303117967870 0.5000000000000000
0.4247655931581893 -0.2962036632641070 0.5000000000000000
0.5000000000000000 -0.2553426927999555 0.4138192341971916
-0.3729991751548967 -0.5000000000000000 0.2108028407293392
-0.5000000000000000 0.0165349392292815 0.3647350568812017
0.0887270260394125 0.2932382449978056 0.5000000000000000
0.1851584427616176 0.4210256501732236 0.5000000000000000
0.1698371808366563 0.4351505308928487 0.5000000000000000
0.1853309602140066 0.4459824398440834 0.5000000000000000
0.3548778784866830 -0.1216242347370640 -0.5000000000000000
-0.0233357166212017 0.1967573899334785 0.5000000000000000
0.0802950702944928 0.2114558952011798 0.5000000000000000
0.0297470164378336 0.2762547194788819 0.5000000000000000
0.0501398271074897 0.2439129506827543 0.5000000000000000
-0.0492155876901086 0.4841151828690444 0.5000000000000000
0.1122056164770024 0.5000000000000000 0.2856671349998192
0.3924349589035409 -0.4701098023272327 -0.5000000000000000
-0.1811608870757886 -0.0954715315291594 -0.5000000000000000
-0.1305271084420051 -0.0762762368891056 -0.5000000000000000
0.2614214318617876 -0.1459930630517235 0.5000000000000000
0.3998830673707441 -0.4210691241186385 0.5000000000000000
-0.2723457068446326 0.1604057178330454 0.5000000000000000
-0.3479144078942983 0.2104624546233906 0.5000000000000000
-0.5000000000000000 -0.0745918619751544 0.1520849460525181
-0.1576922285476502 -0.3135802852842705 0.5000000000000000
-0.1527754280747592 -0.2482338363025925 0.5000000000000000
-0.2262679600383497 -0.2767034036753106 0.5000000000000000
-0.1418652039468477 -0.2146243401745908 0.5000000000000000
0.1905833984745918 -0.2674659140347406 0.5000000000000000
0.1641649413670518 -0.3209747370410679 0.5000000000000000
0.2106554723306987 -0.2484441900318408 0.5000000000000000
0.2093092227582146 -0.3058443769436578 0.5000000000000000
0.0674008838509809 -0.2047182932306192 0.5000000000000000
0.1509910847604549 -0.2762069439551947 0.5000000000000000
-0.4415641975136333 0.5000000000000000 -0.2881681475819925
-0.4953611065419498 -0.3655827269954029 0.1559522209408816
-0.5000000000000000 -0.4375420847733855 0.1204622315416116
-0.5000000000000000 -0.3389043780434429 0.0189676185813571
-0.4365314041195673 -0.2270610949708313 0.5000000000000000
-0.4087182405638368 -0.2368357126751383 0.5000000000000000
0.2106702103218025 -0.2243580014226895 0.5000000000000000
0.1392392266250655 -0.1511443500535615 0.5000000000000000
0.1452353739853763 -0.2295994506635649 0.5000000000000000
0.0927235343770616 -0.5000000000000000 -0.2545826869643434
0.1181601904140265 -0.5000000000000000 -0.1029002398288374
0.1141162144286496 -0.5000000000000000 0.0440876323028116
0.1710026052113605 -0.5000000000000000 0.1139716246987838
-0.1499022277349759 0.1752772309810894 -0.5000000000000000
-0.5000000000000000 -0.0041003249755618 0.1426827260750180
-0.5000000000000000 -0.0205238584096804 0.2225499507071327
-0.5000000000000000 -0.0134739863809444 0.2477120054062080
0.1069211182963546 0.5000000000000000 -0.2629278423580442
-0.3410521082534992 -0.5000000000000000 0.0074277257362549
-0.3354102595952757 -0.5000000000000000 -0.0220656283862215
-0.3085154675331805 -0.5000000000000000 0.0446734952290830
-0.3091841200978014 -0.5000000000000000 0.0673066732836282
-0.3379453039208850 -0.5000000000000000 0.1104011045513485
-0.3649351653734116 -0.5000000000000000 0.0414366169888575
0.0009928250050179 0.1635445318850198 -0.5000000000000000
0.2566134822709744 -0.1616116276340459 0.5000000000000000
0.2678496084734193 -0.1601710917550286 0.5000000000000000
0.2725725538187369 -0.1373273296254335 0.5000000000000000
0.2288863260676743 0.2361286290906699 -0.5000000000000000
0.4836484040043188 -0.5000000000000000 -0.3997243360673934
0.3350195819645381 -0.1238540453019164 -0.5000000000000000
0.1010542376576865 0.0667810284087643 -0.5000000000000000
0.2416082708943991 0.0719485518503277 0.5000000000000000
0.1872651319897856 0.0725204738813473 0.5000000000000000
-0.5000000000000000 0.0797506801349677 -0.0926846437818288
-0.5000000000000000 0.0517050339819882 0.0698055136155742
0.2666230341410876 0.2187129496785738 -0.5000000000000000
0.3573670248072727 0.3223892022084517 -0.5000000000000000
-0.5000000000000000 -0.0727259599501008 0.1499920605696756
-0.5000000000000000 -0.0760350689531241 0.1535830290126326
-0.5000000000000000 -0.0734639056556267 0.1528673671025698
-0.5000000000000000 -0.0729862305775466 0.1541224766908457
-0.5000000000000000 -0.0742261762817506 0.1517288333477532
-0.5000000000000000 -0.0763096908871495 0.1506214914208076
0.5000000000000000 0.3242290947253007 0.3875230126511823
-0.1382475688878034 0.4094729678556421 -0.5000000000000000
-0.4204718904082346 -0.4053726181712213 0.5000000000000000
-0.1750280298372100 -0.3328656106137411 0.5000000000000000
-0.4143201680213701 -0.3605450916709253 0.5000000000000000
-0.4167371119610049 -0.4255491569567623 0.5000000000000000
0.5000000000000000 -0.4619713588327097 -0.3372338957513681
0.3105859076828272 -0.4533582669865867 0.5000000000000000
0.1982618606088235 -0.4738993091540227 0.5000000000000000
-0.3912254258249924 0.4899822810453426 0.4377371569887272
-0.4047143813254639 0.5000000000000000 0.4663109906487980
0.5000000000000000 -0.2018198602733516 -0.4856861947796849
0.5000000000000000 -0.2142714919667922 -0.4680243526073887
-0.3607589084855690 0.1793954026967004 -0.5000000000000000
-0.5000000000000000 0.0050383089293753 -0.3718541263458138
-0.5000000000000000 0.0618344159270607 -0.4093389100334122
-0.2925183630229016 0.0836093790350979 -0.5000000000000000
-0.4823722101755073 0.0462070202270377 -0.5000000000000000
-0.4692581565101524 0.0891330877003134 -0.5000000000000000
-0.4460617035395434 0.0184269060490664 -0.5000000000000000
-0.1506761937781892 0.1991053871390557 -0.5000000000000000
-0.1424681264717860 0.4007482570834011 -0.5000000000000000
-0.4355200377894593 -0.4106197853299033 -0.5000000000000000
-0.5000000000000000 -0.4571915594583866 -0.4655930696366846
-0.4546682634352515 -0.4584406108046267 -0.5000000000000000
-0.4762581860927138 -0.4502347675043036 -0.5000000000000000
-0.3181000621986050 -0.5000000000000000 -0.4217223571908066
-0.1469829668558262 -0.2264429173098362 -0.5000000000000000
-0.0513984175160929 0.2590126480101672 -0.5000000000000000
-0.1179427666502555 0.2019834240412809 -0.5000000000000000
-0.1297657250941455 0.4014060938512201 -0.5000000000000000
-0.4700572772200349 0.5000000000000000 0.2166368947520002
-0.5000000000000000 0.4668057616113268 0.0659833410722365
-0.0430792178341984 0.1547709151652742 -0.5000000000000000
-0.0041742813953212 0.1637116597867194 -0.5000000000000000
-0.4543090681210494 -0.1591770352145171 -0.5000000000000000
0.3910365033025287 -0.1245335038735795 -0.5000000000000000
0.4878597280117067 -0.3639640064965871 0.5000000000000000
0.4812726309972977 -0.3416261574287127 0.5000000000000000
0.4715647812019001 -0.3765220370388277 0.5000000000000000
0.5000000000000000 -0.3532610302934621 0.3763045239004509
0.5000000000000000 -0.3109186460510306 0.4025350724945658
-0.3143020571633645 0.3536659509555665 0.5000000000000000
-0.3498969949804898 0.2262959113653586 -0.5000000000000000
-0.3372568198638271 0.2354587329935352 -0.5000000000000000
-0.3391964270305056 0.2711063977426618 -0.5000000000000000
-0.3550022077902316 0.2557306465184412 -0.5000000000000000
-0.3029061675595439 0.3000122170267677 -0.5000000000000000
-0.2796384644069941 0.2661399273471194 -0.5000000000000000
-0.3056219631045661 0.2156726309797981 -0.5000000000000000
-0.3073179665493621 0.3233548182400821 -0.5000000000000000
-0.3436253982254461 0.2518104509224641 -0.5000000000000000
-0.2271031639027258 0.2084904288113096 -0.5000000000000000
-0.1823924158286585 0.3676188638821251 -0.5000000000000000
-0.0434355529640842 -0.5000000000000000 -0.4951910640220185
0.0022218453203688 0.1681876048573865 -0.5000000000000000
-0.1285342099982502 0.4958937608971916 -0.2982714224523030
-0.1816704650728751 0.5000000000000000 -0.2880480282640211
-0.2004088137589177 0.5000000000000000 -0.3140604320887030
-0.2653373864030336 0.5000000000000000 -0.2952291529526448
-0.1038922312375998 0.5000000000000000 -0.1951950670669321
-0.1338415073346745 0.1199009757689891 0.5000000000000000
-0.3275922004263494 0.5000000000000000 0.4511061853737782
-0.3421258583442777 0.4022575177543474 0.5000000000000000
-0.3993150272801410 0.5000000000000000 0.3980681634284804
-0.5000000000000000 0.4660157430758868 0.3891550072307246
-0.3756545936460660 0.4988365519622033 0.5000000000000000
0.0024470384412982 0.0318062029944179 -0.5000000000000000
0.0068058047440545 0.0378714489187443 -0.5000000000000000
0.0858693633440135 0.0666310570061833 -0.5000000000000000
-0.0322196938282632 0.0541942721737449 -0.5000000000000000
-0.0029059363810160 0.0837200314089389 -0.5000000000000000
-0.0403576590316791 0.0005646550805641 -0.5000000000000000
0.0020141047884949 0.1420907618522897 -0.5000000000000000
-0.0724397334943204 -0.1671539664087155 -0.5000000000000000
-0.0796102489198296 -0.1402569544377325 -0.5000000000000000
-0.1081208737451190 -0.0821122783293164 -0.5000000000000000
0.4387314027471956 0.2957771204084714 0.5000000000000000
0.4121804878680878 0.2729422653713322 0.5000000000000000
-0.1379700001074978 -0.3349126750702036 0.5000000000000000
-0.1576003879732723 -0.3363101199935109 0.5000000000000000
-0.1681877319196480 -0.3425496496883166 0.5000000000000000
-0.0376932918329833 -0.2497302046442872 0.5000000000000000
-0.2846616379136108 -0.4098205775309730 0.5000000000000000
-0.1985006354557257 -0.3204730259966809 0.5000000000000000
-0.1363488098911433 -0.3221009392678399 0.5000000000000000
-0.1662567697514730 -0.3277426654827186 0.5000000000000000
-0.1705222589823344 -0.5000000000000000 -0.0621064681409636
-0.3945669160267594 -0.3577595379930822 -0.5000000000000000
-0.2999081285809829 -0.3510551430533501 -0.5000000000000000
-0.2536778984511737 -0.5000000000000000 -0.3727603836298664
-0.0385683248812817 0.4332803016317458 0.5000000000000000
0.3261352274994320 -0.2912997390112635 0.5000000000000000
0.2413833826534604 -0.2405854512387526 0.5000000000000000
0.2553138896731332 -0.2934953003720648 0.5000000000000000
0.0316583138657293 -0.5000000000000000 0.4907870593621337
0.3596389844431988 0.2126311846875756 0.5000000000000000
0.2678171420947162 0.0812874676713418 0.5000000000000000
-0.3739640867324145 -0.5000000000000000 0.2802540318809520
-0.3608899669417063 -0.5000000000000000 0.4769678009566097
-0.4084216316659736 -0.5000000000000000 0.3489316804379894
-0.2329680662389595 0.5000000000000000 0.4546534274891968
-0.1962949411766045 0.5000000000000000 0.4685938394103064
-0.2623868837076038 0.5000000000000000 0.3720551789611059
-0.2472373976453177 0.5000000000000000 0.4411157749644058
0.5000000000000000 -0.1886702194885749 0.0602732689414422
0.5000000000000000 -0.3607987980606279 -0.2974254799928152
-0.5000000000000000 0.1391349973162352 0.0564759965441569
-0.5000000000000000 0.2078215448409155 0.1945374457355622
-0.5000000000000000 0.1886244887435030 0.0844793042977199
-0.4748910160440630 0.3786970135318287 -0.5000000000000000
-0.4989108794420862 0.3742882512964897 -0.5000000000000000
-0.5000000000000000 0.4008730562352784 -0.4753784476469705
0.5000000000000000 0.2561692406347719 0.0875158845485694
0.5000000000000000 0.1657276453347771 0.2235066675965278
-0.0350024970032542 -0.4070404554534041 -0.5000000000000000
-0.0276915181864148 -0.3585772798529800 -0.5000000000000000
0.0464196034066749 -0.5000000000000000 -0.4059299713749082
-0.0394613046928519 -0.3251263371901506 -0.5000000000000000
-0.0141649456989434 -0.3825511678657741 -0.5000000000000000
-0.0783299015082426 -0.3652539630161779 -0.5000000000000000
0.0395786399182039 -0.3341765091446793 -0.5000000000000000
-0.0783742361376780 0.1659274576315709 0.5000000000000000
-0.0044477065229704 0.3002494675186509 0.5000000000000000
-0.1522469573433227 0.2314750524701314 0.5000000000000000
-0.5000000000000000 0.0262387483560828 -0.1835154281482407
-0.5000000000000000 -0.0446926906412466 -0.3055965908204860
-0.5000000000000000 -0.0740628125113844 -0.3545830966274947
-0.2150005441982052 0.3737954453148457 0.5000000000000000
-0.2952796072127176 0.3535320767625104 0.5000000000000000
-0.0127807952200915 0.3091450356978041 0.5000000000000000
-0.2016284934512262 0.5000000000000000 0.0549763113816321
-0.1512874948466446 0.2686567587573381 0.5000000000000000
-0.1214794241494314 0.5000000000000000 -0.3692770966124040
-0.2320769971003233 0.4909855963584990 -0.5000000000000000
-0.3443592897237663 0.3835136752559746 -0.5000000000000000
-0.4198820341672343 0.4460742098770203 -0.5000000000000000
-0.2161653679788163 0.5000000000000000 -0.0125079060579110
-0.4009237284695478 0.3525760551324832 -0.5000000000000000
0.2486514718389154 0.2030726342476467 -0.5000000000000000
0.2088951147259321 0.1537528805007062 -0.5000000000000000
0.3067627681397955 0.1056204245304031 -0.5000000000000000
-0.1599782175288062 -0.2285743388501393 -0.5000000000000000
-0.2656341622502685 0.0174508462427833 0.5000000000000000
-0.2842594163722337 0.0144265868394240 0.5000000000000000
-0.2185415175826405 0.0522929344950949 0.5000000000000000
0.5000000000000000 -0.2197845725916103 -0.2014920149576025
0.5000000000000000 -0.2188632246712464 -0.1952220893122431
0.5000000000000000 -0.2185444632588472 -0.2004138429138559
0.5000000000000000 -0.2204495185378841 -0.2013076661087195
0.5000000000000000 -0.2176720769219542 -0.1773558713986429
0.5000000000000000 -0.2216325527606204 -0.1979195736116952
0.5000000000000000 -0.2290877149380243 -0.2058667302732491
-0.5000000000000000 -0.3038411973787490 -0.4272989649319716
-0.5000000000000000 -0.2990321356979864 -0.3490186626694180
-0.1354078108762035 -0.4447031642174272 -0.5000000000000000
-0.5000000000000000 -0.2486374548642265 0.1271994496464277
-0.5000000000000000 -0.2563562093163553 -0.0469147704678341
-0.5000000000000000 0.4078323697811969 -0.1908295739231379
-0.5000000000000000 0.4233275867481116 -0.3353667849469341
-0.5000000000000000 -0.2935136597699243 -0.0201278945596363
-0.3863856273696427 -0.5000000000000000 0.2083755673818583
-0.4354315037893638 -0.5000000000000000 0.0740011813229028
-0.3841703600632386 -0.5000000000000000 0.3594287978292643
-0.4343274254643995 -0.5000000000000000 0.2318410568620501
-0.5000000000000000 0.3973969444589973 0.3866511530394184
-0.5000000000000000 0.0375489548225932 0.3191219532365033
0.4119737153329716 -0.2727019296398320 0.5000000000000000
0.3809403767955251 -0.2706466357098105 0.5000000000000000
-0.1285111666048422 -0.2078656033682829 -0.5000000000000000
-0.2013447523787204 -0.1734579983225027 -0.5000000000000000
-0.1664499685164185 -0.1680665675693895 -0.5000000000000000
-0.1370308221593985 -0.1958337063128430 -0.5000000000000000
-0.1933212903899129 -0.2323924291864958 -0.5000000000000000
-0.1386328920879175 -0.1367400850946229 -0.5000000000000000
0.1862784721837150 -0.5000000000000000 -0.0067917873428691
0.2109727056658811 -0.5000000000000000 0.1589932540558019
0.2419215791679895 -0.5000000000000000 0.2179997431537650
-0.1176863329141603 0.4671009561682630 -0.5000000000000000
-0.0969251202303649 0.5000000000000000 -0.4938357602165525
0.1397588150098892 -0.4710613091992797 0.5000000000000000
0.0545084245450174 -0.5000000000000000 0.1709640633803267
0.0576460906045805 -0.5000000000000000 0.3343318093105159
0.0928457485807976 -0.5000000000000000 0.3801094526536792
0.0415914072338029 -0.5000000000000000 0.3981827604285223
-0.1653727158581146 -0.5000000000000000 -0.0536048611757552
-0.0082792440969259 -0.5000000000000000 0.2051858065558777
0.1151113791355858 -0.4011127628604473 0.5000000000000000
-0.1899967856453281 -0.5000000000000000 0.3321914655590245
-0.0316291098521076 -0.5000000000000000 0.1367405774749535
0.1028579844063803 0.0695174473457834 -0.5000000000000000
0.1709654448198790 0.0862280565709147 -0.5000000000000000
0.0156591196458417 0.3080999908773081 0.5000000000000000
-0.1565089137715193 -0.2308191740413784 -0.5000000000000000
0.3791453084837896 -0.4220303027404129 0.5000000000000000
-0.4063799444266631 -0.1578453681080763 -0.5000000000000000
-0.1716186760554460 -0.5000000000000000 -0.0546012420291696
-0.2133193272300053 -0.5000000000000000 0.3086107648102296
0.2020612997536084 -0.4869704734987692 -0.4829210100456442
-0.0136145072689693 -0.1254105579166354 0.5000000000000000
-0.0942171330167002 -0.1981207568835025 0.5000000000000000
-0.0698318350479894 0.0399088987409039 0.5000000000000000
-0.0768843638501155 -0.1559239329929434 0.5000000000000000
0.4190665900449614 -0.4705459241556611 -0.5000000000000000
-0.0324407559226967 -0.2053657226713548 -0.5000000000000000
-0.0344817224914547 -0.1774510860800086 -0.5000000000000000
0.2862145163926243 -0.1444095447620468 -0.5000000000000000
0.5000000000000000 -0.1154821460555265 -0.2524937818483161
0.3690941264435851 -0.0867722326389735 -0.5000000000000000
0.3236075031656286 -0.1991849489669717 -0.5000000000000000
0.3767838379568263 -0.1427606606549969 -0.5000000000000000
0.5000000000000000 -0.1078227077261969 -0.4138932841088349
-0.2867833246807999 0.0806335958445345 -0.5000000000000000
-0.5000000000000000 0.1185048677653518 0.3020987293996213
-0.5000000000000000 0.0627748386922010 -0.0807180410917172
0.4869664315942498 -0.1687696880081768 0.5000000000000000
0.5000000000000000 -0.1391038672376453 0.3881487847795835
0.5000000000000000 -0.2196329355968265 0.4759829449412658
-0.3975939264553331 0.4376749544918003 0.5000000000000000
0.2434958103044653 -0.5000000000000000 -0.1574797117269418
0.1704377271344642 -0.5000000000000000 -0.4667143063234908
0.4589403452755700 -0.5000000000000000 0.0859744471733514
0.2668401048228006 -0.5000000000000000 -0.1202617967649336
-0.0708110056454481 0.0436237357486216 0.5000000000000000
0.1843940370782860 -0.2216697235073272 -0.5000000000000000
0.1922433802024228 -0.1578260463832794 -0.5000000000000000
-0.0650597902589216 0.4334866719925780 0.5000000000000000
-0.1011773309495778 0.1140699526622134 -0.5000000000000000
-0.1371937071493763 0.1792674073439227 -0.5000000000000000
-0.3829440815951956 -0.2606174060460498 0.5000000000000000
0.5000000000000000 0.0372136524974540 -0.0184071516027120
0.5000000000000000 -0.4708422975230710 0.1948954924065838
0.5000000000000000 -0.4343591628112516 0.2618441869208279
0.5000000000000000 -0.4130390915124875 0.1695520671411103
0.5000000000000000 -0.4485112116465065 0.2766557808825659
-0.5000000000000000 -0.1744418187564612 0.4604150289408013
-0.5000000000000000 -0.0924798233680267 0.4461386672519114
0.5000000000000000 0.0073091133704585 0.4141259403535694
0.5000000000000000 -0.0278080587562039 0.4326437803115717
0.5000000000000000 0.0188897056762564 0.2529902515068527
0.5000000000000000 0.0066268137425302 0.4482321516271091
0.5000000000000000 -0.0124747692979079 0.4762441089676215
0.4997782606754240 0.0029737658306970 0.5000000000000000
0.2467221300424520 0.4414881605787896 -0.5000000000000000
0.3276382822015507 0.4112993326755789 -0.5000000000000000
-0.4182615621983017 -0.3357577457811822 -0.5000000000000000
-0.0043142091773980 -0.2198823909034134 -0.5000000000000000
-0.1356657375311190 -0.2294152293269402 -0.5000000000000000
-0.1993056309298427 0.5000000000000000 -0.0857730219704550
0.1866401087919473 -0.4632866171444954 0.5000000000000000
0.1022227342846431 -0.5000000000000000 0.1491502689611282
-0.0643793064628368 -0.5000000000000000 -0.1607725522100855
0.5000000000000000 -0.1215568715067741 -0.0570736067501226
0.5000000000000000 -0.0169734406090813 -0.0329497616180129
0.5000000000000000 -0.0777472071432152 -0.0325108005525518
0.4289974636278904 -0.5000000000000000 -0.4158816115068042
0.2234255371267272 -0.5000000000000000 -0.4719599148258447
0.2468049989066005 -0.5000000000000000 0.2797416769465207
0.1800268442758865 -0.5000000000000000 0.2020516938496338
-0.2708734822349166 0.0747976339301818 -0.5000000000000000
-0.2117063682360806 0.0168028671161225 -0.5000000000000000
-0.2132204933395782 0.0432456774623842 -0.5000000000000000
-0.1883034711677646 0.0063378529833653 -0.5000000000000000
0.5000000000000000 -0.3500878881556438 0.2090275947529765
0.5000000000000000 -0.3147673033928789 0.0310089965729641
-0.1691278082986587 -0.4289631302869440 -0.5000000000000000
-0.1668273127397796 -0.5000000000000000 -0.0633129841582578
-0.1865198948683807 -0.3737955030265321 -0.5000000000000000
-0.2382925703373255 -0.3558893615709685 -0.5000000000000000
-0.2254346513712095 -0.5000000000000000 -0.3797134936859466
-0.2780356116636551 0.4782762856755076 -0.5000000000000000
-0.3116609441039889 0.4907728871640255 -0.5000000000000000
-0.1549097020452030 0.4183392364875276 -0.5000000000000000
0.0546576292941166 -0.1984945940582747 -0.5000000000000000
-0.0017520803486484 -0.1986735751402426 -0.5000000000000000
0.0725740618367306 -0.2767139648739579 -0.5000000000000000
-0.4486156170439800 -0.5000000000000000 0.2788269835736159
0.5000000000000000 -0.1732263078746499 0.2499361153035364
0.5000000000000000 -0.1291534014684105 0.3387905845710414
0.5000000000000000 -0.2302549755429183 0.3308919154577979
0.0914142297333922 0.5000000000000000 -0.1930305296510641
0.0751980010360114 0.5000000000000000 -0.2963526159992126
0.0075290414373451 0.5000000000000000 -0.3959079501176359
0.2046456853263379 0.5000000000000000 -0.0613027335455908
0.3975631073818866 -0.4522460561269777 -0.5000000000000000
0.1760203605205639 -0.1638753977975042 0.5000000000000000
0.1859420751931627 -0.2181033870180928 0.5000000000000000
-0.4801237684627461 -0.5000000000000000 0.1894028377417774
-0.2979525400830027 0.4953093511987351 -0.2990785671898368
-0.3608367312932240 -0.4548838487888967 0.4887546707856198
-0.2866299416410895 0.4431372336667717 -0.5000000000000000
-0.1525512733044856 0.4070871059027115 -0.5000000000000000
0.4659875016895428 0.3954851323925203 -0.5000000000000000
0.3303689947550215 0.4113879039373160 -0.5000000000000000
0.3972113011824214 0.5000000000000000 -0.4060217963836066
0.4487808036041783 0.2695295049910782 -0.5000000000000000
0.5000000000000000 0.4093076035527266 -0.4183678359684705
-0.0319904694586036 0.4484301092979134 0.5000000000000000
-0.4453214839830339 -0.2641279627767658 0.5000000000000000
-0.5000000000000000 -0.2104586207398461 0.4117808804739770
-0.5000000000000000 -0.1998526560608934 0.3958547566231309
-0.5000000000000000 -0.3284807861908388 0.4680120040808826
-0.5000000000000000 -0.2782302186253966 0.3202124981748982
-0.5000000000000000 0.4080921464275413 0.3114018337189080
-0.3623865383848908 0.3950145842485717 0.5000000000000000
-0.4101473285519260 0.4130511647824112 0.5000000000000000
-0.4133352068050031 0.4331030096179687 0.5000000000000000
-0.5000000000000000 0.4643162359185849 0.3904909334875423
-0.3965443255278300 0.4601397194370153 0.5000000000000000
-0.4044672960011138 0.4446218316487354 0.5000000000000000
0.5000000000000000 -0.1583640831483836 0.2202340253920821
0.4900120866880940 -0.1200765911858088 0.3098399142097621
0.5000000000000000 -0.2021760280921611 0.2737242685412695
-0.1024593548323171 -0.0524230145628394 -0.5000000000000000
-0.0767544324988933 0.1630515012403847 0.5000000000000000
-0.0896679626312017 0.1532019728553991 0.5000000000000000
0.3859823925348924 0.3663733096858743 -0.5000000000000000
0.5000000000000000 -0.0816688254035828 -0.2072929647083777
0.3716778766925007 -0.0435829629588330 -0.5000000000000000
0.5000000000000000 0.0107119030442090 -0.0894321993400075
0.5000000000000000 0.0237729079724137 -0.2046324328608718
0.5000000000000000 -0.0740521504743124 -0.2363412632456737
0.5000000000000000 -0.0863496320687664 -0.3727161576032266
0.5000000000000000 -0.0359514151814949 -0.1462447838676375
0.0431198698672879 -0.1921014319920502 0.4849568601289228
0.0147948176505794 -0.0619652402896484 0.5000000000000000
0.0513694151314740 -0.0734547034022537 0.5000000000000000
0.5000000000000000 0.3053841576555888 0.4355590715887677
-0.5000000000000000 0.4473416669034485 -0.1388414515069978
-0.5000000000000000 0.4460862405112321 -0.2783808208414327
-0.5000000000000000 0.4502982069844120 0.0315100778237993
-0.4275431454072685 -0.2844798678648039 0.5000000000000000
0.0071416196010764 0.3050901266404800 0.5000000000000000
0.1962467398665705 -0.4784865142135558 -0.5000000000000000
-0.2887870237769581 -0.1762183099643900 -0.5000000000000000
-0.3572943237152493 -0.1277038221984525 -0.5000000000000000
-0.1697694687258648 -0.2123613629357279 -0.5000000000000000
-0.4869238343572192 -0.5000000000000000 -0.0562382030490366
-0.5000000000000000 -0.4909419647060961 0.0364098387816004
0.1381127652766896 -0.5000000000000000 0.3819439031226747
0.2159965618975624 0.1234986891214242 0.5000000000000000
-0.2916565273147619 0.1616043418359698 0.5000000000000000
-0.3792849993768766 0.2063891347192159 0.5000000000000000
-0.3916694092893476 -0.2897498275326186 0.5000000000000000
-0.2777040744992700 -0.5000000000000000 0.2762028566236312
-0.5000000000000000 0.1193656160843984 0.3083019318800672
-0.5000000000000000 0.1205017419000891 0.3077341368844250
-0.5000000000000000 0.1179477167018920 0.3076826806838901
-0.5000000000000000 0.1175238405669596 0.3088479702535075
-0.2837063704320564 0.0855280503113467 -0.5000000000000000
-0.2699492159308639 0.0949297473684674 -0.5000000000000000
0.3487545642602842 0.0544606887411584 -0.5000000000000000
-0.1551766942029921 -0.5000000000000000 -0.0825536888793691
-0.1512742864865651 -0.2374618792489180 -0.5000000000000000
0.4916244441806872 0.2943026339187773 0.4187515475814961
0.3191512578435548 -0.2410434512257473 -0.5000000000000000
0.2743198632941104 -0.2848944421569752 -0.5000000000000000
0.2397810219448671 -0.2695160150145689 -0.5000000000000000
-0.1528153377931011 -0.2113577167238012 -0.5000000000000000
0.3612241618646129 -0.4413370193350168 0.5000000000000000
0.2909963072845702 -0.5000000000000000 0.3724987523257723
-0.4470992813778019 -0.5000000000000000 0.0159000971929859
-0.5000000000000000 -0.4713536247256821 -0.0784119934841793
-0.5000000000000000 -0.4894304354738950 -0.0743044681282365
-0.4435189707880563 -0.5000000000000000 -0.0202127913190758
-0.4632809041811922 -0.5000000000000000 -0.0645848993573667
-0.5000000000000000 0.3044942277302967 0.2365556333129511
-0.5000000000000000 0.4395325732948946 0.0940611559250197
-0.0857297635753445 0.4963433644913091 -0.1733721886633174
0.1183945075481577 0.5000000000000000 0.2454015614174246
-0.0258001284516191 0.5000000000000000 -0.2956902503356978
-0.4587506687436710 -0.5000000000000000 0.1675230335613746
0.5000000000000000 -0.1393678462280265 0.2071779635507071
-0.2653786736934044 0.1679906427671881 0.5000000000000000
0.5000000000000000 -0.0910627694154269 0.4914915961940410
0.5000000000000000 -0.1137315123225417 0.4095406812769383
0.5000000000000000 -0.1194004348770338 0.3477442165880159
0.5000000000000000 -0.1617848135921053 0.3594047919660005
-0.5000000000000000 0.0310808756766855 0.0893681347663700
-0.2986964849866575 0.2753559939758053 0.5000000000000000
-0.2638423546368955 0.1535191240273248 0.5000000000000000
-0.2139222269678039 0.1870921621171332 0.5000000000000000
0.1077410946169708 0.0798489405400421 -0.5000000000000000
-0.0038344550076474 0.1669927026551875 -0.5000000000000000
-0.2425375561409095 0.4501851426336532 -0.5000000000000000
-0.1419623886409603 0.4091999427151624 -0.5000000000000000
-0.3567331947500212 0.4790081495028995 -0.5000000000000000
0.2117165668302015 0.0790242101523613 0.5000000000000000
-0.3817967857165394 -0.3238975487651798 -0.5000000000000000
0.5000000000000000 -0.4178285859091748 0.2057276699960264
0.5000000000000000 -0.3861986448292722 0.2496048944810249
0.5000000000000000 -0.3684521721477242 0.1939377855153409
0.5000000000000000 -0.3394519173313205 0.2384896026302508
0.3720243836498558 -0.0454527858522718 0.5000000000000000
0.4256781519825799 -0.1840396138508425 0.5000000000000000
0.3016535982438260 -0.1862024397689145 0.5000000000000000
0.4357265299682022 -0.2256814955500885 0.5000000000000000
-0.3107893114826550 0.3627742278301083 0.5000000000000000
-0.3272826188249298 0.3599418444063776 0.5000000000000000
-0.3154334476955954 0.3497734849891747 0.5000000000000000
-0.4020192895548202 0.2553698731485073 0.5000000000000000
-0.5000000000000000 0.2093494216711625 0.2760569440143543
0.3896704779594976 -0.1909424285948109 -0.5000000000000000
0.5000000000000000 -0.1316001235107828 -0.3945680154795928
0.3793523537586915 -0.0208521828496808 0.5000000000000000
0.3735622089431397 -0.0135190159960743 0.5000000000000000
0.5000000000000000 0.3888921912376225 0.2143817630715140
0.5000000000000000 0.3434841268619249 0.3464634388358247
-0.5000000000000000 -0.1161739231254455 -0.2891532152197994
0.5000000000000000 0.3084028864095508 0.4779700759789258
-0.1312745192229263 0.4089674112380660 -0.5000000000000000
0.0098878913963755 0.3877595245760551 -0.5000000000000000
-0.0704892755905675 0.4337114994694287 -0.5000000000000000
-0.4041396388020064 0.4902602677715762 -0.5000000000000000
-0.3131188171657399 0.5000000000000000 -0.3467390739949713
-0.2725414959422630 0.5000000000000000 -0.2162313600268961
0.5000000000000000 0.2988910611960797 -0.0334304408179014
0.5000000000000000 0.3383525747371019 -0.1571900952845262
0.5000000000000000 -0.1607879571005443 0.2067820856320341
0.5000000000000000 -0.2115351106956588 0.1909486054305227
0.5000000000000000 -0.1269867281897771 0.1303076670806071
0.2962556401762975 0.5000000000000000 0.1014713986759075
0.5000000000000000 0.2836878106583469 0.0294639236623094
-0.2144336621563231 0.5000000000000000 0.0128457391227474
0.2446514661438129 0.2165676667971214 -0.5000000000000000
0.1993252998375936 0.1752086419930673 -0.5000000000000000
-0.5000000000000000 -0.4710984216643838 0.1273264490551458
0.5000000000000000 -0.4783184096621343 -0.2115073042685157
-0.1395949016152549 -0.2249525702259155 -0.5000000000000000
0.5000000000000000 0.2929648988408145 0.3744170326463592
0.1847134505854879 -0.3832353724869465 0.5000000000000000
0.5000000000000000 -0.3592772180831321 0.0070334433573732
0.5000000000000000 -0.3037241699651022 0.1408090044525159
-0.5000000000000000 -0.1271914784945397 -0.3248649204174053
-0.0473956854010906 0.4479708586314832 0.5000000000000000
0.0514472157493278 0.4396715378770181 0.5000000000000000
0.0879373258575885 0.5000000000000000 0.4298806047817552
-0.0088497987290088 0.3472111679388122 0.5000000000000000
-0.1680455422892524 0.5000000000000000 0.1158502190175653
-0.0755441731554986 0.3629386331153959 0.5000000000000000
0.0288294674606770 -0.1992174991217593 0.5000000000000000
0.0556796652028618 -0.1831418650879787 0.5000000000000000
-0.1393934843300413 0.0874990250979140 -0.5000000000000000
-0.0497348568280277 0.1290682069930964 -0.5000000000000000
-0.1099437188196007 -0.0184327840828562 -0.5000000000000000
-0.0058384992754121 0.1589051823859153 -0.5000000000000000
-0.2827237995269647 -0.2914707578931481 -0.5000000000000000
0.1542387205224098 0.4419413265868463 0.5000000000000000
0.1521145771296746 0.5000000000000000 0.4050671329105351
0.0275545163183088 0.3264583981135477 0.5000000000000000
-0.1299138159311088 0.5000000000000000 0.1062927038224275
-0.0695857271311524 0.0434579358871232 0.5000000000000000
-0.3737072301925722 0.5000000000000000 0.0082552516544394
-0.2356920101987306 0.5000000000000000 0.0245981460325621
0.3282108858713140 0.4108896519520869 -0.5000000000000000
-0.4750969137345491 0.4693233715548011 -0.5000000000000000
-0.1089575831389638 0.5000000000000000 -0.1342537879850117
-0.5000000000000000 -0.2992018254447736 0.2685279911611559
-0.5000000000000000 -0.3027094790556017 0.1467005445141004
-0.4968343594814300 -0.0470387337260779 -0.5000000000000000
0.2130887644709655 -0.5000000000000000 -0.4294300021268061
-0.4587816881706187 -0.1018432369329927 -0.5000000000000000
0.5000000000000000 -0.4440399695945006 -0.2351234674776167
0.1033471474710116 -0.0761217337561659 0.5000000000000000
0.1304295076217818 -0.1371622595959979 0.5000000000000000
-0.1557832323356208 0.1587719095881107 -0.5000000000000000
-0.5000000000000000 0.4453549952335200 -0.3497673270003626
0.5000000000000000 0.0058437651513089 -0.0589066673804411
0.5000000000000000 -0.0773335095892045 0.2193122601977258
0.5000000000000000 0.0496675733072687 -0.0836929595547509
0.5000000000000000 0.0510512228533290 0.0130793142669335
0.4566962906651264 -0.4510794618882084 -0.5000000000000000
0.4580782352087582 -0.5000000000000000 -0.3509210579175794
0.4390551669898271 -0.4626277622214253 -0.5000000000000000
0.5000000000000000 -0.4285549833040159 -0.3823771265890550
-0.0923779028656926 0.1700657009389134 -0.5000000000000000
-0.0202827722024483 0.1667167298293036 -0.5000000000000000
-0.0704831684794051 0.0449141220278981 0.5000000000000000
-0.0026390874445943 0.2950736632992206 0.5000000000000000
-0.1429518314131353 0.2165262546592924 0.5000000000000000
-0.4287824344259918 0.5000000000000000 -0.1506426894192763
-0.3740345316519522 0.5000000000000000 0.2172525765659475
-0.3554065537405048 0.5000000000000000 0.1120586593542910
-0.2185854391331345 0.5000000000000000 0.0725264181567396
0.4320584973573726 0.2580669509260269 -0.5000000000000000
0.1914906506472955 -0.5000000000000000 -0.4600744920579141
-0.4727881799188861 0.5000000000000000 0.1025519223538550
-0.4401016988342311 0.5000000000000000 0.0370520567077693
-0.5000000000000000 0.4624659981486147 0.3294670023908274
0.1392648834617611 0.0437602860765227 0.5000000000000000
0.2207669114278859 0.2301374102196548 -0.5000000000000000
0.1736505089892756 0.1428435766992648 -0.5000000000000000
-0.5000000000000000 -0.4810589681685139 0.0147750624070322
-0.0877432401330937 -0.4905590198245111 -0.2058071401464923
0.5000000000000000 -0.2776219653753998 0.2071096666095268
-0.0402355316448621 0.5000000000000000 -0.4911742727374631
-0.0561907824298855 0.5000000000000000 -0.4855489045653919
-0.2314381836627315 -0.5000000000000000 0.3661121801450992
-0.5000000000000000 -0.4100064703176609 0.2442330853481419
-0.1686500275240282 0.1199044485424525 0.5000000000000000
0.5000000000000000 0.0605717993185534 -0.2096094699574639
0.1245235557724099 0.4965909650290560 0.2661652357315126
0.0550562984911846 0.5000000000000000 0.2146283444016417
0.5000000000000000 -0.0488121394765457 -0.0862489258768900
-0.0682078919192913 0.0428179865989768 0.5000000000000000
-0.1769334108047108 0.2546647679406381 0.5000000000000000
-0.4979038280572612 -0.5000000000000000 0.2449694952599623
0.5000000000000000 -0.1072910866278127 0.2758275920585283
-0.5000000000000000 -0.4799756197225052 0.1951144181114234
-0.1475445762825562 -0.5000000000000000 -0.2802756167631494
-0.0837158344213808 -0.5000000000000000 -0.1746742817779196
-0.1652784286129895 -0.2403763877156985 -0.5000000000000000
0.1297341554740654 -0.2821044775698516 -0.5000000000000000
-0.3764805318795037 -0.2995341806140444 0.5000000000000000
0.2692546101321556 0.5000000000000000 0.0246826271964899
0.3562482202053981 0.1081065827850701 -0.5000000000000000
-0.0711076294387314 0.0429705677331619 0.5000000000000000
-0.0741349276882655 0.0478172615112079 0.5000000000000000
-0.5000000000000000 -0.4349090625137721 0.1885872629374742
0.0907738340996480 -0.2426180206211654 0.5000000000000000
-0.2205910819587371 0.5000000000000000 0.0212537555388611
-0.1313376917542290 -0.1240284469346066 0.5000000000000000
-0.1461840138499996 0.1618946455108999 0.5000000000000000
179 18
180 64
181 66
182 92
183 1039
0 184
0 185
0 186
0 57
0 187
0 76
0 78
0 188
0 189
0 111
0 131
0 190
0 191
1 192
1 29
1 31
1 34
1 41
1 44
1 193
1 60
1 194
1 195
1 125
1 130
1 196
1 140
1 170
1 178
197 169
2 20
2 26
2 38
2 52
2 198
2 71
2 72
2 73
2 81
2 199
2 108
2 116
2 129
2 133
2 137
2 145
2 200
201 37
202 162
203 169
204 66
205 109
206 120
207 124
3 9
3 16
3 208
3 21
3 209
3 210
3 211
3 462
3 91
3 212
3 213
3 214
3 215
3 121
3 132
3 216
3 142
3 883
3 217
3 167
218 7
219 9
220 78
221 462
222 91
223 111
4 6
4 224
4 225
4 19
4 226
4 431
4 64
4 81
4 89
4 101
4 109
4 127
4 1186
4 227
228 175
5 300
5 229
5 230
5 231
5 71
5 105
5 232
5 233
5 234
5 114
5 235
5 122
5 236
5 141
5 148
5 153
5 237
238 57
239 76
240 111
241 46
242 70
243 98
244 1178
245 142
246 51
247 68
248 20
249 300
250 51
251 68
252 73
253 74
254 129
6 255
6 256
6 257
6 258
6 19
6 259
6 260
6 64
6 261
6 262
6 263
6 264
6 127
6 1039
6 265
6 266
6 267
268 15
269 161
270 171
271 176
272 92
273 120
274 124
7 275
7 276
7 57
7 277
7 76
7 78
7 91
7 111
7 121
7 278
7 279
280 48
281 55
282 62
283 63
284 84
285 99
286 117
287 167
288 168
8 18
8 25
8 27
8 33
8 47
8 66
8 75
8 80
8 89
8 109
8 120
8 160
8 172
8 174
289 32
290 86
291 97
293 112
294 32
295 51
296 86
297 97
298 140
299 133
301 74
302 148
303 164
304 92
305 124
306 104
307 158
308 169
309 178
310 138
311 15
312 93
313 149
314 156
315 101
316 116
317 144
318 161
319 101
320 14
321 23
322 103
323 156
324 119
9 325
9 21
9 326
9 462
9 91
9 327
9 328
9 121
9 329
9 330
9 331
9 332
9 142
9 883
9 333
10 17
10 42
10 46
10 61
10 70
10 78
10 334
10 98
10 99
10 113
10 131
10 150
10 335
10 177
336 167
11 337
11 29
11 41
11 43
11 50
11 338
11 65
11 79
11 82
11 83
11 118
11 1009
11 135
11 339
11 340
11 165
11 178
341 64
342 66
343 92
344 124
12 61
12 76
12 102
12 131
12 157
13 345
13 34
13 346
13 37
13 347
13 348
13 88
13 100
13 162
13 349
13 170
13 173
13 350
351 149
352 156
353 17
354 21
355 70
356 883
357 133
358 136
14 359
14 23
14 30
14 360
14 93
14 361
14 103
14 362
14 363
14 364
14 128
14 365
14 366
14 367
14 156
14 368
369 24
370 90
371 107
372 164
373 31
374 35
375 140
376 33
377 47
378 59
379 149
380 160
381 149
382 37
383 162
384 169
300 385
300 28
300 68
300 71
300 74
300 141
300 148
300 153
386 103
387 28
388 51
389 68
390 141
391 36
392 40
393 49
394 102
395 152
396 174
397 53
15 398
15 19
15 23
15 25
15 30
15 399
15 400
15 59
15 401
15 402
15 93
15 101
15 403
15 404
15 127
15 405
15 149
15 406
15 407
15 408
15 171
409 122
410 59
411 116
412 149
413 160
414 161
415 171
416 176
16 417
16 418
16 96
16 419
16 420
16 123
16 126
16 132
16 421
16 151
16 167
16 168
16 175
422 37
423 173
424 24
425 121
426 478
427 53
428 65
429 78
430 111
432 101
433 31
434 43
435 642
436 478
437 82
438 292
439 112
440 163
441 178
442 38
443 64
444 66
445 81
446 109
17 447
17 21
17 42
17 46
17 61
17 70
17 78
17 448
17 462
17 91
17 449
17 99
17 132
17 883
17 450
17 451
17 167
452 38
453 133
454 136
18 19
18 25
18 30
18 455
18 64
18 66
18 456
18 92
18 457
18 458
18 128
18 1039
18 459
18 172
460 46
461 78
463 883
464 85
465 123
466 142
19 23
19 25
19 30
19 467
19 64
19 468
19 127
19 128
19 1039
19 469
19 470
20 26
20 471
20 36
20 38
20 49
20 52
20 54
20 56
20 75
20 81
20 89
20 472
20 109
20 115
20 116
20 137
20 145
20 473
20 152
20 474
20 475
476 22
477 43
479 53
480 94
481 111
482 24
483 103
484 128
485 156
21 486
21 70
21 487
21 462
21 99
21 488
21 489
21 490
21 132
21 883
21 491
21 167
22 43
22 492
22 478
22 53
22 65
22 82
22 94
22 493
22 494
495 48
496 80
497 85
498 107
499 117
500 160
501 164
502 168
23 30
23 503
23 504
23 93
23 505
23 506
23 507
23 508
23 509
510 62
24 511
24 512
24 513
24 514
24 90
24 515
24 128
24 516
24 517
24 518
24 149
24 519
24 156
24 520
24 164
24 172
25 30
25 47
25 59
25 64
25 66
25 89
25 109
25 127
25 149
25 160
25 171
25 172
521 119
522 161
523 138
524 146
525 694
526 105
527 96
528 126
26 51
26 52
26 529
26 67
26 71
26 73
26 86
26 108
26 115
26 116
26 137
26 144
26 145
26 159
27 33
27 40
27 47
27 48
27 49
27 75
27 80
27 106
27 109
27 110
27 120
27 143
27 154
27 172
27 174
530 79
531 1009
532 165
533 105
28 34
28 534
28 535
28 51
28 68
28 536
28 87
28 537
28 538
28 141
29 31
29 41
29 43
29 44
29 50
29 60
29 82
29 83
29 94
29 130
29 135
29 170
29 178
30 59
30 93
30 539
30 127
30 128
30 149
30 160
30 540
30 541
30 172
542 53
543 103
31 35
31 43
31 44
31 478
31 544
31 60
31 545
31 546
31 94
31 547
31 130
31 140
31 178
548 146
32 35
32 39
32 44
32 50
32 54
32 67
32 77
32 86
32 97
32 549
32 550
32 113
32 125
32 135
32 140
32 159
32 551
552 163
33 47
33 48
33 62
33 75
33 80
33 106
33 110
33 553
33 134
33 160
33 554
33 172
555 149
556 160
557 164
558 85
559 168
560 70
34 561
34 51
34 68
34 562
34 87
34 88
34 100
34 563
34 125
34 564
34 145
34 162
34 170
565 973
566 146
567 87
568 122
569 141
570 148
571 153
572 92
573 172
574 40
575 49
576 120
577 124
578 157
579 174
580 164
581 92
582 292
583 974
35 44
35 50
35 584
35 77
35 585
35 94
35 586
35 587
35 130
35 135
35 140
35 588
589 142
590 149
591 156
592 164
593 41
594 83
595 158
596 170
597 38
598 109
599 120
36 39
36 40
36 49
36 50
36 54
36 55
36 63
36 69
36 75
36 102
36 106
36 115
36 1009
36 600
36 152
36 155
37 601
37 602
37 100
37 603
37 604
37 114
37 605
37 162
37 169
37 173
606 162
607 169
608 76
609 175
610 292
611 169
612 38
613 81
614 136
615 1186
616 85
38 81
38 617
38 109
38 136
38 618
38 619
38 620
621 133
622 1186
623 142
39 50
39 54
39 55
39 63
39 67
39 69
39 77
39 97
39 106
39 624
39 113
39 152
39 625
40 626
40 49
40 55
40 61
40 69
40 75
40 102
40 106
40 154
40 155
40 157
40 174
627 111
628 114
629 122
41 630
41 631
41 83
41 1009
41 632
41 158
41 633
41 170
41 634
41 178
42 55
42 61
42 69
42 84
42 99
42 113
42 131
42 150
42 177
635 45
636 79
637 102
638 131
639 1009
640 165
43 478
43 60
43 65
43 82
43 94
43 112
43 130
43 135
43 178
44 50
44 60
44 83
44 125
44 130
44 140
44 170
641 146
643 163
644 178
645 104
646 158
647 102
45 61
45 69
45 79
45 102
45 118
45 131
45 1009
45 648
45 150
45 155
45 165
45 649
46 61
46 70
46 78
46 79
46 650
46 651
46 652
46 653
46 98
46 131
46 1178
654 144
655 87
656 162
657 169
431 52
431 81
431 101
431 108
431 1053
431 1186
431 176
658 101
659 478
660 53
661 65
662 82
663 292
664 112
47 56
47 59
47 62
47 75
47 89
47 109
47 116
47 134
47 160
47 665
666 102
667 157
668 174
669 149
670 142
671 85
48 62
48 80
48 84
48 106
48 110
48 672
48 117
48 151
48 154
48 168
49 673
49 75
49 109
49 116
49 120
49 674
49 152
49 174
675 87
676 162
50 60
50 67
50 69
50 77
50 83
50 113
50 118
50 125
50 130
50 135
50 137
50 152
50 155
50 159
50 165
50 170
677 149
678 156
679 87
680 158
681 162
682 169
683 170
684 178
685 1039
686 161
642 687
642 688
642 292
642 974
642 158
642 163
642 178
689 158
690 163
691 142
692 111
693 131
695 105
478 53
478 82
478 94
478 112
696 85
697 123
51 698
51 68
51 71
51 699
51 86
51 88
51 700
51 701
51 115
51 125
51 702
51 140
51 703
51 145
51 159
51 704
705 144
706 161
52 59
52 81
52 89
52 101
52 108
52 116
52 127
52 161
52 171
52 176
53 65
53 707
53 708
53 709
53 710
53 711
712 177
713 116
714 144
715 161
54 67
54 75
54 86
54 97
54 106
54 115
54 134
54 137
54 152
716 694
717 148
55 61
55 62
55 63
55 69
55 75
55 77
55 84
55 106
55 113
55 154
55 177
56 75
56 115
56 116
56 134
56 144
56 718
56 719
720 140
721 85
57 722
57 76
57 78
57 91
57 111
57 131
723 76
724 111
725 121
726 175
58 72
58 74
58 105
58 727
58 138
58 147
58 148
58 153
58 166
728 68
729 71
730 73
731 74
732 95
733 108
734 115
735 119
736 129
737 144
738 161
739 70
59 89
59 116
59 127
59 149
59 160
59 740
59 171
60 94
60 130
60 178
61 69
61 76
61 78
61 84
61 99
61 102
61 131
61 132
61 139
61 150
61 154
61 157
61 175
742 95
743 119
744 973
745 1053
746 173
694 747
694 105
694 748
694 147
694 148
694 749
694 750
694 751
62 63
62 75
62 84
62 752
62 106
62 753
62 754
62 134
62 755
62 756
62 757
62 758
63 69
63 77
63 84
63 759
63 106
63 113
63 760
63 761
63 177
64 66
64 109
64 762
64 127
64 1039
64 763
764 79
765 82
766 292
767 1009
768 974
769 158
770 165
771 178
65 79
65 82
65 94
65 98
65 772
65 118
65 773
65 135
65 774
65 775
776 133
777 76
778 102
779 131
780 79
66 92
66 109
66 120
66 124
66 781
66 172
66 174
782 120
783 292
784 974
785 163
786 72
787 133
788 138
789 147
67 86
67 115
67 137
67 152
67 159
790 126
791 142
68 71
68 74
68 87
68 100
68 129
68 141
68 145
792 87
793 122
794 141
795 73
796 74
797 146
69 102
69 113
69 150
69 152
69 155
69 157
798 128
799 172
70 800
70 801
70 802
70 803
70 98
70 99
70 804
70 805
70 1178
70 806
70 177
71 72
71 73
71 74
71 807
71 114
71 129
71 141
71 145
71 153
71 808
71 173
71 809
810 87
811 125
812 140
72 73
72 813
72 814
72 129
72 133
72 138
72 147
72 153
72 166
72 815
72 816
72 817
741 818
741 95
741 819
741 108
741 119
741 1053
741 161
741 176
73 74
73 95
73 820
73 108
73 119
73 973
73 129
73 133
73 138
73 821
73 146
73 166
73 822
73 823
824 149
825 160
826 164
827 177
828 100
829 162
830 173
831 85
832 96
833 107
834 123
835 126
836 132
837 142
838 94
839 178
840 98
841 158
842 178
74 843
74 129
74 138
74 844
74 146
74 148
74 153
74 166
845 178
846 292
847 112
848 974
849 163
850 105
851 169
75 89
75 106
75 109
75 115
75 116
75 134
75 154
76 78
76 852
76 91
76 102
76 121
76 853
76 131
76 132
76 139
76 157
76 175
77 84
77 854
77 855
77 856
77 113
77 857
77 135
77 858
77 859
77 177
78 462
78 91
78 860
78 861
78 111
78 131
78 132
78 862
863 161
864 176
79 82
79 865
79 866
79 98
79 867
79 868
79 869
79 870
79 871
79 118
79 131
79 872
79 150
79 1178
79 873
79 165
79 874
80 90
80 107
80 110
80 875
80 876
80 151
80 160
80 164
80 168
80 172
81 89
81 95
81 101
81 108
81 109
81 127
81 133
81 136
81 1053
81 1186
81 877
878 177
879 111
880 140
82 292
82 881
82 112
82 118
82 882
82 178
83 884
83 125
83 1009
83 137
83 885
83 152
83 155
83 159
83 886
83 165
83 170
83 887
888 142
84 889
84 99
84 106
84 117
84 890
84 154
84 177
85 891
85 107
85 892
85 893
85 894
85 123
85 895
85 151
85 167
85 168
85 896
86 97
86 897
86 115
86 125
86 140
86 159
87 100
87 898
87 899
87 114
87 122
87 141
87 162
900 139
901 996
902 175
903 105
904 462
905 883
462 91
462 121
462 906
462 132
462 883
462 907
88 100
88 125
88 137
88 145
88 159
88 908
88 170
88 173
909 167
910 168
911 133
89 109
89 116
89 127
89 171
912 134
913 144
914 158
90 92
90 96
90 107
90 110
90 915
90 143
90 151
90 996
90 164
90 172
91 121
91 916
91 132
91 917
91 918
91 919
920 104
921 169
92 922
92 923
92 124
92 139
92 924
92 143
92 996
92 925
92 172
92 926
92 174
92 927
93 928
93 128
93 929
93 149
93 156
94 930
94 130
94 135
931 99
932 177
95 108
95 119
95 973
95 133
95 1053
95 161
95 933
934 131
935 131
936 1178
96 107
96 110
96 937
96 117
96 123
96 126
96 132
96 139
96 938
96 143
96 151
96 996
96 168
96 939
96 175
940 142
941 883
942 111
943 131
97 106
97 944
97 945
97 115
97 134
97 946
97 144
97 947
948 121
949 132
98 950
98 951
98 952
98 113
98 118
98 131
98 135
98 150
98 1178
98 953
98 954
98 177
955 119
956 973
957 161
958 99
99 117
99 959
99 132
99 154
99 960
99 167
99 177
961 163
100 114
100 141
100 145
100 162
100 173
962 126
963 996
964 175
101 965
101 127
101 966
101 967
101 968
101 171
101 176
969 142
102 131
102 1009
102 970
102 155
102 157
102 971
972 163
975 119
976 161
103 977
103 978
103 979
103 980
103 981
103 156
982 133
104 983
104 984
104 985
104 986
104 987
104 158
105 988
105 989
105 990
105 991
105 147
105 148
105 153
105 992
105 993
105 994
995 126
997 175
106 134
106 154
106 998
999 145
1000 173
1001 156
107 1002
107 1003
107 123
107 1004
107 1005
107 151
107 1006
107 164
107 168
107 1007
107 1008
1010 137
1011 152
1012 1039
1013 138
1014 146
1015 148
1016 158
108 116
108 133
108 1053
108 144
108 161
108 1017
108 176
1018 883
1019 135
1020 140
1021 177
1022 112
1023 163
1024 131
109 116
109 120
109 127
109 1025
1026 114
1027 122
1028 158
110 117
110 143
110 151
110 154
110 168
110 172
292 112
292 974
292 1029
292 163
292 178
1030 114
1031 122
1032 162
1033 169
1034 115
1035 144
1036 164
1037 1178
1038 177
1040 123
1041 132
1042 167
1043 177
111 1044
111 1045
112 1046
112 1047
112 1048
112 1049
112 163
112 1050
1051 122
1052 148
1054 1186
1055 176
1056 163
113 118
113 135
113 150
113 155
113 165
113 177
1057 126
1058 114
1059 124
1060 139
1061 996
1062 175
1063 162
114 1064
114 122
114 141
114 145
114 1065
114 153
114 162
114 173
114 1066
1067 160
115 116
115 134
115 137
115 144
115 152
116 144
116 161
116 1068
116 171
117 126
117 132
117 139
117 143
117 154
117 167
117 168
117 175
118 131
118 135
118 150
118 155
118 165
1069 119
1070 161
119 973
119 1071
119 161
120 124
120 1072
120 174
1073 135
121 1074
121 132
121 1075
121 1076
121 1077
121 175
1078 124
1079 139
1080 157
1081 175
1082 147
1083 148
1084 153
122 1085
122 141
122 1086
122 162
123 1087
123 151
123 167
123 168
123 1088
124 139
124 143
124 157
124 172
124 1089
124 174
124 1090
1091 128
1092 1039
125 1093
125 140
125 159
125 170
1094 1039
1095 161
1096 171
1097 176
973 138
973 1098
973 146
973 1099
973 1100
1101 128
1102 156
126 139
126 1103
126 1104
126 996
126 168
126 1105
126 175
127 1106
127 171
128 149
128 156
128 160
128 1107
128 164
128 172
129 153
129 166
129 1108
1109 149
1110 160
130 135
130 140
1111 163
1112 142
1113 177
1039 1114
131 1115
131 150
131 1178
132 1116
132 1117
132 154
132 167
132 168
132 175
1118 140
133 136
133 1053
133 147
133 1119
133 1186
133 1120
133 1121
133 1122
133 1123
133 1124
1009 1125
1009 1126
1009 152
1009 155
1009 165
134 1127
134 144
134 1128
134 1129
134 1130
135 1131
135 165
135 177
136 1053
136 1186
136 1132
136 1133
136 1134
136 1135
137 145
137 152
137 159
137 1136
137 170
137 173
138 146
138 147
138 148
138 1137
138 166
138 1138
1139 156
1140 146
1053 1186
1053 1141
1053 176
1142 158
1143 178
1144 140
1145 883
139 143
139 996
139 154
139 157
139 168
139 174
139 175
140 1146
1147 142
141 145
141 153
1148 152
1149 155
1150 144
1151 146
1152 151
1153 996
1154 164
1155 172
142 1156
142 1157
142 1158
142 1159
143 996
143 154
143 168
143 172
143 174
144 1160
144 161
144 1161
145 159
145 1162
145 1163
145 173
145 1164
146 1165
146 166
147 148
147 1166
147 1167
147 166
147 1168
1169 156
883 1170
148 1171
148 153
148 1172
148 166
148 1173
1174 152
149 156
149 160
149 1175
149 164
1176 160
1177 163
1179 175
150 155
1180 171
1181 176
974 158
974 1182
974 163
974 178
974 1183
1184 173
1185 164
1186 1187
151 168
151 1188
152 155
152 159
152 1189
152 165
153 166
153 1190
1191 163
996 1192
996 175
154 157
154 174
154 175
1193 163
155 165
1178 1194
1178 1195
1196 177
157 174
1197 167
158 1198
158 178
159 170
160 164
160 172
1199 171
161 171
161 176
162 169
1200 164
1201 170
1202 173
163 1203
164 172
165 1204
166 1205
167 168
168 175
170 1206
170 178
171 176
172 174
173 1207
