1186 2167 0
0.2141484433584822 0.1548806129638201 -0.4953411338722666
-0.2743011309932074 0.4730565723010648 -0.4930602007660860
-0.3105220631869678 -0.1754280468695628 -0.0807877229370216
0.3063107004886553 0.4513430969586751 0.2559158496916208
-0.2756635255190760 -0.2720070613373223 -0.0416440896262347
-0.2849904323159574 -0.2584736478721438 0.4156275093909143
0.1066974234396661 -0.3243811703125704 0.0564564111218018
-0.1491150195800935 -0.4454582792617582 -0.0658043232785757
0.4595318790633069 -0.3058183228941110 0.1267451220221102
0.0694887868532286 0.1049580776211757 -0.1992811681916036
-0.0847300378446770 -0.0363265547034976 -0.4357171198757993
-0.0905807084432304 0.0662824641026340 0.1378211889963868
-0.1469256387509703 0.3781767173045720 -0.3856391078297763
0.0642837654274949 -0.1800931317964397 0.4981578932627462
-0.0707330589875618 0.3380503456201855 0.0591566943568911
-0.0616790538607673 -0.3250468297349148 -0.2562712592520357
0.1488436776858395 0.0600719317283385 0.3216074143065412
0.1244028939367914 -0.2438118134548013 -0.1102639946200725
0.0695266482223459 0.2077193718982055 0.1691749921959631
-0.2976900482860909 0.3579714066161304 -0.3480235491590630
-0.3203187556754272 0.4677499413302460 -0.2773398806986080
0.2965968250409207 -0.2641218241070262 0.0525666131084132
-0.4384096185812554 -0.4435992647080237 -0.0600412380044545
-0.3869299777540590 0.0148687255846935 -0.2550128395476192
-0.2568823750148516 -0.1482491736820451 -0.3800171788799456
0.0360598184406830 0.1275904251599191 0.4509372996327305
0.2625297271994477 -0.1111374850725249 -0.4177919187294978
0.2159848660667575 -0.1987069126935437 -0.1892885602790059
-0.4724155804133792 0.3311414998819830 -0.3493837269815279
-0.1554168774479671 0.2857859176335966 -0.3394473192179436
0.1914547853988694 -0.1107915204310556 0.2385653310049193
-0.0242766035919888 0.3452433884924396 -0.1836905697476006
-0.3483340817117611 -0.2336943861115954 -0.1232964827856713
-0.2813028340081430 0.1799741433226756 -0.3692253531070710
-0.2124384716243753 -0.0939015369170008 0.0783561555013386
0.4638386091391852 0.2956178330844393 -0.2682359755561533
-0.0847297261984494 -0.1225646132476589 0.1915629749194885
0.3928078845321989 0.2820675599869117 -0.1996965229333773
0.1450936778079401 0.2785208985931484 -0.1131988258003143
0.1726957789950262 0.0570414019956292 0.2110456009613289
0.0858105547819932 -0.1744397397261564 -0.1878857418133620
-0.3310044770764716 0.2996804255403244 -0.3425148096292446
0.3200949679402861 0.1024491866843021 0.0923314287677069
-0.0091130147733227 0.0819888057979883 0.3964239449054816
-0.2600375029990159 -0.4660205469392220 0.3907416008197355
-0.2693827500503734 0.0099223827540729 -0.0543850094787511
0.1961311807502041 0.3246788706418167 -0.0942436126832193
-0.1965180333576378 -0.4277929454921880 -0.4542603236110629
-0.3173912989730273 -0.2814667482113051 0.0880851746037934
-0.2277669783496006 -0.2081431662005299 0.2463899459494867
-0.4197730333193480 0.1117257984741486 -0.2325390206759516
-0.0407267079455866 -0.3357961595511109 -0.3977747124046693
0.0757022025003893 -0.4396078864071280 -0.1511851184500057
0.0789285057015184 0.4712194825857031 -0.1703106698009107
0.3987516758274280 -0.4032656154774606 -0.4001652222016566
-0.2274557963623353 0.1802369074164087 -0.0407531278049805
-0.0708510598200379 -0.2968843155712966 -0.0377898785020676
0.3056619579677839 -0.0848083119763087 -0.1632390223509253
-0.0276860653030691 -0.4851447871176685 -0.0055756116155566
-0.1584062452123690 0.0591018238506870 0.0162142238409504
-0.3973334357436494 0.4592332842499595 -0.1199815662931177
0.1491229741709099 0.3076327080543873 -0.0649147967670193
-0.2785027779205970 -0.1667441487533929 -0.1796329206933610
0.4095814496080454 0.2038175980214168 0.4201759974979974
0.2393500473410277 -0.3559303170163859 0.2767973208669230
-0.1739524813610625 -0.4250852915012893 0.1066513185522404
-0.1240379034264860 -0.4384638096631563 0.1479411281066279
0.3289257088959426 0.2551885784298039 -0.1113468317530250
-0.3228322709870489 -0.3348708853921218 -0.0517160363463369
0.2229515757558345 0.3871999232835897 -0.1001505258619527
0.3306665723956922 0.4694173305334007 0.2595255325792908
-0.4500278288491168 -0.4895892024868035 0.0692781227964552
0.2134262890653238 0.1044262228097858 -0.4876697392252343
0.0700888815943829 0.0924077591108749 -0.2131582388039737
0.2181405815549061 -0.3422156708170955 0.2046118141909747
-0.2499163805888397 -0.3300553140402021 -0.4296277932280578
-0.2439832408069009 -0.4006686090318391 -0.0610074231521986
-0.4148517442496953 0.1239063357904071 0.3918158838690819
-0.1463134099515968 0.2686243780538789 -0.3348577338024031
0.2485513190076047 0.4306999164127002 -0.1416267196386032
0.4248808553470391 0.1890934133515002 -0.0295191946005715
-0.3331209596173863 0.0716729177868215 -0.1775951453281210
-0.3524819991774923 -0.0423119100345819 0.0475186584062830
-0.0837498175397802 -0.0792167323767910 -0.2409737406327996
0.1642192661809682 -0.2290569141716191 -0.2963786470008856
0.3348898811674746 0.1113708188409895 0.1116813413286571
0.1958507946738758 -0.2866431954497443 0.4448655468269356
0.1560035562689020 -0.0835257395315539 0.3227252900867166
-0.1181311318924262 0.3310927102974975 -0.0581142648963361
-0.0604847357671083 0.0886658980671941 -0.1769818742453420
0.3579499699207518 -0.1528975558007976 -0.3089057876657832
-0.4785980280398097 0.2151481692966807 0.1690442443896296
-0.0808921167366908 0.0240580917547248 0.2677940656994519
-0.0273699127175309 -0.3358905069719519 0.3661186036254296
-0.1592015641849645 0.2244687934156797 0.2059209061998961
-0.2821603127468481 0.2847060216533978 0.3241145427275974
-0.0177868346588600 -0.0955287321497195 -0.4867641748890421
0.2749527805596407 -0.2830007744711072 -0.3063647491975595
0.2158229126374799 0.1769723859437502 0.1031257605222072
0.1399158809615792 0.3018397504224280 0.4298814185410509
-0.0485946899251066 -0.0957099348690509 -0.1068183473433035
-0.2166844540793945 -0.3906213670246688 0.3861619834094153
-0.4692841074033669 0.2219059035748918 -0.3243273204277624
0.4328277371054692 0.0411444158038290 0.4736916195173064
-0.2469616968246671 0.4639559896736435 -0.0562752809038737
0.3847181875923740 0.3102759827951289 0.0743245076688670
0.1045749748488178 -0.2433411617579448 0.4695686309499473
0.0976728540629547 -0.1371064703495285 -0.1410823218279169
-0.3495396690148883 -0.3706667629748576 -0.2176969618458139
-0.0212935959535277 -0.4247906313167576 0.1822077177857581
-0.1745221603229546 -0.3054593979952813 -0.0987834274180219
0.3506122029138813 0.1074111861300317 0.4796511949100455
0.2427235381917027 0.4767137896677892 0.0636695809285383
-0.3049802168326499 0.3155832656038872 0.0333467136600249
0.2801004725379824 -0.4158936734830791 -0.1400515249793169
-0.1571355634067695 -0.3278516441792391 0.0694916207052974
-0.0936946807262020 -0.2936609178854430 -0.0507358652542359
-0.0438298120584771 -0.2217525077386336 -0.1609509130126485
0.0405131046929364 -0.4725851707893261 0.0012632677558942
-0.0712811387737020 0.2417237301845361 -0.4193572728259189
0.4678957578493453 -0.2284364242717084 0.0120496491425862
0.3907524404991324 0.0473771074815039 0.3542587933481215
-0.0200249282698927 -0.3910118505296826 -0.0725555542089091
-0.4466144994759512 -0.4666363956239616 -0.2014865569550233
0.0524637098832207 -0.4073382386176330 -0.1413241751791713
0.0058539865640591 0.3187955938754085 0.2832468342227822
0.0531894488178140 0.1258436383988441 0.0808908264840888
0.4541580182928935 0.3957865040160861 -0.3801580072527071
0.0634631501758850 0.2133366598725691 0.3119850008884140
-0.3669062030700935 0.3338693943015730 0.3052597565802726
-0.3389285301507686 -0.1702596979906845 -0.3486847632379229
0.2408514248115412 0.2815833350683234 0.0751080404944990
0.3432786688235878 0.2952304578016917 0.2097805496034458
-0.0969003128930884 0.4206654250650249 -0.0212849291694988
0.4515843286373618 -0.3786721466235394 0.0329774060503905
0.1126759042918819 -0.2946139171243539 0.2449313141054690
0.2117879151553764 0.1661892199866067 -0.4314409058582112
-0.4685951011261106 0.0776983697450319 0.4309969716300183
0.1992948496965043 0.2342877329120900 -0.3283370573425224
0.3141990910246126 0.4445732498835469 -0.1634166423808119
-0.0373297319193636 0.4784506755732987 -0.0990563336393179
0.2719763089546609 -0.0459814222465580 0.3280990426676587
0.2823273545918407 0.1561160323664420 0.4659049164483171
0.1356862603801327 0.3413024812873944 0.4816249621496245
0.0836242047979871 -0.2752471105731075 -0.0524065194013544
0.2265037596440103 -0.3472994626452700 0.2635880262507154
0.1399276910736916 0.0975351324241200 -0.3361984036342240
0.1853187318503733 -0.2158867265293700 -0.1621583935925367
0.0368154618555262 -0.0712739524389827 -0.1260782489609153
0.0638848532863318 0.1360545892579849 0.0153688292571335
0.0769303135557083 0.4643909864056302 0.3224701455512652
0.1357769991579812 -0.3657679064115082 -0.3012899402232429
-0.3123785471400088 0.2171258670064693 -0.1103474918969259
-0.3151851403498352 -0.3981846662288288 -0.1244435042497850
0.1950972839505853 0.0492032727385639 0.4714085282947088
0.2486833056676881 -0.4038858480651716 0.1902828542225354
0.3242674613424580 0.4727309927082343 0.1029745097874166
-0.2170855331348414 -0.3141277965067986 0.3512197851725031
0.2308581351456713 0.3879857821983760 0.0947109973359263
0.2905617593637983 -0.3414809770183694 -0.2618795184115844
-0.2865523638826490 -0.3798979145920844 0.0794394838576848
0.3722594082446362 0.1647522144191219 0.2897258498037569
0.0370031647279146 0.2179147171648817 0.1200616991664493
-0.2107896129972880 -0.3939993446080685 0.0570230116237877
0.3644556832180240 0.1132303449566401 0.0174825781990864
-0.1472663395111960 -0.0591021644801897 -0.2190181357699103
0.2906481983341339 0.3326569820052379 0.3096554246451294
0.1591327673221065 -0.4171079204083984 0.3492288341355966
0.2198871284610068 -0.4083739917315920 0.3646176386784065
-0.0904015562335658 0.3839620760889290 -0.4608758267054438
0.0390875496925809 0.2465881265367328 -0.3448488751856206
-0.4400176640776864 -0.1857090648459397 -0.2889333947984549
0.3145109993519727 -0.4847395765215631 0.1246645592210321
-0.4003651759908699 0.4055826198939599 -0.0138215914122943
0.1970540052937928 0.3747551502185899 -0.1748535007225466
-0.0672388272648652 0.4729444650645374 -0.3159522902368528
0.1432940626181241 -0.2347097883188572 -0.0669959302928959
0.1804147264203602 0.0088105065313546 0.1870293571569105
0.2536243767708845 -0.1973497187943696 -0.2874994327243746
-0.0213653048868369 -0.0920142656256674 0.3864579418313900
-0.3252521385250666 0.1292569148999257 -0.3944213303595400
0.3366276295955621 -0.1459372660013337 0.0349150015534903
-0.2669385516233609 0.0097064947727602 0.1517117644740729
-0.1615327134830185 0.2010851843763068 -0.4500812428136544
0.2883084120742159 -0.3724282944219558 0.2181634814948763
0.3056712319599409 0.1122023928297616 -0.1996008955036403
0.3638858055724579 0.1410247625128591 -0.0067871519262243
0.3667655995915993 -0.3319557162405862 0.2462638774337050
-0.0952596950624729 0.4203849836763554 0.2862304041189155
-0.3299882990773452 0.2330920116152656 0.2712121148104862
-0.1005821467609870 -0.4250729413784297 -0.1206714452135366
-0.4194134243971684 0.2353979322415689 -0.2275293819126651
0.2807120017757946 -0.1941682855213217 -0.0990620114169044
-0.3008856191218794 0.4134480815799552 -0.2538428712354246
-0.1885452912159862 -0.3635019216756510 0.1514607640277256
-0.3127248214947482 -0.4349177036358616 -0.4323935133728329
-0.1814919226573578 0.4491069865850792 -0.1148922085498239
-0.3231711535688837 0.3329365733597581 0.3248783338948690
0.0552631296486602 -0.4026460916750212 0.2185435883051900
0.0820945995804487 -0.0156806160792164 -0.3728534373530244
0.2367740717604205 0.1462393082665858 -0.5000000000000000
0.5000000000000000 0.1374689685991207 -0.2561287314592272
0.5000000000000000 0.2029476393486166 -0.3008396482039690
0.5000000000000000 -0.3557611876765493 0.4945295913481336
0.3642884091208520 -0.3155509586588616 0.5000000000000000
0.4615380787846534 -0.3747273410141845 0.5000000000000000
-0.2320114818120717 -0.3067792926949174 -0.5000000000000000
-0.2177795576068156 -0.3641973170075261 -0.5000000000000000
-0.1955523306268436 -0.3349350086325749 -0.5000000000000000
-0.2327788450966230 -0.3336692301506586 -0.5000000000000000
-0.1010794416423919 -0.1904635464948228 -0.5000000000000000
-0.2643675127082359 0.5000000000000000 -0.4917729331509393
-0.3258316557027935 0.5000000000000000 -0.4992846996270866
-0.1973868827126074 0.5000000000000000 -0.4987917441189133
-0.1686519938375521 0.5000000000000000 -0.3922582707586986
-0.0922610445445836 -0.3062017989558691 -0.5000000000000000
-0.5000000000000000 -0.2300305919360290 -0.0884811437462667
-0.5000000000000000 -0.1067297071273088 0.0427939060977934
-0.5000000000000000 -0.1289845238323135 -0.1786801631437937
-0.5000000000000000 -0.0598784070159639 -0.0316948836710717
-0.5000000000000000 -0.0586330244263608 -0.2933437768449974
-0.5000000000000000 -0.1735475657992370 -0.1196377797767042
-0.5000000000000000 -0.3965451025310586 -0.3625372109446041
-0.5000000000000000 -0.4113864275386827 -0.4151328710927296
0.1720747066243332 0.5000000000000000 0.1503944952448201
0.5000000000000000 0.3284608465340088 0.3928112466495784
0.0771655946544161 0.5000000000000000 0.0966790162545590
0.2804575997204126 0.5000000000000000 0.2831464674913800
0.5000000000000000 0.4144500756957289 0.3561221449249226
0.5000000000000000 0.4757254441530257 0.4776203698890036
0.2799907257057143 0.5000000000000000 0.1806599446496863
0.1867471388239376 0.5000000000000000 0.2214479464339992
-0.4254115214557014 0.5000000000000000 -0.1200841930820798
-0.3325853038607075 0.5000000000000000 -0.0815830621520219
-0.5000000000000000 -0.2684095529813043 -0.0749010199414225
0.2609820871516014 -0.2680198462052714 0.5000000000000000
0.1570190614109400 -0.2378490011559938 0.5000000000000000
-0.5000000000000000 0.3749787553153150 0.2278323175853377
-0.3953127170169554 -0.2294801732896959 0.5000000000000000
-0.5000000000000000 -0.2821625938285759 0.2856340871414184
-0.1899259850075294 -0.3171179517247006 0.5000000000000000
-0.5000000000000000 -0.1465449398001034 0.2512060218789921
-0.2211938546780869 -0.1244012535471616 0.5000000000000000
-0.5000000000000000 -0.2970739513709365 0.1524968135374450
-0.2033246203579068 -0.2497399032043273 0.5000000000000000
-0.5000000000000000 -0.2132111199983281 0.3068842628033311
-0.2489987993442279 -0.3241019562913069 0.5000000000000000
-0.2729074175317660 -0.2109618465261225 0.5000000000000000
-0.3120451882715085 -0.2778916447234815 0.5000000000000000
-0.0855145844961459 -0.5000000000000000 -0.0920803420003125
-0.0898992777783802 -0.5000000000000000 -0.0228677412738045
-0.2631378969233479 -0.5000000000000000 -0.1651231141789313
-0.1788935912239239 -0.5000000000000000 -0.0271004352514006
0.0583607156324715 0.5000000000000000 -0.4580393545455811
0.2806059281996374 0.5000000000000000 -0.3780587768809828
0.2556969657439904 0.5000000000000000 -0.2865214925617239
0.2005867538713139 0.5000000000000000 -0.3949909086324298
-0.5000000000000000 0.0780517770532247 0.2591750309290438
-0.5000000000000000 -0.0003463637001698 0.0688898320798926
0.5000000000000000 -0.2723043910763348 0.1531946084822269
0.5000000000000000 -0.2869430177834653 0.2861344941701551
0.5000000000000000 -0.2982287811134687 0.1394167775338348
0.5000000000000000 -0.3084147657934103 0.1581776966414736
0.5000000000000000 -0.3313005719697088 0.2184332998236496
0.4352664396688489 -0.5000000000000000 0.1400867084343346
0.5000000000000000 -0.3370372178618991 0.1194085731053622
-0.1190185701727645 -0.0374543964258425 -0.5000000000000000
-0.1492740899528511 -0.0684850147566855 -0.5000000000000000
-0.1227047359039536 -0.0176868470693501 -0.5000000000000000
-0.0505340701847309 0.0104636290851324 -0.5000000000000000
-0.1119757595565228 0.0510408024309265 -0.5000000000000000
-0.3079339835886042 -0.0233242583350039 -0.5000000000000000
0.0895999960255427 -0.5000000000000000 0.4375245690555185
0.2095171788590572 -0.3586814157588973 0.5000000000000000
0.1116808155924813 -0.4317519543674577 0.5000000000000000
0.2036520503305375 -0.4738109401332968 0.5000000000000000
-0.2183772356535488 0.3449015436429630 -0.5000000000000000
-0.4009451841848963 0.2764965391436088 -0.5000000000000000
-0.2962215713000621 0.4404291626063468 -0.5000000000000000
-0.5000000000000000 0.4293477307634464 -0.1225573768348363
-0.5000000000000000 0.2326447944343722 0.1371776664898240
-0.5000000000000000 0.3526550839543141 0.1199853159067454
-0.5000000000000000 0.3955553916433729 -0.0545245846544300
0.5000000000000000 0.3102736074943639 -0.2492461333977154
0.5000000000000000 0.3203947561992134 -0.1789445603512817
0.5000000000000000 0.4219874043629946 -0.1514970711497703
0.3843129800032133 -0.5000000000000000 0.1583785549619425
0.3484176508703601 0.3248970152856544 0.4867624650830745
-0.0334063704272944 -0.0903336552739799 -0.5000000000000000
0.5000000000000000 0.0281086578677345 0.1738628383458027
0.5000000000000000 -0.0412123078567709 0.0845199544975648
0.5000000000000000 0.0340784801592340 0.1788836105601149
0.5000000000000000 0.0152019138513958 0.2885428727245283
0.5000000000000000 0.0410667940657264 0.1315980222315187
0.5000000000000000 -0.0103141911159938 0.2139718750367238
0.5000000000000000 -0.0684147453496074 0.1479257574200953
-0.5000000000000000 0.4677005121707273 0.4826334952909295
-0.1313724550302711 -0.5000000000000000 -0.3804850049295139
0.1552136105347987 -0.5000000000000000 -0.1885668574353284
-0.1609388336517486 -0.1351768696615646 0.5000000000000000
0.0348434489904358 -0.1882422331304161 0.5000000000000000
-0.5000000000000000 0.4818786778978816 -0.0897987204903184
-0.5000000000000000 0.4658483571518436 -0.0587326335206496
-0.1840944715791292 0.5000000000000000 0.0652390828289578
0.0231910384681615 0.5000000000000000 0.1523223636955062
-0.0481653232536691 -0.5000000000000000 -0.2251328557030863
-0.3275724856261821 -0.5000000000000000 -0.4532996689238386
-0.3559080875330605 -0.5000000000000000 -0.4473260990633383
0.3623943025783269 0.0028919045255626 0.5000000000000000
-0.5000000000000000 0.0665218937725400 0.3423759688377876
0.0440444925127777 -0.4950440908152526 0.3814866565509252
-0.2405225367013034 -0.5000000000000000 0.3679995019762248
-0.4225708180779170 -0.5000000000000000 0.0937235919014857
-0.2001695216826705 -0.5000000000000000 0.3423674587315926
-0.5000000000000000 0.2034713860685218 0.3397169731308798
-0.5000000000000000 0.2133077462179316 0.2826504542065436
-0.5000000000000000 0.2155394640500223 0.3334077138133477
-0.5000000000000000 0.2206769302772739 0.3318901954963154
-0.5000000000000000 0.2907244524717097 0.3003047500908225
-0.5000000000000000 0.2135848522492652 0.3304596630939831
-0.5000000000000000 0.2187058885979989 0.3333567550930431
-0.4203881728678746 0.2720448031731666 -0.5000000000000000
-0.5000000000000000 0.3902568141603187 -0.4918976779383264
-0.0434869677183293 0.5000000000000000 -0.1989098251525552
-0.3793065336117387 0.5000000000000000 -0.4771002169098000
-0.5000000000000000 0.3148816971196109 -0.4788214569261638
-0.3577658039272149 0.4405125318094198 -0.5000000000000000
0.5000000000000000 -0.4037479441947600 0.4735090476113565
0.5000000000000000 -0.4094390475511839 0.4619949532538098
0.5000000000000000 -0.4100121228423967 0.4849728125602040
0.5000000000000000 -0.4048213864172780 0.4598584064139142
0.5000000000000000 -0.3938371248590036 0.4469906526679644
-0.4105458283256417 0.5000000000000000 -0.3491993335866898
-0.5000000000000000 0.4493041245554033 -0.4436351690164599
-0.3142375858063065 0.5000000000000000 -0.2647125678165617
-0.3573936984231227 0.5000000000000000 -0.3847744548610049
-0.5000000000000000 0.3193261304788977 -0.4755127593209721
-0.3174378636203257 0.5000000000000000 -0.2836665201058655
-0.3734657919405991 0.5000000000000000 -0.2696101927253559
-0.1808161192756742 0.5000000000000000 -0.2791088013258303
0.5000000000000000 -0.2256160048327926 0.1617360000846188
0.5000000000000000 -0.2842252115361533 0.2992408374503431
0.1548192594555797 -0.0528059487511338 0.5000000000000000
-0.4904236855851291 -0.5000000000000000 -0.1093109429606293
-0.5000000000000000 -0.4082642059605103 -0.1106309025435729
-0.5000000000000000 -0.3854655065272142 -0.0710512079863638
-0.3304585324504452 -0.5000000000000000 -0.0234029162503576
-0.5000000000000000 -0.4252723763711488 -0.0920319877990761
-0.3196111392562452 -0.5000000000000000 0.0526752793603412
-0.5000000000000000 -0.4576660835915283 -0.0595807605740027
-0.5000000000000000 -0.4237873738500150 -0.1110560075422231
-0.5000000000000000 -0.4641883735202919 -0.0999558055021652
-0.5000000000000000 -0.4512732686444526 -0.1032124691123047
-0.5000000000000000 -0.4205935303287315 -0.2038866367299408
-0.5000000000000000 -0.4793676860421759 -0.1876272778862675
-0.2608447750405306 -0.4115181682705896 -0.5000000000000000
-0.3183191924594302 -0.3419917811396859 -0.5000000000000000
-0.3581095222145915 -0.4110841686579217 -0.5000000000000000
-0.5000000000000000 -0.0259293757448575 -0.3799346529022946
-0.5000000000000000 0.0009835397170827 -0.3301926840239418
-0.5000000000000000 0.0106989306726694 -0.4266377858183778
-0.5000000000000000 0.0412457409304427 -0.3146232066678606
-0.3455980298860401 -0.1785400889059560 -0.5000000000000000
-0.3840480997076235 -0.1753509315221620 -0.5000000000000000
-0.2928524629427571 -0.1564829254089061 -0.5000000000000000
-0.5000000000000000 -0.0954094895109824 -0.4688128608931195
-0.3854071979056427 -0.1597908864264807 -0.5000000000000000
-0.3496986304746038 -0.1601796007557016 -0.5000000000000000
-0.5000000000000000 -0.0069061624169577 -0.4604400327330914
-0.3400015508517793 -0.0321541455600652 -0.5000000000000000
0.5000000000000000 -0.4177465992827416 -0.4074039979329535
0.1818769539928719 0.0861214637718303 0.5000000000000000
0.0984114354960877 0.1023899907340725 0.5000000000000000
0.1405014990585890 0.1204166515548933 0.5000000000000000
0.0257501530702114 0.1213180030440876 0.5000000000000000
0.0691606805865588 0.1170157229481413 0.5000000000000000
0.1410044262311689 0.2053852892557330 0.5000000000000000
0.0721838823043112 0.1298078071051897 0.5000000000000000
0.0541238601952353 0.1516892228454451 0.5000000000000000
0.0914145145987519 0.1446936322146590 0.5000000000000000
0.2133125303807732 -0.1013116389227213 -0.5000000000000000
0.2229833684324511 -0.1727308206866099 -0.5000000000000000
0.1240404341211332 -0.0442581495677247 -0.5000000000000000
0.2276471978250192 -0.0372945249605585 -0.5000000000000000
0.5000000000000000 0.0825201410132173 -0.2484925015459593
0.1667429443939848 -0.1357486230552386 -0.5000000000000000
0.5000000000000000 -0.1112863416083033 -0.2572081413024950
0.1295623714622618 -0.2637765888614715 -0.5000000000000000
0.5000000000000000 -0.0501743700905300 -0.3725363844278174
0.1063848251186101 -0.1204707887429762 -0.5000000000000000
-0.1515531475844924 0.2573962966883957 -0.5000000000000000
-0.1333053866388127 0.3676435543636963 -0.5000000000000000
-0.1982842896701174 0.2208928138220513 -0.5000000000000000
0.0597332966543720 -0.5000000000000000 0.3897893102341834
0.0299651601936677 -0.4532878307823016 0.5000000000000000
-0.0637161363878183 -0.5000000000000000 0.2844010970920383
0.0337997944430497 -0.5000000000000000 0.3984978988545788
-0.5000000000000000 0.3996865197765777 -0.3864381394939804
-0.5000000000000000 0.3344780147079249 -0.3630663364229906
-0.5000000000000000 0.3415148412326346 -0.3824133538732938
-0.5000000000000000 0.3267257618065599 -0.3682877188734655
-0.5000000000000000 0.3170429536945160 -0.4555944119854445
-0.5000000000000000 0.3508522077052114 -0.3478090559547005
-0.5000000000000000 0.3145380394390028 -0.3707978659193940
-0.2457370737487160 -0.4526628800057365 -0.5000000000000000
-0.3134808805350774 -0.3031003910015006 -0.5000000000000000
-0.4097098325756475 0.2659671888752533 -0.5000000000000000
0.3513571756921942 -0.1087111537777212 0.5000000000000000
-0.3449015996776349 0.5000000000000000 -0.0776471241911959
-0.1819671880346417 0.4966274173508801 -0.1889449524705503
-0.2441923882423950 0.5000000000000000 -0.0366076559512714
-0.0279848403878610 0.5000000000000000 -0.1896096221742304
-0.5000000000000000 0.1339769842658077 -0.2697022005669952
-0.5000000000000000 0.2164383596020314 -0.3285707213378856
-0.5000000000000000 0.2196320257963820 -0.2663506119674963
-0.0049332882605632 0.4836332909930633 -0.4927905186128140
-0.3471233031925861 -0.2811398919088980 -0.5000000000000000
-0.4337841804945567 -0.1879033300519577 -0.5000000000000000
-0.0391593988325376 -0.1000815877746532 -0.5000000000000000
-0.2879306672927764 -0.5000000000000000 0.4216626415946873
0.4808623527775404 0.5000000000000000 0.1343075472053454
-0.5000000000000000 -0.2777683260701715 -0.1790971702491227
-0.5000000000000000 -0.2515410945133763 -0.1070870448271085
-0.5000000000000000 -0.1750640424081291 -0.1943551802009448
-0.5000000000000000 -0.2119021423690417 -0.1423698854141163
-0.5000000000000000 -0.4130012391748799 -0.2124165476980912
-0.5000000000000000 -0.2378224320418081 -0.3118990845635721
-0.4172002163527330 0.2562489374047822 -0.5000000000000000
-0.4275643600186325 0.1970433245167025 -0.5000000000000000
-0.5000000000000000 0.2024448841678270 -0.4416264016459679
-0.5000000000000000 0.2090677828663130 0.2410696668583749
-0.5000000000000000 0.2256252180252784 0.1748563637074870
-0.5000000000000000 0.2470972567762538 0.2018603310753337
-0.5000000000000000 0.2595948878044435 0.2074839110709823
-0.5000000000000000 0.3324666530572030 0.2555592486896918
-0.5000000000000000 0.2401524236757392 0.1976859468346497
0.0609798485167445 0.4941210707175844 -0.5000000000000000
0.2865980797625461 0.4986706201209063 -0.5000000000000000
0.1763741672950843 0.3731205489930123 -0.5000000000000000
0.2183874911549155 0.5000000000000000 0.1771059038814872
-0.1639451853582127 0.5000000000000000 -0.1707187810579501
0.1764660949372023 0.5000000000000000 0.0563278466698948
-0.0166503320892659 0.5000000000000000 -0.0575144560219592
0.0940445270314897 0.5000000000000000 0.0572841950482623
-0.1048965724704695 -0.5000000000000000 0.1852392516105311
0.5000000000000000 -0.4783696879730117 -0.3600354932073969
-0.5000000000000000 0.2105512297751470 0.1548128841001204
0.4542314987663078 0.0332056526441682 0.5000000000000000
0.5000000000000000 0.0995467263549540 -0.4313221891164366
0.5000000000000000 0.3013795340777129 -0.0342986958178647
0.5000000000000000 0.2982381177893195 0.0039056393853437
0.5000000000000000 0.2649296649377431 0.0102478719002258
0.5000000000000000 0.3095674401971060 0.0447774476359966
0.0139968806561400 -0.0948773047716359 -0.5000000000000000
0.5000000000000000 0.0834977563039128 0.4020223615700630
0.5000000000000000 0.1696912432185173 0.3626228594404581
0.5000000000000000 0.0195483132951095 0.4958607854457924
0.5000000000000000 0.0143594466924190 0.4207829485167031
0.5000000000000000 -0.0556201576126124 0.4457777148308868
0.2468793084377971 -0.1986778270399934 0.5000000000000000
0.2610338694232629 -0.1217163574488122 0.5000000000000000
0.1803665246923255 -0.1964115736873006 0.5000000000000000
0.2024419229205116 -0.1202887901434821 0.5000000000000000
0.1789039053263768 -0.0714553764423578 0.5000000000000000
-0.5000000000000000 -0.1007599872153039 0.0541694276464572
0.1976229803194778 0.1271005747659158 -0.4947900629146503
0.1947591113629397 0.1015858913040367 -0.5000000000000000
0.2277942059569658 0.1271295958224643 -0.5000000000000000
0.1639214839236738 0.1138439491963793 -0.5000000000000000
0.1613141067370784 0.1273426593084705 -0.5000000000000000
-0.5000000000000000 0.3552933449442117 -0.2973024707299848
0.2984425751653947 0.1368393811240333 -0.5000000000000000
0.5000000000000000 0.2835175378174463 -0.2308977342619624
0.5000000000000000 0.2364529804176718 -0.2446617314020766
0.5000000000000000 0.3046576493966495 -0.3640433894985744
0.5000000000000000 0.3600127183022341 -0.0736490373167824
0.5000000000000000 0.2891714193142843 -0.2101764291973823
0.5000000000000000 0.2899408264608674 -0.2518599656614269
0.3180253547205021 0.2744248919297132 -0.5000000000000000
0.5000000000000000 0.2983941668261457 -0.2685299292087527
0.5000000000000000 0.2872956591741264 -0.2442652130107934
0.5000000000000000 0.2732023662890275 -0.2602451026096668
0.5000000000000000 0.3279007798158202 -0.2732284349129588
0.4612147831472105 0.1901802037926907 0.5000000000000000
0.3661689525946645 0.3112651631022240 0.5000000000000000
0.3745385575791226 0.1134620234331682 0.5000000000000000
0.3313941071716402 0.1571615413471203 0.5000000000000000
0.5000000000000000 0.2586320107354552 -0.1362850748201924
0.5000000000000000 0.3268302068049145 -0.1282901423386659
0.5000000000000000 0.1885195386853925 -0.2022396324099620
0.5000000000000000 0.3730159112072438 -0.0217507002358191
0.5000000000000000 0.2734178041882935 -0.1004452104793983
0.5000000000000000 0.3538369219834390 -0.0135643063934451
0.5000000000000000 0.2470958313635394 -0.2220531870740223
-0.0000291238806269 0.4416141094137771 -0.5000000000000000
-0.0298225111636628 0.5000000000000000 -0.4960629992147652
0.0289767114653923 0.5000000000000000 -0.4424113936461313
0.3536098838030304 0.5000000000000000 0.2665684590978470
0.3477460739980635 0.5000000000000000 0.1627467534990343
0.5000000000000000 -0.4767785096425927 -0.2988451017547892
-0.4234207586851712 0.2671134388522784 -0.5000000000000000
-0.4095688357951935 0.2646044189353727 -0.5000000000000000
-0.4342343127582637 0.2611941732400549 -0.5000000000000000
-0.3731844305030482 0.2506229276709450 -0.5000000000000000
-0.1139738436415242 0.0294832091194498 0.5000000000000000
-0.2889106122202216 0.0463550565925415 0.5000000000000000
-0.3423698910844909 0.0366047616382040 0.5000000000000000
-0.1232340649502326 -0.0447311163853172 0.5000000000000000
-0.2087683704940800 -0.0073291981269257 0.5000000000000000
-0.5000000000000000 0.3127758185605219 -0.4777088908795312
0.2936513808702245 0.0881161375720124 0.5000000000000000
0.2549750425014277 0.1010381381902185 0.5000000000000000
0.2215316630790045 0.0614535737319471 0.5000000000000000
-0.5000000000000000 0.2155347478722156 -0.4578407546877442
-0.4349266371896513 0.1718297141553696 -0.5000000000000000
-0.2910628411366284 0.2038991631098922 -0.5000000000000000
0.2420228558321549 -0.2272926515929402 -0.5000000000000000
0.5000000000000000 0.1048757339641283 0.1866500951167338
0.5000000000000000 0.0813965128361063 0.1564265242379418
0.2504013461380564 0.1156089776292149 -0.5000000000000000
0.3718662309361603 0.0889799303561852 -0.5000000000000000
0.5000000000000000 -0.3665415736445282 -0.4289741971789293
0.1083539173905385 0.0720328018397354 0.5000000000000000
0.0811812484785300 0.0069094224698172 0.5000000000000000
0.1435879611755755 0.0292889948888916 0.5000000000000000
-0.0043065612797995 0.0934146353996116 0.5000000000000000
-0.2190669503458355 -0.1216841717811294 0.5000000000000000
0.0523557087186830 0.0111667442750541 0.5000000000000000
-0.0155133726593694 0.2808939862504640 -0.5000000000000000
0.0762409253805173 0.2537050291665480 -0.5000000000000000
0.0401408281368153 0.2870305742974699 -0.5000000000000000
0.0992267999736249 0.2950588749246343 -0.5000000000000000
-0.0378867715067675 0.3379927335007971 -0.5000000000000000
0.0145579602046484 0.2883163927793480 -0.5000000000000000
0.1938884777302135 0.0536741563598842 0.5000000000000000
0.5000000000000000 0.4625643244768882 -0.4371082357958301
-0.5000000000000000 -0.3041725615751958 0.2814505156549890
-0.1036846793081440 -0.4423143281067364 0.5000000000000000
-0.2785628626690930 -0.5000000000000000 0.3383001641042169
-0.2031381894327269 -0.5000000000000000 0.4948172997472988
-0.2377440046828535 -0.3958997739879429 0.5000000000000000
-0.1377480067925583 -0.5000000000000000 0.4392095397872730
-0.1879946564390858 -0.5000000000000000 0.4425976485082005
-0.5000000000000000 -0.3880386702974983 0.1871269576629894
-0.5000000000000000 -0.4199420852182319 0.2048555322463255
-0.5000000000000000 -0.3062932914918572 0.0820755984691150
0.5000000000000000 -0.3148123882816499 0.4502429987289870
0.4738614216620464 -0.2929810098740208 0.5000000000000000
0.5000000000000000 -0.2958751937536563 0.4624549968868411
0.5000000000000000 -0.3116074720246767 0.4488413532529782
0.5000000000000000 -0.1894804358647710 0.3835998542366195
0.5000000000000000 -0.3129957024524891 0.3961727653067867
-0.5000000000000000 0.0343572616322855 0.3767981117436122
-0.5000000000000000 0.0388424046442307 0.3979602503964317
-0.5000000000000000 -0.0145608036151269 -0.1756658675431566
-0.5000000000000000 -0.0183558423972212 -0.0243820697789006
-0.5000000000000000 -0.0040381805818468 -0.2984603194672814
-0.5000000000000000 0.0383654502569625 -0.0841792670745380
-0.5000000000000000 0.0498573954815229 -0.2614948092763427
0.5000000000000000 0.3551938682388013 -0.0100844797951208
-0.1987514236130740 -0.4260472520597632 -0.5000000000000000
-0.2238983646775772 -0.4467440779513582 -0.5000000000000000
-0.0576626948367764 -0.5000000000000000 -0.2395194703923991
-0.2346454408555238 -0.4295725402538932 -0.5000000000000000
-0.2052374390221011 -0.5000000000000000 -0.4828001852395559
-0.1704752413726004 -0.4242166553421701 -0.5000000000000000
-0.2648346897931189 -0.4320659935452618 -0.5000000000000000
-0.0172091569877745 -0.5000000000000000 -0.4249465481793962
0.5000000000000000 -0.4910916833117192 -0.2560484495742376
0.4741945468825344 -0.5000000000000000 -0.1765992820716131
0.5000000000000000 -0.4968944611663975 -0.2031505562316022
-0.5000000000000000 -0.2725480934006834 -0.0193674610734299
-0.5000000000000000 -0.1151952190628194 0.0556168798232360
-0.5000000000000000 -0.2997795894629837 0.1071477547023188
0.3154821503632033 0.1093826300324618 0.5000000000000000
0.2629366629578067 0.1379558012413779 0.5000000000000000
0.2113390370146052 0.0741604590114124 0.5000000000000000
-0.5000000000000000 -0.1299069030709040 0.2069739389947007
-0.5000000000000000 -0.1068752863492910 0.0632623081073030
-0.2206375039026492 -0.1234421286611814 0.5000000000000000
-0.5000000000000000 -0.2926098817229436 0.1258322357504573
-0.5000000000000000 -0.2123658217681935 0.3041986454419072
0.0797294719515394 -0.0669073154276710 0.5000000000000000
0.1405050694809916 -0.0501267620552928 0.4859217673454402
0.1990302791676572 0.0324658706447432 0.5000000000000000
0.1576926991840828 -0.0344535941285224 0.5000000000000000
-0.5000000000000000 0.0363886820596872 -0.4076916521947321
-0.5000000000000000 0.0984210881761984 -0.2891182125167955
0.2940265220176688 -0.5000000000000000 -0.1417591574132366
0.5000000000000000 0.2769667047719064 0.4186338266387969
0.5000000000000000 0.3094456150906169 0.4307503371332140
0.5000000000000000 0.3038627619487728 0.3794119156696287
0.5000000000000000 0.2750299618220420 0.3900166725386571
0.5000000000000000 0.3097339577393115 0.4022472056503080
-0.5000000000000000 -0.3277295884981359 -0.1504797929939195
-0.5000000000000000 -0.3461977445480530 -0.2261570570629659
-0.5000000000000000 -0.2243584834441538 -0.2734983669491571
0.5000000000000000 -0.2233529684914464 0.0697076150014948
0.5000000000000000 -0.1821951648720853 0.3384989171719954
0.5000000000000000 -0.1914303606252373 0.1496398312425794
0.0862281365210342 -0.2975813607315999 -0.5000000000000000
-0.0654317671603437 -0.3703329124595613 -0.5000000000000000
-0.0419912460489139 -0.2191331291216431 -0.5000000000000000
0.0308050043339594 -0.3438889870713865 -0.5000000000000000
0.0190303351512345 -0.5000000000000000 -0.1318870022904265
-0.0380740299993442 -0.5000000000000000 -0.2184831958701040
0.1205482715283025 -0.5000000000000000 -0.1005505433331987
0.3985334321793224 -0.5000000000000000 0.1113573252526847
0.2711217265753654 0.5000000000000000 -0.0853440192865368
-0.0036625957223203 0.5000000000000000 -0.1854427528758676
0.1166518256797192 0.5000000000000000 -0.1350767122278814
0.0978624478543415 0.5000000000000000 -0.2107119096770252
0.0963034677843110 0.5000000000000000 -0.1715079282995251
0.0159440401611224 0.5000000000000000 -0.2242041278526921
0.5000000000000000 -0.3645501079493543 -0.3381306218261423
0.3050055611996444 -0.4402996316155568 -0.5000000000000000
0.3222415615718698 -0.4749419202854526 -0.5000000000000000
0.2395258222508884 -0.4167101008472761 -0.5000000000000000
0.5000000000000000 -0.2854223962005356 -0.3725183171762532
0.4962046690322083 -0.3852727033374917 -0.5000000000000000
0.5000000000000000 -0.4042066361267824 -0.3500694244064139
0.5000000000000000 -0.4035968153193425 -0.2623449238701544
0.5000000000000000 -0.4091579430346483 -0.3287718464684908
0.5000000000000000 -0.4169679485902729 -0.3666765709644208
0.1437583341533221 -0.3065913406626034 -0.5000000000000000
0.3554076489370162 -0.3900876482995539 -0.5000000000000000
0.4176638788717997 -0.5000000000000000 -0.4447817779306487
0.2083680676273186 -0.3711761638042851 -0.5000000000000000
0.5000000000000000 -0.4603008648000940 -0.4938625736731133
0.2627091721714161 -0.5000000000000000 -0.3976224659601855
-0.5000000000000000 -0.2947456622781348 0.2792591140797816
-0.5000000000000000 -0.3134289932905753 0.2811175520361391
-0.5000000000000000 -0.2878577716074447 0.2761207902325878
0.1180812653231263 0.3005792660723737 -0.5000000000000000
-0.0767746785387722 0.3745402273537293 -0.5000000000000000
0.1803205094210475 0.0937923043749566 -0.5000000000000000
-0.0184122183829005 -0.0784421286935067 -0.5000000000000000
0.0195272275664999 0.0096086826844778 -0.5000000000000000
-0.2678465052963843 0.2753381061477996 0.5000000000000000
-0.2956281301358741 0.4390305109322750 0.5000000000000000
-0.3011175565802496 0.2945939294577443 0.5000000000000000
-0.3426957008952489 0.2997336755088915 0.5000000000000000
-0.2853258573617293 0.2958807955174602 0.5000000000000000
-0.5000000000000000 0.1231591573543011 0.1573567708439143
-0.5000000000000000 0.1836991333238231 0.1262010484988521
-0.5000000000000000 0.1338198629036668 0.0608719755480690
-0.4902740323420899 0.1134150257141391 -0.0000609416404838
-0.5000000000000000 0.1057206887064832 0.0596105442524262
-0.5000000000000000 0.1444140292969969 0.0879167300568204
0.5000000000000000 -0.0566490485831158 -0.0124430089492611
0.5000000000000000 0.0803602051989811 -0.1938419095663261
0.5000000000000000 -0.1192174582688769 -0.1526145690050658
0.5000000000000000 -0.1099187643742888 -0.0019414435216294
0.5000000000000000 -0.0997654286025797 -0.1586867951466803
0.5000000000000000 -0.0697388213891281 -0.0536956871541501
0.5000000000000000 -0.0519053618428444 -0.0967889378957530
0.5000000000000000 -0.0610233257415598 -0.1183262638631965
-0.0276631787873081 -0.5000000000000000 -0.0309980137429827
-0.0442244139152105 -0.5000000000000000 -0.0059679382594521
-0.0028175185363508 -0.5000000000000000 0.0194160967206870
0.0227968787277025 -0.5000000000000000 0.0622762982222673
0.4063426661305112 0.5000000000000000 -0.0243197879481206
0.3937707282470893 0.5000000000000000 -0.0440233408784545
0.3390916535986921 0.5000000000000000 0.0311042734090560
0.4056814760040432 0.5000000000000000 -0.0574819945491545
0.3876480159730543 0.5000000000000000 0.0478145873177516
-0.1766480267834880 0.2280410536822726 -0.5000000000000000
-0.3395976889744838 0.1616801491826280 -0.5000000000000000
-0.2135289609648595 0.2019667780627825 -0.5000000000000000
-0.5000000000000000 0.4606835229291818 -0.1700949922598256
-0.2915626426950267 0.5000000000000000 -0.0164103670636294
-0.5000000000000000 0.4806981844917335 -0.1503438251832176
-0.5000000000000000 0.4821508469183539 -0.1789824958714083
-0.4352524745092780 0.5000000000000000 -0.1614411899964318
-0.4663353265947450 0.5000000000000000 -0.1190613019512742
0.1067143267776486 -0.5000000000000000 0.0406698644330902
0.2435809051178780 -0.5000000000000000 0.1459617078051187
0.2985698258068932 -0.5000000000000000 0.1237416936121661
-0.3089746567472527 0.4991440363980759 0.4544042716214985
-0.5000000000000000 0.2161493762155484 -0.3550373768148638
-0.5000000000000000 0.1527207621544009 -0.4685421911382848
0.5000000000000000 0.1021865340022986 0.4099021700663711
0.5000000000000000 0.1814142579142043 0.3754257508436111
0.4263999824919625 0.1972012585943322 0.5000000000000000
0.5000000000000000 0.1809681288049410 0.4813811475280297
0.5000000000000000 0.2491686479831036 0.4132353529576968
-0.0904894098956156 -0.5000000000000000 0.0180492090704369
-0.1951220196272667 -0.5000000000000000 0.0572500607523035
-0.2753734849321347 -0.5000000000000000 0.0823697108591074
0.3557214026852104 0.5000000000000000 -0.1523885859539150
-0.3480850189657360 0.4272059238656328 0.5000000000000000
-0.3971581733599294 0.3214364095676400 0.5000000000000000
-0.4278586242155816 0.3258163243352207 0.5000000000000000
-0.3837968295769461 0.3215277190993964 0.5000000000000000
-0.5000000000000000 -0.1124339073325580 -0.4426204076156327
-0.5000000000000000 -0.1469479785758930 -0.3634372939965883
-0.0816545180798447 -0.5000000000000000 0.0324620045922554
0.0507030057243092 -0.5000000000000000 0.2265860809165426
-0.1682578780952586 -0.5000000000000000 0.0823215683534801
-0.2636713641604009 -0.5000000000000000 0.0902184276137216
0.0153952892283932 -0.5000000000000000 0.2751632061460952
0.5000000000000000 0.2578642844827356 -0.0288293028589309
0.5000000000000000 0.3540553765936472 -0.0108251193059704
0.5000000000000000 0.2976988994016345 0.1018316995181641
0.5000000000000000 -0.0051575553805619 0.3616348969170497
0.5000000000000000 -0.0558867664735384 0.3060711523325111
0.5000000000000000 -0.1945545526310599 -0.2638235814506427
0.5000000000000000 -0.2760788322406766 -0.2485780336361986
-0.5000000000000000 -0.2948704037465740 -0.0761817921370796
-0.5000000000000000 -0.3554078288306680 -0.1520193798531835
-0.5000000000000000 -0.4165216293019830 -0.2108994234483599
0.5000000000000000 0.1899478919774995 0.0207157276128226
0.5000000000000000 0.1611642361638453 0.0593097578894942
-0.5000000000000000 -0.4835040652955255 0.4539214050325138
-0.4988279420827554 -0.4415044037932787 0.0852341040945623
-0.5000000000000000 -0.3085544257070905 -0.0293204333659765
0.5000000000000000 -0.4543941001951359 0.0273839362462037
0.5000000000000000 -0.4154742275281085 0.0519575883701461
0.5000000000000000 0.4061354481071321 0.0997950925571556
0.5000000000000000 0.3849623828548595 -0.0034645618129699
0.5000000000000000 0.3557043561372543 -0.0101982629499017
0.2962879097453672 0.5000000000000000 0.2801139061239999
0.5000000000000000 0.4252033498533285 0.3518655271100460
0.5000000000000000 0.4817129892138383 0.4679382203548385
0.3007126243185846 0.5000000000000000 0.1998226317501141
0.5000000000000000 0.3105022866423066 0.3074396944324808
-0.5000000000000000 0.4005513433946878 0.3583420915241829
-0.4944991501694531 0.3545119544425477 0.2711665329552945
0.5000000000000000 0.1949621051931991 -0.0242920556798988
0.5000000000000000 0.1595019704594078 -0.1091864498868515
-0.4376238532000052 -0.5000000000000000 0.0819696077037595
-0.4694523490658566 -0.5000000000000000 0.0663169291755608
-0.3770519863984267 -0.5000000000000000 0.0734400936850490
-0.5000000000000000 -0.4900705915423065 0.0385520637981979
-0.5000000000000000 -0.4977006222062249 0.0107186795152183
-0.4789547378401992 -0.5000000000000000 0.0452967209444430
0.5000000000000000 0.1285109266611324 -0.2544432660924670
0.1486906069748347 0.0871976843399901 -0.5000000000000000
0.5000000000000000 -0.0052961176754634 -0.3840379279170348
-0.5000000000000000 -0.4976773356851629 0.3084654113924138
-0.1818071935745055 -0.3293257285660547 0.5000000000000000
-0.1811645034169011 -0.3233813090996510 0.5000000000000000
0.3573928361476186 0.3128615859646245 0.5000000000000000
0.3629408507497172 0.1160124230941094 0.5000000000000000
0.3134847240954897 0.1609802925061638 0.5000000000000000
0.1653702198277132 -0.5000000000000000 0.4123230527559843
0.1853194461998339 -0.5000000000000000 0.4194815689748286
-0.1288295803915994 0.5000000000000000 -0.1894328684221512
-0.2040397639751202 0.5000000000000000 -0.2228126026747054
-0.1609178881743274 0.5000000000000000 -0.1595087026499853
-0.1643115011360521 0.5000000000000000 -0.2009041991287766
-0.1020531999203990 0.1217766516187650 -0.5000000000000000
-0.3318282380292398 -0.0166058842839026 -0.5000000000000000
0.5000000000000000 -0.2576910946133600 0.3201964232668780
0.5000000000000000 -0.2863463376075897 0.3030234544586696
-0.4107957338194170 -0.4150348752834463 -0.5000000000000000
-0.4733122686849856 -0.3470238604426799 -0.5000000000000000
0.3662262412158898 -0.1043486799315476 -0.5000000000000000
-0.5000000000000000 -0.0030327970123360 0.2856256699789123
-0.5000000000000000 -0.1071460716474431 0.2212681850752581
-0.5000000000000000 -0.0814843172160842 0.1861119247508383
0.0162960259183428 -0.5000000000000000 -0.0404414985608626
-0.0566884650080700 -0.5000000000000000 -0.1178701155303251
-0.5000000000000000 -0.0955527679054008 0.0523627254876204
-0.5000000000000000 -0.1008434690040689 0.0633005879072429
-0.5000000000000000 -0.0942382761969877 0.0590146264358941
-0.3475086062480091 0.5000000000000000 0.3646104701861325
-0.4504971291319436 0.5000000000000000 0.1235364443716514
-0.4527718647141908 0.5000000000000000 0.1233443967251708
-0.4504178783352573 0.5000000000000000 0.1162701294077323
-0.4392735116746407 0.5000000000000000 0.1262288199110625
-0.4497489496230541 0.5000000000000000 0.1238580570756455
0.5000000000000000 0.0736618460177662 -0.4212461954907071
-0.2245724597212527 -0.5000000000000000 -0.0130967125423484
-0.4085810230369040 0.0213046030971334 0.5000000000000000
-0.5000000000000000 0.3444070261607323 -0.2761329875952783
-0.2151480449433665 0.1154727917607103 0.5000000000000000
-0.5000000000000000 0.1399928456480443 0.3985783921757992
-0.5000000000000000 0.1320152000861116 0.3380832575418782
-0.2219784535957637 -0.1214537077071200 0.5000000000000000
-0.3237395527187581 0.1128348633933035 0.5000000000000000
-0.2937213251536560 0.1491989375900184 0.5000000000000000
0.2289990504883514 0.4159248729159536 0.5000000000000000
0.1822039857861063 0.4385710411439234 0.5000000000000000
0.1740662123484388 0.4244621030160313 0.5000000000000000
0.1823460779413974 0.4497086544748841 0.5000000000000000
0.1821362790708782 0.4497018003069322 0.5000000000000000
0.1784928029865135 0.4485314097037399 0.5000000000000000
-0.4182239828768023 -0.4283857836543355 -0.5000000000000000
0.5000000000000000 0.4168543096955890 0.0844033080070959
0.5000000000000000 0.3872593099632710 -0.0061137734272339
0.5000000000000000 0.3561402955206444 -0.0106659296374072
0.1831359791869634 0.5000000000000000 -0.2229617391372711
0.2058282639810111 0.5000000000000000 -0.1562723693851808
-0.5000000000000000 -0.0444409818181551 -0.0754471417254201
-0.5000000000000000 -0.1644718436020341 -0.2979584955663613
0.5000000000000000 -0.2320407460101253 0.0369966099600491
0.4826174490011261 0.2153980274980078 0.5000000000000000
0.3672255513845726 0.3199134749044905 0.5000000000000000
0.3649037789604694 0.3232211873003472 0.5000000000000000
0.2821164257467301 0.2900134111655440 0.5000000000000000
0.2770576480142283 0.5000000000000000 0.3228275604177092
0.3804670211252354 0.3452446390974778 0.5000000000000000
-0.0371989974066723 -0.0825842183503122 -0.5000000000000000
-0.1121314033454665 0.1776516794778835 0.5000000000000000
-0.1110094174488045 0.1492665762293550 0.5000000000000000
0.5000000000000000 0.4390687300699032 -0.0773541987931807
0.5000000000000000 0.1365444784969495 0.0185823461134950
0.5000000000000000 0.1589330714801762 -0.1244129675094755
0.5000000000000000 0.2117321657809409 -0.0045718046092932
0.5000000000000000 0.1900941819966393 0.0075836989457638
0.5000000000000000 0.2025970238597936 0.0317302128147874
0.5000000000000000 0.1547272261746650 0.0832476960743927
0.5000000000000000 0.1468381317843041 0.0511028273022663
0.5000000000000000 0.2860083411099322 0.0969256617726085
0.2424407267742210 -0.3127334953286820 0.5000000000000000
0.1400676931699750 -0.3692599181453626 0.5000000000000000
0.1423575998599349 -0.2636587779101637 0.5000000000000000
0.2700467666338193 -0.4227395062023788 0.5000000000000000
0.3022216549274959 -0.4166807343094517 0.5000000000000000
0.1267711707868718 -0.3402301824037021 0.5000000000000000
0.0009968791013368 -0.3893793929686025 0.5000000000000000
-0.0822268023855741 -0.4094684437461272 0.5000000000000000
0.0822319276425540 -0.2905321075392360 0.5000000000000000
-0.0672710542124171 -0.3835939031537735 0.5000000000000000
-0.5000000000000000 0.0732824282349298 -0.2919666136872058
0.3420840584552001 -0.0937231807574411 -0.4961193700129257
-0.5000000000000000 -0.0300278087879577 0.0009060161602511
-0.5000000000000000 -0.0859262280971358 -0.0292365665884716
-0.5000000000000000 0.0062026699730064 -0.0261989540975787
0.0445483157384497 0.5000000000000000 -0.1218453728081632
-0.0307853043472794 0.5000000000000000 -0.1641277574092616
-0.0375640162657911 0.5000000000000000 -0.2201886040174765
-0.3367262678701335 -0.0234735070535765 -0.5000000000000000
0.1091484224222373 -0.2875614944978290 -0.5000000000000000
0.0147534847346300 -0.1571610273867146 -0.5000000000000000
0.5000000000000000 -0.1746896434149497 0.3835316704432405
-0.5000000000000000 -0.1964126187072941 -0.3302077761035946
-0.1640223184392463 0.3130495104812308 0.5000000000000000
-0.2566417527529787 0.4693717457033689 0.5000000000000000
-0.1857931864088883 0.3382721494492861 0.5000000000000000
0.5000000000000000 0.0623616795985950 0.0723949077065661
0.5000000000000000 0.0498769536585165 -0.0321083260461745
0.5000000000000000 0.1082829366279739 0.1911789518107098
0.5000000000000000 0.2884510505785081 0.1155536751899182
0.3233296736445644 -0.1495595686576389 0.5000000000000000
0.4222780292012686 0.0509227624169103 0.5000000000000000
0.3668455788803603 0.0954014381883837 0.5000000000000000
0.3338530922942200 0.1187660180537979 0.5000000000000000
0.2748115370704878 0.0564269364686375 0.5000000000000000
0.3624273351960121 0.0020791557048987 0.5000000000000000
0.3439628267130963 -0.1064487706923919 0.5000000000000000
0.2491878833507660 0.5000000000000000 0.0572642310958198
0.3173489728584074 0.5000000000000000 0.0887755032806646
-0.5000000000000000 0.0779633623919170 0.4084881379997707
-0.2259467865220814 0.5000000000000000 0.0081544501963386
-0.1748692286809795 0.5000000000000000 0.0408967344396119
-0.0698597112945933 0.5000000000000000 0.1882752244585556
-0.0730064304157178 0.5000000000000000 0.1896324392410106
-0.2565981542736263 0.5000000000000000 0.0458486954064744
-0.1744725010965570 0.5000000000000000 0.1303375159168348
0.4690934696811541 0.0468733389485279 0.5000000000000000
0.5000000000000000 0.0602053541243653 0.4640899390258786
0.5000000000000000 0.0458673168769945 -0.2359684381344667
0.5000000000000000 0.1116276539994589 -0.3160101267831018
0.5000000000000000 0.1395312708206328 -0.2444629332689766
0.5000000000000000 0.1510946386345687 -0.2252533366348727
0.5000000000000000 0.1284682487256183 -0.2027211139070607
-0.3829567881729411 0.1142453446963563 -0.5000000000000000
-0.2293649337325402 0.1773323438995079 -0.5000000000000000
0.5000000000000000 0.3683316671322028 0.1246000247844998
0.5000000000000000 0.3704081671148374 0.1793455484317595
0.5000000000000000 0.4321358042169144 0.1427965272286627
0.5000000000000000 0.3507044004553324 -0.4257915240912294
0.5000000000000000 0.3768011716675246 0.0092731390987087
0.5000000000000000 0.3890199251652378 -0.0101056193906721
-0.3380792146772775 -0.0172090591900624 -0.5000000000000000
0.5000000000000000 -0.1445662068609834 -0.2166100395677777
0.5000000000000000 -0.1439630030838890 -0.3238857987155883
0.5000000000000000 -0.1327677694784130 -0.2343563703401164
0.1236327166386384 -0.2817008248165284 -0.5000000000000000
0.5000000000000000 -0.1078628539205768 -0.2175221108821602
0.3530402914498200 -0.3823631112960226 -0.5000000000000000
0.5000000000000000 -0.0720441024602849 -0.3425977925878467
-0.5000000000000000 0.2097059910151665 0.1715709542184966
-0.5000000000000000 0.2196322299048445 0.1035317153154689
-0.5000000000000000 0.2097398478902741 0.1470041707732582
-0.5000000000000000 0.2194814291412064 0.1591354579829733
-0.0573819432203330 -0.5000000000000000 0.0343247121417527
-0.0208539825235694 -0.5000000000000000 -0.0031629702243112
-0.0745617428123410 -0.5000000000000000 -0.0312932813032482
-0.0308248571886906 -0.3323080249388711 0.5000000000000000
-0.1244792265835578 -0.3597237458841729 0.5000000000000000
0.0750399103783096 -0.2617015097646367 0.5000000000000000
-0.1124928139662926 -0.3227873838578914 0.5000000000000000
0.5000000000000000 0.4276346533977650 -0.3298633390718974
0.5000000000000000 0.4864564485253196 -0.1806976308565612
-0.5000000000000000 -0.4743453200142988 -0.2357948811698224
-0.5000000000000000 0.2307873122668980 -0.0341246947963699
0.1635166605067502 0.2386156883235558 0.5000000000000000
0.1130216877005983 -0.5000000000000000 0.3684536776675015
0.2830828091918816 -0.5000000000000000 0.3701117453053163
0.2598539480839909 -0.5000000000000000 0.4031770631308426
0.2761434374936510 -0.5000000000000000 0.4079869911718027
-0.0449583749070948 0.3975981453994216 0.5000000000000000
-0.2114108342968280 0.2189288956529144 0.5000000000000000
-0.2331756886382846 0.2557202963112413 0.5000000000000000
0.1358667667368951 0.2445854692716653 0.5000000000000000
-0.0847029018736258 0.2638692816012231 0.5000000000000000
0.0648884872915847 -0.5000000000000000 0.0406393697854196
0.1922386325696742 -0.5000000000000000 0.1767111734640391
-0.5000000000000000 0.1143490417949573 0.4144633236118346
-0.0207254721671639 -0.0600715067656597 -0.5000000000000000
-0.0887300260756459 0.4257890040477797 0.5000000000000000
0.0383792192804792 0.3795445948051046 0.5000000000000000
-0.0317682160163464 0.4064655033205620 0.5000000000000000
-0.0477682458850831 0.4007889455938239 0.5000000000000000
-0.2058924174211139 0.5000000000000000 -0.3972359651993835
0.1173821400663177 -0.2912687870726370 -0.5000000000000000
-0.3402306629492221 -0.5000000000000000 -0.2273722886252354
-0.3939437323819068 -0.5000000000000000 -0.2152900619636183
-0.3318350256470288 -0.5000000000000000 -0.2026546600798931
-0.2612305945128831 -0.5000000000000000 -0.1947796113988006
-0.3288384285686335 -0.5000000000000000 -0.3016530066300629
0.1760856882764497 0.2543067629540635 0.5000000000000000
0.2062891111163759 0.3007376014020767 0.5000000000000000
-0.5000000000000000 0.0870430140036737 0.4021301310696670
-0.0112375434193560 0.5000000000000000 0.2642981995463298
-0.0151635190841260 0.5000000000000000 0.2673654201249503
-0.1628498533977061 0.5000000000000000 0.2092432002011441
-0.5000000000000000 -0.1485835687131007 -0.4493610757744053
-0.5000000000000000 -0.3126055647787422 0.1403371162364131
-0.2847284959574000 -0.5000000000000000 0.1104525738438628
-0.2241207393238167 -0.3718021392394600 0.5000000000000000
-0.0670061763308560 -0.5000000000000000 0.4623554116554763
-0.5000000000000000 -0.3662203051482008 0.1770413965958493
-0.5000000000000000 0.2958783102458149 -0.4531121910291958
-0.5000000000000000 0.2214015225831063 -0.3518342023258731
-0.5000000000000000 0.1959090800394172 -0.3359482713597332
-0.5000000000000000 0.0889247926695285 -0.0027254924340457
-0.5000000000000000 -0.0184567185741998 0.0160029892683160
0.5000000000000000 0.1259497888053520 0.4946375910890992
0.3661684564080988 0.0039960792163879 0.5000000000000000
0.3889357134506477 -0.0509095564113578 0.5000000000000000
0.4546997247063987 0.0383887246627256 0.5000000000000000
-0.1285384833791774 0.5000000000000000 -0.0161597344788027
-0.3261672575923862 0.5000000000000000 -0.1131526913550628
0.5000000000000000 0.3545182694046149 -0.0077271087946333
0.5000000000000000 0.3175486803179047 0.1679854785249390
0.5000000000000000 0.3013560890582052 0.1121358460186396
-0.4156215662079555 0.0743660559289656 -0.5000000000000000
-0.2917688169102250 0.1334126652096363 -0.5000000000000000
0.1072024807464756 -0.5000000000000000 0.2472354373674120
0.0759850455783751 -0.4958567105457451 0.3571385850950090
0.2117404760882081 -0.5000000000000000 0.2561779280358498
0.1799796802091768 -0.5000000000000000 0.3125343672590159
0.2021894817079656 -0.5000000000000000 0.3165996344061136
0.1459915771584965 -0.5000000000000000 0.2660491460147766
-0.0288658933329537 -0.5000000000000000 -0.2193648195150227
-0.0424948682849458 -0.5000000000000000 -0.2198562084886868
-0.0409918637932572 -0.5000000000000000 -0.2270623945362990
-0.0511617267269248 -0.5000000000000000 -0.2175632081585919
-0.0671808171113360 -0.5000000000000000 -0.2394697894919257
0.4942417172670210 0.1572070188988074 0.5000000000000000
0.5000000000000000 0.1407558550258853 0.4681170606245352
0.4985184039619526 0.1694595778827728 0.5000000000000000
0.5000000000000000 0.1702339543967929 0.4580994707290629
0.1263146764509650 -0.2324428895932890 0.5000000000000000
0.1020599958950824 -0.2065216467905107 0.5000000000000000
-0.5000000000000000 0.2220707653598258 -0.2545753684811357
0.4568229116973729 -0.5000000000000000 0.3080079272648765
0.3995135683322000 -0.5000000000000000 0.2216481532217353
0.4693828812066619 -0.5000000000000000 0.3157493683848420
0.5000000000000000 0.2892483210043862 0.3439589463723793
0.5000000000000000 0.2416892091949685 0.3642267338782337
-0.3167164467249480 -0.4983024782489335 0.3619794988341462
-0.5000000000000000 -0.3588799578570130 -0.4360338949328613
-0.5000000000000000 -0.4172594904351780 -0.2153599116008145
-0.5000000000000000 -0.4262335800122221 -0.3101477260804743
-0.5000000000000000 -0.2728856172644347 -0.3356863293042796
-0.1264155519969921 -0.5000000000000000 0.0911864330076121
-0.3643850180071340 -0.5000000000000000 -0.1248686928203547
0.0630856230059912 -0.5000000000000000 0.2974648908203049
-0.0638471454438250 -0.5000000000000000 0.0950607804188428
0.5000000000000000 -0.2521243287470532 0.0228214175191463
0.5000000000000000 -0.3835127970710385 0.0441976356297651
-0.2192839221025221 -0.1229784944908464 0.5000000000000000
-0.2207174371553534 -0.1228959498087696 0.5000000000000000
0.3720215930787333 -0.5000000000000000 0.4943267958897000
0.5000000000000000 -0.1166291603325574 -0.4083800540684754
0.5000000000000000 -0.1024840937650040 -0.3221320225710120
0.5000000000000000 -0.0511628366053467 -0.4011133008975554
0.3629899410774662 0.0075329377460659 0.5000000000000000
-0.5000000000000000 -0.3043800319428270 0.1366117427669988
-0.5000000000000000 -0.3137799204379130 0.1063994431517037
0.2465876227875156 0.5000000000000000 0.0781621952211072
0.2237248588828796 0.5000000000000000 0.0144564794873784
-0.5000000000000000 0.2511645179780494 -0.0502337411685664
0.1863635597639451 -0.5000000000000000 -0.0913556173691211
0.5000000000000000 -0.4096010286071021 -0.0678552020420620
0.4230174808934193 -0.5000000000000000 0.1198024380988247
0.2522623419705727 -0.5000000000000000 -0.1320350383649007
0.5000000000000000 -0.4670962194226531 0.0510419486850817
0.2161874468254285 -0.5000000000000000 -0.2778356741616230
-0.0919740179950452 0.5000000000000000 -0.4982727984855801
-0.0779164127581210 0.5000000000000000 -0.3981267587491263
0.5000000000000000 -0.0996821453542665 0.2710399057265428
0.5000000000000000 -0.1420532591458565 0.1905694073685149
-0.3848751743018499 0.0830934638319888 0.5000000000000000
0.4952735945898156 -0.2377527999323685 -0.1299257707607058
0.3976793792293073 0.0767707677880742 -0.4965795954446840
-0.3269801359702234 0.5000000000000000 0.4438851879433905
-0.2452435822151405 0.4940058992115288 0.5000000000000000
-0.2980250250095040 0.4964025598548249 0.5000000000000000
-0.2983462550182928 0.4552335759063774 0.5000000000000000
0.0868997859455507 -0.5000000000000000 -0.0301838089777420
-0.1981960854855132 0.4181502106688331 -0.5000000000000000
0.2640510931602944 -0.5000000000000000 0.0658203856743684
-0.5000000000000000 -0.0627507355936862 -0.3720947120183953
-0.5000000000000000 -0.1103050626528470 -0.3294028573955867
-0.0822128560881187 0.2421627299319395 -0.5000000000000000
-0.1092977292778397 0.1744762317401402 -0.5000000000000000
0.5000000000000000 0.0453955356108537 0.3945827666996354
0.5000000000000000 0.1525571295609374 -0.0478482024493999
-0.4921750973735117 0.3221289850380791 -0.2696623184262498
0.5000000000000000 0.1108137849197285 -0.4821081768143094
0.5000000000000000 0.1514445590609627 -0.3602847623388050
0.5000000000000000 0.0124682557535089 -0.4151005202806207
0.5000000000000000 -0.2114128224408779 0.0316818177989622
0.5000000000000000 -0.2890626970913694 0.0546412265416587
0.5000000000000000 0.0773060528362099 0.2973143358598451
-0.4425498165319018 -0.1721598598480536 -0.5000000000000000
-0.5000000000000000 -0.4227797079317839 -0.2141284894669425
-0.5000000000000000 -0.4832919971228769 -0.2143551026461216
-0.5000000000000000 -0.4562718678754136 -0.2722451678562120
-0.2920922168955780 -0.5000000000000000 0.0783425901239664
-0.2837634592797889 -0.5000000000000000 0.0844978163306680
0.3630692139956168 0.0022836234092107 0.5000000000000000
0.3578469623047969 0.0041613044640177 0.5000000000000000
0.3497209064676462 -0.0007104661954931 0.5000000000000000
0.5000000000000000 0.3565627018332644 -0.0113752052193770
0.5000000000000000 0.3555841857856684 -0.0107159510722400
-0.0569581252075522 0.5000000000000000 0.0042082048313923
-0.0403719600480743 0.5000000000000000 -0.0482205832008592
0.0073376902800144 0.5000000000000000 0.0278368004659330
-0.0901718420796109 0.5000000000000000 -0.0302935051635231
-0.3546749799780622 0.1146247855413750 0.5000000000000000
-0.2202775718022991 0.1950827609379757 0.5000000000000000
0.3514323100816229 0.3351518449106154 -0.5000000000000000
0.4140513147434540 0.5000000000000000 -0.3762769797202925
0.5000000000000000 0.3825591335463018 -0.3619434547112879
0.3899955589518900 0.5000000000000000 -0.4582454737252800
0.5000000000000000 0.3989967812841258 -0.3472304250912003
0.5000000000000000 0.3647242882259528 -0.4692578539700773
-0.5000000000000000 0.3086718009192239 -0.2395676457407655
-0.5000000000000000 0.4285143656031109 -0.2607099676644002
0.1744734515238413 0.2369418882403329 0.5000000000000000
-0.5000000000000000 0.2953753874581818 0.2045121425381478
0.5000000000000000 0.1802890440478442 0.0752983107417071
-0.5000000000000000 -0.3018478085494716 -0.4775205389892017
-0.5000000000000000 -0.0173786709059267 -0.4516556701967805
-0.5000000000000000 -0.2224520513251782 -0.3695780031452316
0.5000000000000000 0.3105710847463867 0.2629136269147057
0.5000000000000000 0.4061586953584977 0.2094281154578196
0.1190220119333172 -0.1729287807917163 -0.5000000000000000
0.5000000000000000 -0.3838960883519140 0.0249980325507272
0.5000000000000000 -0.3745142079322721 -0.1271571616862437
-0.2524821795995777 0.2783673670587359 0.5000000000000000
0.5000000000000000 0.1824639878704680 0.2290966396275538
0.5000000000000000 0.3409940559735802 0.3239643099588918
0.5000000000000000 0.3001363913767808 0.1220960869674643
0.0959304875175711 0.1948590641293452 -0.5000000000000000
0.0211734916016692 0.2393840731276929 -0.5000000000000000
-0.0374482769224530 0.2447770600523804 -0.5000000000000000
-0.1421805916032793 0.2137375374239182 -0.5000000000000000
-0.0067617702738295 0.5000000000000000 0.1005813726582954
0.4353270851092650 -0.5000000000000000 0.1349069351886288
0.5000000000000000 -0.4310050457981481 0.0622733092377746
0.5000000000000000 -0.3741673383836013 0.0746518660181062
0.5000000000000000 0.1327886674074445 0.2637041854177461
0.5000000000000000 0.1093407712633398 0.1436319604479233
0.5000000000000000 0.1214924076030948 0.1332470764956831
0.3463393505499798 -0.1198713636591280 0.5000000000000000
-0.1868288833276696 -0.2559441224028202 0.5000000000000000
0.5000000000000000 -0.3824697317456198 -0.2255683253327233
-0.5000000000000000 0.2283697785365598 -0.0835956428588591
-0.5000000000000000 0.1343229856757804 -0.0127975324686029
-0.5000000000000000 0.2960713085148465 -0.0525579598775815
-0.5000000000000000 0.2333527005115122 -0.1392523353979258
0.0495178426875560 -0.0697973536779209 0.5000000000000000
0.1405172111297116 0.2937369720897232 -0.4854820245480380
0.0974036623526256 0.5000000000000000 0.3237722002488166
0.0949463556825085 0.5000000000000000 0.3276534062495851
0.0584967988445910 0.0854983758767224 -0.5000000000000000
0.1436649864215518 0.1705585251406504 -0.5000000000000000
0.1322448977854959 0.1910757271478205 -0.5000000000000000
0.0208913290820588 0.1449646733324153 -0.5000000000000000
0.5000000000000000 0.2058519848517585 -0.2855915010794292
0.5000000000000000 -0.1376301271585289 0.0817113712264077
-0.4887874569071290 0.0505271995178538 0.5000000000000000
-0.5000000000000000 0.0912956627284465 0.4286874394760083
-0.2984713939626684 -0.5000000000000000 0.3857986262903200
-0.0530812439377509 0.1538982790789825 -0.5000000000000000
-0.4638362340499232 0.5000000000000000 0.3591301379300295
0.0144561448835313 0.5000000000000000 0.3552968954803449
-0.0788664874101728 0.5000000000000000 0.3540559110046179
-0.1269220568955321 0.5000000000000000 0.3799596690478383
0.1278457139667811 0.5000000000000000 0.3563275440990371
0.1258676758687529 0.5000000000000000 0.3605122536018763
0.2241276226393021 0.2072446847195758 0.5000000000000000
0.1593733427947225 0.2945943458382813 0.5000000000000000
0.1854508698351140 0.5000000000000000 0.3075981838201368
0.2696235313464806 0.5000000000000000 0.2996831174052089
0.3825838491943261 0.5000000000000000 -0.3204678872070972
0.2217137301052027 0.5000000000000000 -0.2256598549527313
0.5000000000000000 0.4175957029978063 -0.2465115832179784
0.2517018613236164 0.5000000000000000 -0.1679310809881142
0.5000000000000000 0.4759957079488449 -0.1112655903707739
0.0540482724580714 0.5000000000000000 -0.0343408601215417
0.3536109141527888 -0.1031031835741392 0.5000000000000000
0.1497035920193087 0.3483603222648247 0.5000000000000000
0.1344320136283582 0.3322928187621820 0.5000000000000000
0.1584555467536231 0.3369445612909880 0.5000000000000000
0.5000000000000000 0.4259659374905552 0.2808150690389780
0.5000000000000000 0.3863667579307998 0.3119828354594719
0.5000000000000000 -0.4012959903670127 0.3029988833321696
0.5000000000000000 -0.3721985421666412 0.3308283439420016
0.5000000000000000 -0.3589779314105574 0.3263582939186125
0.0626624604313111 0.5000000000000000 -0.3406151545996531
0.0001964470273839 0.5000000000000000 -0.3056714068033322
0.0032820083434105 0.0504575366744940 -0.5000000000000000
-0.0653082369023841 0.1198661555452468 -0.5000000000000000
0.3750059742451112 -0.1159886428864107 0.5000000000000000
0.2466308742953346 -0.0782233147613637 0.5000000000000000
-0.1911968646934164 0.4359594780724745 0.5000000000000000
-0.2513888880004235 -0.3995446102092116 0.5000000000000000
-0.5000000000000000 -0.4046745593363671 0.1936757258126095
-0.5000000000000000 -0.4382700194596759 0.2115458087025577
-0.0031646759096567 0.0261701444097642 -0.5000000000000000
0.0689973416878036 0.5000000000000000 0.2659568219002850
0.0790287739881239 -0.1628408403173631 0.5000000000000000
0.1246625120376576 -0.0999271102877373 0.5000000000000000
-0.4893239170785126 -0.3779026730207829 -0.5000000000000000
0.1072270346718881 -0.2971493010651584 -0.5000000000000000
-0.0049853455105660 -0.3950223556233410 -0.5000000000000000
0.0930993884813296 -0.3534903038761208 -0.5000000000000000
0.1525224882510114 -0.5000000000000000 -0.3627697223617794
-0.5000000000000000 -0.4182410963987678 -0.2129471587989307
-0.1218142273695581 0.4023484717120659 -0.5000000000000000
0.1161500477196020 -0.2948817156328853 -0.5000000000000000
0.1149403215812917 -0.2856205566811761 -0.5000000000000000
-0.1081075189095671 0.3894610866527020 -0.5000000000000000
0.2987129726146341 0.5000000000000000 0.1046568677234744
0.1231816376370269 0.2883385766094175 -0.5000000000000000
0.5000000000000000 0.0663358460266990 -0.1186145591271454
0.3977858741866268 -0.5000000000000000 0.1356947134807722
-0.5000000000000000 -0.1831128299412509 -0.2698164484878729
-0.5000000000000000 -0.3475585680062174 0.1685851364448262
-0.5000000000000000 0.0045132716013796 -0.4511223681450142
-0.5000000000000000 0.0264081843308711 -0.4592893139049243
0.4886203689296594 -0.1760383791414273 0.3671375595900986
0.1256457692086609 -0.3475464790455830 -0.5000000000000000
0.2017978958843831 -0.5000000000000000 -0.3539375802336198
0.5000000000000000 -0.4934117701063722 0.2694141567486705
0.5000000000000000 0.0897036992271718 0.1092777553717450
-0.5000000000000000 0.1761251267350959 -0.4466996011599839
0.5000000000000000 -0.1326697760367732 0.1031074342790769
0.4971189845914376 0.4335457881007547 0.5000000000000000
-0.5000000000000000 0.0143291420452781 0.0394279736598230
-0.3400771795070764 -0.0224938041864967 -0.5000000000000000
0.1263468974418617 -0.5000000000000000 0.3572958139584607
0.5000000000000000 0.0479696171479400 -0.1384441757538361
-0.0875974391008539 0.1599963824732655 -0.5000000000000000
-0.5000000000000000 -0.2144333689483819 -0.3358181761310514
-0.5000000000000000 -0.1819353026550586 -0.3313050352263656
-0.1494528216297659 0.1665170407170153 -0.5000000000000000
-0.0591684114225088 0.5000000000000000 -0.2993266885175933
0.0371401356230182 -0.1477506389089767 -0.5000000000000000
-0.5000000000000000 0.0992571478944170 -0.3920722410220772
-0.3457537916257636 -0.0061894188084733 -0.5000000000000000
-0.4981531459144849 0.1584365251710169 -0.1284388258383255
0.5000000000000000 0.0848686373787279 0.0329618324522526
0.5000000000000000 0.1040791177900091 0.0968808158620455
-0.3129891444928223 0.0207003818181819 -0.5000000000000000
-0.3608224670879010 -0.4379771456517673 -0.5000000000000000
0.5000000000000000 0.2883410485940578 0.1064778546085501
0 465
0 35
0 200
0 72
0 201
0 136
0 1090
0 202
203 64
204 86
205 168
206 24
207 47
208 51
209 75
210 96
1 12
1 19
1 20
1 211
1 212
1 213
1 169
1 175
1 214
215 51
2 4
2 23
2 30
2 32
2 34
2 36
2 45
2 48
2 62
2 216
2 217
2 218
2 82
2 100
2 219
2 116
2 220
2 221
2 171
222 108
223 195
3 14
3 224
3 225
3 70
3 287
3 112
3 226
3 132
3 133
3 227
3 228
3 150
3 158
3 229
3 166
3 230
3 231
232 60
233 104
4 32
4 36
4 48
4 68
4 234
4 108
4 110
4 115
4 116
4 135
235 86
236 106
237 129
5 238
5 13
5 49
5 239
5 240
5 241
5 101
5 242
5 243
5 244
5 245
5 246
5 157
5 247
5 248
6 7
6 21
6 30
6 56
6 58
6 74
6 115
6 118
6 122
6 124
6 135
6 144
6 155
6 172
6 184
6 187
6 198
7 56
7 58
7 65
7 66
7 249
7 76
7 250
7 251
7 108
7 252
7 109
7 110
7 115
7 122
7 123
7 153
7 190
7 198
253 415
254 127
255 139
256 1090
257 77
258 182
8 21
8 259
8 260
8 261
8 262
8 120
8 134
8 263
8 264
8 172
8 184
8 187
8 265
9 33
9 38
9 42
9 67
9 73
9 78
9 89
9 98
9 146
9 148
9 149
9 164
9 180
9 170
9 183
9 185
9 186
10 266
10 24
10 267
10 40
10 73
10 268
10 83
10 96
10 107
10 146
10 269
10 270
10 180
10 183
10 271
10 199
272 310
273 86
274 93
275 167
11 16
11 18
11 34
11 36
11 39
11 45
11 55
11 59
11 82
11 87
11 92
11 94
11 126
11 128
11 646
11 177
11 182
11 1180
12 19
12 276
12 29
12 31
12 277
12 278
12 119
12 169
12 174
12 175
12 170
12 183
279 60
280 91
281 129
282 173
283 35
284 37
285 139
286 172
288 96
289 42
290 57
291 85
292 121
293 164
294 177
295 181
296 678
297 47
298 114
13 49
13 106
13 299
13 300
13 157
13 179
301 60
302 173
14 18
14 55
14 303
14 88
14 94
14 104
14 113
14 125
14 131
14 132
14 133
14 150
14 152
14 158
14 162
14 166
14 173
14 188
14 304
15 17
15 24
15 40
15 47
15 51
15 52
15 75
15 305
15 108
15 110
15 114
15 116
15 117
15 122
15 124
15 130
15 144
15 147
15 151
15 190
15 195
306 47
307 195
16 18
16 39
16 43
16 63
16 87
16 92
16 103
16 111
16 121
16 308
16 128
16 141
16 142
16 154
16 177
17 21
17 40
17 107
17 114
17 117
17 124
17 134
17 144
17 147
17 151
17 176
17 192
18 39
18 55
18 63
18 94
18 98
18 125
18 126
18 128
18 132
18 142
18 161
18 162
18 166
309 77
311 44
312 71
313 101
314 77
315 91
316 95
317 129
318 727
319 189
320 197
19 20
19 28
19 29
19 31
19 321
19 41
19 409
19 322
19 323
19 88
19 324
19 325
19 326
19 175
19 193
327 64
328 155
329 168
330 184
331 187
20 28
20 332
20 60
20 409
20 333
20 334
20 335
20 104
20 336
20 1024
20 337
20 338
20 175
20 193
20 196
20 339
21 30
21 340
21 341
21 114
21 120
21 124
21 134
21 144
21 147
21 155
21 1160
21 172
21 176
21 181
21 184
21 187
21 192
342 583
22 343
22 344
22 65
22 68
22 345
22 71
22 76
22 714
22 346
22 347
22 123
22 348
22 349
22 350
22 351
22 153
22 160
22 163
22 352
22 353
22 354
355 47
356 75
357 195
23 45
23 50
23 62
23 358
23 81
23 89
23 100
23 359
23 130
23 360
23 165
23 171
23 180
23 361
24 362
24 363
24 364
24 40
24 51
24 365
24 75
24 83
24 84
24 96
24 117
24 366
24 130
24 367
24 368
24 165
24 369
370 54
25 371
25 43
25 372
25 373
25 77
25 374
25 375
25 94
25 95
25 128
25 376
25 142
25 377
25 154
25 378
25 379
25 189
26 380
26 381
26 382
26 57
26 72
26 383
26 384
26 90
26 96
26 826
26 385
26 386
26 387
26 178
26 185
26 388
26 389
26 199
390 119
391 169
392 183
27 40
27 57
27 84
27 96
27 97
27 1009
27 120
27 147
27 159
27 178
27 192
27 199
310 44
310 66
310 71
310 393
310 394
310 86
310 93
310 101
310 395
310 953
310 167
310 396
310 194
28 397
28 41
28 398
28 399
28 88
28 400
28 102
28 401
28 402
28 1024
28 403
28 191
28 193
404 47
405 75
29 31
29 38
29 406
29 41
29 78
29 119
29 174
29 170
29 183
30 34
30 36
30 56
30 74
30 87
30 100
30 116
30 135
30 141
30 144
30 407
30 148
30 1160
30 176
30 177
30 181
30 187
408 60
410 104
31 38
31 41
31 46
31 53
31 61
31 69
31 409
31 78
31 411
31 88
31 140
31 149
31 158
31 174
31 175
31 170
31 193
31 196
412 50
413 102
414 191
416 75
417 130
418 96
419 975
420 156
32 48
32 421
32 62
32 68
32 422
32 423
32 108
32 110
32 116
32 424
32 171
32 425
32 426
33 427
33 41
33 428
33 50
33 73
33 78
33 81
33 88
33 89
33 102
33 149
33 152
33 429
33 180
33 183
33 191
430 77
431 91
432 95
433 129
434 727
435 189
436 415
437 127
438 1090
439 70
440 409
441 112
442 140
443 158
444 66
445 54
446 91
447 103
448 1010
449 37
450 67
451 80
452 105
453 96
454 121
455 161
456 103
457 121
458 141
459 86
460 87
461 106
462 179
463 583
34 36
34 45
34 48
34 49
34 59
34 464
34 82
34 92
34 100
34 177
34 182
466 72
465 467
465 72
465 136
465 146
465 468
465 469
470 1024
35 37
35 471
35 472
35 473
35 474
35 475
35 476
35 127
35 477
35 478
35 136
35 138
35 139
35 479
35 1090
35 480
35 481
35 482
483 63
484 287
485 111
486 142
36 48
36 49
36 56
36 82
36 86
36 87
36 92
36 106
36 115
36 116
36 135
36 177
36 179
36 182
37 67
37 487
37 488
37 80
37 489
37 490
37 491
37 492
37 136
37 138
37 139
37 1090
37 174
37 493
37 185
38 46
38 61
38 67
38 78
38 89
38 98
38 105
38 131
38 149
38 174
38 170
38 186
415 494
415 495
415 139
415 496
415 1090
415 169
415 175
497 70
498 156
499 54
39 42
39 59
39 63
39 85
39 98
39 111
39 121
39 126
39 141
39 149
39 161
39 177
40 51
40 57
40 83
40 84
40 96
40 107
40 117
40 147
40 176
40 192
40 199
500 41
501 78
502 102
503 183
504 43
505 77
506 137
507 179
508 182
41 78
41 88
41 102
41 509
41 152
41 191
41 193
510 111
511 142
512 154
513 102
514 180
515 183
516 90
42 73
42 85
42 89
42 98
42 121
42 517
42 148
42 149
42 164
42 177
42 181
42 518
42 186
519 72
520 1010
521 54
43 522
43 523
43 524
43 77
43 525
43 92
43 94
43 526
43 128
43 527
43 142
43 154
43 179
43 182
43 189
43 583
528 119
529 136
530 138
531 1090
532 169
533 170
534 154
535 127
44 536
44 71
44 537
44 538
44 714
44 101
44 539
44 975
44 540
44 541
44 542
44 543
44 544
545 48
546 64
547 86
548 135
549 145
550 1160
551 187
552 77
553 137
45 50
45 59
45 62
45 554
45 81
45 82
45 100
45 555
45 556
45 646
45 165
45 557
45 177
45 558
45 182
45 1180
46 61
46 67
46 69
46 105
46 559
46 158
46 174
47 51
47 52
47 560
47 75
47 561
47 562
47 563
47 564
47 151
47 565
47 566
47 567
47 195
568 54
569 114
570 159
48 49
48 68
48 571
48 572
48 714
48 93
48 573
48 115
48 135
48 157
48 160
48 194
574 111
575 142
576 154
49 577
49 578
49 82
49 93
49 106
49 579
49 580
49 135
49 581
49 157
49 179
49 182
49 194
582 179
584 154
585 583
50 55
50 81
50 89
50 102
50 152
50 586
50 180
50 587
50 1180
50 191
588 114
589 63
590 287
591 132
592 161
593 166
594 68
595 108
596 171
597 120
598 1160
599 181
51 52
51 75
51 84
51 96
51 97
51 147
51 151
51 600
51 601
51 602
51 603
52 604
52 605
52 114
52 118
52 606
52 124
52 134
52 151
52 607
52 172
52 190
53 608
53 69
53 79
53 609
53 610
53 112
53 140
53 611
53 156
53 158
53 174
53 175
53 612
53 613
54 614
54 615
54 616
54 90
54 617
54 97
54 1009
54 618
54 619
54 620
54 621
54 622
54 623
54 624
54 159
54 625
54 626
54 627
54 628
54 629
55 59
55 81
55 88
55 89
55 94
55 113
55 126
55 149
55 152
55 162
55 646
55 1180
630 101
631 975
632 157
633 1090
634 169
635 72
636 96
637 199
56 76
56 100
56 110
56 115
56 116
56 117
56 122
56 135
56 144
56 198
638 95
639 678
640 129
641 727
642 197
643 77
644 91
645 94
647 182
648 189
57 73
57 649
57 650
57 90
57 96
57 107
57 651
57 1009
57 120
57 652
57 653
57 654
57 148
57 655
57 164
57 656
57 178
57 181
57 185
57 192
57 199
58 657
58 658
58 659
58 660
58 109
58 118
58 122
58 155
58 190
58 198
661 69
662 79
663 112
664 139
665 156
59 81
59 89
59 100
59 126
59 149
59 646
59 165
59 177
59 182
59 1180
666 119
667 180
668 183
60 669
60 670
60 671
60 104
60 113
60 672
60 1024
60 673
60 173
60 193
60 674
60 196
61 69
61 88
61 98
61 105
61 131
61 149
61 158
675 118
676 155
677 172
62 100
62 110
62 116
62 117
62 130
62 165
62 171
679 102
680 180
681 121
682 161
63 683
63 287
63 684
63 685
63 111
63 121
63 128
63 132
63 142
63 161
63 166
64 74
64 86
64 135
64 145
64 155
64 168
64 184
64 187
64 198
65 66
65 76
65 686
65 687
65 109
65 688
65 160
65 163
65 194
689 139
690 678
691 129
692 727
693 197
694 130
695 171
66 696
66 93
66 697
66 698
66 109
66 699
66 953
66 160
66 700
66 194
67 69
67 80
67 701
67 105
67 702
67 138
67 170
67 174
67 170
67 185
67 186
67 703
704 121
705 177
706 90
707 97
68 708
68 76
68 108
68 110
68 115
68 709
68 153
68 160
68 163
68 710
711 80
712 186
713 975
715 160
716 114
717 134
69 79
69 718
69 719
69 105
69 112
69 720
69 156
69 158
69 174
70 112
70 132
70 721
70 722
70 156
70 158
70 723
70 724
725 132
726 678
728 80
729 185
71 730
71 714
71 101
71 731
71 732
71 733
71 734
71 975
71 160
71 735
71 194
72 736
72 826
72 1010
72 136
72 146
72 737
72 185
72 738
72 199
739 975
740 101
741 157
742 287
743 111
744 142
745 167
746 168
409 747
409 748
409 104
409 749
409 140
409 175
409 193
409 196
409 750
73 83
73 89
73 146
73 148
73 164
73 751
73 180
73 170
73 183
73 752
73 185
73 186
73 199
753 1160
754 187
74 135
74 145
74 155
74 1160
74 184
74 187
74 198
75 755
75 108
75 130
75 756
75 195
757 826
758 77
759 179
760 182
761 118
762 190
763 82
764 179
765 182
766 678
767 129
768 727
769 173
770 188
771 197
772 1010
76 108
76 773
76 109
76 110
76 115
76 123
76 153
76 163
774 137
775 1024
77 776
77 91
77 95
77 777
77 778
77 779
77 780
77 781
77 137
77 182
77 189
78 88
78 89
78 119
78 149
78 170
78 183
782 287
783 99
784 143
785 150
786 150
787 188
788 195
79 789
79 790
79 112
79 791
79 139
79 792
79 156
79 169
79 174
79 175
79 793
794 82
795 171
796 120
287 99
287 797
287 798
287 125
287 128
287 799
287 800
287 801
287 142
287 143
287 150
287 802
287 150
287 166
803 96
804 95
805 189
806 139
80 807
80 808
80 809
80 105
80 810
80 811
80 812
80 813
80 185
80 186
80 814
815 86
816 93
817 106
818 167
819 168
820 86
821 93
822 101
823 106
824 157
81 89
81 149
81 152
81 165
81 180
81 825
81 1180
82 827
82 828
82 646
82 829
82 182
830 112
831 140
832 175
83 89
83 100
83 107
83 117
83 130
83 148
83 165
83 833
83 199
84 96
84 97
84 1009
84 147
84 151
84 834
84 159
84 178
84 835
836 1160
837 171
838 95
839 678
840 197
841 164
842 185
85 98
85 105
85 121
85 131
85 132
85 843
85 149
85 161
85 164
85 177
85 186
85 844
86 87
86 93
86 106
86 135
86 145
86 845
86 1160
86 167
86 168
846 103
847 111
848 142
849 154
87 92
87 106
87 850
87 135
87 141
87 851
87 154
87 177
87 179
87 583
852 112
853 156
854 137
855 104
856 133
857 150
858 150
859 173
860 188
861 103
862 121
863 90
864 1010
865 136
866 138
867 185
88 104
88 113
88 1024
88 131
88 133
88 140
88 149
88 152
88 158
88 162
88 191
88 193
88 196
868 180
869 183
870 105
871 132
872 156
873 127
874 105
875 139
89 100
89 148
89 149
89 152
89 165
89 180
89 876
90 97
90 826
90 877
90 1009
90 878
90 879
90 880
90 881
90 178
90 882
90 883
91 94
91 884
91 113
91 129
91 885
91 886
91 646
91 173
91 887
91 189
888 109
889 118
890 190
891 93
892 101
893 106
894 157
714 101
714 975
714 157
714 160
714 194
895 127
896 139
92 94
92 128
92 154
92 179
92 182
92 583
93 101
93 106
93 109
93 135
93 953
93 157
93 167
93 194
93 198
897 123
94 95
94 99
94 113
94 125
94 128
94 898
94 899
94 162
94 646
94 182
94 1180
94 188
94 189
900 953
901 155
902 167
903 168
95 904
95 99
95 113
95 125
95 905
95 129
95 906
95 907
95 143
95 908
95 188
95 189
95 197
909 118
910 155
911 137
96 912
96 178
96 199
913 678
914 143
915 188
916 197
917 175
97 1009
97 151
97 918
97 159
97 178
98 126
98 131
98 132
98 149
98 161
98 162
98 186
919 108
920 123
921 153
922 190
923 195
99 125
99 128
99 924
99 142
99 143
99 150
99 150
99 166
99 925
926 137
927 150
928 150
929 188
100 107
100 116
100 117
100 126
100 130
100 144
100 148
100 149
100 165
100 176
100 177
100 181
930 130
101 931
101 932
101 933
101 157
101 934
101 935
101 194
102 936
102 1024
102 152
102 937
102 180
102 938
102 191
939 646
940 182
103 941
103 111
103 121
103 942
103 141
103 943
103 944
104 113
104 945
104 1024
104 133
104 946
104 173
104 188
104 193
104 196
105 947
105 948
105 131
105 132
105 156
105 158
105 186
105 949
950 180
951 183
952 109
954 155
955 167
956 168
957 198
958 114
959 124
960 151
961 190
962 195
963 111
964 121
965 142
966 161
106 967
106 135
106 968
106 157
106 179
107 117
107 148
107 176
107 181
107 192
107 199
969 191
970 155
971 172
972 184
973 132
974 161
108 110
108 123
108 130
108 976
108 153
108 171
108 977
108 190
108 978
108 979
108 195
980 109
981 123
109 115
109 953
109 163
109 167
109 982
109 983
109 194
109 198
984 120
985 134
986 179
987 182
110 115
110 116
110 117
110 122
110 130
110 153
110 171
110 190
988 168
826 1010
826 989
826 990
826 991
111 121
111 992
111 142
111 154
111 161
993 157
994 160
112 140
112 156
112 158
112 995
112 996
113 125
113 1024
113 129
113 997
113 152
113 162
113 173
113 1180
113 188
113 189
113 197
114 998
114 120
114 124
114 999
114 134
114 147
114 151
114 1000
114 159
114 172
114 1001
114 1002
114 1003
1004 169
1005 175
1006 177
1007 181
1008 137
115 116
115 135
115 160
115 163
115 194
115 198
116 117
116 122
116 135
116 144
117 130
117 144
117 165
117 176
678 129
678 1011
678 1012
678 1013
678 727
678 1014
678 197
1009 120
1009 134
1009 159
1009 178
1009 192
118 1015
118 122
118 124
118 155
118 172
118 190
118 198
1016 169
1017 172
1018 130
1019 171
119 1020
119 146
119 169
119 170
119 1021
119 170
119 183
1022 121
1023 185
1010 1025
1010 1026
1010 1027
120 134
120 1028
120 147
120 159
120 181
120 192
120 1029
121 1030
121 141
121 161
121 1160
121 177
122 124
122 144
122 155
122 172
122 190
1031 130
123 153
123 1032
123 1033
123 1034
124 134
124 144
124 151
124 172
124 190
124 195
1035 160
1036 194
125 128
125 143
125 150
125 162
125 150
125 166
125 188
1037 141
1038 154
1039 583
1040 139
1041 174
1042 133
1043 140
1044 158
1045 196
1046 137
1047 189
126 149
126 161
126 162
126 177
127 1048
127 139
127 1049
127 1050
127 1051
127 1090
127 1052
127 1053
1024 1054
1024 152
1024 1055
1024 173
1024 1180
1024 191
1024 193
1024 196
128 1056
128 142
128 166
129 727
129 173
129 1057
129 189
129 197
1058 186
130 1059
130 1060
130 165
130 171
130 1061
1062 132
1063 156
1064 178
131 132
131 149
131 158
131 162
131 186
1065 134
1066 159
1067 197
132 1068
132 1069
132 156
132 158
132 161
132 162
132 166
132 1070
1071 136
1072 138
1073 170
1074 183
133 140
133 150
133 158
133 196
133 1075
134 147
134 1076
134 159
134 172
134 1077
134 1078
1079 161
1080 164
1081 186
135 145
135 1082
135 1160
135 167
135 168
135 194
135 198
1083 157
1084 159
1085 152
1086 646
1087 173
1088 191
1089 179
1091 150
1092 150
136 138
136 146
136 1093
136 1094
136 1090
136 1095
136 1096
136 1097
136 185
1098 181
137 1099
137 1100
1101 975
138 146
138 1090
138 169
138 170
138 1102
138 174
138 170
138 185
1103 727
1104 150
1105 188
1106 197
1107 150
1108 150
1109 142
1110 143
1111 150
1112 166
139 1113
139 1114
139 1090
139 169
139 174
139 1115
139 1116
139 1117
140 158
140 1118
140 193
140 196
141 1119
141 1160
141 177
142 154
143 1120
143 1121
143 150
143 1122
143 188
1123 156
1124 158
1125 172
1126 184
1127 187
1128 169
1129 175
144 176
145 155
145 1160
145 187
145 198
146 1130
146 170
146 1131
146 170
146 183
146 185
146 199
1132 1160
1133 583
147 151
147 159
147 176
147 192
148 149
148 164
148 165
148 177
148 181
148 199
953 167
1134 197
975 1135
975 1136
975 1137
149 152
149 162
149 177
1138 199
150 166
150 188
150 1139
1140 179
1141 583
1142 195
151 1143
151 159
151 1144
151 1145
151 1146
152 1180
152 191
153 1147
1148 169
1149 159
1150 178
154 583
1151 169
155 168
155 172
155 184
155 198
156 158
156 1152
1090 1153
1090 169
1090 174
1154 185
1155 172
1156 171
157 160
157 1157
157 194
1158 165
1159 180
158 166
159 1161
159 1162
160 163
160 194
161 166
162 166
1163 172
163 194
164 181
164 1164
164 185
164 186
1165 180
1160 177
1160 181
1160 187
646 182
646 1180
1166 181
1167 166
1168 182
165 180
165 1169
150 188
167 168
167 1170
167 198
1171 185
168 198
169 170
169 174
169 175
169 170
170 1172
170 174
171 1173
171 1174
1175 183
172 184
172 187
173 188
173 197
174 175
174 170
175 1176
176 181
176 192
177 181
178 1177
178 199
179 182
179 583
180 1178
180 183
180 1179
181 192
170 183
170 185
182 189
1181 185
1182 186
183 1183
1180 191
1184 195
184 187
185 186
185 199
186 1185
188 197
190 195
193 196
194 198
