1226 2247 0
0.3644063875960176 -0.4604217578185020 -0.4439972679442171
0.1956025927515953 0.1428225012388306 -0.2648747848900156
-0.4617756976864405 0.3539426563188733 -0.0689831154500574
0.4223665664052277 -0.4069367315308204 0.1711101326267463
0.1507777292719628 0.2070432915613095 0.1479052039845243
0.4599343031292468 -0.2939806486468410 -0.1626237521057413
0.0098763030537986 0.1318884013438626 0.3672414886307358
0.1845676498856004 0.3942274039079154 0.0041144772595992
0.4690188488463758 -0.2595230341687063 0.0496489263381171
-0.4615650471663706 0.1997044047823122 0.2836170549677153
-0.3022847049266350 -0.4411098001139802 0.4758781597287657
-0.4184835515236516 0.4205537179274204 0.3679471665112288
0.1941270523751276 0.2345294547333167 0.3184028164708081
0.0730700025909188 0.4293159306086975 0.1546831689704450
0.1749289495208303 -0.4495254944853931 -0.4747917057977125
0.0870437100603390 0.0881399265606879 0.0116119915292222
0.4210875507007468 -0.4571965715997841 0.1624643827871682
-0.0583224893136038 -0.0392978606669581 0.1523591909143215
0.0091110297867165 -0.0451515639894411 0.0845447612844515
0.3128594113016329 -0.0855713265178095 0.1128663534710574
0.2361835422422003 -0.4099271906596328 0.2271177829364507
-0.0640362300052044 0.1045342005578246 -0.0946338573500272
0.2694545609201025 0.1373521485446734 -0.4014903615301069
0.4102776941020762 0.1934984793588244 -0.4143429551090596
-0.3659798822717373 0.3774493860460509 -0.3894783254090002
0.3027464638657741 -0.1144560691591150 0.0025821934763989
-0.0613931879671728 0.0079543802711011 -0.0305816516513375
-0.1230990481963451 0.4145540532786808 -0.4959953087332482
-0.2553442762659921 0.3963654940890033 -0.0976298180936556
-0.1874923250042393 -0.1154144731175647 0.4727326588680257
0.0523641468446977 -0.4447531061314802 0.1024203968440085
0.4706421196690012 0.4361991897238684 0.0720772440103886
0.2014519051839589 0.0108235655601927 0.4474111075929821
0.0835876658584078 -0.4166188871415595 -0.0126040469790045
-0.1180278664828324 -0.3193436447406026 -0.3832459196902638
0.1537816239747020 -0.0591666709964022 0.0999553624566026
-0.0187521723297345 -0.1215738455003079 0.4207625503022912
0.3174789991485731 -0.4812620270277885 -0.1647137174915367
0.3019670578073317 -0.2072002205402497 -0.2584043066358398
0.2948862090766104 0.2628505249586874 0.0895440757927620
0.0513109703308210 -0.0666654452000924 0.1476535986912959
-0.3607536727626205 -0.1176407829338759 -0.0387090723743460
-0.4712078970249168 0.0201740105664620 0.2700517777314648
0.1872105651360011 -0.4349686818429390 -0.2125668769581652
0.1689675235423963 -0.3116782514029643 0.0091227874315224
0.2941847593346528 0.0198304855591118 -0.1636914786844966
0.2210395903331851 0.1499542586009722 -0.2034559132723733
0.2220192246723971 -0.0309791884928790 -0.1878442620993832
0.0637301663138096 -0.2658923665674651 0.2255339644198920
-0.4452258491473008 -0.3612123406360554 0.1165578699419599
-0.3717703065525113 0.2838286744545936 0.3551972495114031
-0.4103254247859011 0.4297767000909427 -0.3347253525856589
-0.4602754143436469 -0.3477346774359240 -0.1753626184362735
-0.0007152012871477 -0.2602279852493940 -0.3029319116500919
-0.0074721880260225 -0.2757580307659668 -0.0830377380506420
-0.2803554142593773 0.3878994056779550 0.0549300995739805
0.0151232926109361 -0.0579297024842143 -0.0548064968283116
0.0090652435774476 -0.3995512520178407 0.3890426652036373
0.1786985915910403 -0.4248365463522167 -0.3661431761459245
-0.1966912207028224 -0.2474546315372594 -0.2512820983918040
-0.0519508575916541 0.3200094775366844 -0.3065704936942295
0.1808420214048753 -0.2397281719575295 -0.1700133870692642
0.1474643436673237 0.0885451273915668 -0.0357549574866163
0.2405133661191081 0.0462150735811154 0.3473228507608064
0.2563802834324617 0.3123891188936145 0.0546245321503683
-0.2520331729739947 0.1414368654025920 0.0539623816138867
0.1771427180448701 -0.1551772812352519 0.0500720349080502
0.1666486858471063 -0.4451650684287307 -0.1148104010764013
-0.2534613712853538 -0.3582245458065713 0.2644366412513824
-0.2213884858183914 0.1887692899355384 -0.1854339611350307
-0.0497081922658913 0.1307625408132037 0.1721364274667840
-0.3205998213287758 -0.0148242760790903 0.0117306638221611
-0.0532856839065445 -0.2639094454242630 0.4047852448591294
-0.2847907235378552 -0.0087890404253384 -0.4532823850118030
-0.3295560764076835 -0.1471462999177317 0.0138719135884143
-0.0937771044118780 -0.2346817575122556 -0.2393976513665869
0.4114736179430534 -0.4631323837665673 -0.3789562984603117
-0.3167531219936149 0.0895495487095447 0.4926822069902884
0.1016477334350176 -0.2260913931068153 -0.2089660913117549
0.4783199035644693 -0.4317761184666918 -0.2995983823425948
-0.1150321963943770 0.4419580893395928 0.1093790162523761
0.4065484463051123 -0.4223392762783621 -0.1541047440563131
0.2279453802497089 0.3652960624414009 0.1203875833569811
-0.2709808201096157 0.1469510814795292 -0.4733988508079315
0.1768094676429695 -0.1606099829257863 -0.2584119060990550
0.1903886402167368 -0.4775539743353727 -0.2762659087602034
-0.0589899012680621 0.2850634870627680 0.1424743028916762
0.2187995784724031 -0.0074173935407064 -0.2780111746142976
0.2929625822162510 0.2970393675921611 -0.1173969317698761
0.2428683159072642 -0.3531410602835623 -0.2774728983913103
-0.0194768912483284 0.1170546571670479 0.3622953472776099
-0.0994751395334114 0.0778407110386102 0.1084411846192825
0.1899214997093722 -0.1742836577422195 -0.0317234357400524
-0.2649000035846980 0.1875332674406751 -0.1248472959985613
0.4569939167516052 0.0792785549708834 0.2885030589186011
-0.3856625227055181 -0.1384962176777064 -0.0388910226804500
-0.0851660957639334 0.2616000133005811 -0.0844287106592476
0.2975611903309468 -0.0923114474416171 -0.3326816724325746
-0.1644423480384501 -0.1301975594191502 0.2026266549528579
-0.3311849243434343 0.2857087135073695 0.4116676987640786
0.4008660146867417 0.2842767399473825 -0.2423091795337289
0.3515114559284443 -0.3068169115852985 -0.4781025500279418
-0.2484353523958411 -0.1989371995237816 0.3942115524384549
-0.4199156561097404 0.3644238571753697 0.1286484017662828
0.1777028900426217 0.1748052417933273 -0.2619541814515193
-0.2470266171285201 0.4212129834676286 -0.4332305456118505
-0.3742272711704287 0.0437893602298771 0.3885294174895980
-0.1111905376293131 -0.4567430754207092 -0.2339640526022930
-0.1699922707840488 -0.1281074958835209 -0.0262750815437187
-0.4215147408587165 0.1244264885381673 -0.2180172669404589
-0.0708977474461972 -0.0282126164652617 -0.2439889775472407
-0.1827332017093267 0.0122839561487646 0.4495815230777258
0.3350089279111571 0.2333771885444416 -0.4467616743230845
0.3342701897871004 -0.1956134091706763 0.2095686435902978
-0.3656736495259961 -0.3397634301921051 0.3264557013799219
-0.0891373728786592 -0.3195128769881188 0.0003111514685187
-0.4277084067527086 0.2746936909743716 -0.1574655904135688
-0.0481665950515509 0.2403839428530799 -0.3145340941948767
-0.0896857641281505 0.2698551176037577 0.0063870609036699
-0.1484950435131608 -0.0001314078061370 -0.2999276145574262
0.3738515694294927 -0.4053841072336051 -0.1306270119953662
-0.3850773666823887 0.0004211707166131 -0.0436825790563798
-0.3153950888486313 0.0087234167162135 -0.4133610498402464
0.2974065884690292 0.3669810559280203 -0.1502540885051266
0.4723521204076060 0.2486964603601440 -0.2349368707020488
-0.3476550170028526 -0.3608072721031083 -0.0595184882850117
0.3760813559418542 0.3670358099521580 -0.0821571105314944
-0.4611805246293043 0.0331288606012374 -0.0111708920132195
-0.3002430085105981 -0.2670369577896454 -0.1517565930723856
-0.2995231001723416 -0.0383045612285240 0.2914419140091305
-0.0638846959877741 -0.0157594560222633 -0.4891772724316742
-0.1817290718203001 0.4183485652225054 -0.1370743509388229
0.1718701935351948 -0.4633794268930004 0.3023701254320304
-0.0071006094456401 -0.0740069118894991 0.0485917684384339
-0.0251161289440769 -0.1597427488408313 0.1077827712959144
0.0425351888256272 0.0666100676141996 -0.1211038661148441
-0.2145866168886954 0.3469185047097231 -0.3087302036965008
0.0029866193097566 -0.3460812429621248 -0.2070356757357263
-0.1252668939437641 -0.1734126060268458 0.2117479611943758
-0.0870887612046513 0.0514211972516643 -0.1642222402472612
0.3914692675832390 0.3029259599768658 -0.0382614889854498
0.0142682207479162 -0.3799214414998474 0.4349174303165315
0.4782594196800427 -0.1818711443421378 0.0205260509521522
-0.1311714156930136 -0.2353229361568289 0.4623115605113045
0.2433422312376786 -0.4062049815466383 0.4809064614791174
0.0024547154324056 -0.2603274598290634 -0.4513270915211782
-0.1733933139702961 -0.4432984236081363 -0.0871857942275600
-0.3172720289353425 -0.4719394026226823 -0.3583985656330310
-0.1486910128229735 -0.2912644094374521 0.4536527117876742
-0.3415428646226037 -0.1963858793339308 0.1652747906222979
0.4120567843412739 0.1081981628454914 -0.1952872048226607
-0.3836860803741907 0.1320650397366655 0.3547723911612998
0.0912008381257744 -0.1460625669156159 -0.4865869253244708
0.2757652330850249 0.1264394311617463 -0.1397124220590671
-0.0078780968225618 0.3340267270779497 0.0442596677552155
-0.4544815197772982 0.2596122626860460 -0.4009334743146575
-0.3608701111818793 0.1357156638051477 -0.4813859765746453
0.4527863116039267 0.4204224254461171 -0.4740998520003154
0.2766011115548856 0.1887069146589661 -0.3150836227564651
0.3807044397183957 -0.1247510620365068 0.3267946495594530
0.1939200806729282 0.3522449177067634 0.1995948705928173
0.3376966380809504 -0.2647438551727173 -0.3432684951710840
-0.2917558270378231 0.3275270116871826 -0.0306367983751082
-0.2281464732046435 -0.4700361454753580 -0.2223164107867658
-0.3564612917501538 -0.4553475347275163 0.3137601218124976
0.0307946506563124 -0.0757792733187438 0.0610370575836423
-0.1817087421217608 -0.0162379943464627 0.2650250756645536
-0.2011591323036808 0.4387824537221823 0.4683673250128339
0.0992197947167976 0.0925938780506224 0.2170644885952205
-0.2262318878037324 0.3592254752965369 -0.3984634897109977
0.1285212017175448 0.4858327592152048 -0.0782772623869536
0.3143324343125767 -0.3413152078531235 -0.4601896014109341
0.2486738771091122 0.3752889696555571 -0.3408234962366686
-0.1311569752337970 -0.1666269802282224 -0.4816468511289039
0.0577144433420638 -0.4590356741198982 0.4012133718389962
-0.2720266748981111 0.4092756526675532 -0.4672159086575661
0.4551019021089083 0.4530825566123924 -0.1537447161274289
-0.3858155248707966 0.4595654652344076 0.1965978498022012
-0.2768941211091441 0.0397593024154051 -0.1656131602537277
0.1031500354039411 -0.2816671994034431 -0.1283422227049955
-0.2248960550033385 0.1276912784088831 -0.2553513632242475
0.0817829789565915 -0.4349425899925096 0.0267000649798457
-0.1022661077988237 0.4136164722876303 -0.2573179439097201
-0.2683756241235346 -0.0772364963657619 0.4609150068291039
-0.0162574495074530 -0.3676499317562680 -0.2078814392943841
-0.1277918429619472 0.1554183266652321 -0.3401894867220127
-0.3088088579456973 -0.3070725597681414 0.0601241091542485
0.0006246447420434 0.1776706265783949 0.3116835024934486
-0.1286479016734623 0.1622509780962095 0.1734698081547455
-0.1182729896124854 0.4795172054465841 -0.0036641976718498
0.2924634333171304 0.3017028058301155 -0.2655420025266678
-0.4450240334281360 -0.4501556431891892 0.3168789961742876
-0.3861538730772930 0.2788176038126199 -0.1217430199191293
0.2956183452419863 -0.1604457178641924 0.4836554614140903
-0.1176694622105078 0.1570481196747617 -0.1902937254333046
-0.3757284133796163 0.2552797309723209 0.1960065436388368
0.4466134183065296 -0.3947275490275778 -0.4684165505428841
-0.4179011732304256 0.2952142095639533 0.2401482307029651
-0.2158475111331677 -0.4456846655501651 0.1870639735829553
-0.3383412142486995 -0.3265175217398034 0.2699625369132015
0.3018536506481813 -0.1801534971245777 -0.3189354485838713
0.1586015436438287 0.2701574480092702 -0.0416137160752780
-0.4358652601320037 0.3104635445450581 -0.3257451954176513
0.0652090191238233 0.0000168581319362 -0.3365902535651767
-0.1346851071004980 0.2261700548048464 -0.3341060215834321
-0.3553287982785993 -0.3504255212469287 0.0736009765930728
0.1376292585197984 -0.4488287320836515 0.2873020951729565
-0.3460503895288340 0.4366353177185940 0.0111152788113817
0.3594969749235991 0.4046248118400000 0.2946706631260809
-0.2240292055063829 0.0195899803319334 -0.3183214115583518
0.5000000000000000 0.1907386272956706 -0.4241649948550287
0.5000000000000000 0.2128842880872650 -0.4481353593620726
0.2880202836605193 -0.4537743057985243 -0.5000000000000000
0.3833082146276945 -0.5000000000000000 -0.4389234430986221
0.2936751952914003 -0.5000000000000000 -0.4038842555325959
0.5000000000000000 -0.4922104564517666 -0.4137885159851586
0.4513470173781101 -0.4854312658167330 -0.5000000000000000
0.2860266096934723 -0.5000000000000000 -0.4697542532378756
0.5000000000000000 -0.0468807847446839 0.1273891403950918
0.5000000000000000 0.0699563640172939 0.2696618628918673
0.5000000000000000 0.1121059351951397 -0.3436422943860042
-0.2246864602025072 -0.5000000000000000 0.4796263454120959
0.0069481891713394 -0.5000000000000000 0.4274255563259469
-0.5000000000000000 0.3749173296509802 -0.0707235377457780
-0.5000000000000000 0.3568212605753827 -0.0792975146682010
-0.5000000000000000 0.3317148849989613 -0.0643175616346255
-0.5000000000000000 0.3748616567205648 -0.0172010441061347
-0.5000000000000000 0.4207803122595509 -0.2136008029308361
0.5000000000000000 -0.4033994179507997 0.1426504058760152
0.5000000000000000 -0.4475426601768030 0.2126384000431649
0.5000000000000000 -0.3943686266758406 0.0545178464739055
0.5000000000000000 -0.4028620519178346 0.1727850161192280
0.5000000000000000 -0.3593789077187793 0.1154201476949533
0.5000000000000000 0.1768874199001963 0.1272269402559161
0.5000000000000000 -0.3263113668441174 -0.1509469722853878
0.5000000000000000 -0.2659833152287482 -0.1669929836609853
0.5000000000000000 -0.2962784656100546 -0.1766304576189610
0.5000000000000000 -0.2960855207298181 -0.1493471456933789
0.5000000000000000 -0.2660036024223509 -0.1068338299256059
0.5000000000000000 -0.2875351701694744 -0.1706138023789655
0.5000000000000000 -0.3335028080912004 -0.1389741331869468
0.0979162618206000 0.1526665071147490 0.5000000000000000
-0.1561972516497178 0.1319294465833403 0.5000000000000000
0.0484208968472878 0.1676984426076043 0.5000000000000000
0.5000000000000000 -0.0581469813916816 0.0529351545623884
0.5000000000000000 -0.0716741086449926 -0.0031043802371786
0.5000000000000000 -0.1664418201759066 0.0175627554095054
-0.5000000000000000 0.4787283209996919 0.4158805061780705
0.1938813663904265 0.5000000000000000 0.0079415096882540
0.5000000000000000 0.4352272428986295 -0.0706387052561272
0.5000000000000000 -0.4371231578526483 -0.3697103568775742
0.5000000000000000 -0.4262152841101348 -0.3023302963769578
0.5000000000000000 -0.2956126229828869 -0.3418066745770796
0.5000000000000000 -0.3880101385436480 -0.4484613591485554
0.1027727352362804 0.5000000000000000 0.2071074807851688
0.2424939526806705 0.5000000000000000 0.2816280245865936
-0.5000000000000000 -0.3757699975143194 0.1000134111432291
-0.5000000000000000 -0.3903450207391396 -0.0173473770606091
-0.5000000000000000 -0.3834181791330370 0.0590986266586811
0.5000000000000000 -0.2595621319617799 0.0558517081046251
0.5000000000000000 -0.3200899199164572 0.0272212719465797
0.5000000000000000 -0.2649481434672642 0.0371678995723444
0.5000000000000000 -0.1750703614100861 0.1045893736678658
0.5000000000000000 -0.3083884726113312 0.0776624740370235
0.5000000000000000 -0.2489387387910454 0.0143345595045576
-0.5000000000000000 0.1767706002679076 0.3018139648721753
-0.5000000000000000 0.1921721015544243 0.2393512152066651
-0.5000000000000000 0.1893051888813325 0.2795410234804690
-0.5000000000000000 0.2242659808280833 0.2804726626930817
-0.5000000000000000 0.1596557005590454 0.2950473309996419
-0.5000000000000000 0.2350484609742143 0.3101607830408290
-0.5000000000000000 0.1987394939223235 0.2900176238041853
-0.3473854328158649 -0.5000000000000000 0.4791971715375801
-0.3219719043401092 -0.4609319619912476 0.5000000000000000
-0.4224971483962429 -0.4315000097979216 0.5000000000000000
-0.5000000000000000 -0.3356101467487810 0.4587595125391942
-0.1213680146598386 -0.5000000000000000 0.3878329162928028
-0.5000000000000000 -0.3830649818675916 0.4673554484351631
-0.4263178662340841 -0.5000000000000000 0.4296064070255982
-0.4629803676402291 -0.5000000000000000 0.4658710700794189
-0.2913426895417150 -0.4435753942699213 0.5000000000000000
-0.2921821866633597 -0.4287026318071958 0.5000000000000000
-0.2780845598669036 -0.4260637664339213 0.5000000000000000
-0.3554605117979377 -0.5000000000000000 0.4671799262781792
-0.3074858368556762 -0.3960420900206005 0.5000000000000000
-0.2827548831813162 -0.4447172244870252 0.5000000000000000
-0.3085195207498475 -0.4670351438608497 0.5000000000000000
-0.2422156633042721 -0.4511596178337322 0.5000000000000000
-0.2023597477115269 -0.4292071860381407 0.5000000000000000
-0.3618726069240247 -0.5000000000000000 -0.3272573915511052
-0.1817599817165843 -0.5000000000000000 -0.2827908300163053
0.0338917863975373 -0.5000000000000000 -0.3629190057785223
-0.2932591611233170 -0.5000000000000000 -0.3487723251242587
0.4430525871939557 0.4896454285760194 -0.4233202513452968
-0.1616109244037030 0.5000000000000000 0.2752830396990917
0.0083346463304082 0.5000000000000000 0.2007909728832816
-0.0646978368379100 0.5000000000000000 0.1786356655339729
-0.2086463311185395 0.5000000000000000 0.2119538172987381
0.0875929413989885 0.5000000000000000 0.2476866242227791
-0.5000000000000000 0.4495908527375960 0.4313613081059936
-0.5000000000000000 0.3945107645574455 0.2749662732089522
-0.5000000000000000 0.4205262354352971 0.3525156444753685
-0.0553495372971484 0.5000000000000000 0.3599095696446770
-0.2933703023313139 0.5000000000000000 0.3585216221059827
-0.5000000000000000 0.4266803860206410 0.4146026164037280
-0.2456081706069639 0.5000000000000000 0.4802506111324314
-0.5000000000000000 0.4929534398315878 0.2520462838066149
-0.5000000000000000 0.3697962769514009 0.3278180587730465
-0.3607163248910284 0.5000000000000000 0.4383563540829871
-0.5000000000000000 0.4908109456857278 0.4216431321089247
-0.5000000000000000 0.4180948308691945 0.3712486631908736
-0.5000000000000000 0.3280463700529020 0.4392308626021806
-0.5000000000000000 0.4312334100936931 0.3743021818959871
-0.5000000000000000 0.4071600715562935 0.3603958343214750
-0.3209336867367900 0.5000000000000000 0.3079447519355479
-0.5000000000000000 0.3307953541967693 0.3520974055798842
-0.5000000000000000 0.4028233635029120 0.4723748391802089
-0.5000000000000000 0.4249316618148757 0.4266471807040516
0.4038019698489348 0.3909406949962233 0.5000000000000000
0.0885967708034824 0.5000000000000000 0.3531826147000293
0.1078942150659011 0.1577460132197108 0.5000000000000000
0.5000000000000000 0.2397430483012166 0.3796157881012013
0.1211276408629042 0.3213010481542404 0.5000000000000000
0.5000000000000000 0.2768022138937135 0.3265216374371257
0.5000000000000000 0.2939357263458170 0.4641282828908014
0.2759932042681503 0.1401443216075855 0.5000000000000000
0.0591808088785246 0.1739785095593243 0.5000000000000000
0.5000000000000000 0.3406493453867823 0.3417470187593233
-0.1054624590447144 0.5000000000000000 -0.0047580003225605
0.1553279438365075 0.5000000000000000 0.0581738697456100
0.0759138197876561 0.5000000000000000 0.2981660625096376
0.1024741987870970 0.5000000000000000 0.1828148847687591
0.1866125726677636 0.5000000000000000 0.1571810473002114
-0.1434543901123264 0.5000000000000000 0.1168411323612966
0.3718066539684533 0.5000000000000000 0.1373634795858167
0.5000000000000000 -0.4391295935481496 0.1361632138977751
0.4867347818384660 -0.3579303986107205 0.1906195390486345
0.1320918653996287 -0.4846224110255299 -0.5000000000000000
-0.2079007056967420 -0.3914034571793862 -0.5000000000000000
0.1801026140359668 -0.4484755521025080 -0.5000000000000000
0.0841851239516654 -0.5000000000000000 -0.4404127538545929
0.1929911103161299 -0.5000000000000000 -0.4134013755135585
0.0955051235976938 -0.4179994511058723 -0.5000000000000000
0.1449838930333300 -0.5000000000000000 -0.4950720914615929
0.1526625190840303 -0.4277280076327499 -0.5000000000000000
0.5000000000000000 0.0466500508923326 -0.0017449503047912
0.5000000000000000 0.1580480054745967 0.1060160478618561
0.4327230330003429 0.4195263912493717 0.5000000000000000
-0.3675315509126780 0.5000000000000000 -0.3884691719715113
-0.2894875323381517 0.5000000000000000 -0.4371243250126082
-0.3029499448978850 0.5000000000000000 -0.4519323359810649
0.2954520786502891 0.5000000000000000 0.0318412611627268
0.0779012878894813 0.5000000000000000 0.0474681277250997
0.2035327705478592 0.5000000000000000 0.0325968258496620
0.1479317777772043 0.5000000000000000 -0.0534841485117888
-0.0036062826000295 0.5000000000000000 0.0010279603359036
-0.2620814894301071 0.5000000000000000 -0.1886174977367776
-0.5000000000000000 -0.3633707181801907 -0.4175163669097539
-0.4946739595682641 -0.4451534589607186 -0.3204187828481675
-0.5000000000000000 -0.4034431614805399 -0.4043093176483368
0.5000000000000000 -0.4851419267141790 0.2067606058099409
0.5000000000000000 -0.4705979581273416 0.1556703652903337
0.4762820632781450 -0.5000000000000000 0.1303076481948855
0.5000000000000000 -0.4097746709092237 0.0512654848605344
0.5000000000000000 -0.4451095721223948 0.1655310598211941
0.3937484104870206 -0.5000000000000000 0.1357089549297606
0.5000000000000000 -0.4694209761333666 0.1778816760606041
0.4000621830095061 -0.5000000000000000 0.1942450302719873
0.5000000000000000 -0.3706516840529332 0.1132412401437931
0.3694329114342769 -0.5000000000000000 0.1192771462131694
0.3833077109458895 -0.5000000000000000 0.2265327282679545
0.2418537371822425 -0.5000000000000000 0.1872915123133832
-0.5000000000000000 0.4716976175937493 0.4936497326607625
-0.5000000000000000 -0.0663982640058016 0.0847721296794097
-0.1271578925504535 -0.1249927737759560 0.5000000000000000
0.1854704109795743 -0.0425500159465903 0.5000000000000000
0.0460784760496672 -0.1398996182009874 0.5000000000000000
0.2784217023283919 -0.1613973649417991 0.5000000000000000
0.5000000000000000 -0.0167564824548754 0.1009702866746628
0.5000000000000000 -0.0720547873862340 0.1580090689848089
0.5000000000000000 -0.1102367982648373 0.3079734772026597
0.5000000000000000 -0.0231686086108479 0.0484419200475765
0.5000000000000000 0.0981676734454376 0.1200387716269968
0.5000000000000000 -0.1672477149271576 0.1090267872240214
0.5000000000000000 0.0857664976361720 0.2842165450897700
0.5000000000000000 0.2214952295285526 -0.4245189520671942
0.5000000000000000 0.2572789696484215 -0.4476473281750810
0.5000000000000000 0.3965446082457482 -0.4695272759363421
0.5000000000000000 0.3010636348656334 -0.4718609031999134
0.5000000000000000 0.3283049414709286 -0.3991335360231913
0.5000000000000000 -0.3332483805825843 0.3473235461992394
0.5000000000000000 -0.4407631008847024 0.3510505551736685
0.2895684804359179 -0.5000000000000000 0.2472028189634103
0.5000000000000000 -0.2847297785158916 0.2047687908525194
0.0640483259381664 -0.5000000000000000 0.2300529061558074
-0.5000000000000000 0.1121959699197833 -0.2696048921453468
-0.5000000000000000 0.0567719018438499 -0.3807109560031280
-0.5000000000000000 0.0533895215172453 -0.4680841378799118
-0.5000000000000000 0.2167787978847929 -0.3897826820115458
-0.5000000000000000 0.1130953353808373 -0.4179161208468640
-0.5000000000000000 0.1032657730827434 -0.3239433949299274
-0.5000000000000000 0.1083009035325068 -0.3526826017979888
-0.5000000000000000 0.0680505401733285 -0.3445123708966328
0.2877600493907131 0.0598530116910375 -0.5000000000000000
0.5000000000000000 0.1126759760155440 -0.3774377341687516
-0.1043616222234511 0.1479045336671855 -0.5000000000000000
0.4905512496499337 0.1387592335091743 -0.5000000000000000
0.2820759098511129 0.1125795923970668 -0.5000000000000000
0.1532099241974426 0.1293782551852741 -0.5000000000000000
0.2223483884594476 0.1686275367113297 -0.5000000000000000
0.1062897182486242 0.2496314323901285 -0.5000000000000000
-0.5000000000000000 0.0838057551910397 0.4327427020530682
-0.5000000000000000 0.0589622377473705 0.3846434135054379
-0.5000000000000000 0.1099709680097019 0.3650530797240368
-0.5000000000000000 0.0091231528863535 0.4559409245567853
0.5000000000000000 0.1489388974025516 -0.3914626967538723
0.5000000000000000 0.1666003844031690 -0.4791234789200732
0.3491214744687593 0.1411840028836896 -0.5000000000000000
0.5000000000000000 0.2005090724868474 -0.4504317254979895
0.5000000000000000 0.1706128851219402 -0.3947753278918841
0.5000000000000000 0.1915974947853760 -0.3917845315811525
0.5000000000000000 0.2175562323536744 -0.4137276055121263
0.5000000000000000 -0.1779351125600779 0.0222825126708091
-0.5000000000000000 0.4125355401844616 -0.3869920275016491
-0.5000000000000000 0.3782788624899875 -0.3714416563802149
-0.5000000000000000 0.4359920728436559 -0.4828767634172469
-0.4030596537010251 0.2682611595840328 -0.5000000000000000
-0.5000000000000000 -0.0345951122865052 -0.4501920728975741
-0.5000000000000000 -0.0285760459945202 -0.4389730696589582
-0.5000000000000000 0.0169413503917587 -0.4811161817812747
-0.5000000000000000 -0.0638092864305694 -0.4545276733213617
0.5000000000000000 -0.0346301098390539 -0.0026672419033763
0.5000000000000000 -0.1676601225330065 0.1076583284048325
0.5000000000000000 -0.2095295226963979 -0.0318533097379715
-0.5000000000000000 0.3647373330614340 0.1478634566454019
-0.5000000000000000 0.4072659657585699 0.1818467249757815
-0.5000000000000000 0.3183631208049545 0.1810405246332105
-0.5000000000000000 0.3281564604878658 0.2070590912060758
-0.1956488976554566 -0.1371683277610278 0.5000000000000000
-0.1544804536372267 -0.2363855949291262 0.5000000000000000
-0.4665771496199381 0.0441751543748094 -0.4966541948440275
-0.3857404729491810 0.1330601004378908 -0.5000000000000000
0.0892677505852964 0.5000000000000000 -0.3997011176698120
-0.0551733744540557 0.5000000000000000 -0.4574003728670198
-0.1030923784316183 0.4153911962329648 -0.5000000000000000
-0.1390339666922849 0.4261833354082698 -0.5000000000000000
-0.1580615072030583 0.3929401700271152 -0.5000000000000000
-0.0352439333726737 0.3514697138151253 -0.5000000000000000
-0.5000000000000000 0.4246215204069655 -0.0828691727854758
-0.1471593681867343 0.5000000000000000 -0.0952159037574871
-0.4520896715360199 0.5000000000000000 -0.1102303317210452
-0.3942958053153038 0.5000000000000000 -0.1318353958204651
-0.5000000000000000 0.4551848851001529 -0.2826569184955721
-0.1676919148699160 -0.1214631563602327 0.5000000000000000
-0.1794322300524420 -0.1015343523449584 0.5000000000000000
-0.2882718339063719 -0.1603548597053699 0.5000000000000000
-0.1343379253389682 -0.1336863459621616 0.5000000000000000
-0.2259369791116533 -0.1256229208030493 0.5000000000000000
-0.2038152667427416 -0.0686104315418438 0.5000000000000000
-0.5000000000000000 0.2773218645872285 -0.1703142180432755
-0.5000000000000000 0.3070008217873188 -0.3098934203886674
-0.4999999999999999 -0.4615377940163304 0.0190300386939184
-0.1403584393632271 -0.5000000000000000 0.1513704541766968
0.0557432682805157 -0.5000000000000000 0.0672655468994057
-0.1048778289513627 -0.5000000000000000 0.0795155939401375
0.1639444818354089 -0.5000000000000000 0.0943312602434981
0.0285906296204877 -0.5000000000000000 0.1086614376113659
0.1508100598170353 -0.5000000000000000 0.0779163137333781
-0.0046366836370045 -0.5000000000000000 0.1563496843132505
-0.5000000000000000 0.0878000639242773 0.2379061279005794
-0.5000000000000000 0.1780742565728148 0.1725065595637052
-0.5000000000000000 0.1742605993376601 0.1843418348023802
-0.5000000000000000 0.1819576830398275 0.1902598369805416
-0.5000000000000000 0.2017885194916335 0.1930800932484326
-0.5000000000000000 0.2211400169002191 0.2081165477086261
0.5000000000000000 0.4141513580853354 0.0858687324761104
0.5000000000000000 0.4385888208201525 0.0246775934086542
0.5000000000000000 0.4451123013174478 0.0827081279618175
0.5000000000000000 0.4634665370152174 0.0573394047146654
0.5000000000000000 0.4931019791735183 0.1044999337015168
0.1176950395547129 0.1335733893657893 0.5000000000000000
0.5000000000000000 -0.1295580892871869 0.3823129023871787
0.2526115342605580 -0.0122270513452709 0.5000000000000000
0.5000000000000000 0.0422154736730952 0.4128526090273593
0.5000000000000000 -0.0252270965027010 0.4221567104262057
0.3021876360787520 -0.0025180057761985 0.5000000000000000
0.1251153816942550 0.0053472961670514 0.5000000000000000
0.1246665663446218 0.0736449408618236 0.5000000000000000
0.3347226964648470 -0.0402724749661664 0.5000000000000000
0.2541952810890774 0.0729697013078760 0.5000000000000000
0.2277757237644600 0.0279614129040142 0.5000000000000000
0.2956302777472989 -0.0743904771552445 0.5000000000000000
-0.0425942773894463 0.0045853091103846 0.5000000000000000
0.0798240257671576 -0.5000000000000000 -0.0342316824790219
0.5000000000000000 -0.3908587107624026 0.0006987292747329
0.1994390908019386 -0.5000000000000000 -0.0067530270999218
-0.2852753575285983 -0.3757166090626693 -0.5000000000000000
-0.2489540052480895 -0.2267381824609142 -0.5000000000000000
-0.5000000000000000 -0.1589529972601906 -0.2929179275414625
-0.5000000000000000 -0.1870346759256033 -0.4161381251562323
-0.5000000000000000 -0.2550790747546263 -0.3075713913285311
-0.0944559248966765 -0.3380566655711044 -0.5000000000000000
-0.5000000000000000 -0.3496593743201751 -0.3747044361266125
-0.5000000000000000 -0.3338889057161293 -0.2459547074544272
-0.0987692653066043 -0.3102988899734086 -0.5000000000000000
-0.2678163211102317 0.5000000000000000 0.0549503392319724
-0.2152316252432314 0.5000000000000000 0.0729232823774955
-0.1793352133982544 0.5000000000000000 0.0207950341589637
-0.2899457126418924 0.5000000000000000 0.0413194245481875
-0.4983511841230066 0.1868922357611010 0.0401684265803827
-0.5000000000000000 0.3472459406009237 0.1151756024568393
0.5000000000000000 0.2945366066372906 0.1250552911148271
0.4924202646510592 0.2235708916858238 0.2248129683081529
0.5000000000000000 0.3314015812028904 0.1389247488783544
0.5000000000000000 0.3261889977305782 0.1635027230682160
0.5000000000000000 0.3584020620892547 0.2190366519461225
0.5000000000000000 0.1302126730953520 0.1188428831237588
-0.0860147677593918 0.5000000000000000 -0.2000393003931725
0.0948786036059247 0.5000000000000000 -0.1132978906339237
-0.0544569008521539 0.5000000000000000 -0.2460313798038013
0.5000000000000000 -0.2902611043679915 -0.4789739529178304
0.5000000000000000 -0.2688380060400662 -0.4127826005131377
0.5000000000000000 -0.3637401588387041 -0.4713331458937630
-0.5000000000000000 -0.4568837679191281 0.3101836827583851
0.1481076246239017 -0.2043940368406019 0.5000000000000000
0.0219999572406975 -0.1574132619430425 0.5000000000000000
0.2416768545996900 -0.1293128221144986 0.5000000000000000
-0.2786606691284379 -0.3831271215213284 -0.5000000000000000
-0.2626889250090106 -0.3661966247932671 -0.5000000000000000
-0.2942484880042314 -0.3820056999368764 -0.5000000000000000
-0.2929864168731741 -0.3838806295295177 -0.5000000000000000
0.3559690210776310 -0.5000000000000000 -0.1578421518888155
0.3635488600331338 -0.5000000000000000 -0.1734466917606321
0.2790211032796051 -0.5000000000000000 -0.1690951142078880
0.3032074380468728 -0.5000000000000000 -0.1195754857844117
0.3329473542924138 -0.5000000000000000 -0.1716586058157409
0.3207197426922009 -0.5000000000000000 -0.1539903892842781
0.2822433450530770 -0.5000000000000000 -0.1415380399717162
-0.5000000000000000 0.2726810158915340 -0.4245879401465583
0.5000000000000000 -0.1670486474926145 -0.2236982135695225
0.5000000000000000 -0.2306413948667307 -0.2728884978954833
0.5000000000000000 -0.0368207963266196 -0.2490171069661819
0.5000000000000000 -0.2525814326865707 -0.2615300433715103
0.5000000000000000 -0.1446368752834514 -0.2946369546171387
0.5000000000000000 -0.2158890751232767 -0.2518962670269245
-0.5000000000000000 -0.0003978347522550 0.2598984609082900
-0.5000000000000000 -0.1126327724642170 0.2065670192432270
-0.5000000000000000 -0.0768390622059789 0.2433763864230089
-0.5000000000000000 -0.1488647659993693 0.1876337092027827
0.5000000000000000 0.2533189918734828 0.0552360027049851
0.5000000000000000 0.2675424995906148 0.1585435013209876
0.5000000000000000 0.1949277469029836 0.1140562486840378
0.5000000000000000 0.2435864624317612 0.1340458452661183
0.5000000000000000 0.2097008949897621 0.0361766705242324
0.2984817387106268 -0.0145553495404064 -0.5000000000000000
-0.0030039777322512 -0.0108184365435299 -0.5000000000000000
0.1294141764958631 -0.1167707286429092 -0.5000000000000000
0.2364873908036231 0.0095920799100489 -0.5000000000000000
-0.5000000000000000 -0.1194667957147493 -0.0128976098845772
-0.5000000000000000 -0.1072547756577047 -0.1301119111245212
-0.5000000000000000 -0.0111500226052249 0.2969056908159956
-0.5000000000000000 0.0172068135603198 0.2658815459768312
-0.5000000000000000 0.0087994080758978 0.2652014522959825
-0.5000000000000000 0.0022467785997485 0.2311785066816506
-0.5000000000000000 0.0210315500744386 0.2816063736896539
-0.5000000000000000 0.0545933314653417 0.2479630817854047
0.1265392316509207 -0.5000000000000000 -0.2088111943025953
0.5000000000000000 -0.3813073622139870 0.0025196282796600
0.5000000000000000 -0.3429173965801194 0.0928290029574171
0.5000000000000000 -0.2425796557767679 -0.0339767181255392
0.5000000000000000 -0.4249234413738242 -0.2650964655652667
0.5000000000000000 -0.4093621476638010 -0.1392827971807573
0.5000000000000000 -0.4005402366785197 -0.1275190900083593
0.5000000000000000 0.2431258340513465 0.2610598471439453
-0.5000000000000000 -0.1491559206292183 0.3961726604319761
-0.5000000000000000 -0.0488569214422889 0.3931048727167025
-0.5000000000000000 -0.0966700593537872 0.3601990612295906
-0.5000000000000000 -0.0676425427350417 0.4521475255762932
-0.5000000000000000 -0.1118691460199228 0.4172449288450660
-0.4033212847474609 0.1031205691847763 0.5000000000000000
-0.5000000000000000 0.1354951168716168 0.4322293125861520
-0.4797264064704055 0.0206822754239933 0.5000000000000000
0.5000000000000000 -0.0165347781786871 -0.2407645918901243
0.5000000000000000 0.0258098225593626 -0.0757216224445087
0.1653943109544370 0.5000000000000000 -0.0853967825617589
0.4565335843863568 0.5000000000000000 -0.1503842866115077
0.0933706045145474 -0.5000000000000000 -0.0494569270487693
0.0421576829932227 -0.5000000000000000 -0.0754086960219483
0.0398873077737205 -0.5000000000000000 -0.0447962853018432
0.0796882673645249 -0.5000000000000000 -0.0281135026640627
0.4949254524442978 -0.2065862790953528 0.1636546462688758
0.5000000000000000 -0.1922217979625963 0.0289957591450752
0.3135235672719791 -0.3403368815615225 -0.5000000000000000
0.2702936812098466 -0.3795540019903904 -0.5000000000000000
0.3671803805950492 -0.4107414113276791 -0.5000000000000000
0.1777136636350078 0.5000000000000000 -0.0803016483318784
0.4593018736066496 0.5000000000000000 -0.1315589692099865
0.5000000000000000 -0.0207134382811694 -0.2441291305590567
-0.5000000000000000 0.4312561726255242 -0.3621967232358903
-0.5000000000000000 0.4298958219158310 -0.3966207273393482
-0.5000000000000000 0.3242096349862810 -0.3951959289019782
-0.5000000000000000 0.4266866764506363 -0.4060518064252694
-0.2874584982006155 -0.1154455883951532 -0.5000000000000000
-0.1198299784206603 -0.0609521611859216 -0.5000000000000000
-0.4473251694541478 0.0170090101896466 -0.5000000000000000
-0.1650310683958840 -0.2245992766239075 -0.5000000000000000
-0.1844566554594738 -0.1772000103335964 -0.5000000000000000
0.1478747474156996 -0.2460922628844989 0.5000000000000000
0.1492065927869752 -0.2877044053523749 0.5000000000000000
0.0535336485104519 -0.2376612326814095 0.5000000000000000
0.2346915908879588 -0.3461633055709523 0.5000000000000000
0.2707806174886015 -0.1862794236674767 0.5000000000000000
-0.4946403541595181 -0.5000000000000000 0.2446697519767812
-0.5000000000000000 -0.4339491246930053 0.0439894933589580
-0.5000000000000000 -0.4664897913693158 -0.0041698068772823
-0.5000000000000000 -0.4497680461646246 0.0065932058917448
-0.5000000000000000 -0.4610295869836396 0.0095242850036369
-0.5000000000000000 -0.4612234150119393 0.0162037093875282
-0.5000000000000000 -0.4610352569024119 0.0277416064581771
-0.5000000000000000 -0.4478635818790801 0.0232239321813345
0.4179731418930412 -0.5000000000000000 -0.3899292770359878
-0.3681255714647655 0.1931877504777044 -0.5000000000000000
-0.3954185907549756 0.2077202828898393 -0.5000000000000000
-0.3837061526977627 0.1867426067615313 -0.5000000000000000
-0.3817478406557095 0.2135712627501786 -0.5000000000000000
-0.3820097542081899 0.2051682891491689 -0.5000000000000000
0.5000000000000000 0.0753259775877132 -0.3454163507451560
0.5000000000000000 0.0412880732088930 -0.3566891544555418
0.5000000000000000 0.1055336778776390 -0.2790623696427465
0.5000000000000000 0.1280045125982646 -0.3522445679905943
0.5000000000000000 -0.2790918015866520 0.3687991879375168
0.5000000000000000 -0.3411007000242033 0.1051424893064607
0.5000000000000000 -0.2380844917944435 -0.3578965551108069
0.3075251919854263 0.5000000000000000 -0.4053868589471946
0.1138760012104874 0.5000000000000000 -0.3760557169035417
0.0659809753608111 0.5000000000000000 -0.3906062711011446
0.2524241751810991 0.5000000000000000 -0.2735785447744911
0.0927697400129181 0.5000000000000000 -0.3837548522103658
0.1417883802103748 0.5000000000000000 -0.3774991386222352
0.0928794075574093 0.5000000000000000 -0.3629264122192016
0.2889357957996249 0.5000000000000000 -0.4794070301145700
-0.5000000000000000 -0.2544758639230786 0.0931092711317665
-0.5000000000000000 -0.4645080121224507 0.0784367174506819
-0.5000000000000000 -0.4343290376558148 0.2002551630753953
-0.5000000000000000 -0.3053845429350698 0.1683625739366191
-0.5000000000000000 -0.3598426945887416 0.1383307579318638
-0.5000000000000000 -0.3593139951648647 0.0994756488038096
-0.5000000000000000 -0.3871566794240643 0.1153803301486459
0.0402335574129731 -0.5000000000000000 0.4222594354344800
-0.5000000000000000 0.1146781362091402 -0.1158800395099466
-0.5000000000000000 0.1066339205740050 -0.1706051088486047
-0.5000000000000000 0.0461969737848510 -0.0808874756882431
-0.5000000000000000 0.0479054803252364 -0.0401090587838753
-0.5000000000000000 0.0711206041987935 -0.1283444524305840
0.0240314282529344 0.5000000000000000 0.3567678830454652
-0.5000000000000000 0.2800262996422170 0.3462065887019994
0.3723663132696897 -0.5000000000000000 0.3130512183693638
0.5000000000000000 -0.3716896590088444 0.2003938494454487
-0.5000000000000000 -0.2665724088252012 0.4367594339028673
-0.5000000000000000 -0.3092478592095730 0.4025643718108795
-0.5000000000000000 -0.2900103301779080 0.4517712848676067
-0.5000000000000000 0.4480718612593182 0.2271263888197457
-0.5000000000000000 0.4111579375624919 -0.3406267947931232
-0.2809400232016976 0.5000000000000000 -0.3114866332201592
-0.5000000000000000 0.4544043259608735 -0.3069701298514133
-0.5000000000000000 -0.3982966464590973 -0.1503953355481118
-0.5000000000000000 -0.3417240277351385 -0.1603073875397099
-0.5000000000000000 -0.3512744313016648 -0.1767691882121546
-0.5000000000000000 -0.3417187063534567 -0.2026875635715421
-0.5000000000000000 -0.3153977743745437 -0.1520100442856370
0.2186220376214074 -0.5000000000000000 0.3771968481226696
0.2686259951604673 -0.5000000000000000 0.4794312901911824
0.1591105649497062 -0.5000000000000000 0.4362198630403682
-0.3414543083908060 0.0829610473043787 0.5000000000000000
-0.4228810256105827 -0.0241424422038853 0.4929825362944468
0.4931174809819550 0.5000000000000000 -0.4083845536488735
-0.5000000000000000 -0.4472329763903297 -0.2934785465969619
-0.4315036689976678 -0.5000000000000000 -0.3055194161577769
-0.2347118206587680 -0.5000000000000000 -0.2503326643909397
-0.5000000000000000 -0.4285484822055622 -0.3062960362632925
0.5000000000000000 -0.0832912652735243 -0.3483605416838895
0.3271272325417323 0.5000000000000000 -0.1930685929180067
0.1981157761462451 0.5000000000000000 -0.1203042548407114
0.3783089041190588 0.5000000000000000 -0.1841145352582114
0.4114010175456623 -0.1494709939463566 0.5000000000000000
-0.5000000000000000 -0.4695276224838339 -0.1269473870106036
-0.5000000000000000 -0.4363219762424468 -0.1050259414600774
-0.5000000000000000 -0.4583247525225970 -0.1154132229693036
0.5000000000000000 0.4683356962552773 -0.4132491583327290
0.4640427624143426 0.5000000000000000 -0.4338142839749698
0.4777232779652489 0.5000000000000000 -0.4238672551516378
0.4847573465363199 0.5000000000000000 -0.3581158667990792
0.0962343187600599 0.5000000000000000 0.3311769422084041
-0.0123019641726327 0.5000000000000000 0.3927609989896247
0.1428820339747454 0.5000000000000000 0.3424608481135325
0.5000000000000000 -0.1735950108629833 0.0020101770387755
0.4758027917501776 -0.5000000000000000 -0.1394669916629566
-0.2408033940666918 0.5000000000000000 0.0921284415787850
-0.5000000000000000 0.4140857632338993 0.0916262171298836
-0.5000000000000000 0.4608341191658589 0.1416628494918029
0.5000000000000000 -0.3131427192842341 0.4147524172760102
-0.3203087254003354 -0.5000000000000000 0.2490972536658208
-0.4151056064800581 -0.5000000000000000 0.2349849576024132
-0.2556948556365554 -0.5000000000000000 0.1878560232808989
0.1978366151294166 -0.5000000000000000 -0.3600903790683610
-0.2772304331911408 0.4335086093471159 0.5000000000000000
0.5000000000000000 -0.1368267217024067 0.2704334566300225
0.5000000000000000 -0.1782514137382561 0.1231783310094261
0.5000000000000000 -0.2385858498056275 0.1484976592140946
-0.1070220465160918 -0.2474195132483096 0.5000000000000000
-0.5000000000000000 -0.1562656943058295 -0.2850782055336986
-0.5000000000000000 -0.2414937215289155 -0.2806159323304550
-0.5000000000000000 -0.3249117078165817 -0.2335242757064797
-0.5000000000000000 -0.1277224805620100 -0.1858635093932292
0.0893082359067547 0.2599505475680672 -0.5000000000000000
0.5000000000000000 -0.2335222900046042 -0.0571301031110747
-0.4786458856481146 0.5000000000000000 0.0290473792402411
0.4904631739614440 -0.5000000000000000 0.1028344357681018
0.4341439413728307 -0.5000000000000000 0.1096213201834553
-0.1796885120295142 0.5000000000000000 0.4203493838373420
0.1111592035161687 0.1481830172715193 0.5000000000000000
0.0963555245793207 0.1518248979824149 0.5000000000000000
0.0612940438881752 0.1330392474920908 0.5000000000000000
0.5000000000000000 0.0486794006987731 -0.0159763682145215
0.5000000000000000 0.1563495666213331 0.0954380971769155
0.5000000000000000 0.1503596603096785 -0.0095234742105901
0.5000000000000000 0.1789659817614847 0.3859269699840727
0.5000000000000000 0.0565724566811907 0.3689950995071331
0.5000000000000000 -0.1090015971523937 0.3111044681519086
0.5000000000000000 -0.0113885938813330 0.3887634811202818
0.2828449469668775 0.1045421079749955 0.5000000000000000
-0.2233191071993809 0.5000000000000000 0.4896165106622964
-0.5000000000000000 0.2869332161242390 -0.3894707284052232
-0.5000000000000000 0.3307030663153454 -0.3331035959317035
-0.5000000000000000 0.1688044665869506 0.1334653209806388
0.5000000000000000 -0.1682273411982404 0.1085281580171325
0.1186614861266890 -0.5000000000000000 -0.1395330154468271
0.2197500526419140 -0.5000000000000000 -0.0555243299504742
0.1610414331402105 -0.5000000000000000 -0.0891416735531549
-0.5000000000000000 -0.2264238676594906 0.0833938390350240
-0.5000000000000000 -0.2232179920522914 0.0764142021279387
-0.5000000000000000 -0.2294074662177722 0.0934051860344871
-0.5000000000000000 -0.2361409172242646 0.0865290986057276
-0.5000000000000000 -0.2406478668904608 0.0870534761254280
-0.5000000000000000 -0.1361545865953189 -0.3032941203602897
-0.5000000000000000 -0.1434397070181014 -0.2854136664175089
-0.5000000000000000 -0.1404925824903839 -0.2883324205643770
-0.5000000000000000 -0.1322790401341943 -0.3012715480031278
-0.5000000000000000 -0.1614067929088757 -0.2738193874787078
-0.5000000000000000 -0.1504774827422245 -0.2987622958637870
-0.5000000000000000 -0.1367268764562261 -0.2899090706171098
-0.2186549777339605 0.0994376143337710 -0.5000000000000000
-0.2252840092071048 0.1487614439905782 -0.5000000000000000
-0.1074379772620445 0.0429107511457341 -0.5000000000000000
-0.4191910322615621 0.0622223534305752 -0.5000000000000000
-0.2813327404248208 0.1423894969266512 -0.5000000000000000
-0.1803829260236595 0.1508775692506984 -0.5000000000000000
-0.0802532690977182 -0.5000000000000000 0.3423952854870537
-0.5000000000000000 -0.4361865791151571 0.2034923785969533
-0.5000000000000000 -0.0895364309510263 -0.4376117742325059
-0.5000000000000000 -0.0772828116396351 -0.4216825268028550
-0.5000000000000000 -0.1473091780342135 -0.4422172296999347
-0.5000000000000000 0.4326989249310364 -0.0921436886438990
-0.5000000000000000 0.4373438438875178 -0.0387706425413879
0.5000000000000000 -0.1147873456588421 0.4073109349578451
0.5000000000000000 -0.1311564490233934 0.3797720254215079
0.5000000000000000 -0.1318984859659306 0.3833592876588681
-0.5000000000000000 0.2952459525134332 -0.1577287801213768
-0.5000000000000000 0.3227170590510706 -0.2959018323475874
0.0725475707182280 -0.5000000000000000 0.0213833994670557
0.5000000000000000 -0.4175775695576189 -0.4991406574029982
0.5000000000000000 0.3883236174039171 0.0253566690600220
0.5000000000000000 0.3045187762948551 -0.1927111751734406
0.5000000000000000 0.4165652158633116 -0.0852880740579105
0.5000000000000000 0.3892110568573858 -0.0680469981962938
0.5000000000000000 0.4507545403432401 -0.0856609977665189
0.5000000000000000 0.4495951861187008 -0.1274928562036654
0.0318495768941308 -0.5000000000000000 0.3348849120044248
-0.0422129483970395 -0.5000000000000000 0.3614367595216302
-0.1539025616655296 -0.5000000000000000 0.3410389871781653
-0.0141355009567319 -0.5000000000000000 0.3710007842477591
-0.1003539801997411 -0.5000000000000000 0.3059705816132363
0.0046390405070574 -0.5000000000000000 0.3342343766315721
-0.5000000000000000 -0.0499539379885172 0.0440350672371649
-0.5000000000000000 -0.1108162048155647 -0.0080024948058383
0.3012281558847135 -0.4108421695138378 0.5000000000000000
0.5000000000000000 0.0454673296703027 0.2652038654494751
0.5000000000000000 -0.1225347866544523 0.1994184684385653
-0.3456592130012964 -0.4985594263328362 -0.1501379586382714
0.2695376723594454 -0.2384548319421201 0.5000000000000000
0.5000000000000000 -0.2794558101410161 0.4196760646405411
-0.0382780954010619 -0.2782219166516232 0.5000000000000000
0.2934961058308365 -0.3395617557848299 0.5000000000000000
0.3231178042783973 -0.1842946912062886 0.5000000000000000
-0.4105089542412458 -0.5000000000000000 0.1055073030208297
-0.2634184459772001 0.0140599777950969 -0.5000000000000000
-0.2715362046808099 -0.0010492563405504 -0.5000000000000000
-0.5000000000000000 -0.1045014764238509 0.0442558614796785
-0.5000000000000000 -0.1221178102953185 -0.0077254357597397
0.5000000000000000 0.1121417353263798 -0.1884238604196949
-0.5000000000000000 -0.1204616579498942 -0.1812293365660859
0.5000000000000000 0.2443798331919556 -0.2359304065981718
0.5000000000000000 0.1262903069035061 -0.2064041649415086
0.4741082544445959 0.1822588654515334 -0.5000000000000000
0.3227502953564518 -0.5000000000000000 -0.3689941494130846
0.4540565679911301 -0.5000000000000000 -0.3189003822743791
0.5000000000000000 -0.4876730066851164 -0.3840498928889339
-0.5000000000000000 0.2408365442507057 0.4808617947042098
-0.2926591565207610 0.0978654498683063 0.5000000000000000
-0.3019395301512357 0.0746462491338112 0.5000000000000000
-0.5000000000000000 -0.3344879089635521 0.3812296498680097
-0.5000000000000000 -0.4226292320957366 0.3486678006267040
0.3192394030509799 -0.5000000000000000 -0.3331950889874430
0.5000000000000000 -0.4851360264968615 -0.2632397725979689
0.5000000000000000 -0.4222789471688237 -0.2969235599974142
0.5000000000000000 -0.4462512340074317 -0.3149643946531981
0.5000000000000000 -0.4295474825005016 -0.2993619100493692
0.5000000000000000 -0.4285190211848810 -0.3004509387625809
0.5000000000000000 -0.4415107637306174 -0.2989305571675326
-0.1142024007510924 0.5000000000000000 -0.4304088778878091
0.5000000000000000 0.2834468632772453 -0.0202471027489872
-0.5000000000000000 0.2638204123946127 -0.4159946549347499
-0.4816670450751664 0.5000000000000000 0.2034200942094681
-0.1636435913288775 0.5000000000000000 0.1380952907251916
-0.1926435770956712 0.5000000000000000 0.1041513209062279
0.4739717644750034 -0.5000000000000000 -0.1814012986291388
0.5000000000000000 -0.4030123102288979 -0.1236026811574421
0.5000000000000000 0.1214183966056190 0.3184975358242005
-0.3219260119613848 0.5000000000000000 0.1866288242779127
-0.4019037556957834 -0.5000000000000000 -0.1656605145308640
-0.3009957547305859 -0.5000000000000000 -0.1823728567303731
0.4605604505527744 0.5000000000000000 0.1269365016703929
0.0173749564754862 0.2343608884499204 -0.5000000000000000
-0.3837360728466044 -0.5000000000000000 -0.3720432177903827
0.5000000000000000 -0.0280163582748057 -0.2486789507700303
0.5000000000000000 -0.2659650354964395 -0.3273842076986531
0.1966643727433391 -0.5000000000000000 -0.3021600382198875
0.2743976395709565 -0.5000000000000000 -0.2590512812906884
-0.1538257249286481 -0.5000000000000000 -0.2499498549847883
0.1633770640380924 -0.5000000000000000 -0.2656098710783181
0.2308657056049230 -0.5000000000000000 -0.2646021431716166
0.5000000000000000 -0.0191732639664247 -0.2500359170113153
0.5000000000000000 0.2449808111104284 -0.0826506591090793
0.5000000000000000 -0.3318874220240627 -0.2714760688350176
-0.4329218928308654 -0.5000000000000000 0.3884002413450170
-0.4760092163717379 -0.5000000000000000 0.3592311263261496
-0.4574541747497862 -0.5000000000000000 0.3913700846418414
-0.1628664030718170 0.1291461946226398 0.5000000000000000
0.0464584859132936 0.1667495017395365 0.5000000000000000
0.3082987520146901 0.5000000000000000 0.3339314601550679
0.3157345999892941 -0.3893750815261703 0.5000000000000000
0.4933137746838069 0.3809208291999557 0.0416638694241295
-0.5000000000000000 -0.3290925827019474 -0.0450657412818803
-0.5000000000000000 -0.2942117883725628 0.0245179576550070
-0.5000000000000000 -0.3235485037700130 0.0384916392528986
-0.5000000000000000 0.2595646041083848 -0.3991015038568313
0.5000000000000000 -0.0263634826970621 -0.2555435784228736
0.5000000000000000 -0.0403241003080334 -0.1812858745692104
0.5000000000000000 0.0033340119597269 -0.2384819904180056
-0.5000000000000000 0.3791786876121558 0.2336290629182568
-0.5000000000000000 0.2774230865965239 0.2349191603117503
-0.5000000000000000 0.2963624512852492 0.2529918209113139
0.1109937097112219 -0.1517897218758163 -0.5000000000000000
0.5000000000000000 0.0770029008277053 0.3046653528710410
0.4886314889924669 -0.0554761650986880 0.4989770895853574
0.5000000000000000 -0.2244926953419893 -0.0393799446582722
0.5000000000000000 0.0784317763015271 0.2995045080783887
-0.5000000000000000 0.1982028047391439 -0.1111194209979964
0.5000000000000000 0.0903451714730942 0.3042890342343416
0.5000000000000000 -0.0995712762745518 0.3094450598451711
0.5000000000000000 0.0503177203822727 0.3177220865319544
0.5000000000000000 0.0591176630671795 0.2846478296160005
0.5000000000000000 0.1129035837014902 0.2274626234202995
0.5000000000000000 0.2155691164628766 0.3147349369609224
0.5000000000000000 0.1050483596552952 0.3018967757220862
-0.5000000000000000 0.4614518091721778 0.0697226940137919
-0.5000000000000000 -0.1220657464620479 -0.0135051888431811
-0.5000000000000000 -0.2065164036826381 -0.0792812769675776
-0.5000000000000000 -0.1154000598639201 -0.1243136833276687
-0.4153518550265566 0.3201877572015959 0.5000000000000000
-0.2859724972288366 0.4122335743748359 0.5000000000000000
-0.5000000000000000 -0.2051138685651421 0.3402929344588480
-0.5000000000000000 -0.2925280357553062 0.3132807040541918
0.3184889609688909 -0.3111362393719586 -0.5000000000000000
0.2701758527238354 -0.3397598800908080 -0.5000000000000000
0.5000000000000000 -0.0984665991639113 -0.3244495118619483
0.5000000000000000 -0.0990868827093905 -0.3825046052649362
0.4560909113110480 -0.1688566712018540 -0.5000000000000000
-0.5000000000000000 -0.2091783043133993 0.2337706583111130
-0.5000000000000000 -0.0889394927758270 0.1025368180759292
-0.2710216350199570 0.5000000000000000 0.4753932713772950
-0.1142941620328408 0.3244934435942718 0.5000000000000000
-0.5000000000000000 0.2792627370350240 0.4642699248022293
-0.2317837664980225 0.1726518739972889 0.5000000000000000
-0.5000000000000000 0.2801745800563573 0.3579593263240686
0.0110988857867881 0.1826539196671542 0.5000000000000000
-0.4914397345888498 0.3665212151905378 0.5000000000000000
0.5000000000000000 -0.2827105049051458 -0.3129907726902648
0.5000000000000000 -0.3922684594263310 0.0037456219562522
-0.1209377069555342 0.4171121221499821 0.5000000000000000
0.1657506876751434 0.3732563370385046 0.5000000000000000
0.5000000000000000 0.3513565421359103 0.2461220837020597
-0.2067946384421005 -0.5000000000000000 -0.2442579479329617
-0.0952252283147212 -0.5000000000000000 -0.2964905599175578
-0.2129021214314257 -0.5000000000000000 -0.2347178057041788
-0.2284837766374611 -0.5000000000000000 -0.2594493286313578
-0.2171898461916459 -0.5000000000000000 -0.2424998984045895
0.5000000000000000 0.2856573353842504 -0.2881129099018751
-0.4967064859350456 -0.0054077622941059 -0.0722083231485692
-0.5000000000000000 -0.4354640547012344 0.2046945575530550
-0.5000000000000000 -0.4369963641413670 0.2044305382755748
-0.5000000000000000 -0.4371931886584766 0.2066963222488359
-0.5000000000000000 -0.4368201163795068 0.2029397200119596
-0.5000000000000000 -0.4355335131582689 0.2037880590242627
0.5000000000000000 0.4462514509073957 0.2207183094973705
-0.2581382517685004 0.5000000000000000 -0.3236683742416361
-0.2501295021124929 0.5000000000000000 -0.2866270741702328
-0.2566042214063788 0.5000000000000000 -0.3077556210071269
-0.2572283578803403 0.5000000000000000 -0.3145359388601358
-0.2412623889008594 0.5000000000000000 -0.3017672752148142
0.2733161335041814 0.4980144003046325 -0.2546190853882911
-0.4767435750277190 0.0240975382077650 -0.5000000000000000
0.2962148850253130 -0.2664631381855407 -0.5000000000000000
0.4174251024042779 -0.2371083344824321 -0.5000000000000000
0.3553705492808590 -0.2941180579038952 -0.5000000000000000
0.5000000000000000 -0.3194383089490445 -0.4980778292743791
0.3021328549914143 -0.3112824687470321 -0.5000000000000000
-0.5000000000000000 -0.2206182841898687 0.2767059783441614
-0.3682306857821434 -0.2088409669230881 0.5000000000000000
-0.5000000000000000 -0.0324636673640680 -0.0566343046533821
-0.5000000000000000 0.3252545056988100 0.0301780033110412
-0.5000000000000000 0.3926795866122107 0.1185222811009395
-0.5000000000000000 0.2849177943517251 0.1453116820684900
-0.5000000000000000 0.4375047201334262 0.1478810288662809
0.1099251914777422 0.5000000000000000 -0.0746168526707221
-0.1010490513427955 0.5000000000000000 -0.0115564799851191
-0.0348194799107665 -0.3670662924941840 0.5000000000000000
0.5000000000000000 -0.3942741711157616 -0.4672320800538893
-0.1215332583098365 0.5000000000000000 -0.4058379597450859
-0.2158886177787278 0.4616771079765303 -0.5000000000000000
-0.5000000000000000 0.0344688210474623 0.3614057421659957
0.3178852933429782 0.1769479354340695 -0.5000000000000000
-0.0172234721401214 -0.0014949600217719 -0.5000000000000000
-0.5000000000000000 -0.2482812746886396 -0.2462218930797859
-0.5000000000000000 -0.2251823629275445 -0.3276343287724213
0.5000000000000000 0.3458929306417569 -0.4151392027929174
0.5000000000000000 0.4222058533556581 -0.4508274855691791
0.5000000000000000 0.4102169670639172 -0.3759000621095603
-0.0845206969381432 -0.5000000000000000 -0.2260054697706696
-0.5000000000000000 0.1585472918801158 -0.1689045914194788
-0.5000000000000000 0.1307060603321336 -0.2318831159687496
-0.5000000000000000 0.0914069855469937 -0.2202729652557219
-0.5000000000000000 0.0280708641738190 -0.2009050264749163
-0.5000000000000000 0.1532050350872092 -0.2506805900723655
-0.5000000000000000 -0.0284640876304162 -0.1960112029705352
-0.5000000000000000 -0.0928558637509400 -0.1813998657111942
-0.5000000000000000 -0.3686371003569238 0.3243552104002409
-0.5000000000000000 -0.4481842461445675 0.3172507928411720
-0.5000000000000000 -0.4949403685439691 -0.3552497312957077
0.5000000000000000 0.2939183850567243 0.1999651790314089
0.5000000000000000 0.3331948962133562 0.2443626527053006
-0.1544674111420292 -0.5000000000000000 -0.0687406853583719
-0.0018172702391110 -0.5000000000000000 0.0002593702802596
0.5000000000000000 0.2580326768237211 -0.2476522838567684
0.0696495838201814 -0.4956464055900177 -0.3666709459640226
-0.1225878204312615 -0.5000000000000000 -0.1206221356092324
0.5000000000000000 -0.1119233524224542 0.3091434630070513
0.5000000000000000 -0.1108935441345545 0.3110836013162811
-0.1908609030446585 0.0856515416281319 0.5000000000000000
0.0113620118895366 0.1434254115403746 0.5000000000000000
-0.2078344930006778 0.0053440591083981 0.5000000000000000
0.3516221241843721 -0.5000000000000000 -0.0236840987406148
0.1878304823744447 -0.5000000000000000 0.0094345950789506
0.5000000000000000 0.2274444840559331 -0.4873348552060137
0.2747510137939480 0.2176946808160056 -0.5000000000000000
0.4054904759258912 0.2330577986114039 -0.5000000000000000
0.1228582894168242 0.2548689241930725 -0.5000000000000000
0.5000000000000000 -0.1687286060390956 0.1104553840498724
0.5000000000000000 -0.2395041972233745 0.3159207942255876
0.5000000000000000 -0.2487880556382376 0.2027892739362666
0.1073116205804143 -0.2230161904195800 -0.5000000000000000
0.1169081845272295 -0.1575373280562780 -0.5000000000000000
0.2236501269063300 -0.2069554346631267 -0.5000000000000000
-0.5000000000000000 -0.2681237750859625 0.2719838608270987
-0.5000000000000000 -0.3430208528328511 0.3116726856657702
-0.1235842002365120 0.5000000000000000 -0.1138075884707970
0.0950219638260705 0.5000000000000000 -0.0808180574930174
-0.1081393400918732 0.5000000000000000 -0.0237802340795705
-0.2173276811217606 0.5000000000000000 -0.0382292481070070
-0.2429271863376324 -0.5000000000000000 -0.0347015827376175
-0.1040292018985951 -0.5000000000000000 0.0342684913442239
-0.2670688780839224 -0.5000000000000000 0.1314475733824292
-0.3503017882935270 -0.5000000000000000 0.0548606186545212
-0.5000000000000000 -0.0066573156874208 0.4939873828640639
-0.5000000000000000 0.2448584651447428 -0.1357568207137537
-0.5000000000000000 0.2830140942677407 -0.1057741109064859
-0.5000000000000000 0.2544137444946051 -0.2075089560175192
-0.5000000000000000 0.4160596727487206 -0.2657416352295403
0.0892331799681177 0.2570999862066706 -0.5000000000000000
-0.5000000000000000 0.2373122661955521 0.4440042882690051
0.4991122381957743 -0.4165918773351174 -0.0587929827341400
-0.5000000000000000 -0.0252047231305359 -0.2034988637651986
0.5000000000000000 0.4994711429066095 0.3984260628040309
0.5000000000000000 -0.3955199909479748 -0.1128147205075313
-0.5000000000000000 -0.1045464299346063 -0.0140927271436206
0.4087001689693782 0.5000000000000000 0.2620115443502650
-0.5000000000000000 0.0177619385784019 -0.3113913849091704
0.5000000000000000 -0.0860632268970427 0.3658465737457055
0.5000000000000000 0.0807335234004391 -0.1287272051058655
0.5000000000000000 0.0705721296274799 -0.0624146131577429
-0.5000000000000000 0.2387077819128613 -0.1129968102495157
0.5000000000000000 0.4993746862160404 -0.4669180592396529
0.5000000000000000 0.2378487800763588 -0.2353361780665447
0.5000000000000000 0.2556005617921523 -0.2317771652773569
0.5000000000000000 0.2297655720448901 -0.2566455505005605
0.5000000000000000 0.2381804311258099 -0.2417038454525812
0.5000000000000000 0.2430633165569510 -0.2426148726701413
0.5000000000000000 0.2421062965834657 -0.2137924559843225
0.5000000000000000 0.2516013398395767 -0.2240408742447250
0.5000000000000000 0.2525031617463347 -0.2514908247628581
0.5000000000000000 0.2512760457351661 -0.2363451789863689
0.5000000000000000 0.2455656053184077 -0.2303994432661729
0.5000000000000000 -0.4356879521269499 -0.4422165040167900
0.5000000000000000 0.1095609173825463 -0.2050303846441492
-0.2948551961287229 0.5000000000000000 0.1408641981019124
-0.1653089771146943 0.5000000000000000 0.0403495428097880
-0.2665174107698879 0.5000000000000000 0.0735194669516614
0.4914299366182749 -0.0515923487480407 -0.1435254925909523
0.5000000000000000 0.0716591089130854 -0.2034202275043618
-0.5000000000000000 -0.3391117633098108 -0.0559385895661815
-0.5000000000000000 -0.3568249688866239 -0.0362637786830452
-0.5000000000000000 -0.2889440419345997 -0.0907419628912596
0.5000000000000000 0.3483565409870598 -0.0803854442351142
-0.5000000000000000 0.0343167288107844 -0.0028388410826484
-0.5000000000000000 0.0519829319709491 -0.0054851103826908
-0.5000000000000000 0.0073411307403929 0.0074362377377561
-0.5000000000000000 0.0728150197134187 0.0368923276898101
-0.5000000000000000 -0.0739629955027837 -0.0102280251774103
0.5000000000000000 -0.0853943858819747 -0.1245788223475840
0.3653692861114451 0.4213030016582119 -0.5000000000000000
0.1809320830255609 0.4098515719788973 -0.5000000000000000
0.2926411091321642 0.4896403072222477 -0.5000000000000000
0.5000000000000000 -0.1756775891432576 -0.3299598442904382
0.5000000000000000 -0.1337442510144640 -0.3189909746272352
0.5000000000000000 0.4049051569734347 0.3466952839528958
-0.0553566617874782 -0.0023900669876093 -0.5000000000000000
-0.5000000000000000 -0.3237357175381983 -0.2175070462761919
-0.5000000000000000 -0.2565481370211841 -0.1191823858000552
-0.5000000000000000 -0.1423804590152444 -0.1671491394018579
0.4977968035642051 0.3855227248580378 -0.2598921286135359
0.5000000000000000 0.4463515941608751 -0.1557636836626239
-0.5000000000000000 -0.1749574713330553 0.2548746941236598
-0.5000000000000000 -0.0544907012536630 0.2614272608809519
-0.5000000000000000 0.0001039129930671 0.3170141195257613
-0.0773939760640582 -0.0075512253779842 -0.5000000000000000
-0.0511839235769176 -0.0561829392226061 -0.5000000000000000
0.5000000000000000 0.1584196395954290 0.1374945872630320
-0.3442818788197274 0.5000000000000000 -0.1474517725978274
-0.5000000000000000 0.4578388730384184 -0.2890186308633216
0.5000000000000000 -0.3450538537426406 0.3828343515602507
0.5000000000000000 -0.4628286959983500 0.3892195589281974
0.2189449218330153 -0.5000000000000000 0.2937976814579722
0.2179822493578563 -0.5000000000000000 0.3151443139940465
0.0898087099016374 -0.5000000000000000 0.2801001002608593
0.5000000000000000 -0.4776893426068980 0.3994014831668300
0.5000000000000000 -0.1697109251566956 0.0999402385439966
-0.5000000000000000 0.3002260631559555 -0.0494637435515546
-0.5000000000000000 0.2864026741974839 -0.0808786910786988
-0.5000000000000000 0.0473182661970436 -0.4958535538116698
0.4339041338328727 -0.5000000000000000 -0.0699387563191027
-0.5000000000000000 0.4522504379808699 -0.3005622748194017
-0.5000000000000000 -0.2180856241973209 0.2359377490978727
0.5000000000000000 0.2654996243811409 -0.0407481130589134
0.5000000000000000 0.3003431045127150 -0.0464478120281560
0.5000000000000000 0.2459775668068074 -0.0210371264612996
-0.1913537811460034 -0.3440686072833976 0.5000000000000000
-0.0334720624175114 -0.2867529748033687 0.5000000000000000
0.0130039746411558 -0.4242549991859295 0.5000000000000000
0.0751349579398292 -0.3827520160494358 0.5000000000000000
-0.3400788353108843 0.1267709401192115 -0.5000000000000000
0.5000000000000000 -0.1977169708609426 0.0015524143789174
-0.2214714647655234 -0.2778361340429039 0.5000000000000000
-0.2802093112955835 -0.2224305287608052 0.5000000000000000
-0.0491630908463528 -0.2735608999995125 0.5000000000000000
-0.0774001931999645 -0.2279626896107156 0.5000000000000000
-0.5000000000000000 0.3405854002090287 -0.4522596523142097
-0.4223968162406213 0.4383223958353313 -0.5000000000000000
0.5000000000000000 -0.3325971997551087 0.4467059464079347
0.5000000000000000 -0.4388468270490005 0.4563126965529800
0.0244102504753292 -0.3070416953534051 0.5000000000000000
0.2066194259139752 -0.4200085770012269 0.5000000000000000
0.2275610595259374 -0.4026452863082923 0.5000000000000000
0.2827482690526161 -0.5000000000000000 0.4047463511971802
0.5000000000000000 -0.4539049932686762 0.4614947381864788
-0.0370400139686850 -0.3004411504365924 -0.5000000000000000
-0.0417152257307646 -0.2822336434482812 -0.5000000000000000
-0.0122358553631213 -0.1935645698908901 -0.5000000000000000
0.0191144138471877 -0.2829214555783330 -0.5000000000000000
0.3084556210145995 0.5000000000000000 -0.2545960393945471
0.5000000000000000 -0.1907842326732405 0.3671415197139601
0.5000000000000000 -0.3512433726184883 0.2112858194302492
0.5000000000000000 -0.2282284987246624 0.4510997266832094
0.5000000000000000 0.1188379345059939 -0.2613401370192110
0.5000000000000000 0.1557846577780389 -0.3458114880897981
0.1503601424985657 -0.3437181224600904 -0.5000000000000000
-0.5000000000000000 -0.2171693700526176 0.2162292883960202
-0.5000000000000000 -0.2591721867084986 0.2502420829567863
-0.2663355985375037 -0.5000000000000000 -0.0760596357692322
-0.5000000000000000 -0.4682085807590293 -0.3715613372747961
-0.5000000000000000 -0.4877307594771359 -0.4323554207782099
-0.2390662765705345 -0.3080493276879089 0.5000000000000000
-0.3010306539776550 -0.2437421032777406 0.5000000000000000
-0.0490253299091520 -0.2803075486668249 0.5000000000000000
-0.5000000000000000 -0.4765245282870702 -0.3788405220849798
-0.5000000000000000 -0.1272569952354453 0.1092771898847562
0.5000000000000000 0.2840927579041407 0.3191655597442260
0.5000000000000000 0.2953124002124201 0.3229863645730570
0.5000000000000000 0.1145685951445847 -0.2228767401725920
0.5000000000000000 0.1315092813029408 -0.1525474987985155
0.5000000000000000 0.1340924143893316 -0.1185464618502466
0.5000000000000000 0.1245113872536083 -0.1896895362822927
-0.5000000000000000 0.0813164016907594 0.3447061569611321
-0.2297132504082345 0.1319618767864809 0.5000000000000000
-0.5000000000000000 0.2361995331907669 0.3463254399888995
0.2507997435210867 -0.1591465917458756 -0.5000000000000000
0.0556083133331490 -0.1485799426184083 -0.5000000000000000
0.5000000000000000 0.1584148172494738 -0.0922657936226532
0.5000000000000000 0.1561883002580618 -0.0524893053262048
-0.3032518189364536 0.3839751351073714 -0.5000000000000000
0.4811949165059555 -0.4338184413967291 -0.5000000000000000
0.5000000000000000 -0.3660851808858209 0.2106745030661679
-0.4251927222089014 0.2404125731427388 -0.5000000000000000
-0.5000000000000000 0.2340949047066695 -0.4126550761534860
-0.5000000000000000 0.2480380319218485 -0.4188509599834248
-0.5000000000000000 0.2485498349289584 -0.3817309277233802
-0.5000000000000000 0.2576264099859358 -0.3989348555546198
-0.5000000000000000 0.4293481269017342 0.0711822590618191
-0.5000000000000000 -0.0055693835950256 0.4325335958193935
-0.5000000000000000 0.0760989696676340 -0.4922579129601040
-0.5000000000000000 0.1204206742317891 -0.4800436326164370
-0.5000000000000000 -0.4931484857650025 -0.4384314467941431
0.4870145152262407 0.4182620544752086 -0.5000000000000000
0.5000000000000000 -0.2252279623915822 0.2355152440733044
0.2086008745578250 -0.5000000000000000 0.2814976964264844
0.4593069306809694 -0.1867598443380434 -0.5000000000000000
-0.2314014415696224 0.4493222696887859 -0.5000000000000000
0.5000000000000000 -0.3525248995913139 0.1530190134359750
0.5000000000000000 -0.3498522779876125 0.0949187265695779
0.5000000000000000 -0.2251171423578460 -0.0387491376506053
0.5000000000000000 -0.2378722942740436 -0.0496896966393278
-0.5000000000000000 0.4854527066334843 0.0029853879059396
-0.5000000000000000 -0.3532153426664358 -0.2299460202159259
-0.3774918829925797 -0.5000000000000000 0.2873337017969783
-0.2578066350894282 -0.5000000000000000 0.2842394249250196
0.2423761752543339 0.3162755869482105 -0.4997306636085497
-0.1805457184114565 0.4358215095198407 0.5000000000000000
-0.1479516873149124 0.4704553566792387 0.5000000000000000
-0.3797609733495058 0.4150502059047178 0.5000000000000000
-0.2000333882383089 0.4394175604756221 0.5000000000000000
-0.5000000000000000 0.4326408290106712 0.4928872149718491
-0.4183888900762360 -0.0616520762954208 0.5000000000000000
-0.3435558928877580 -0.1520548511166919 0.5000000000000000
-0.5000000000000000 0.0233198924735002 -0.2586714615154062
0.4577155282127788 -0.1776878464564559 -0.5000000000000000
-0.4996888941594997 -0.4721058724872812 0.2647820018811163
-0.5000000000000000 -0.4364493443017607 0.3109457448776062
-0.5000000000000000 -0.3344803697031976 0.2712876434374916
0.5000000000000000 -0.1622596053078624 0.4551724352258128
-0.4444164454777202 -0.0414201164014224 0.5000000000000000
-0.3664107541920070 0.2658616297975845 -0.5000000000000000
0.0735003687583226 0.2643871840071120 -0.5000000000000000
0.0907937805251205 -0.5000000000000000 0.4218981553127304
-0.3304917781103193 0.5000000000000000 0.2189197740709789
0.5000000000000000 0.4129966578976675 0.3029057600799673
0.3435400029765233 0.4862919006789700 -0.5000000000000000
0.2672318307467776 -0.1664783647421049 0.5000000000000000
0.1412731571095082 -0.3262756207163626 -0.5000000000000000
0.2453173332681461 -0.3392251391966514 -0.5000000000000000
0.5000000000000000 0.3337090847386955 -0.3752230506269706
0.1011010278839191 0.2627709094609736 -0.5000000000000000
0.5000000000000000 -0.3327577360726319 0.1934992705001556
-0.1205988330112295 -0.2024210161765154 -0.5000000000000000
-0.0883030023440340 -0.1617150520428129 -0.5000000000000000
0.5000000000000000 -0.3932328967112249 -0.4731854860154526
0.0347101080730158 -0.4760319003613565 0.5000000000000000
0.1469780266063948 -0.5000000000000000 0.3807080805818394
-0.3472459452361049 0.4150207590357954 -0.5000000000000000
-0.3410224015888225 0.3244023824925560 -0.5000000000000000
-0.4768189281280089 -0.5000000000000000 0.2593159604467129
-0.4325917861754789 -0.5000000000000000 0.2873616646997439
0.3097748260547961 0.4984615449033232 -0.4931544876761537
0.5000000000000000 0.4842640908318105 -0.2009921219173345
-0.4114287953319257 -0.0085132078125185 0.5000000000000000
-0.5000000000000000 -0.0343494869286906 0.4848109700686000
-0.3901709920993587 -0.0200017871564773 0.5000000000000000
-0.5000000000000000 -0.0342192608500389 0.4887380200688586
-0.5000000000000000 0.4703747271749036 0.1677027342218347
-0.5000000000000000 -0.0168095108115572 -0.1865387505518887
-0.5000000000000000 -0.0708054716343323 -0.1706359946590539
-0.5000000000000000 0.2147497659999170 0.1804168389911617
-0.5000000000000000 0.1805170414537342 -0.2938671217268994
-0.5000000000000000 0.2846933560875655 0.3052886211268570
0.1756333047507735 -0.5000000000000000 0.0355363689536711
-0.5000000000000000 0.4581170126527615 -0.2975990613822636
-0.3011849388899331 -0.0995848095136434 0.5000000000000000
-0.2482403332000623 -0.0390824169727260 0.5000000000000000
0.4778248832419160 0.5000000000000000 0.1737005151214219
-0.5000000000000000 0.1942361731192913 -0.3229878191386601
0.0850289630323021 0.2533797273603594 -0.5000000000000000
0.5000000000000000 -0.3666252329860037 -0.4847898722034563
-0.5000000000000000 -0.2682018568236396 -0.0585945807119096
-0.2285428326032142 0.5000000000000000 -0.0313447820686166
-0.4592610758197186 0.5000000000000000 -0.0530623985703280
0.0487812905111434 0.1708821982632651 0.5000000000000000
-0.5000000000000000 -0.3500151796393291 0.0519912860046969
-0.2855797441372795 -0.4999928802930647 -0.3801048486195383
-0.5000000000000000 0.4664071746507981 0.1272224395571099
0.3157648502137700 -0.1518357865988565 0.5000000000000000
-0.1622734483011481 -0.5000000000000000 0.2057400226767643
0.0494203687357917 -0.5000000000000000 0.2656498274080787
-0.5000000000000000 -0.0216125491349860 -0.2090947293227315
-0.5000000000000000 0.2814028964602060 -0.3228412915006896
0.5000000000000000 0.2016976938885956 -0.0114344270682257
-0.5000000000000000 0.4212596540351213 -0.3066879991468601
0.0850786493092948 0.2564428692826814 -0.5000000000000000
0.5000000000000000 0.3660337406648422 0.3335604580407955
210 23
211 112
0 14
0 212
0 213
0 58
0 76
0 214
0 964
0 215
0 216
0 171
0 217
0 196
218 19
219 94
1 22
1 45
1 46
1 220
1 87
1 104
1 110
1 119
1 139
1 150
1 158
1 180
1 185
1 194
1 203
221 10
222 174
2 28
2 55
2 223
2 224
2 103
2 116
2 225
2 226
2 162
2 192
2 227
2 207
3 228
3 16
3 20
3 30
3 44
3 48
3 229
3 230
3 231
3 132
3 232
3 336
3 181
4 12
4 15
4 39
4 512
4 65
4 70
4 82
4 86
4 91
4 118
4 233
4 154
4 160
4 168
4 187
4 188
4 201
5 38
5 44
5 234
5 61
5 79
5 81
5 235
5 89
5 236
5 237
5 120
5 1027
5 1000
5 161
5 238
5 239
5 179
5 240
6 12
6 32
6 241
6 63
6 90
6 99
6 151
6 242
6 168
6 187
6 243
244 19
245 25
246 142
247 11
7 13
7 248
7 28
7 31
7 64
7 249
7 80
7 82
7 88
7 851
7 96
7 123
7 126
7 131
7 140
7 154
7 170
7 189
7 201
250 76
251 79
252 161
253 196
254 13
255 208
256 49
257 125
258 205
8 44
8 259
8 48
8 590
8 66
8 260
8 261
8 113
8 262
8 142
8 263
8 264
8 336
8 92
9 265
9 266
9 42
9 50
9 267
9 268
9 151
9 269
9 270
9 187
9 271
9 188
9 195
9 197
10 272
10 273
10 274
10 275
10 276
10 277
10 278
10 279
10 280
10 281
10 282
10 114
10 141
10 148
10 283
10 57
10 164
10 284
10 285
10 286
10 287
10 174
10 288
10 191
289 358
290 107
291 964
292 147
294 11
295 13
296 80
297 177
298 208
11 13
11 299
11 300
11 50
11 301
11 302
11 303
11 304
11 305
11 306
11 307
11 308
11 99
11 309
11 310
11 311
11 312
11 313
11 160
11 167
11 314
11 177
11 315
11 197
11 316
11 317
12 318
12 512
12 50
12 319
12 320
12 63
12 321
12 86
12 94
12 99
12 322
12 323
12 324
12 160
12 167
12 168
12 325
12 187
12 326
12 327
12 208
328 189
13 329
13 31
13 330
13 331
13 80
13 82
13 86
13 332
13 333
13 154
13 160
13 177
13 334
13 197
13 208
335 16
14 337
14 34
14 338
14 339
14 58
14 340
14 341
14 964
14 145
14 342
14 171
14 343
14 1215
14 196
14 344
15 18
15 19
15 21
15 26
15 35
15 39
15 56
15 62
15 65
15 70
15 91
15 96
15 118
15 345
15 346
15 165
15 168
15 201
347 208
348 51
349 105
350 175
351 31
352 80
353 82
354 170
355 189
356 131
357 34
359 147
16 20
16 30
16 360
16 361
16 362
16 363
16 364
16 365
16 132
16 366
16 367
16 368
16 336
16 181
16 369
16 370
16 371
16 206
372 167
17 18
17 35
17 40
17 42
17 70
17 71
17 74
17 91
17 98
17 133
17 134
17 373
17 166
17 168
374 29
375 32
376 36
377 193
18 26
18 35
18 40
18 71
18 91
18 133
18 134
18 165
19 378
19 25
19 35
19 40
19 590
19 62
19 63
19 66
19 379
19 94
19 380
19 113
19 381
19 382
19 383
19 134
19 159
19 168
384 94
385 23
386 112
387 157
388 1154
389 172
20 30
20 44
20 48
20 57
20 68
20 113
20 132
20 144
20 390
20 391
20 392
20 336
20 393
20 394
20 198
20 206
21 26
21 46
21 62
21 65
21 93
21 96
21 118
21 121
21 127
21 135
21 139
21 153
21 178
21 194
21 201
395 109
396 122
397 440
398 155
399 156
400 180
401 185
402 209
22 23
22 403
22 404
22 405
22 406
22 87
22 97
22 407
22 112
22 117
22 408
22 130
22 158
22 409
22 185
22 410
22 203
22 204
411 77
412 106
413 151
414 674
23 415
23 416
23 100
23 417
23 112
23 418
23 124
23 419
23 158
23 420
23 172
23 421
23 190
422 142
24 423
24 51
24 424
24 105
24 136
24 425
24 155
24 169
24 175
24 426
24 202
427 73
428 122
429 440
430 173
25 35
25 45
25 47
25 56
25 62
25 66
25 92
25 431
25 1027
25 432
25 142
25 433
25 165
25 92
434 103
435 177
436 195
437 197
438 29
439 143
441 156
26 56
26 62
26 65
26 71
26 91
26 108
26 121
26 133
26 135
26 139
26 165
26 178
27 442
27 443
27 105
27 444
27 445
27 1154
27 169
27 172
27 175
27 446
27 447
27 1190
28 55
28 448
28 96
28 449
28 116
28 131
28 154
28 162
28 450
28 189
28 192
28 451
28 452
28 207
29 32
29 36
29 453
29 102
29 111
29 454
29 143
29 455
29 456
29 183
29 457
29 458
459 116
460 202
30 44
30 461
30 48
30 462
30 463
30 464
30 115
30 465
30 466
30 181
30 186
30 467
30 468
30 198
30 205
30 206
469 42
470 65
471 91
472 188
473 195
474 197
31 475
31 476
31 82
31 851
31 477
31 478
31 126
31 479
31 208
32 36
32 480
32 63
32 481
32 482
32 90
32 483
32 111
32 864
32 484
32 485
32 486
32 159
32 487
32 488
32 489
32 490
32 193
32 491
32 492
33 44
33 493
33 54
33 67
33 494
33 495
33 115
33 120
33 1000
33 146
33 179
33 181
34 496
34 497
34 358
34 53
34 58
34 59
34 498
34 499
34 89
34 500
34 107
34 964
34 145
34 501
34 147
34 161
34 163
34 173
34 502
34 503
34 504
34 184
34 1215
505 55
506 80
507 189
508 207
510 103
511 39
513 82
514 160
515 208
35 40
35 56
35 62
35 66
35 91
35 516
35 134
35 165
35 168
517 131
518 170
519 182
520 101
521 161
522 196
523 191
36 524
36 48
36 63
36 72
36 98
36 102
36 111
36 129
36 138
36 143
36 159
36 166
36 525
36 183
36 193
36 526
527 964
528 145
529 147
530 1215
37 43
37 531
37 67
37 79
37 81
37 85
37 532
37 533
37 534
37 120
37 1000
37 535
37 536
37 537
538 155
38 53
38 61
38 78
38 539
38 84
38 540
38 89
38 541
38 97
38 542
38 1027
38 543
38 161
38 544
38 200
545 42
546 98
547 129
548 149
39 512
39 62
39 64
39 549
39 82
39 86
39 851
39 550
39 118
39 551
39 140
39 154
39 160
39 552
39 553
39 201
40 63
40 98
40 113
40 134
40 138
40 159
40 165
40 166
40 168
554 97
555 130
556 152
557 203
41 56
41 71
41 74
41 75
41 95
41 908
41 108
41 110
41 121
41 128
41 178
41 558
41 559
42 560
42 65
42 71
42 91
42 98
42 106
42 127
42 129
42 561
42 151
42 562
42 563
42 564
42 166
42 565
42 188
43 67
43 79
43 81
43 85
43 89
43 107
43 566
43 120
43 137
43 179
43 184
44 48
44 54
44 66
44 67
44 92
44 567
44 113
44 115
44 120
44 134
44 1000
44 568
44 569
44 336
44 92
44 179
44 181
570 79
571 81
572 120
512 94
512 573
512 160
512 168
512 208
574 102
575 106
576 129
577 674
578 183
579 77
580 151
581 674
45 46
45 47
45 56
45 62
45 87
45 582
45 583
45 1027
45 135
45 139
45 150
45 153
46 87
46 88
46 96
46 100
46 104
46 124
46 135
46 139
46 150
46 153
46 158
46 190
46 194
46 201
584 170
585 176
586 67
587 107
588 146
589 181
591 142
592 101
593 171
594 196
595 170
596 176
47 56
47 61
47 78
47 84
47 87
47 597
47 92
47 97
47 110
47 1027
47 135
47 139
598 51
599 105
600 155
601 175
509 65
509 93
509 103
509 118
509 127
509 162
509 192
509 195
602 73
603 130
604 440
605 145
606 173
607 72
608 141
609 143
610 144
611 193
612 1164
613 49
614 788
615 125
616 146
617 181
618 198
619 205
620 76
621 83
622 155
623 156
624 169
625 204
626 87
627 97
628 150
629 158
48 57
48 66
48 68
48 72
48 113
48 115
48 134
48 138
48 630
48 149
48 159
48 631
48 336
48 186
48 198
48 199
48 206
632 161
633 293
634 60
635 105
636 920
637 169
638 172
639 182
640 1190
49 641
49 68
49 642
49 643
49 644
49 149
49 645
49 186
49 646
49 198
49 647
49 199
49 205
648 174
649 93
650 109
651 121
652 127
653 178
50 654
50 86
50 99
50 151
50 160
50 167
50 655
50 187
50 195
50 197
656 132
657 336
658 102
659 114
660 148
661 177
51 662
51 663
51 105
51 131
51 136
51 169
51 182
51 202
51 664
52 358
52 665
52 59
52 788
52 125
52 128
52 666
52 146
52 163
52 667
52 668
52 184
52 669
670 132
671 144
672 174
673 77
675 293
358 676
358 59
358 677
358 788
358 678
358 147
358 163
358 679
680 97
681 123
682 170
683 176
53 58
53 59
53 75
53 78
53 84
53 89
53 110
53 119
53 137
53 145
53 152
53 161
53 173
53 184
53 200
684 193
685 788
686 125
687 146
293 688
293 689
293 920
293 157
293 172
293 1049
293 1190
293 690
293 691
692 160
693 167
694 208
54 61
54 67
54 74
54 75
54 78
54 92
54 108
54 115
54 125
54 128
54 137
54 146
54 92
54 179
54 184
695 142
696 81
55 80
55 86
55 103
55 118
55 697
55 154
55 698
55 162
55 177
55 699
55 189
55 207
56 61
56 62
56 66
56 75
56 78
56 92
56 108
56 110
56 121
56 133
56 135
56 139
56 165
56 92
56 178
57 68
57 72
57 114
57 132
57 141
57 144
57 700
57 148
57 174
57 206
701 164
702 1164
703 198
58 76
58 79
58 704
58 85
58 89
58 107
58 964
58 145
58 161
58 171
58 184
705 167
590 66
590 706
590 113
590 707
590 708
590 336
709 143
59 710
59 75
59 711
59 107
59 110
59 119
59 128
59 137
59 163
59 173
59 712
59 184
59 713
60 69
60 88
60 96
60 104
60 116
60 117
60 123
60 131
60 136
60 1154
60 169
60 172
60 182
60 190
60 192
60 714
60 204
61 78
61 84
61 89
61 92
61 1027
61 137
61 715
61 179
716 207
717 1000
718 181
719 167
720 63
721 90
722 111
62 723
62 1027
62 724
62 135
62 153
62 725
62 201
63 726
63 90
63 727
63 94
63 728
63 111
63 729
63 159
63 166
63 168
63 730
63 187
64 82
64 86
64 851
64 118
64 140
64 154
64 201
731 167
732 155
733 202
65 70
65 71
65 86
65 91
65 93
65 96
65 118
65 121
65 127
65 734
65 188
65 195
66 92
66 108
66 113
66 115
66 133
66 735
66 134
66 142
66 165
66 92
67 107
67 736
67 737
67 120
67 1000
67 137
67 146
67 179
67 184
67 738
739 74
740 95
741 149
742 186
743 205
744 73
745 110
746 119
747 122
748 128
749 173
750 209
751 73
752 83
753 130
754 440
755 156
756 185
68 757
68 72
68 758
68 114
68 138
68 149
68 57
68 164
68 186
68 191
68 198
68 199
68 205
68 206
759 73
760 122
761 173
762 131
763 207
764 864
765 159
766 193
69 93
69 96
69 109
69 116
69 117
69 136
69 178
69 180
69 192
69 194
69 202
69 204
70 90
70 91
70 166
70 168
70 187
70 188
767 116
768 202
769 181
770 196
771 851
772 124
773 126
774 140
775 170
776 176
777 132
778 57
779 164
780 174
781 198
782 206
71 74
71 91
71 98
71 108
71 121
71 127
71 133
71 783
71 784
785 144
786 94
787 113
72 789
72 102
72 114
72 138
72 141
72 143
72 144
72 790
72 148
72 159
72 791
72 193
72 199
792 144
793 193
794 198
73 83
73 119
73 122
73 130
73 440
73 795
73 156
73 173
73 796
73 203
74 95
74 98
74 108
74 115
74 128
74 133
74 134
74 149
74 797
74 186
74 798
799 150
75 78
75 84
75 108
75 110
75 119
75 128
75 137
75 173
75 179
75 800
801 124
802 150
803 112
76 79
76 804
76 85
76 805
76 89
76 806
76 161
76 171
76 196
77 90
77 99
77 106
77 111
77 807
77 151
77 808
77 674
77 809
810 114
811 191
78 84
78 89
78 92
78 108
78 110
78 137
78 179
79 81
79 812
79 85
79 813
79 89
79 814
79 815
79 161
79 171
79 816
79 817
79 818
79 196
819 105
820 140
821 155
822 177
80 823
80 86
80 103
80 824
80 154
80 177
80 189
80 207
81 825
81 89
81 120
81 1000
81 826
827 94
828 177
829 788
788 830
788 125
788 146
788 163
82 86
82 851
82 154
82 160
82 831
82 208
83 122
83 130
83 155
83 156
83 169
83 185
83 832
83 204
833 147
84 87
84 834
84 97
84 110
84 119
84 1027
84 152
84 173
84 200
84 203
835 161
836 85
85 837
85 89
85 838
85 107
85 839
85 964
85 840
85 184
86 103
86 118
86 154
86 160
86 177
86 187
86 188
86 195
86 197
87 841
87 97
87 110
87 139
87 150
87 203
88 96
88 100
88 104
88 123
88 124
88 126
88 140
88 153
88 842
88 190
88 201
89 843
89 120
89 137
89 161
89 179
89 184
844 164
845 1164
846 191
90 106
90 111
90 151
90 847
90 166
90 168
90 187
90 188
90 848
849 208
850 144
852 125
853 186
854 205
855 155
91 166
91 168
91 188
856 97
857 1027
858 150
859 177
860 195
861 197
851 126
851 140
862 152
863 94
92 108
92 1027
92 133
92 142
92 865
92 179
866 94
93 96
93 109
93 116
93 118
93 121
93 867
93 127
93 162
93 178
93 192
93 194
868 94
94 869
94 870
94 871
94 872
94 873
94 159
94 168
94 874
875 207
95 108
95 125
95 128
95 186
95 876
95 877
95 878
96 104
96 117
96 118
96 123
96 131
96 153
96 154
96 162
96 182
96 190
96 192
96 194
96 201
879 99
880 167
881 102
882 114
883 101
884 171
97 885
97 130
97 152
97 886
97 887
97 200
97 203
98 102
98 129
98 134
98 138
98 888
98 149
98 889
98 159
98 166
890 167
99 891
99 892
99 151
99 893
99 167
99 894
99 187
99 895
99 896
897 161
898 181
899 167
900 208
901 208
902 107
903 964
904 146
905 147
906 163
100 104
100 123
100 124
100 126
100 158
100 172
100 1049
100 907
100 190
909 114
910 164
911 191
912 198
913 199
914 208
915 105
916 131
917 136
918 169
919 182
921 440
101 922
101 145
101 152
101 161
101 923
101 171
101 924
101 925
101 196
101 926
102 114
102 129
102 138
102 143
102 927
102 148
102 928
102 183
102 199
908 121
908 127
908 178
908 929
103 118
103 930
103 931
103 162
103 177
103 932
103 933
103 195
103 197
934 170
935 189
936 141
104 117
104 124
104 158
104 185
104 190
104 194
937 196
105 938
105 939
105 169
105 175
105 182
106 111
106 129
106 151
106 940
106 166
106 674
106 183
941 112
942 130
943 128
944 173
945 112
946 157
947 172
107 948
107 964
107 146
107 147
107 163
107 184
108 110
108 115
108 121
108 128
108 133
108 134
108 92
108 178
109 116
109 949
109 950
109 951
109 178
109 180
109 194
109 952
109 953
109 202
109 209
110 119
110 139
110 178
110 954
110 203
110 955
956 114
957 191
958 147
959 160
960 208
961 146
962 181
963 124
965 146
966 113
967 159
111 129
111 968
111 166
111 674
111 183
111 969
111 970
971 1000
972 181
112 117
112 973
112 157
112 158
112 974
112 1154
112 172
112 975
112 190
112 976
113 977
113 134
113 138
113 978
113 159
113 336
113 979
980 145
981 152
982 161
114 983
114 148
114 57
114 164
114 984
114 191
114 199
985 131
986 170
987 189
988 207
989 146
990 181
991 198
992 205
993 674
115 125
115 128
115 134
115 146
115 92
115 181
115 186
115 205
116 994
116 131
116 995
116 136
116 192
116 996
116 202
116 997
117 136
117 158
117 169
117 172
117 180
117 185
117 190
117 194
117 998
117 204
999 151
118 154
118 162
118 188
118 195
118 201
119 122
119 130
119 139
119 173
119 178
119 180
119 185
119 1001
119 203
119 209
1002 208
120 1000
120 179
120 1003
964 147
964 1215
864 193
121 127
121 178
121 1004
1005 208
122 130
122 440
122 156
122 1006
122 173
122 185
122 203
122 209
1007 159
123 126
123 131
123 920
123 170
123 172
123 1049
123 176
123 182
123 190
123 201
1008 150
1009 153
1010 192
1011 157
124 1012
124 126
124 1013
124 140
124 1014
124 150
124 1015
124 153
124 158
124 1016
124 1017
124 1049
124 1018
124 1019
124 1020
124 1021
1022 196
1023 150
1024 177
1025 189
1026 207
1028 150
125 128
125 1029
125 146
125 186
125 1030
125 1031
125 205
126 140
126 170
126 1049
126 1032
126 176
126 201
127 1033
127 1034
127 1035
127 1036
127 1037
1027 142
1027 150
1027 1038
1039 157
1040 172
1041 1190
1042 161
1043 200
1044 208
1045 130
128 137
128 146
128 1046
128 184
128 186
128 1047
128 1048
1050 176
129 1051
129 149
129 1052
129 1053
129 166
129 183
130 1054
130 152
130 173
130 185
130 1055
130 203
1056 168
131 136
131 170
131 182
131 189
131 192
131 1057
131 1058
132 144
132 1059
132 1060
132 1061
132 336
132 174
132 1062
132 1063
132 206
132 1064
133 134
133 165
133 92
1065 142
1066 162
1067 192
134 138
134 149
134 165
134 92
134 186
135 139
135 153
135 194
440 156
440 1068
1000 1069
1000 181
136 169
136 182
136 202
136 204
136 1070
137 179
137 184
138 1071
138 149
138 159
138 186
138 199
139 178
139 180
139 194
140 153
140 1072
140 1073
140 1074
140 201
141 144
141 148
141 57
141 1075
141 1076
141 1077
141 174
141 1078
1079 156
142 1080
142 92
143 148
143 1081
143 1082
143 1083
143 1084
143 193
1085 155
1086 175
144 1087
144 1088
144 1089
144 1090
144 174
144 1091
144 1092
144 1093
145 1094
145 152
145 161
145 171
145 173
145 1095
145 1096
145 200
145 1097
920 170
920 172
920 1049
920 176
920 182
920 190
920 1098
1099 159
1100 336
1101 193
1102 150
1103 158
1104 171
1105 149
1106 199
146 163
146 1107
146 181
146 184
146 205
147 1108
147 1109
147 163
147 1215
148 57
148 1110
148 1111
148 1112
1113 1215
149 1114
149 186
149 199
1115 160
1116 208
150 1117
150 153
150 158
150 1118
150 1119
150 1120
151 1121
151 1122
151 166
151 1123
151 187
151 188
152 161
152 1124
152 173
152 1125
152 200
152 203
153 1126
153 1127
153 201
1128 175
154 162
154 189
154 201
1129 196
1130 336
155 156
155 169
155 175
155 180
155 185
155 1131
155 1132
155 1133
155 1134
155 202
155 204
155 1135
1136 207
1137 674
156 1138
156 185
156 1139
1140 1215
157 1154
157 1141
157 172
157 1190
158 172
158 185
158 190
159 166
159 1142
159 193
1143 206
160 167
160 197
160 208
161 1144
161 171
161 196
161 200
1145 175
1146 336
1147 181
1148 92
1149 179
1150 207
162 189
162 192
162 207
163 1151
163 184
57 164
57 174
57 206
164 1152
164 1164
164 191
164 1153
164 198
164 206
166 168
166 188
167 1155
167 1156
167 1157
167 208
167 1158
167 1159
1160 674
1161 183
1162 209
1163 200
168 187
1165 191
1166 199
1167 193
1154 169
1154 172
1154 1190
1168 674
169 172
169 175
169 182
169 1169
169 202
169 1170
169 204
1171 174
1172 177
1173 208
1174 1190
1175 193
170 176
170 182
170 189
171 1176
171 196
171 1177
172 1049
172 1178
172 182
172 190
172 1179
172 1190
336 1180
1049 176
1049 190
173 1181
173 1182
173 203
1183 196
1184 174
174 1185
174 206
175 1186
175 1187
92 179
1188 1164
1189 191
176 1191
674 183
674 1192
674 1193
674 1194
674 1195
177 1196
177 197
178 180
178 194
178 1197
178 1198
178 209
179 184
1199 195
180 185
180 194
180 1200
180 202
180 204
180 209
1201 197
181 1202
181 205
182 190
182 1203
183 1204
183 1205
1206 208
1164 191
1164 198
185 194
185 1207
185 1208
185 203
185 204
185 209
1209 196
186 198
186 199
186 1210
186 205
1211 189
1212 207
187 188
187 1213
187 195
187 197
1214 205
188 195
1216 207
189 207
191 199
193 1217
195 197
1218 198
1219 206
1220 209
198 205
198 206
1221 202
1222 201
202 204
202 1223
1224 204
203 209
1225 208
