1265 2214 0
-0.4781235139119155 0.1049370307651244 0.4444145632855684
-0.2822888402151891 -0.1329348384041772 0.2238330869455824
-0.1970709702894309 -0.0097564998936190 -0.2349014299972756
-0.4214860100773781 -0.4536390868910112 -0.2621704627159882
0.1461136048842794 0.1693493746713307 -0.0621787706127508
0.1127051038831596 -0.3538716375881532 0.2436471807580412
-0.1647676922641946 0.3341182620223057 -0.4013956819357177
0.3305773000426860 -0.1354469534683031 0.4624424165224324
-0.1354081513853156 -0.3790842469548081 0.3181764191169811
-0.4455993220175650 -0.4039760419950152 0.1369160310559029
0.1855516115338524 0.3111869113396751 0.2189108376257515
-0.2930730955163391 -0.4770930956103577 0.4579428186495178
0.3176743339336204 0.0304592833670190 -0.2751159738104204
-0.1183325013959737 -0.4527511673808704 0.0563276470454533
0.1653816621046620 0.4940055002135610 -0.0910240724141931
0.3124163548068296 -0.3295389780578674 0.1043728386121478
-0.2897921461611125 0.0458330449830025 -0.2801812016567003
-0.0603054743489287 -0.3929951000229198 -0.2677047112012131
0.0918298273434901 0.2508085567850472 0.0356996458945823
-0.4862949590786970 -0.4499123236267646 -0.4366384756004525
0.0334694017011936 -0.4235193701525166 -0.1512839392803363
-0.3600146851315917 -0.2101426794506139 -0.0144487728560286
-0.2643972672921299 0.2912044650949469 0.1127886745840300
0.4492097441746885 -0.0735892535297881 0.1687414842699658
-0.1521931043294914 -0.1836095757705706 -0.2359950703247946
-0.4675749728535924 -0.0138162372551399 -0.4603122632558913
-0.3798496537750732 -0.2853976237014617 -0.2448972769116862
0.1665707147003151 0.0622639102419821 -0.1534765539189647
0.1222002887598766 -0.4998097617270856 -0.0759515302956241
-0.0875427470647656 0.3876458455687222 -0.2886167461704156
-0.1357223263405781 -0.2957345380758390 0.0901037309691352
-0.0915325956370138 -0.4472324127423085 -0.1072731372861309
-0.1119587356225046 0.2681321099287287 -0.1319490423991329
0.0151738334093407 -0.3656265115758500 -0.2276680532186422
0.3113275781377638 -0.1940587495637729 0.4756680660757456
0.3198261385789996 0.2880026845232691 -0.1851066209607004
0.0111570816818332 0.2450330899594446 -0.2852473405714388
-0.0790721019251419 0.1857536465518614 0.1841890140687620
0.1006179459336729 -0.2273260457414567 0.1190467900171103
0.3843748336368216 -0.0751360781227802 0.4462684828070679
-0.0645059768576115 -0.0674663239044060 0.0029512518505635
0.3970524974762450 0.2267190433652425 -0.3356289211741744
0.1304541329979674 -0.2239170629104886 -0.1990514868559994
0.4739310911303817 0.3561796014841186 0.2651044408533637
-0.3820473350716888 0.1931775798072615 -0.0075343055039603
-0.0025993116043631 0.2406187864427625 -0.2320743035856832
-0.3566531438599446 0.2084485028224681 -0.2903513014962106
-0.0749553300869866 -0.1318777595183081 0.1363058896174543
-0.4374331118642390 0.4828907765518843 0.3410808254567403
0.1452247155248413 -0.2338561006351727 -0.2897757097557322
0.3691099412438792 -0.4724792099367095 -0.1791440065974572
0.3289443030503129 0.0382857090772713 0.4366232276362449
-0.1584113248211851 -0.0985899576842440 0.1706211901929723
-0.0814263850146469 -0.2950997743800859 0.0187742482699431
0.1636154918384986 -0.4035110779919623 -0.1266824409556386
-0.2625576489772569 -0.2331907205320869 0.0234889194143401
0.1863127010077088 -0.0146273932180634 -0.0812086801181432
-0.1763080143464844 -0.4211286763603280 -0.1829439029813220
0.2271716457253808 -0.2213638108172617 0.1622645773492484
-0.3620692096650989 0.3593154017141711 0.2455482380647624
0.2411064858115876 -0.4776036315670213 0.4177263831858274
-0.3679100221272112 -0.1870265773791839 -0.1345390654281869
-0.2818550164889188 -0.0181364899349904 0.2896556228642400
-0.4518393827953562 -0.4251030882498835 0.4604153698685687
-0.4093570373777421 0.2635383891840195 -0.2009583406510470
-0.1624504250866477 -0.3060301545447275 -0.3623165014184825
-0.0752413183309432 -0.0011934040175514 0.2905991389104663
-0.1925692880834036 -0.3392764209174858 -0.4259755188686892
-0.1270286828536037 -0.4463104404033253 -0.0058062148600410
-0.2281378390159372 -0.3872850547205779 0.2234615883792221
-0.4087179577433861 0.0454886853750926 -0.0797372436409067
-0.0173432581184264 0.2509152955810574 -0.4886312195674294
-0.2289068392842067 -0.2971055253590369 0.4673697259305173
0.0002031170257344 -0.0044986137705640 -0.2792614613595720
0.3383443015189074 0.2760609435170916 -0.1798727225240170
-0.1772518180942961 0.4416586333333836 -0.3270000638944171
-0.1688798625955452 -0.1405366468528318 0.2317644627824187
0.2380183895249056 0.1961200948219276 0.3866194519907875
0.3850969414619048 0.2704594847540452 0.2803752729542085
0.2685168221700256 0.3141833892493129 -0.0519577150736937
-0.2643414228696127 0.1615225662274005 -0.4655147671361907
0.2688805163815379 -0.1635244717698811 -0.0242944573970399
0.4793592167056452 -0.1442064927600009 -0.3130295201772345
-0.4769611072897465 -0.4595688302127763 0.2737552799665037
-0.2032025067967447 -0.1165630977978966 -0.3717601614011133
-0.4852239669949298 0.1398455911482080 0.4675452305986554
0.0791501630430597 -0.4109273523656438 0.2122815704616751
0.1843071400893000 0.4596018933447519 0.3373334328931449
0.1535548238703778 0.4059388068847248 0.4066840876852005
0.2423964876760007 -0.1815787260848062 0.3644270798951843
-0.3244052761548038 -0.2185634518045951 -0.4005163613182298
0.0271501805491286 0.3152367270040680 -0.3819243208191103
-0.3410014030782409 0.0850986686827803 0.2900108646846151
0.2293862687556607 0.3585641643947938 0.3463259934951823
-0.4376403068686878 -0.3118404989752118 -0.1173279099407595
0.1503110640104592 0.2289218902351959 0.2801774296521043
-0.0773715096534658 0.2939364336510416 -0.1319518274201079
-0.3234726692407274 0.3742934232370619 -0.0991355487711697
0.3956047697933908 -0.0170466135406879 -0.1801919153512473
-0.1634136544759150 0.0077291089879637 0.2096307327855123
0.0849439066474960 -0.2778658457854798 -0.4123914137143158
-0.4682931745260007 0.3966502663785087 -0.2794281292794371
0.2040132318702511 -0.3258886060874007 -0.1761856487560647
0.3073308895304395 -0.1816619334721861 0.2779409005841812
0.3032639141932940 -0.2260073586293868 -0.0972251511178307
-0.3264401028733419 -0.0776780362620966 -0.3351760221893181
-0.2642561723298200 -0.4511640966166353 -0.3159489567676175
-0.2607047940747347 -0.4617204059364735 0.2187319695523503
-0.2657136242435703 -0.4244033400977409 -0.3106494558047321
-0.0209552921644969 -0.1946074724451891 0.4020528585864860
0.3044545900041613 0.1701521706565203 -0.3527287460406531
0.1787626154033669 0.2882594311838594 -0.2520728325048190
-0.3534236975938013 -0.2360571983165738 -0.3245895044729162
0.0204542510125097 0.4514114860806685 0.2805060610357264
-0.3564164625787999 -0.3982737892647469 -0.0120994367668078
0.4156258583871552 0.3282073995273648 0.1597596926144375
-0.0931389074010403 0.0682214538270286 -0.2012822640840533
0.4226118461681949 -0.0355931041981087 0.2489633721661441
0.4446584208177624 0.2519280370341117 0.1364407372831005
-0.0014075873135374 0.0393073207625342 -0.3372769252383733
0.1249613655177774 -0.2421200548680092 0.1167971193101894
-0.0454041383508813 -0.0058718466756411 0.4007151101107239
-0.0869372537912335 0.0548226656257029 -0.1642499645546637
0.3642545175286457 0.0884110901366997 0.1397494027325807
0.1594365793694189 -0.2988419134986886 0.0481279850963672
-0.4377455854345146 -0.2088430489586072 0.2515014749704764
-0.0471874514215803 -0.2701917424699860 0.0642705289350999
-0.2053762753499240 -0.3476943587880256 -0.2319630302856869
0.4290546199872327 0.4765711249560631 -0.0088678061481972
-0.4113220292704013 -0.3970720619775889 0.1218910291785470
0.1707799554396912 -0.0038071305649894 0.2619237023904751
0.1338543126857794 0.0646361411690342 0.2071664905909511
0.4246546268141547 0.3711216048763833 -0.1506543898907623
0.1878553936038335 0.4142670887789675 -0.1476976512178390
0.4439999606300085 0.0447691232813771 0.3898711582919248
-0.3969988761449865 0.1226861446174694 0.4335147211116420
-0.1553554148309092 -0.0629919156727760 0.1084976008773459
0.1934414235660314 -0.1904844418726936 -0.1390264612298545
0.2507443326506031 -0.3403979596083190 0.4001518559573445
0.0683523907807856 0.0947796453122279 -0.1264840184761223
-0.1589182142180816 0.4753893139588612 -0.1282988182510227
0.1456487803534669 0.3069172275111837 0.2208584083481413
0.0108079512300026 0.0693049568841513 -0.0275153165143056
-0.0679808812126359 -0.2878581582914340 0.1857650483571177
0.2551427044838955 0.0186283265924596 -0.2250117604800725
-0.2250562083491509 -0.0284834956405755 0.3776209944686009
0.2783865345059937 0.2963537290298710 0.2494714790781330
0.3852010261035379 -0.0214913019243872 0.0557345515821304
-0.1152950634448693 -0.2226577424907955 0.1687247471105935
0.1247948309863609 -0.2213402722251029 -0.0326024516657462
0.2724826590059938 -0.3406399849219581 -0.2454508506559251
-0.1488512507674718 0.4302739887373869 0.0892244897367528
-0.3054034356222152 0.2847344272082046 0.1910865884608927
-0.3023081599776831 -0.2836058784077381 0.2337822046576534
0.1339541600940710 0.1193876965378814 0.2199420433690510
0.0588096162237889 0.2580918724262042 -0.2118781995996959
-0.0104253157771107 -0.4755953294853003 0.2173680306097765
0.4643669328635025 0.0870423820429074 -0.2895548987477241
-0.2506173540087062 -0.2434451001253728 -0.3355145246970008
-0.0567755459121836 0.1135899964489953 -0.2504839097766935
0.1206007088798776 -0.3037808357455011 -0.2651090441805966
0.0210508470614406 0.4516958797897689 0.3767751906371495
0.2998452419742755 -0.0030554018989604 -0.1843962482374924
0.0622298838881642 0.4605077564917247 -0.1712253326164790
-0.3897385082635814 -0.4899530318270482 -0.4391739109678341
-0.1822152483315195 -0.4486032419336481 -0.3390953640008878
0.1969407806422178 -0.3143219891808673 -0.3434197465286206
0.4720196063404216 -0.1979697795964735 -0.0505808643594716
0.3521449788957376 -0.2944168975440513 -0.1391768173172916
-0.2531208147984498 0.0539485806409550 0.2202779774432261
0.2089490295894253 0.3468196412409562 0.1323789829239808
-0.0513219778073407 -0.0205422589745902 -0.3175171535965980
0.0642781460723985 -0.0749852842845011 -0.2445582129455793
0.3177842909754990 0.0702988344252825 -0.4573177091521572
0.2092072542879413 0.3803355979215953 -0.0011053708339530
0.4162111129408613 0.2607152833624559 0.2281335478472901
-0.2904344853164730 0.2330862164179396 0.2376818159772954
-0.1248220160482332 -0.3414225993080687 -0.3435771393776141
0.3656786249577665 0.2532377754485515 -0.4724316111081642
-0.3548489382248912 0.0164793543227834 0.1000133067781700
-0.0934240895132145 -0.0587553804419504 -0.4738631742033125
0.1791092514778291 -0.0382175609900068 0.1880241259478851
0.4158101948579154 -0.2441446578232955 0.0331012154015548
0.0110143458097905 0.3966286448538981 -0.4769434763029395
-0.2306885410610259 -0.3405284496072582 0.0475596767206713
0.1533701606770002 -0.1069545027860170 0.1002915589605347
0.0427585087963281 0.2214021815768495 -0.3861494890599442
0.0409534307991326 0.1592831809756464 -0.0871846261691110
0.4701471142685479 -0.0196675363545289 0.2681639545061211
0.2038606851820102 -0.0023875788542028 0.2089457142127527
-0.4808878179152802 -0.0031210510521982 0.0920562855705314
0.1348510924420655 0.0649574569738645 0.4149357754224268
0.4269400011237814 0.1436719351825580 0.2005026094111212
0.3416631163565762 -0.0010524134333074 -0.1170647624172383
0.3433744682051482 0.2572342621736128 -0.1603999379316786
0.4066265428755600 0.3873894286893352 -0.4430698499895230
-0.2403037895155728 0.2980924581998399 -0.4064597990861907
-0.1310374738870851 0.0488767667058369 -0.4353300376404654
0.0064240215041201 -0.2669181899696313 0.1930694912495361
-0.5000000000000000 0.1097878874410111 0.4182068565561074
-0.4261830724649927 0.1141222965088476 0.5000000000000000
-0.4464183708114540 0.1260491459510884 0.5000000000000000
-0.5000000000000000 0.1396279296642216 0.2885965102841286
-0.5000000000000000 -0.0355040592956235 0.3757021864977996
-0.5000000000000000 0.0947416668337653 0.4127086689626704
-0.4403078163847394 0.0662365319828409 0.5000000000000000
-0.4607470362234058 0.0566433285670493 -0.5000000000000000
-0.4771906202387943 0.0267571094973218 -0.5000000000000000
-0.4682793954810421 0.0773571039168824 -0.5000000000000000
-0.3808623299499163 0.1068462755396573 -0.5000000000000000
-0.5000000000000000 -0.1703528054099542 0.1159200421796893
-0.5000000000000000 -0.1247077953256500 0.0965556495701347
-0.1195129837799032 -0.1226156980849130 0.5000000000000000
-0.5000000000000000 -0.0971851508785562 -0.1276009797531773
-0.0016884317513572 -0.0415014530668685 0.5000000000000000
-0.0906172636580333 -0.1685241290605191 0.5000000000000000
-0.0421616655556925 -0.0749227866137190 0.5000000000000000
-0.5000000000000000 -0.1593391073756424 -0.0667177151875179
-0.3825704359105944 0.0218289287435938 -0.5000000000000000
-0.2991816788235118 -0.0512699233309201 -0.5000000000000000
-0.2913894806688901 0.0513558597265086 -0.5000000000000000
-0.0327655919091187 -0.1852002120473336 0.4978158688320863
0.0350685251963938 -0.1729429765119097 0.5000000000000000
-0.5000000000000000 -0.4659928144137311 -0.2717367459569386
-0.3510263594156630 -0.5000000000000000 -0.2841458938885213
-0.4044424642077895 -0.5000000000000000 -0.2461712207739523
-0.5000000000000000 -0.4917472761163606 -0.3380763155416475
-0.4276693499894393 -0.5000000000000000 -0.1845549913478339
-0.5000000000000000 -0.4242013213835673 -0.3718952089629167
0.3755367569146996 0.5000000000000000 -0.1895181967439185
0.3629678941260940 0.5000000000000000 -0.2384492067469384
0.3467360355169926 0.5000000000000000 -0.2360199696736646
0.3376412955069765 0.5000000000000000 -0.2579387545866682
0.3420364656977150 -0.1158792551845623 0.5000000000000000
0.1601768438285493 -0.3520157519826700 0.5000000000000000
-0.5000000000000000 -0.0105177812204578 0.0794946201287595
0.5000000000000000 0.3636602039610186 0.2731414469314334
0.5000000000000000 0.3569471579135309 0.2209661499442774
0.5000000000000000 0.2972087925370133 0.1901988874592872
0.5000000000000000 0.4486978352911702 0.1071507257523027
0.5000000000000000 -0.1421312563586591 -0.2856577323291292
-0.3938416765024924 -0.5000000000000000 -0.4537451430484066
-0.2006052724922196 0.3427696929419974 -0.5000000000000000
-0.1442126398843117 0.3110842101978343 -0.5000000000000000
-0.2104446630581722 0.2354202706631986 -0.5000000000000000
-0.2016380963733976 0.3588524272211072 -0.5000000000000000
-0.2599961755412054 0.3164260072519843 -0.5000000000000000
-0.1873175198462713 0.3540470520240863 -0.5000000000000000
-0.1509831236552809 0.4000720517351878 -0.5000000000000000
0.3429953769603497 -0.1120227463905819 0.5000000000000000
0.3654198236148970 -0.1320999346833858 0.5000000000000000
0.3447609011160798 -0.1193881302796858 0.5000000000000000
0.3168717057965257 -0.1303034217292102 0.5000000000000000
0.3129939848248869 -0.1242063288812766 0.5000000000000000
0.5000000000000000 -0.1946536357198166 0.4809904988532442
0.3353733723003992 -0.1301221526339675 0.5000000000000000
0.3401323164408656 -0.1459812677607698 0.5000000000000000
0.3669726404508855 -0.1452809702451061 0.5000000000000000
-0.2504033337707150 -0.0970046653832319 -0.5000000000000000
-0.1880319026220935 -0.0476931946420062 -0.5000000000000000
-0.1233367302258378 -0.0605853090382703 -0.5000000000000000
-0.1819064404753896 0.0146286830904913 -0.5000000000000000
-0.0507396923665400 -0.4582429071136597 0.5000000000000000
-0.0598908803877498 -0.4728324129989688 0.5000000000000000
0.3819375169647217 0.5000000000000000 -0.0945520147844430
0.2277304369954891 0.5000000000000000 -0.2488396750537787
0.1643301969008037 0.5000000000000000 -0.3804448594932685
-0.5000000000000000 0.4743846573358354 -0.3131098228457564
-0.5000000000000000 0.4717184954745979 -0.3133218045253499
-0.5000000000000000 0.4752249471635315 -0.3140980565301461
-0.1371052144789301 -0.3235948761974048 0.5000000000000000
-0.0216616318656661 -0.5000000000000000 0.4335914402364043
0.0202037774194121 -0.3186380909401403 0.5000000000000000
-0.1328126518655215 -0.3966562652562104 0.5000000000000000
-0.0672360970471606 -0.3914638043433559 0.5000000000000000
0.0376330232291572 -0.3640645966702101 0.5000000000000000
-0.4142295006514805 -0.5000000000000000 0.2100687686891476
-0.5000000000000000 -0.3622333378913564 0.1642140998957044
-0.5000000000000000 -0.4119287931960506 0.0710812431003814
-0.1600868456235986 -0.4004165637572905 0.5000000000000000
-0.5000000000000000 -0.4774387631938531 0.0634962131017979
-0.2859707377474491 -0.5000000000000000 0.3044694742837851
-0.5000000000000000 -0.4011455779928494 0.0832499666089967
0.3886424204196190 -0.0576908371212503 0.5000000000000000
0.3481139478591120 0.0287223298218167 0.5000000000000000
0.3025244778137680 -0.0009085337897704 0.5000000000000000
0.2203792592372541 0.0446602169805022 0.5000000000000000
-0.5000000000000000 0.4040219526956715 -0.3058427794750226
-0.0942713384258180 -0.0471403247678973 -0.5000000000000000
-0.5000000000000000 -0.0307458517968414 -0.4570770242262122
-0.5000000000000000 -0.0128307187457465 -0.2147911508154373
0.4213775976166018 -0.5000000000000000 -0.1443739947358488
-0.2715029846655964 -0.5000000000000000 0.4617180177991091
-0.3133982788395237 -0.5000000000000000 0.4180373477294759
-0.2795914204167116 -0.4814922039037390 0.5000000000000000
-0.3020175800445555 -0.5000000000000000 0.4618033364655205
-0.2412362805900247 -0.3838008550522158 0.5000000000000000
-0.2856856663364339 -0.4672993419487864 0.5000000000000000
-0.3450263018111389 -0.4342851501504180 0.5000000000000000
-0.2056982805599477 -0.4352315650786694 0.5000000000000000
-0.5000000000000000 -0.4900013059064615 0.3354237339410638
-0.3016688051862045 -0.5000000000000000 0.4903449188850635
-0.2659777281951858 -0.4752610192333777 0.5000000000000000
-0.2663399682066980 -0.5000000000000000 0.4270561749443214
-0.2359795620127151 -0.4886377535375468 0.5000000000000000
-0.2631296271697340 -0.4833012976929699 0.5000000000000000
-0.0315789833366543 -0.5000000000000000 0.1174115466328831
-0.0204082380957378 -0.5000000000000000 0.0700867130639553
-0.0306437914804956 -0.5000000000000000 0.1013329421459533
0.0244764206102760 -0.5000000000000000 0.1603355568939445
0.0562821918977535 -0.5000000000000000 0.2362014803331679
0.0225742880911314 -0.5000000000000000 0.0227969096248929
0.0006915609718674 -0.5000000000000000 0.1778690968785201
-0.0002331822459024 -0.5000000000000000 0.1862132873658484
-0.0778919899865632 -0.5000000000000000 0.0600697907861314
0.1332038028842704 -0.4099741449014800 -0.5000000000000000
0.1045088768809823 -0.3719831498793520 -0.5000000000000000
0.1281659847715397 -0.3974603542017208 -0.5000000000000000
0.1122574198545398 -0.3927978582230384 -0.5000000000000000
0.1249562827541915 -0.3897265076766936 -0.5000000000000000
0.1301460918553007 -0.4146863923444482 -0.5000000000000000
-0.0091128608334567 -0.0794137140871317 0.5000000000000000
0.2984366668447695 0.0164821832024284 -0.5000000000000000
0.1315061240974597 -0.0636689223647076 -0.5000000000000000
0.5000000000000000 0.0955041669744941 -0.0992654014403029
0.5000000000000000 -0.0017420089504549 -0.2277088795486349
0.1360862229275774 0.1305750690353909 -0.5000000000000000
0.2149473977570086 -0.5000000000000000 0.3694860369969741
0.1264948400392543 -0.5000000000000000 -0.0279617118303592
0.0403402346665238 -0.5000000000000000 -0.0161128920407980
-0.1090762138303102 -0.5000000000000000 0.0684728180762979
-0.3343252876523236 -0.5000000000000000 -0.0859899518401502
-0.0996912512490043 0.0599500965812961 -0.5000000000000000
-0.1073516290489518 -0.0329063826274008 -0.5000000000000000
-0.0638706187657848 0.1454584898880140 -0.5000000000000000
-0.1436834453443517 0.0581571996366995 -0.5000000000000000
0.5000000000000000 -0.1949474110596484 -0.0175669944265690
-0.3570907259342254 -0.5000000000000000 -0.4568689501357841
0.1503075757216470 0.5000000000000000 -0.1285534631872374
0.1879636822302055 0.5000000000000000 -0.0667809369821047
0.1661953062755411 0.5000000000000000 -0.0722646618633467
0.0857382273039774 0.5000000000000000 -0.1991166242508748
0.2330058281656787 0.5000000000000000 -0.0109555071497950
-0.0925077907257489 0.4967218724531869 -0.3777582570716767
0.3018275276177822 0.5000000000000000 -0.1322123757496382
0.1004124057037083 0.5000000000000000 -0.2944609116618089
0.0407129011341132 0.5000000000000000 -0.4045993571022870
0.5000000000000000 -0.0509018175547726 -0.0685270251402784
0.5000000000000000 -0.0525535219357290 -0.0163359662395420
0.5000000000000000 -0.0511455692615349 -0.0488795914596776
0.4237756262204500 -0.0797237074061548 0.5000000000000000
0.5000000000000000 -0.2850437040744994 0.3858544790588825
0.3139897075002606 -0.5000000000000000 0.2323268092914270
0.5000000000000000 -0.2451341404313805 0.2530299850045288
0.4537852413613118 -0.5000000000000000 0.1177132455539339
0.5000000000000000 -0.2249320084253956 0.4272006333298936
0.5000000000000000 -0.3160930359762198 0.3993121248367559
0.5000000000000000 -0.3665302941047336 0.2883769919520918
0.4077283540199058 -0.5000000000000000 0.2438631030195867
0.4310656243208090 0.5000000000000000 -0.4444833614120727
0.4089370074445344 0.5000000000000000 -0.4197310288629697
-0.5000000000000000 0.1139602821789995 -0.2570139597231491
-0.4040927374613653 0.0395280369560163 -0.5000000000000000
-0.5000000000000000 0.1129605933448881 -0.4240407460896638
-0.4273644703150186 0.1839449111820128 -0.5000000000000000
-0.3206915980142242 0.0686252549828248 -0.5000000000000000
-0.1103818327255538 0.1021355307095332 0.5000000000000000
0.0705601283891294 0.0931970486836851 0.5000000000000000
0.0508618199392807 0.0703524587464318 0.5000000000000000
0.1272134805023125 0.0978314968074609 0.5000000000000000
-0.0366868439108310 -0.5000000000000000 -0.2690723854474056
-0.1790550807328183 -0.4476028516064035 -0.5000000000000000
-0.0907440118859204 -0.3233031728951922 -0.5000000000000000
-0.1015557020207918 -0.5000000000000000 -0.3932087347859009
-0.1698770174590667 -0.3532133204749325 -0.5000000000000000
-0.2250723657668120 -0.4831153776643918 -0.5000000000000000
0.5000000000000000 0.3664424394364045 0.2926503092219551
-0.5000000000000000 0.0584691255928736 -0.3515237940740599
-0.5000000000000000 0.1372179228343803 -0.2050352124774149
-0.5000000000000000 0.1377622489515668 -0.2599758061962227
-0.5000000000000000 0.1574793852220304 -0.2409527151665145
-0.5000000000000000 0.1045536153655540 -0.2116982832430792
-0.5000000000000000 0.4509252362555922 0.2461055552634664
-0.5000000000000000 0.3703277567901908 0.1417113083312097
0.4538711141958951 0.4946273461949832 -0.4701136680368652
-0.5000000000000000 -0.4663038234180546 -0.4493965714702965
-0.5000000000000000 -0.4536224512794708 -0.4522739736150135
-0.5000000000000000 -0.4549181124503704 -0.4050263142193730
-0.5000000000000000 -0.4455570409068738 -0.4701538573482881
-0.5000000000000000 -0.4291250403458517 -0.4737517531442711
-0.5000000000000000 -0.4412356822316441 -0.4552677031325356
-0.5000000000000000 -0.4689184217447547 -0.4675357562954588
-0.4824190902210622 -0.3690433797453945 -0.5000000000000000
-0.5000000000000000 -0.4616348965932202 -0.4352153832751744
-0.5000000000000000 -0.4432140107689465 -0.4515101577343628
-0.5000000000000000 0.2873134177754584 -0.3632017085525133
-0.5000000000000000 0.2915559773661515 -0.3443125742186335
-0.5000000000000000 0.3040033166450962 -0.3473954135415737
-0.5000000000000000 0.3325658110092362 -0.3390516335526214
-0.0172894707359103 -0.5000000000000000 -0.2430396161770929
0.2206505338345351 0.5000000000000000 0.3952790582971110
-0.5000000000000000 -0.1112232635235106 -0.1452034510527788
-0.5000000000000000 -0.1669847142074387 -0.0818948847065034
-0.4976617463181529 0.0914623996863646 0.4686812861257411
-0.5000000000000000 0.1416562200657503 0.4484526075486176
-0.4956171249740404 0.1721974968381375 0.4338384284904496
-0.5000000000000000 0.2191331819349552 0.4259974158955753
0.3008589143942834 0.0720454162336883 -0.5000000000000000
0.5000000000000000 -0.0840710543338705 -0.0148746657721845
0.5000000000000000 -0.0846357751552256 -0.0186274316524753
0.5000000000000000 -0.0836262628906102 -0.0201824890919962
0.5000000000000000 -0.0850227179145251 -0.0190120528168616
0.5000000000000000 -0.0837248902544729 -0.0179404404803904
0.5000000000000000 -0.0838675491621221 -0.0194518333109442
0.5000000000000000 -0.0883242225402933 -0.0197386693624096
0.5000000000000000 -0.0837453566184917 -0.0192391739820431
-0.1903220194696504 0.3394362324930196 0.5000000000000000
-0.2291115217093173 0.4352506418006505 0.5000000000000000
-0.5000000000000000 0.4285712113427247 -0.0811141434747169
-0.0710001513995437 0.2360040835970677 0.5000000000000000
-0.2575270546215128 0.5000000000000000 0.2823438974126128
-0.5000000000000000 0.3058640155642534 -0.1438093035438744
0.5000000000000000 0.3213434090302605 -0.0673096610650489
0.5000000000000000 0.3009397321394901 -0.1215794600726717
0.5000000000000000 0.3184138132756142 -0.0686198561128750
0.5000000000000000 0.3283323450114403 0.0204461922475163
0.5000000000000000 0.2972256196398598 0.0304797020788279
0.5000000000000000 0.3427335733309987 -0.0787512716585965
0.5000000000000000 0.3144745749663852 -0.0654889325856902
-0.4189160218263150 -0.4762072381397575 -0.5000000000000000
-0.1480824681708089 -0.3211670424513742 0.5000000000000000
-0.1858833839031359 -0.3042927600530249 0.5000000000000000
-0.1574383348517924 -0.3088945405166804 0.5000000000000000
-0.2424765837277565 -0.3316543541982520 -0.5000000000000000
-0.3575545381782706 -0.2363991846317122 -0.5000000000000000
-0.4095425739001973 -0.5000000000000000 -0.4496485547113199
0.5000000000000000 -0.1208568685382244 0.2248768543037104
0.5000000000000000 -0.0775188707919466 0.2295401302668056
0.5000000000000000 -0.1115544484299224 0.0487040922383990
0.2976385615699355 -0.1443099361809742 -0.5000000000000000
-0.0579310439123413 0.3193260566256615 0.5000000000000000
-0.0266868304226010 0.2979922598495677 0.5000000000000000
0.3924628975746827 -0.0658566086143923 0.5000000000000000
-0.5000000000000000 -0.4134134183778452 0.3866983333805346
-0.5000000000000000 -0.4492661804046528 0.2557020279422447
0.4377693502497655 0.4959375214255740 -0.5000000000000000
0.3086589720840781 0.4785517418999062 -0.5000000000000000
0.4363617713085109 0.4715848034466830 -0.5000000000000000
0.5000000000000000 0.4842454690209899 -0.4283113504322076
-0.3630470516622778 0.5000000000000000 0.4642754583475193
-0.5000000000000000 0.3912174259125099 0.2730404153596794
-0.5000000000000000 0.3385518966567911 0.2330933183967974
-0.5000000000000000 0.1894090374794032 0.4123667628833071
-0.5000000000000000 0.2973856818182175 0.3068249233061806
-0.5000000000000000 0.2855674786294875 0.3430203744161103
0.5000000000000000 -0.1945283139441882 -0.0219105015484698
-0.4672695112392338 -0.0013906593449985 -0.5000000000000000
-0.5000000000000000 0.0270428694323194 -0.4671848728102257
-0.5000000000000000 -0.0578167591045213 -0.2985145814936511
-0.5000000000000000 0.0178349700702646 -0.4623233594103546
-0.4838433871368389 -0.0226530338252243 -0.5000000000000000
-0.5000000000000000 -0.0128835696957262 -0.4946681054732220
-0.4961670157804634 -0.0173746142816881 -0.5000000000000000
-0.5000000000000000 -0.0158570189163865 -0.4814734738608770
-0.4475385406474550 -0.5000000000000000 0.2736206166851181
-0.3005784494417774 -0.5000000000000000 0.2359609392388974
-0.4666725904863900 -0.4954357367983700 -0.5000000000000000
-0.4360057832338164 0.5000000000000000 0.3295088833703912
0.4175180107473417 0.0023800930871961 0.5000000000000000
0.3899170502262416 0.0734095436543848 0.5000000000000000
0.3722100242836324 0.1501392743752553 0.5000000000000000
0.4450191787391175 0.1584797500830497 0.5000000000000000
0.4572286764101813 0.0870345865061797 0.5000000000000000
0.3929087817955306 0.1180880268349088 0.5000000000000000
0.3384046415873373 0.2672813004133138 0.5000000000000000
-0.4703069853845977 0.3463061718528451 -0.5000000000000000
-0.4876491686377540 0.3284156955642554 -0.5000000000000000
-0.4424880233236108 0.3757953398747651 -0.5000000000000000
-0.4971716525043986 0.3587895131636969 -0.5000000000000000
-0.5000000000000000 0.3716333109511200 -0.4493937523236552
-0.4159858991965353 0.4139063801392401 -0.5000000000000000
-0.4762665799612174 0.3708499090125952 -0.5000000000000000
-0.4220906304995365 0.3364685564580743 -0.5000000000000000
-0.4697587733525846 -0.3240904281220563 -0.5000000000000000
-0.5000000000000000 -0.2608863941062401 -0.3849970618217152
-0.5000000000000000 -0.3037393316713622 -0.3987027304850445
-0.5000000000000000 -0.2495928433763175 -0.2654312109334658
-0.4183054147049436 -0.4948564640570275 -0.5000000000000000
-0.0036366070859125 0.0935716916130929 -0.5000000000000000
0.1246076132169831 0.1345324362718738 -0.5000000000000000
0.5000000000000000 -0.2437279670881598 -0.0062791600148943
0.5000000000000000 -0.3459180402609047 0.0290796074543299
0.5000000000000000 -0.3107547636632421 0.0775319196492566
-0.5000000000000000 0.4918776248040089 -0.2409825000973240
-0.5000000000000000 0.4775392189833030 -0.2533504574721326
-0.5000000000000000 0.4955306421292429 -0.2399638554412392
0.3705163181218882 -0.1535180247738546 -0.5000000000000000
0.1547522558087463 -0.5000000000000000 -0.0570163786035676
0.2071694529277555 0.4222321320397855 0.5000000000000000
0.1347578543959070 0.4542430313710972 0.5000000000000000
-0.5000000000000000 -0.3312766234147755 -0.0291677868377933
-0.5000000000000000 -0.3959176503496327 -0.2004622157700820
-0.5000000000000000 -0.4528751960364505 -0.2013500815846322
-0.1269831197850398 0.4333558677116605 -0.5000000000000000
-0.0029402665592655 0.5000000000000000 -0.3111025267800827
-0.1615076375435090 -0.5000000000000000 -0.1994204596793167
-0.1174469616883100 -0.5000000000000000 -0.2041005626526614
-0.0753797074737180 -0.5000000000000000 -0.0501711345958535
-0.0661854059649412 -0.5000000000000000 -0.1024133749183340
-0.5000000000000000 -0.2480152836530528 0.0508564187499968
-0.5000000000000000 -0.1747637996057678 0.1253109103287914
-0.5000000000000000 -0.1747825079187651 0.1165179321029249
0.5000000000000000 0.3053065087396539 -0.3935654207249685
0.5000000000000000 0.3807661732798491 -0.3901717493848816
0.2845109533641585 0.0529327655915954 -0.5000000000000000
-0.0869000600139975 -0.3211478453613090 -0.5000000000000000
-0.3011380902717904 0.1518762402036961 -0.5000000000000000
-0.3095144863970016 0.1334739986869368 -0.5000000000000000
-0.4074806576840027 -0.0117765205752885 -0.5000000000000000
-0.4305321765757688 -0.4760666075069399 -0.5000000000000000
0.2906679649999606 -0.2036124102070868 0.5000000000000000
0.3045902951539616 -0.1817532123524249 0.5000000000000000
0.3186200365629577 -0.2035909676804200 0.5000000000000000
0.5000000000000000 -0.2044753631706333 0.4832953651682742
0.3193916235914371 -0.1963344497705516 0.5000000000000000
0.3384382904921374 -0.1943557179829256 0.5000000000000000
0.3323042224293757 -0.2020288834618303 0.5000000000000000
-0.3533880497336214 0.1297083930257738 0.5000000000000000
0.5000000000000000 -0.2023837614025594 -0.0427548794435009
0.4976944390777815 -0.0248404867171096 -0.4671261399071298
-0.2397160322353744 -0.5000000000000000 0.2342326476461182
0.1894892391780757 0.1096970155996989 0.5000000000000000
0.2621996202151894 0.0771026095556337 0.5000000000000000
0.2260157232175528 0.1245946676807608 0.5000000000000000
0.2113632474805262 0.1195099598486100 0.5000000000000000
0.2114079564069996 0.1027650728788561 0.5000000000000000
0.1949740866545457 0.0894842373684954 0.5000000000000000
0.1632052481925163 0.3445813540370073 -0.5000000000000000
0.2220293877894584 0.3227050309007758 -0.5000000000000000
-0.4980158315847553 -0.1344802037453714 -0.4393229486432254
-0.3316543971362346 -0.1036761965494587 -0.5000000000000000
-0.3950186675250135 -0.1756064354658153 -0.5000000000000000
-0.4225391326236524 -0.0794822393843640 -0.5000000000000000
-0.0054800346504258 -0.1504068473174535 -0.5000000000000000
0.0070354609383964 -0.1576130401935557 -0.5000000000000000
0.0153645646614298 -0.1938810941156242 -0.5000000000000000
-0.0142576525979488 -0.1238907326216347 -0.5000000000000000
-0.0752602589486337 -0.0818256529215913 -0.5000000000000000
-0.5000000000000000 -0.3790677284149681 0.3723239567000177
-0.5000000000000000 -0.2945626035453447 0.2730225567734380
-0.5000000000000000 -0.4255516698194314 0.2604761834290418
-0.5000000000000000 -0.2437143029967636 0.2340474894331786
0.1311888619444195 0.5000000000000000 0.2481334777269158
0.0408619463172854 0.5000000000000000 0.2093837217861463
-0.0877757363601330 0.5000000000000000 -0.0443743177880825
-0.0277200977982590 0.5000000000000000 0.1143848296656294
0.0624455523739127 0.5000000000000000 -0.0399269053830721
-0.0870174008710986 0.2778715247574792 -0.5000000000000000
-0.1860433135320458 0.1943898545658695 -0.5000000000000000
0.2286596532502025 0.2481211954652842 0.5000000000000000
0.0660711616141569 0.1551731362831325 0.5000000000000000
-0.0456354549385440 0.2198575416683174 0.5000000000000000
-0.4000927646478531 -0.5000000000000000 0.4679564694680823
-0.4339387195233114 -0.5000000000000000 0.3364506107474963
0.4815169763322975 -0.0311589843357217 0.5000000000000000
0.5000000000000000 -0.1769317875813625 0.4760479827995361
0.5000000000000000 -0.0710489754952605 0.4520605626744995
0.4215314864641538 -0.1012418832941077 0.5000000000000000
0.5000000000000000 -0.1474145573497955 -0.2802933467600163
-0.4572566260034236 -0.3631968320779534 0.5000000000000000
-0.2126126130666325 -0.2971483389922649 0.5000000000000000
-0.2263317808912676 -0.2852029053446915 0.5000000000000000
0.5000000000000000 0.2595689929066529 -0.2207234300394861
0.5000000000000000 0.2016278172643515 -0.1998838980239274
0.2761165248961712 0.1891199748604646 -0.5000000000000000
0.5000000000000000 0.1085699218599285 -0.1099295321987057
0.2552476199878982 0.3018397174076523 -0.5000000000000000
0.5000000000000000 0.3280945897758096 -0.1722685607426080
0.5000000000000000 0.2113293097334016 -0.3212799831309152
0.5000000000000000 0.2069781371092154 -0.3044644378521331
-0.0788793578521182 -0.1549573151679580 -0.5000000000000000
-0.0816947021535727 -0.3138599913351390 -0.5000000000000000
-0.0007686857411962 0.4126775322858205 -0.5000000000000000
-0.4405667100327637 -0.4445725658259721 -0.5000000000000000
0.4753052407087164 0.3925371951743543 0.5000000000000000
0.5000000000000000 0.3577197956834536 0.2971388222599558
0.5000000000000000 0.3871020050138324 0.2095922700681828
0.5000000000000000 0.3513706170037551 0.2925395476104399
0.5000000000000000 0.3466156842868405 0.3110469612517351
0.5000000000000000 0.3727347883091953 0.3033726857690552
0.5000000000000000 0.3935360647258658 0.2969862141608816
-0.5000000000000000 0.1851597972692151 -0.0779286265998785
-0.5000000000000000 0.1232343362858198 -0.0303202492501652
-0.5000000000000000 0.2256304692805134 -0.0928743774572636
-0.0107795328459767 0.5000000000000000 0.2822630787634891
-0.1010671021932049 0.5000000000000000 0.0566683355970979
-0.0660049532427796 0.5000000000000000 0.2247355398299269
-0.0104799342803646 0.5000000000000000 0.3192641264860769
-0.4960190285391994 -0.3176095672477225 -0.0061796553533955
-0.5000000000000000 -0.4527574764201615 0.2109916500060458
-0.5000000000000000 -0.4148010677145116 -0.0295303017067855
-0.5000000000000000 -0.4109627829774676 0.0422459921894811
-0.1964804382470006 0.1915624753211966 -0.5000000000000000
-0.3043479552723301 0.1744000666169446 -0.5000000000000000
-0.5000000000000000 0.1679357053306089 -0.4101913495116776
-0.4297732497479583 0.1901653619003433 -0.5000000000000000
-0.4784859350336901 0.2362841874390187 -0.5000000000000000
-0.5000000000000000 0.1829668008637542 -0.3985457081980184
0.4459344141171925 0.5000000000000000 0.0431283643317437
0.5000000000000000 -0.2242016285541296 -0.0070248462811118
0.5000000000000000 -0.2851677821206879 0.0985287097123733
-0.4984253735939032 -0.3733656541157216 0.4952595707204777
-0.5000000000000000 -0.4262955013898541 0.4486521654020730
0.1714434494248318 -0.1169308312605229 0.5000000000000000
0.1600805662693974 -0.0964903912218783 0.5000000000000000
-0.3087143128377166 0.4776154288390245 -0.5000000000000000
0.1314986105965223 0.3411164906862791 -0.5000000000000000
0.1832278387985504 0.3649730174835052 -0.5000000000000000
0.0293940376025868 0.3905236116312324 -0.5000000000000000
0.1579443534224241 -0.5000000000000000 0.4370796057627698
-0.1235914900630193 -0.5000000000000000 0.3440678341015441
0.0616514501765043 -0.5000000000000000 0.2940667369079680
-0.0003477414959837 -0.5000000000000000 0.3224100139988469
-0.0012841715490572 -0.5000000000000000 0.3044988086237302
-0.4772973299834272 -0.3799052114842875 0.5000000000000000
0.4598436194889427 0.0380470850644433 0.5000000000000000
0.5000000000000000 0.0426910724394252 0.4472321781127423
0.5000000000000000 -0.0091901133814075 0.3258478085044998
0.5000000000000000 0.1062345520223932 0.3360815808532466
0.5000000000000000 0.2731416767228897 -0.2585414232133013
0.5000000000000000 0.2755982104088862 -0.1416121596874481
0.5000000000000000 0.3320092416044689 -0.2750147969837020
-0.2492999865692709 -0.3583553349464418 -0.5000000000000000
-0.3471872790652749 -0.4279560269015108 -0.5000000000000000
-0.4040376593532145 -0.4801861441801789 -0.5000000000000000
-0.2855190313152559 -0.4432002475782768 -0.5000000000000000
-0.4560997261583210 0.5000000000000000 0.3365243073061654
-0.4377912687121692 0.5000000000000000 0.2984506673946664
-0.3354179814265631 0.4529259791905552 0.5000000000000000
-0.5000000000000000 0.4704372090036364 0.2074441866324634
-0.3783661515764665 0.5000000000000000 0.3831689635973767
-0.4475741770287850 0.5000000000000000 0.3456040060492229
-0.4157353595484339 0.5000000000000000 0.3724923406691060
-0.5000000000000000 0.4868437306531687 0.3049476946029105
0.3153636331643854 0.4434029067513688 0.5000000000000000
0.3367571334420477 0.3867768526965441 0.5000000000000000
0.3777488473779660 0.4535248548639962 0.5000000000000000
0.3885461938528751 0.3670553548023223 0.5000000000000000
-0.0564327107749764 -0.1638140874965485 -0.5000000000000000
0.1113697299382874 -0.0960978517412563 -0.5000000000000000
0.0708225826020669 -0.2063665474075528 -0.5000000000000000
-0.0762018373318634 -0.3126616289314051 -0.5000000000000000
-0.3225177559909470 0.4903870045117887 -0.5000000000000000
0.5000000000000000 -0.4959499796088599 -0.1193554370432850
0.1958983758825717 -0.3580484997726112 -0.5000000000000000
0.4482503547175494 -0.5000000000000000 0.0913411679284665
0.5000000000000000 -0.4227601324963066 -0.1166114397062988
0.3985598330052738 -0.5000000000000000 -0.1323513852381467
0.5000000000000000 -0.4864128358142633 0.0817256370197750
0.3558391931895349 -0.5000000000000000 -0.2435135743884044
0.3607937947438561 -0.5000000000000000 -0.2107568251546134
0.3070075005886280 -0.3259134812059488 -0.5000000000000000
0.3339282100281399 -0.5000000000000000 -0.1816581888562089
-0.2708962573149897 -0.1761349875843250 0.5000000000000000
-0.4241545816164397 -0.4225804596632284 0.5000000000000000
-0.5000000000000000 -0.4552404730299804 0.2393054430690963
-0.5000000000000000 -0.0933337303953670 -0.1454316120408376
-0.0010461528253541 -0.0413138977467553 0.5000000000000000
0.2395618081126968 -0.5000000000000000 -0.3016658500244935
0.0602735866580053 0.3710290017717404 0.5000000000000000
0.0513729679492058 0.5000000000000000 0.4411056256667101
0.1442959158977547 -0.5000000000000000 -0.1907255374960418
-0.0824182552674695 -0.3220147402485000 -0.5000000000000000
0.4480549646312182 -0.5000000000000000 0.1112550269780392
0.1161491305946908 -0.5000000000000000 -0.2480903847358234
0.2783563246309863 -0.5000000000000000 -0.1729227820056473
-0.2634108760890125 -0.5000000000000000 0.1914585781639820
-0.3192587834131856 0.5000000000000000 -0.4548092482575443
0.1270852766473836 -0.4911021445735348 -0.0527713775239676
0.0308963597660350 -0.5000000000000000 -0.0597329765489184
0.0459503750104963 -0.5000000000000000 -0.2355818657868957
0.0069207067700790 -0.5000000000000000 -0.1276612549337769
-0.0768208783595790 -0.5000000000000000 -0.2902125543198553
-0.3298327988224100 0.5000000000000000 -0.1355718838570993
-0.3720303373928419 0.5000000000000000 -0.1866157149387534
-0.2219514603550029 0.5000000000000000 -0.1354831199147947
-0.2621712307412579 0.5000000000000000 -0.0575649784177538
-0.5000000000000000 -0.1906518366553513 0.2627984700610773
0.5000000000000000 -0.2079582794933843 0.4495030496620669
-0.5000000000000000 0.4326599246547560 -0.0030512993519519
-0.3121961237222446 0.4288718106437700 0.5000000000000000
-0.5000000000000000 0.4217877037991667 0.1173946582302068
-0.2722557372212119 0.3209232826265417 0.5000000000000000
-0.1041385337305123 0.2535931849532930 0.5000000000000000
-0.2071291057219416 0.3411427195174209 0.5000000000000000
-0.2624238478859245 0.5000000000000000 0.2861397225805422
-0.5000000000000000 0.2605931747160189 0.0996613907353266
0.1746503433151757 -0.5000000000000000 0.3664443885353417
0.2659166139751074 -0.5000000000000000 0.3660827146369688
0.3340002713486628 -0.4807349297174141 0.5000000000000000
0.2910105529105865 -0.4761712023675336 0.5000000000000000
0.2163860101685489 -0.5000000000000000 0.4455694169904738
0.3149414868317780 -0.5000000000000000 0.4945133328746333
0.2593746483673376 -0.5000000000000000 0.4402393602206573
0.2453322449985345 -0.5000000000000000 0.4378465026657460
0.1854675937331541 -0.5000000000000000 0.3423351850923831
0.2236679199252309 -0.4345393132590873 0.5000000000000000
-0.5000000000000000 -0.1564013573901093 -0.2319752071383594
-0.5000000000000000 -0.1083502282529642 -0.1636693864315620
-0.5000000000000000 -0.2079381858538299 -0.3343445034020415
-0.5000000000000000 -0.1999208966463245 -0.2126459546522217
0.2362143724898835 0.0925850933680617 -0.5000000000000000
0.0594329590511369 0.1735549781763855 -0.5000000000000000
0.5000000000000000 0.1042169742377719 -0.2336151373885532
0.5000000000000000 0.2096727900995818 -0.0863520652645510
-0.1348779945061043 0.0989985674109847 0.4940835792261477
-0.1550059287169258 0.0686585896578046 0.5000000000000000
-0.0652204403100183 0.0312506078023694 0.5000000000000000
-0.1395397828889485 0.0256132565284318 0.5000000000000000
0.5000000000000000 0.0411235397845885 -0.4205875280834415
0.5000000000000000 0.0478840196840025 -0.4146160843008392
0.5000000000000000 0.0475663608854678 -0.4158347566843252
-0.2209079260573522 -0.5000000000000000 -0.3336883583250518
-0.3510764842141905 -0.5000000000000000 -0.4225241055346474
-0.1820346551046261 -0.5000000000000000 -0.3447889700867554
-0.0318157719339548 0.2572881775335365 -0.5000000000000000
-0.0616651077757731 0.3012152204285429 -0.5000000000000000
-0.0336364886484460 0.3607515958093262 -0.5000000000000000
-0.1034129981100419 0.1068976541405050 0.5000000000000000
-0.1248621899535421 0.1132425505391960 0.5000000000000000
-0.1657633424775061 -0.5000000000000000 -0.0110547564116957
0.0465839922220155 -0.2218221566890470 0.5000000000000000
0.2141358488598094 -0.3116207931058000 0.5000000000000000
0.0808413279300080 -0.2732663514339537 0.5000000000000000
0.1050153283808658 -0.2662468335329138 0.5000000000000000
0.5000000000000000 0.3987631158127389 0.3599135737656707
-0.4087914570073384 -0.4140254725467231 0.5000000000000000
-0.3103876231747091 -0.3564317646604524 0.5000000000000000
-0.3895445941927981 -0.4121025752776961 0.5000000000000000
0.5000000000000000 0.1538749678607361 0.2885230199263830
-0.5000000000000000 -0.1150764319637520 0.1020559715640924
-0.5000000000000000 -0.0488800988496110 0.3682434464866987
0.2664955532609927 0.4539196796038617 0.5000000000000000
0.2382829517077233 0.4319470302908631 0.5000000000000000
0.2791883770145883 0.4223802983756210 0.5000000000000000
0.2000989116192501 0.4515534659536449 0.5000000000000000
0.3195543158836227 0.3071508544146493 0.5000000000000000
-0.5000000000000000 -0.4778916789995865 0.3542994408216394
-0.4250701613876772 -0.4657550445074498 0.5000000000000000
-0.4296629379505540 -0.4388973798131046 0.5000000000000000
-0.5000000000000000 -0.1304120408636500 -0.4103951106665353
-0.4921234951009487 -0.0496849304971731 -0.5000000000000000
0.0817159506009222 -0.4914352686646732 -0.2196643544020098
-0.3079243940976492 -0.5000000000000000 0.1567851445421997
-0.3876942662729931 -0.5000000000000000 0.0038692817340515
-0.4128773983358787 -0.5000000000000000 0.0650008319367878
-0.5000000000000000 0.2593363960640937 -0.1860140508093482
-0.5000000000000000 0.2829749653899203 -0.2676924599906260
-0.5000000000000000 0.2161539497444358 -0.3320400527027756
-0.5000000000000000 0.2851309546168869 -0.2318995430984988
-0.1474006400903863 -0.2006241495945487 -0.5000000000000000
-0.0999661279921979 -0.3172837143208443 -0.5000000000000000
-0.1900773510540450 -0.3283613862746676 -0.5000000000000000
-0.2337746068748233 -0.2751618918034309 -0.5000000000000000
-0.0008996980403223 -0.0408802746373199 0.5000000000000000
0.1204947196965808 -0.0506995968688837 0.5000000000000000
0.0578865228626289 0.1230979699141505 0.5000000000000000
-0.1103284387743992 -0.3222082429137492 -0.5000000000000000
-0.1987795479892144 -0.3398610286616010 -0.5000000000000000
-0.2833775218270794 -0.3327510720681872 -0.5000000000000000
-0.2436856919393851 -0.3435067931607457 -0.5000000000000000
-0.3945248251295285 -0.3320044268359818 -0.5000000000000000
-0.2315870382316172 -0.3115281196413409 -0.5000000000000000
-0.2299787938730979 -0.4548772368054770 -0.5000000000000000
0.3418798575484444 -0.0289052556376941 -0.5000000000000000
0.4338208980528500 -0.0133061408860320 -0.5000000000000000
0.3105078960080935 0.0072475406574681 -0.5000000000000000
0.3080171219122053 0.0477105969449092 -0.5000000000000000
-0.1431632350829328 -0.3986220380192104 0.5000000000000000
0.2799966707423855 0.0848714736949271 -0.5000000000000000
-0.5000000000000000 0.0237311009502176 -0.1190763393989070
-0.5000000000000000 -0.0623590458954504 -0.1495763337745988
-0.5000000000000000 0.0458935940200597 -0.0696438543527101
-0.0630373149543671 0.2364192002099014 -0.5000000000000000
-0.0175749373726310 0.2092551274800810 -0.5000000000000000
-0.1825233329307752 -0.3465459121517511 0.5000000000000000
-0.1466349075472816 -0.4069491994515140 0.5000000000000000
-0.1561485225870902 -0.3998140720135549 0.5000000000000000
-0.1522237655561139 -0.3864265125173560 0.5000000000000000
-0.5000000000000000 0.0012071182983547 -0.0348266236007438
-0.5000000000000000 -0.0044885129868841 0.0632247011338030
-0.5000000000000000 -0.4802276175584672 0.3100385208591069
-0.1935417968644964 -0.2648832592107127 0.5000000000000000
-0.1792286102525219 -0.2702718007430666 0.5000000000000000
0.1614715737950598 -0.5000000000000000 0.0052673929193847
0.3841055912579789 -0.5000000000000000 0.0806953525465808
0.1680096198720625 -0.5000000000000000 -0.0075615350488939
-0.4749485210244676 0.1062389945867146 0.5000000000000000
-0.4636499690292066 0.1482304754626423 0.5000000000000000
-0.4547535965016600 0.1783255858880207 0.5000000000000000
-0.3823872636944799 0.1420962071388579 0.5000000000000000
-0.4082706769691964 0.2173664975150401 0.4854753017134059
-0.5000000000000000 -0.2804039400176503 -0.0257729193810802
0.2247018406638823 0.3209070739664204 -0.5000000000000000
0.5000000000000000 0.3384867855014819 -0.1481276557191179
-0.2581473030735720 -0.5000000000000000 -0.3158485805506051
-0.3713958970950576 -0.5000000000000000 -0.4229889682294812
-0.1547039581413154 -0.5000000000000000 -0.0525126573919044
0.5000000000000000 0.4208717022143256 0.0832494437536987
0.5000000000000000 0.4017485590973619 0.1279812401901597
0.5000000000000000 0.3553333256973575 0.1223227327621123
0.5000000000000000 0.4558982000673260 0.0631685703193435
0.5000000000000000 0.4151334176912543 0.0107213670466096
-0.5000000000000000 0.4437036934703066 -0.1319145412872525
-0.5000000000000000 0.4189599186852775 -0.2416608282698778
-0.5000000000000000 0.4197436668395191 -0.0485550714338510
-0.1696891898961558 0.5000000000000000 -0.2651684394668016
-0.1593481626725472 0.5000000000000000 -0.1444697290142131
-0.0179129829426618 0.5000000000000000 -0.1782166845703960
-0.5000000000000000 0.0079262994640859 0.4099300801965063
-0.4650145057353032 0.0691473159058613 0.5000000000000000
-0.4954846994073952 0.0805985384390581 0.5000000000000000
0.5000000000000000 0.2329102635337280 0.1829503549182860
0.5000000000000000 0.0622970893313402 0.1651037930207209
0.5000000000000000 0.1545757466454997 0.2370385859345670
0.2540100044512600 -0.1468918311248140 0.5000000000000000
0.0973921879609336 -0.1602023431510969 0.5000000000000000
0.2307933695159183 -0.0715186672003582 0.5000000000000000
-0.1418955332022344 -0.4819516061125614 -0.5000000000000000
0.0697198439572235 -0.4943060054414814 0.2620739688494530
0.0059003007949911 -0.5000000000000000 0.2331016750690143
-0.2882344877385367 0.3479655749867803 -0.5000000000000000
-0.2454840883695915 0.5000000000000000 -0.3207980852945429
-0.0200185342297842 0.3716019579247669 -0.4891743398724537
0.0150144995186617 0.3966007992237116 -0.5000000000000000
0.2368948561874466 -0.5000000000000000 0.2477498339297760
0.2867067674750326 -0.5000000000000000 0.2263943612410387
0.3006972162413436 -0.5000000000000000 0.2942201540392734
0.0932480142006444 -0.5000000000000000 0.0238842125817515
-0.0012218808926643 -0.0415467472635896 0.5000000000000000
-0.0228796631815610 -0.0766005535320149 0.5000000000000000
0.2593826461845906 0.2405300230094573 0.5000000000000000
0.3056135340848727 0.1975199261038490 0.5000000000000000
0.5000000000000000 0.2365509474241913 0.4109470745370533
0.5000000000000000 0.2916281784097569 0.3909075981453971
0.5000000000000000 0.2146715865506379 0.4789889599781068
-0.2529695127037859 0.1694368652913549 -0.5000000000000000
-0.2993260792137848 0.1724911075399561 -0.5000000000000000
-0.3988864629192533 0.1837928336531868 -0.5000000000000000
-0.2795975559427138 0.1456011586281089 -0.5000000000000000
-0.2476371904587415 0.1553508363860986 -0.5000000000000000
0.5000000000000000 -0.1931080845613837 0.2266346451877769
0.5000000000000000 -0.1325263557423995 -0.0090824060827782
0.0778310730253395 0.5000000000000000 0.3513073704391211
0.0434620018051782 0.5000000000000000 0.3688547334762134
0.0174554230893021 0.5000000000000000 0.3337279000084408
0.0176561702074446 0.5000000000000000 0.3650936280103246
-0.1947738522017894 -0.5000000000000000 -0.2953127271319318
-0.0104430177709510 -0.5000000000000000 -0.1013186388856861
-0.1570621723851523 -0.5000000000000000 -0.3050237240113021
0.5000000000000000 -0.1515598861682715 -0.3450367049250863
0.5000000000000000 -0.1623508135721719 -0.2937474702871503
0.5000000000000000 -0.1526049166556012 -0.2875887267089726
0.1583537922433528 -0.0857504948736246 -0.5000000000000000
0.0987224922795771 -0.1993086308135496 -0.5000000000000000
0.3850884741683157 -0.0831275360894225 -0.5000000000000000
0.5000000000000000 -0.1492197010547812 -0.2895344251530742
0.5000000000000000 -0.1029272736778336 -0.2078936042184524
0.3438653456374670 -0.2518875732786647 -0.5000000000000000
0.5000000000000000 -0.1239320078944319 -0.2817566162907330
0.5000000000000000 -0.1527004231570529 -0.2657206551691715
-0.1462565862207189 0.1944423542364974 -0.5000000000000000
-0.2371143447863326 0.2241399382086467 -0.5000000000000000
-0.5000000000000000 -0.3191744029238977 -0.1443765764593642
-0.5000000000000000 -0.4866732802558340 0.1884419116623439
-0.5000000000000000 -0.4843891344143454 0.2470492189200567
-0.5000000000000000 -0.4462496886589267 0.2154914207072425
-0.5000000000000000 -0.4678082905503816 0.2567882048289246
-0.2742079713569465 -0.0970397943071016 -0.5000000000000000
-0.1640718911539309 -0.1279145247479376 -0.5000000000000000
-0.2571931549211940 -0.1528121218137658 -0.5000000000000000
-0.4917428678005284 0.0957165653757595 0.5000000000000000
-0.4699041757007167 0.1656177726318405 0.5000000000000000
0.0204750135983600 0.5000000000000000 0.4687328337368428
-0.1229754234762821 0.4668413783480182 -0.5000000000000000
-0.0603780971648648 0.5000000000000000 -0.3553379927386705
0.0768476183935297 -0.5000000000000000 0.1997985100751809
0.1502662449864316 -0.3723139330828075 0.5000000000000000
-0.3007876753623073 0.1788208341479577 -0.5000000000000000
-0.3372021689513779 -0.1606907014870990 -0.5000000000000000
-0.3421448482984479 -0.0759928457368181 -0.5000000000000000
-0.2196006028801092 -0.0503056749720877 -0.5000000000000000
-0.1994616057156060 0.0114018194462081 -0.5000000000000000
-0.1946357775632368 0.4960279431450826 -0.3657286949091555
-0.2814805422912594 0.4896391095707991 -0.4351587702867470
-0.3447638259337326 0.1441304389952842 0.5000000000000000
-0.3907864620904527 0.2152357559536762 0.5000000000000000
-0.5000000000000000 -0.4998701584199733 -0.1219257052208893
-0.5000000000000000 -0.4750725849946525 -0.1517240271946656
-0.5000000000000000 -0.4620234713603738 -0.0717358903347251
0.1532429805401657 0.5000000000000000 0.3493483820090930
0.2682751909232579 0.5000000000000000 0.3832057743434986
0.2879437433693374 0.4602362040512116 0.5000000000000000
0.2333311625130208 0.3001525174419026 0.5000000000000000
0.2524961747223206 0.1735764934937199 -0.5000000000000000
0.2836906135615106 0.1550714427635409 -0.5000000000000000
0.2821829522262308 0.1131235780455823 -0.5000000000000000
0.3239956520475521 0.2290741538390012 -0.5000000000000000
0.2335909308508981 0.4981723444496121 0.2076902646801251
-0.0228350883496179 0.4985276851768551 -0.2824580327462117
-0.0569936986889082 0.5000000000000000 -0.0688016105178295
0.1078153953218541 0.5000000000000000 -0.0728520911833602
-0.0813069285753645 -0.4057577362215820 0.5000000000000000
-0.3694574792934960 -0.2208028665085681 -0.5000000000000000
-0.3344492640960574 -0.2192873365316113 -0.5000000000000000
-0.0168791483859916 0.2735660822624021 -0.5000000000000000
-0.0224403019984753 0.3455938659396385 -0.5000000000000000
0.0461314926998477 0.2368151234376045 -0.5000000000000000
-0.0008418019739667 0.2622514499790866 -0.5000000000000000
-0.0040612662346558 0.3499087365216503 -0.5000000000000000
-0.0119632475779458 0.2471487786224655 -0.5000000000000000
-0.5000000000000000 0.1482027467935151 0.2395149391851974
-0.5000000000000000 0.0638052891682482 0.0996588572992797
-0.5000000000000000 -0.0474049764458832 0.3679664244697484
-0.3825178775944384 0.0358484545498623 0.5000000000000000
-0.1793683536477697 -0.0065850631776365 0.5000000000000000
-0.1979257003931915 0.1278282454052815 0.5000000000000000
-0.5000000000000000 0.2536027680129750 0.1001973281056277
-0.0187336744729747 0.0858845174159988 -0.5000000000000000
0.0118128044700496 0.0873151173899774 -0.5000000000000000
-0.2109568628197997 0.1410861564967528 -0.4973403971817337
-0.0652354709658474 0.0035578770683546 -0.5000000000000000
-0.0060785863120203 0.1289754635553400 -0.5000000000000000
0.0193238174160320 0.0056578346603731 0.5000000000000000
0.3495960636490341 -0.4085052685449462 0.5000000000000000
0.2591718281403652 0.2766708308255207 0.5000000000000000
0.2491692959576621 0.2517765499885114 0.5000000000000000
0.0836083791402325 0.3316280906456550 0.5000000000000000
0.2518733584159549 0.2621143002430180 0.5000000000000000
-0.3872836181085924 -0.5000000000000000 -0.4229457959504149
-0.1546838915141462 -0.5000000000000000 -0.0142933452272461
-0.5000000000000000 -0.1445742572107207 0.1253537434029824
-0.5000000000000000 -0.1174867824133942 0.1047055641180763
-0.5000000000000000 -0.0622034380658268 0.0885463510341121
-0.5000000000000000 0.1637240002868265 0.3553903110648261
-0.5000000000000000 0.1492081190676740 0.2500698426241707
-0.5000000000000000 0.1558981839375550 0.2552204768253990
-0.5000000000000000 0.1537942490327155 0.2372395521238693
-0.5000000000000000 0.1601817736143160 0.2681577604610585
-0.5000000000000000 0.1088208050140752 0.1974507090892173
-0.0379525091878526 0.3837831210214276 -0.5000000000000000
0.0014992926743446 0.5000000000000000 -0.3221923227464571
0.5000000000000000 0.3230899095251418 0.4490240671784551
-0.5000000000000000 -0.3154817397842841 -0.2087711711976927
-0.5000000000000000 -0.2876838365620735 -0.2483511372176418
-0.5000000000000000 -0.3175799541854616 -0.2403926532748985
-0.5000000000000000 -0.2787672551624357 -0.1735967603715287
-0.5000000000000000 -0.3154592327572449 -0.1684576064609497
0.4784819709901446 0.5000000000000000 0.0296327700745700
0.5000000000000000 0.2494084855569589 0.2048508401679765
0.5000000000000000 0.2544216689190943 0.2897348708923283
0.5000000000000000 0.1732029587069909 0.2649168007039902
0.5000000000000000 0.4839803665610282 0.4150967557855079
0.2551610983484025 0.5000000000000000 0.2199501852207679
0.3316023287862433 0.4729607444427540 0.5000000000000000
0.5000000000000000 -0.0419121029155463 -0.4588279083839350
0.4652515725353106 -0.0265568845796439 -0.5000000000000000
0.4869572843696712 -0.0245137660320736 -0.5000000000000000
-0.2608976262244104 0.5000000000000000 0.2671078553183874
-0.5000000000000000 0.3376488100413200 -0.2028793466612648
0.1314499049809923 -0.0711957924068029 -0.5000000000000000
0.5000000000000000 0.0897202824867127 -0.0977476714496139
0.5000000000000000 -0.0121025184086225 -0.2047843126481165
0.5000000000000000 -0.0589156783506990 -0.1243318005068755
0.5000000000000000 -0.0528000063122978 -0.1935381683973615
0.5000000000000000 -0.1084973166273621 -0.0395616030057371
-0.3425723527023204 0.4972795422488254 0.3615866310916163
0.0528249336625042 0.1309576114525615 0.5000000000000000
0.0418169678146870 0.5000000000000000 0.3137292925544255
0.0068780764831261 0.4112216115166066 -0.5000000000000000
-0.3490984312464716 0.1042138970859889 0.5000000000000000
-0.0281747134484150 -0.2056369320428122 -0.5000000000000000
0.0681344661536266 -0.2159255791380801 -0.5000000000000000
-0.0656972576220213 -0.3123635121607540 -0.5000000000000000
0.0350518184319097 -0.2723902690730059 -0.5000000000000000
0.1042988001999111 -0.2914604302255675 -0.5000000000000000
0.0089112493257441 -0.2912166704044970 -0.5000000000000000
-0.5000000000000000 0.3824151234619143 -0.2966470542931812
-0.5000000000000000 0.4092908182406884 -0.3246541656139738
-0.3222226647716891 0.5000000000000000 -0.3091076625690435
-0.5000000000000000 0.3789518389885519 -0.2778767628838154
-0.5000000000000000 0.3912100960917529 -0.3102509908482902
-0.0875087852789730 -0.1203360033075405 -0.5000000000000000
-0.1039172658106565 -0.0767708841154665 -0.5000000000000000
0.5000000000000000 -0.2059066581721543 -0.0125995479534364
0.5000000000000000 -0.2524804540957200 0.1073469940402783
0.1162491671150541 -0.5000000000000000 -0.2547447826605124
0.5000000000000000 -0.1973164300233441 0.3095832661694694
0.5000000000000000 -0.2026774053635743 0.4541224041609010
0.5000000000000000 -0.0840555510597637 0.2448611916609712
-0.3131340316654416 0.4577262569151442 0.5000000000000000
0.1202297237946953 -0.0867499698188768 -0.5000000000000000
0.0743783669762937 -0.2050601181143276 -0.5000000000000000
-0.5000000000000000 -0.1957321584569569 -0.1437200364831873
-0.5000000000000000 -0.0909556524221216 -0.1908913231805990
-0.4754751426046271 -0.0311967809188323 -0.5000000000000000
0.3083147980318236 0.4784925892495140 -0.5000000000000000
0.3084177417056708 0.4783971011138672 -0.5000000000000000
0.5000000000000000 -0.1995491859646166 0.0383296427746735
0.5000000000000000 -0.2250483504246770 0.1738628503825921
-0.3080125433750589 0.4082490988678227 -0.5000000000000000
-0.2807347383004706 0.5000000000000000 -0.4028091868401146
-0.2997720927672938 0.5000000000000000 -0.4713068338831281
-0.3348351783495681 0.4446944760021336 -0.5000000000000000
0.3005951098901243 -0.4112389250672989 0.5000000000000000
0.2138236787096779 -0.5000000000000000 -0.3994471470290079
-0.1517159312948431 -0.5000000000000000 0.1158369734521642
-0.3887455104241155 -0.5000000000000000 0.1193738583994745
-0.2407495444986434 -0.5000000000000000 0.2948338130210867
-0.3702723509392359 -0.5000000000000000 -0.0188193787563977
-0.2088717054974068 -0.5000000000000000 0.1940476090553591
-0.4500852510906943 -0.3425780102162113 -0.5000000000000000
-0.0835322773699669 -0.3277293036985194 -0.5000000000000000
0.0462775001521621 -0.5000000000000000 -0.2598465053946120
0.0979521962578578 -0.5000000000000000 -0.2411356401926436
0.0601405372806348 -0.5000000000000000 -0.2614084305860045
0.0736010398267257 -0.5000000000000000 0.2839761893767816
0.5000000000000000 0.1625536335651286 0.2714428640687371
-0.0007225666146715 -0.0429538448080981 0.5000000000000000
0.0913817659868786 -0.1481798620975202 0.5000000000000000
-0.0020507599784688 -0.1122954359914704 0.5000000000000000
-0.1619896622947138 0.5000000000000000 0.1754646875365465
0.5000000000000000 0.1016451937751560 -0.1020236942330378
0.2326698243712479 0.2831668850477878 -0.5000000000000000
0.1411289808186889 0.1412968514581829 -0.5000000000000000
0.3917595667036435 0.0967457213719128 -0.5000000000000000
0.3277806051123766 0.0790894990451424 -0.5000000000000000
0.3632760821663795 0.2229981951442691 -0.5000000000000000
0.1985443451310860 0.3213140465904820 -0.5000000000000000
0.1261325110290507 0.1475139017983816 -0.5000000000000000
0.3597120650833793 0.2608829276966866 -0.5000000000000000
0.3868884191123662 0.3726688644678171 -0.5000000000000000
-0.5000000000000000 0.4687352784040194 0.1490616989421326
-0.4614224715164817 -0.3146966810843901 -0.5000000000000000
-0.5000000000000000 -0.2335617063895388 -0.4401671509396929
-0.1840961393873868 -0.1515457276925031 0.5000000000000000
-0.1378982691451676 -0.0683017797610956 0.5000000000000000
0.5000000000000000 0.4717998457134266 0.0306143639418393
0.5000000000000000 0.4067069519434177 -0.0551567973334463
0.0215286189076161 -0.5000000000000000 -0.0341299715917182
-0.1229570123527562 -0.5000000000000000 0.0120375825047603
0.0551491695489635 0.3437636450868327 0.4953414624001395
0.1110646005887450 0.4559806911185172 0.5000000000000000
-0.1401213808599006 -0.5000000000000000 0.0610431295014376
-0.4177858844831505 -0.5000000000000000 -0.1258282173648475
0.5000000000000000 0.0895359733346484 0.4409845550269679
0.5000000000000000 0.2362047012242880 0.3570003180147667
0.5000000000000000 0.1624285481325718 0.3284160936681609
0.5000000000000000 0.3293638479948112 0.2675460950908881
-0.2625948591657960 0.0781959776344532 -0.5000000000000000
0.0896143675550626 -0.0582111911404393 -0.5000000000000000
0.1132178831768095 -0.0851233345145957 -0.5000000000000000
0.1212142136256850 -0.0669147934905604 -0.5000000000000000
0.1233905788797506 -0.0699117857192939 -0.5000000000000000
0.1295206145263720 -0.0839691934624264 -0.5000000000000000
0.1020419954954138 -0.0761690107310447 -0.5000000000000000
0.1940506221181630 -0.0155611958511971 -0.5000000000000000
-0.0006662977275864 -0.0668993604350451 -0.5000000000000000
-0.1341070149285757 -0.4864439025579868 0.0042523516759979
-0.5000000000000000 -0.0908440473557120 -0.1499682156287672
-0.5000000000000000 -0.0763792050758399 -0.1286135457339298
-0.5000000000000000 -0.0412733788990485 -0.0189979985300944
-0.5000000000000000 -0.1743499528515333 -0.1361012763883322
0.5000000000000000 -0.1548715606119530 0.4136240438897670
0.5000000000000000 -0.0473937566262167 0.3286660736842196
0.5000000000000000 -0.0729775754212440 0.2437005747025433
0.5000000000000000 0.1194005205872977 -0.0600525417363710
0.5000000000000000 0.2781900194364457 0.2272305867752996
0.5000000000000000 0.2497145989644307 0.1523767503001197
-0.5000000000000000 0.0323303952047268 0.0179038825846131
-0.5000000000000000 0.0032580422317401 0.0730967037468669
-0.4994746986870489 0.2492824109711107 -0.0281770094194603
-0.0712614975827877 -0.5000000000000000 0.1248802682189258
-0.0625051415481843 -0.5000000000000000 0.1388787676522895
-0.1206560507475712 -0.5000000000000000 0.0370258404810757
-0.1516731970943987 0.2350072251776784 0.5000000000000000
-0.2406737377958900 0.4358668873716634 0.5000000000000000
-0.3146734177316964 0.5000000000000000 0.3378241450889996
-0.1094857242770000 -0.0574208518063652 -0.5000000000000000
0.0775953235272771 -0.2147465931767243 -0.5000000000000000
0.0794419818001358 -0.2039757170097710 -0.5000000000000000
0.0775746767326175 -0.2081628220989493 -0.5000000000000000
-0.5000000000000000 -0.4921877867834890 0.0405450896117104
0.0586813774868386 0.3210360317479197 0.5000000000000000
-0.2434651224703417 0.5000000000000000 0.2973374294010289
-0.0010096166931309 -0.0406880010138329 0.5000000000000000
0.0780869944119217 -0.0383096735429835 0.5000000000000000
0.0450814593006594 0.1007714854827424 0.5000000000000000
0.1117848468820506 0.0397368303504390 0.5000000000000000
-0.2940573711075870 0.2994944959444411 -0.5000000000000000
0.5000000000000000 0.0958630597824888 -0.0954831966767759
0.5000000000000000 0.0901560215289432 -0.0805764924006820
0.5000000000000000 0.0963371026640073 -0.1298212085898029
0.5000000000000000 0.1033909008000456 -0.0599301841302109
0.5000000000000000 0.0934205879383070 -0.0922500110250969
0.5000000000000000 0.1069365885154378 -0.0945408083813404
0.1814354923947508 -0.3323258793768861 -0.5000000000000000
0.1678088715513881 -0.3245476272890672 -0.5000000000000000
0.5000000000000000 0.2908922920138928 0.3060895018889416
-0.5000000000000000 -0.0544632234410550 0.3651227857949753
-0.5000000000000000 -0.2074623405207669 0.1923612659253731
-0.2741912504642704 -0.2065676817603227 0.5000000000000000
-0.1916885389114662 -0.0636403526503144 0.5000000000000000
-0.1431752946233072 -0.1902932253792091 0.5000000000000000
0.0141708889452310 0.5000000000000000 -0.4904020029999934
0.5000000000000000 0.0448548106796777 -0.2574103304660852
0.5000000000000000 0.0063280133816447 -0.2646040316192416
-0.5000000000000000 -0.0456976853950146 0.3703180008783711
-0.5000000000000000 -0.0490212008785088 0.3690771167787712
-0.5000000000000000 -0.0445611838001127 0.3412359525043375
-0.0793852278112166 -0.3176420256274239 -0.5000000000000000
-0.0957415951127426 -0.3206649758757220 -0.5000000000000000
0.5000000000000000 0.1236582580044918 0.3080271298935719
-0.4518054154948032 -0.3308800463581089 -0.5000000000000000
0.4122377158847684 0.5000000000000000 -0.0295351388783458
0.4935506672631019 0.5000000000000000 0.1518491274787581
0.4265389806514411 0.5000000000000000 -0.1229073074201961
-0.5000000000000000 -0.3968751513692763 0.0592422591761878
-0.0315570141450286 0.1869336538660983 -0.5000000000000000
0.2202454202031833 -0.0541339199202635 0.5000000000000000
-0.0026445850804503 -0.0409845298385923 0.5000000000000000
0.3517808915589786 -0.3808168740196366 0.5000000000000000
-0.4663032554872101 0.2026776567250758 0.5000000000000000
-0.0918437290545176 -0.0624279940358221 -0.5000000000000000
-0.5000000000000000 0.0817807709188577 0.3296935152000016
-0.5000000000000000 -0.0021798981375718 0.0964880273936028
0.2358582270424628 0.3354741850293161 -0.5000000000000000
0.5000000000000000 0.3500474516783074 -0.1458299313443413
0.4244581684153308 0.5000000000000000 -0.2096020763915396
0.0175726691695661 0.5000000000000000 -0.2993542406083623
0.5000000000000000 0.0104905386467764 0.4109548316719683
0.5000000000000000 0.0927690935206137 0.4837391483725307
0.5000000000000000 0.0513742232739363 0.4077438083036304
-0.3962610534463507 0.0712910496464603 0.5000000000000000
-0.2553868563907888 0.0391948801152233 0.5000000000000000
-0.2657245372624919 0.1315259175446207 0.5000000000000000
0.3146671573060540 0.2771504450051215 -0.5000000000000000
0.3077914791159281 0.3591636153211323 -0.5000000000000000
-0.4077989284848647 -0.5000000000000000 -0.4608643065347408
0.2923701109188398 -0.3252751113431343 0.5000000000000000
0.5000000000000000 -0.2221528268787012 0.4746662516197919
0.4368274417864825 -0.3239000949017066 0.5000000000000000
0.4542979050690732 -0.3634820763588687 0.5000000000000000
0.5000000000000000 -0.3715362662449926 0.3658508730472345
0.2273075528953778 -0.3444194228649746 0.5000000000000000
0.3356183777114002 -0.3274774332553920 0.5000000000000000
0.3228780156201829 0.2859091657413592 0.4921624637511222
0.4568688322610875 -0.5000000000000000 0.1161026892301568
0.5000000000000000 0.3057705255253332 0.4131819805038959
0.5000000000000000 0.2832159876542766 0.3462428253296154
0.5000000000000000 0.3014743459126847 0.4879560701984071
-0.2138803853259790 0.5000000000000000 -0.2140817119462347
0.1199832829401333 -0.5000000000000000 -0.2578248201499975
0.1124360750906983 -0.5000000000000000 -0.2587329738816981
0.1157005631066551 -0.5000000000000000 -0.2620771641578380
0.2041445702685578 -0.5000000000000000 -0.2680488482169500
0.5000000000000000 -0.3942799040395832 -0.1200152213646882
0.5000000000000000 -0.3892822123658444 0.0201391793285625
0.5000000000000000 -0.2760645107380834 -0.0671363591891843
0.5000000000000000 -0.3787877823033850 -0.1051546806251190
0.4939054981565242 -0.3871635006554641 0.0401099724215975
0.2257129977720878 -0.2810404918133965 0.5000000000000000
0.1784411093737452 0.0082818534676712 0.5000000000000000
0.1028629866320160 -0.3296143602013530 0.5000000000000000
0.1301819607441411 0.1311755801464215 -0.5000000000000000
0.0290633966149770 -0.4880884492104589 -0.0461630256388657
0.1415392264963641 -0.4081616154247583 0.5000000000000000
-0.1641606351518552 -0.0302010109989314 0.5000000000000000
-0.0671245353018701 -0.0513762279354361 0.5000000000000000
0.5000000000000000 -0.0733303271142161 0.2263075822867160
0.5000000000000000 0.0118243738825706 0.1974982021283335
-0.0110050067469057 0.3971906900405729 -0.5000000000000000
0.0396255742308749 -0.5000000000000000 0.0074303304462185
0.2950289698322468 -0.3113965194715823 -0.5000000000000000
-0.1791478204944314 -0.3407636145678669 -0.5000000000000000
0.5000000000000000 -0.1183978358129604 -0.0892136067667175
-0.2470748311252674 0.5000000000000000 0.2694872597401758
-0.0848283873917131 0.2368139693576879 0.5000000000000000
-0.2588562468742672 0.5000000000000000 0.2850663230168637
-0.5000000000000000 0.2583098686424892 0.0973928150093105
-0.2305784697601418 0.4950370406524275 -0.4966476962907701
-0.0252011780065736 0.4091912307956191 -0.5000000000000000
-0.3863399856835441 0.2279907016845445 0.5000000000000000
-0.3493099655211331 0.1982560306830107 0.5000000000000000
-0.5000000000000000 0.2560995282680250 0.1115078232404749
0.0121878394873935 0.5000000000000000 -0.2900662134503308
0.0032604121552323 0.5000000000000000 -0.3237026757970890
0.5000000000000000 0.3346662141333120 -0.1822287058820944
0.5000000000000000 0.3518074407345165 -0.1914958627759158
-0.4164354737363705 0.1986495616715160 -0.5000000000000000
0.5000000000000000 -0.0286603889073574 0.3046117055142857
0.5000000000000000 0.0860934028720785 -0.2973354437283671
0.0389181555052606 0.1368972705901554 0.5000000000000000
0.0305698996540406 0.1630742947579072 0.5000000000000000
0.1041768403853025 0.1203956651576276 0.5000000000000000
0.5000000000000000 -0.3958698677756180 0.0576529521292475
0.5000000000000000 -0.3859183553629667 0.0720536599802248
0.3361116316362854 -0.5000000000000000 -0.1467076367411804
-0.5000000000000000 -0.1715827718676401 -0.0636893786588036
0.5000000000000000 -0.0978372954610703 0.2183142421195727
0.5000000000000000 -0.0623724552433936 0.2498182019196669
0.1355454573271571 -0.3030418379715989 -0.5000000000000000
0.1174852037512893 -0.3944844919879116 0.5000000000000000
0.5000000000000000 0.1031029689138738 -0.2906427697452924
0.5000000000000000 0.0986328144832513 -0.2825024553099663
-0.4437394153781167 -0.3150986735811266 -0.5000000000000000
-0.2944680307727601 -0.2343666290510431 -0.5000000000000000
0.1174002744669973 -0.3979075424489433 0.5000000000000000
-0.0280833298243339 -0.5000000000000000 0.2046010887425261
0.3588780034742903 0.2411902457468015 -0.5000000000000000
0.3173221187380795 -0.2674440839217848 -0.5000000000000000
0.3363510222005450 -0.2596827600831857 -0.5000000000000000
0.3319792043674163 -0.2636392083423959 -0.5000000000000000
-0.4497017750602540 -0.3840357253614066 -0.5000000000000000
-0.4495206190099004 -0.2495393416899448 -0.4989299715059314
-0.2209626427239114 0.5000000000000000 0.2997874059326493
0.5000000000000000 0.2238390268765283 -0.3971738808677887
-0.4330921928489564 -0.5000000000000000 -0.4369344796332924
-0.2839721214133385 -0.4917417286673045 -0.5000000000000000
-0.2343430920052795 -0.4867459823988638 -0.5000000000000000
0.2770636232169219 -0.3081833379459896 -0.5000000000000000
0.5000000000000000 -0.1608738128681523 -0.0273051018328590
0.5000000000000000 -0.1936135750834863 -0.0645031136821036
0.5000000000000000 -0.2191183244194193 -0.1131104624865860
0.3044069702342705 -0.3052446822500204 -0.5000000000000000
-0.2494638733324172 0.2818962918497887 0.5000000000000000
-0.4295483182394240 0.2320753577777596 0.5000000000000000
-0.1982746915896947 0.0597824132144651 -0.5000000000000000
0.5000000000000000 -0.3187831373311059 0.2104293305632077
0.1775342357148096 0.1189557551039271 -0.5000000000000000
-0.4477173877028980 0.2253264385920339 0.4909234280187328
-0.0884378939646109 0.2280533214444767 0.5000000000000000
-0.1835632557571754 0.1542532561923147 0.5000000000000000
-0.5000000000000000 0.2573199649224522 0.0981191510707332
0.4217824529574577 0.5000000000000000 -0.2519560819485072
0.2739845476912671 -0.4951026170039595 -0.2756231525443574
-0.2550796081394838 -0.5000000000000000 -0.0581093929094307
0.5000000000000000 0.1556746168839662 0.3946537601474568
0.3407681392838542 0.2782244276249389 0.5000000000000000
0.2566903215892660 -0.5000000000000000 -0.2883687931209857
0.5000000000000000 -0.0083772448719194 0.2926559559812948
0.5000000000000000 0.1279284885537821 0.2682189573527799
0.5000000000000000 -0.1546288796099069 0.0014316613096533
0.2794665915984763 -0.5000000000000000 -0.2556194810475685
-0.3947276353644566 0.2701058067619473 -0.5000000000000000
0.0002477384936650 0.3983435330463876 -0.5000000000000000
0.1123588629342151 0.1486994553122742 -0.5000000000000000
-0.5000000000000000 -0.0851295626675726 -0.0024570904088091
0.1707568203375612 0.0637743812312110 0.5000000000000000
-0.4916472361700155 -0.2036056535994518 -0.1252882615990538
0.1269852116491315 -0.3221103804376907 0.5000000000000000
-0.5000000000000000 0.2506726940571676 -0.0072252161429657
0.5000000000000000 0.2502877473787589 0.0301587991164158
0.5000000000000000 0.4323640191181573 -0.3961983062104671
-0.5000000000000000 -0.1891345692948023 -0.1126185472931286
0 199
0 200
0 201
0 403
0 85
0 202
0 203
0 405
0 204
0 135
0 205
206 16
207 25
208 46
209 80
1 221
1 21
1 210
1 52
1 62
1 72
1 76
1 211
1 99
1 212
1 213
1 125
1 214
1 145
1 153
1 179
1 190
1 215
1 216
1 217
2 16
2 24
2 218
2 40
2 84
2 219
2 105
2 116
2 122
2 136
2 142
2 220
2 171
2 197
222 109
3 13
3 19
3 26
3 223
3 57
3 68
3 224
3 225
3 94
3 106
3 108
3 114
3 127
3 164
3 226
3 227
3 184
3 228
3 1068
229 128
230 132
231 133
232 183
233 7
4 18
4 27
4 36
4 45
4 78
4 79
4 111
4 118
4 123
4 131
4 139
4 154
4 155
4 159
4 170
4 175
4 186
4 187
4 189
4 192
4 194
5 31
5 38
5 53
5 86
5 120
5 124
5 126
5 138
5 143
5 156
5 234
5 198
235 190
236 43
237 115
238 118
239 128
240 82
241 164
6 242
6 29
6 36
6 45
6 243
6 75
6 244
6 245
6 91
6 833
6 96
6 246
6 247
6 248
6 1190
6 155
6 196
7 249
7 250
7 251
7 34
7 39
7 51
7 252
7 89
7 103
7 130
7 253
7 254
7 255
7 256
7 257
7 181
7 185
258 84
259 171
260 180
261 197
262 8
263 107
264 128
265 133
266 183
267 97
268 101
269 140
8 221
8 13
8 270
8 271
8 272
8 69
8 273
8 274
8 107
8 109
8 143
8 148
8 153
8 156
8 156
8 184
8 275
9 11
9 276
9 277
9 278
9 279
9 72
9 598
9 83
9 107
9 280
9 125
9 129
9 153
9 281
9 282
283 39
284 51
285 130
286 191
287 101
288 180
289 25
290 70
291 50
10 18
10 77
10 87
10 93
10 95
10 96
10 141
10 146
10 170
10 1156
11 292
11 293
11 294
11 295
11 296
11 297
11 298
11 63
11 299
11 300
11 72
11 83
11 301
11 107
11 302
11 303
11 304
11 305
306 13
307 31
308 68
309 86
310 829
311 1175
312 156
313 156
314 1068
315 50
316 100
317 150
318 160
319 166
320 1245
221 72
221 76
221 109
221 321
221 145
221 153
12 322
12 98
12 110
12 323
12 324
12 325
12 144
12 157
12 162
12 173
12 326
12 193
327 60
328 678
329 1175
13 30
13 53
13 68
13 69
13 86
13 107
13 114
13 330
13 143
13 156
13 156
13 331
13 184
13 1068
332 119
333 180
334 186
335 197
336 167
337 164
14 338
14 43
14 339
14 340
14 908
14 909
14 128
14 133
14 341
14 163
14 174
14 342
344 128
345 133
346 183
347 98
348 147
349 193
350 39
15 351
15 42
15 54
15 58
15 678
15 352
15 81
15 102
15 103
15 104
15 353
15 124
15 137
15 138
15 354
15 149
15 355
15 356
15 1170
15 357
15 182
15 358
359 384
360 195
16 361
16 25
16 362
16 37
16 40
16 46
16 70
16 80
16 99
16 363
16 105
16 116
16 122
16 136
16 142
16 364
16 365
366 715
367 66
368 121
369 191
17 20
17 31
17 33
17 370
17 57
17 67
17 371
17 752
17 124
17 372
17 127
17 373
17 374
17 165
17 177
17 375
376 43
18 32
18 45
18 77
18 78
18 79
18 95
18 96
18 141
18 146
18 154
18 155
18 170
18 174
18 187
377 25
378 44
379 46
380 64
381 70
382 48
383 59
19 385
19 386
19 26
19 387
19 388
19 389
19 106
19 108
19 390
19 391
19 392
19 164
19 393
19 394
395 46
396 64
397 97
398 101
20 28
20 31
20 33
20 54
20 399
20 678
20 752
20 124
20 127
20 1175
20 165
400 87
21 52
21 55
21 61
21 598
21 76
21 94
21 401
21 153
21 402
21 1259
404 85
406 1240
407 173
408 23
409 81
410 98
411 104
412 147
413 162
414 167
415 193
416 59
417 976
22 37
22 44
22 59
22 64
22 418
22 97
22 1051
22 151
22 152
22 161
22 176
22 419
22 1081
22 420
22 421
422 35
423 41
424 74
425 115
426 118
427 132
428 194
429 164
430 69
431 72
432 153
433 67
434 90
435 164
23 56
23 81
23 103
23 436
23 117
23 147
23 437
23 167
23 438
23 182
23 188
439 82
24 38
24 40
24 42
24 47
24 53
24 65
24 84
24 90
24 105
24 112
24 120
24 124
24 126
24 127
24 149
24 158
24 172
24 185
440 59
441 152
442 39
443 63
444 83
384 445
384 446
384 447
384 195
384 448
449 48
450 48
451 59
452 405
453 801
454 1240
455 167
25 456
25 539
25 70
25 457
25 105
25 458
25 459
25 460
25 461
25 462
25 463
464 83
465 107
466 164
467 48
468 39
469 51
470 77
471 78
472 134
473 154
474 1156
475 32
476 46
477 75
478 97
479 101
480 894
481 140
482 196
26 30
26 53
26 55
26 57
26 61
26 539
26 68
26 94
26 108
26 112
26 114
26 127
26 483
26 1224
26 484
26 184
26 485
26 486
487 164
27 56
27 73
27 488
27 111
27 119
27 123
27 139
27 144
27 147
27 172
27 186
27 489
27 192
27 193
27 194
490 167
491 168
492 182
493 97
494 101
495 151
496 82
28 54
28 678
28 752
28 497
28 1175
498 88
499 161
500 598
501 94
502 114
29 45
29 75
29 343
29 91
29 833
29 96
29 909
29 133
29 140
29 503
29 504
29 1190
29 155
29 163
29 170
29 174
29 196
30 53
30 55
30 68
30 86
30 126
30 143
30 148
30 184
30 198
31 53
31 57
31 68
31 505
31 506
31 86
31 106
31 507
31 124
31 127
31 508
31 1175
31 165
31 1068
509 598
510 125
511 153
512 178
513 195
514 173
32 37
32 45
32 46
32 64
32 80
32 95
32 96
32 97
32 116
32 122
32 140
32 141
32 142
32 151
32 154
32 159
32 187
32 196
33 42
33 54
33 65
33 102
33 752
33 124
33 515
33 149
33 160
33 177
516 80
517 80
518 105
519 164
34 520
34 521
34 89
34 103
34 109
34 138
34 522
34 523
34 524
34 525
34 526
34 198
527 135
528 167
530 107
531 37
532 51
533 77
534 95
535 154
536 191
35 537
35 74
35 79
35 110
35 111
35 115
35 118
35 132
35 133
35 538
35 183
35 194
540 84
541 90
542 105
543 42
544 49
545 100
546 172
547 180
548 63
549 72
550 83
551 125
552 87
553 113
554 140
555 151
556 163
36 45
36 557
36 71
36 558
36 91
36 111
36 139
36 930
36 155
36 159
36 186
37 44
37 46
37 64
37 66
37 70
37 77
37 88
37 559
37 95
37 97
37 99
37 1051
37 131
37 136
37 141
37 142
37 151
37 560
37 154
37 169
37 176
37 561
37 191
562 63
563 83
38 40
38 47
38 53
38 58
38 89
38 103
38 120
38 126
38 138
38 149
38 185
38 198
39 564
39 51
39 103
39 117
39 130
39 134
39 565
39 566
39 567
39 181
39 185
39 189
568 82
569 611
570 72
571 125
40 47
40 84
40 89
40 105
40 122
40 126
40 130
40 131
40 136
40 142
40 171
40 181
40 185
41 572
41 573
41 74
41 574
41 110
41 575
41 132
41 576
41 577
41 157
41 578
41 579
41 173
41 178
41 194
41 195
42 49
42 65
42 84
42 580
42 102
42 104
42 124
42 581
42 137
42 149
42 160
42 172
42 177
582 183
583 164
43 584
43 585
43 586
43 78
43 93
43 908
43 115
43 587
43 128
43 588
43 146
43 589
43 170
43 174
43 175
43 590
44 46
44 64
44 70
44 591
44 92
44 592
44 593
44 152
44 169
44 176
44 179
44 1081
594 113
595 140
596 151
597 161
599 83
600 114
601 129
45 80
45 602
45 96
45 930
45 155
45 159
45 187
45 196
46 64
46 70
46 80
46 603
46 97
46 604
46 116
46 122
46 142
46 605
46 606
46 607
46 196
608 128
609 167
610 182
612 63
47 52
47 55
47 61
47 66
47 613
47 76
47 89
47 105
47 109
47 112
47 126
47 130
47 136
47 614
47 148
47 181
47 191
47 198
615 894
616 111
617 132
618 183
619 60
620 107
621 829
622 156
623 156
611 624
611 63
625 51
626 134
627 188
628 192
629 178
630 194
631 195
632 67
633 108
634 164
635 165
48 59
48 636
48 637
48 638
48 639
48 976
48 640
48 641
48 642
48 643
644 87
645 93
646 908
647 146
49 100
49 648
49 102
49 104
49 649
49 650
49 651
49 137
49 160
49 162
49 166
49 167
49 168
49 172
652 894
50 54
50 653
50 654
50 655
50 656
50 657
50 150
50 1170
50 658
50 659
50 660
50 1245
50 661
50 662
663 125
51 77
51 130
51 131
51 134
51 154
51 189
51 191
664 63
665 83
52 55
52 61
52 66
52 76
52 99
52 109
52 666
52 121
52 667
52 136
52 148
52 179
668 1245
53 55
53 57
53 65
53 68
53 86
53 112
53 120
53 124
53 126
53 127
53 143
53 158
53 184
53 198
669 1051
670 161
54 671
54 678
54 102
54 752
54 124
54 672
54 673
54 674
54 150
54 1170
54 160
54 1245
54 675
55 61
55 76
55 94
55 112
55 126
55 148
55 153
55 184
676 107
677 894
56 73
56 81
56 117
56 119
56 123
56 139
56 142
56 144
56 147
56 162
56 172
56 181
56 185
56 189
56 193
679 1175
680 752
681 1175
682 165
683 97
684 101
685 140
686 151
687 125
57 68
57 106
57 108
57 127
57 165
57 1068
58 81
58 89
58 103
58 120
58 124
58 138
58 149
58 688
58 185
59 689
59 97
59 690
59 691
59 976
59 1051
59 152
59 801
59 692
59 176
59 693
59 694
59 1081
59 695
59 696
60 697
60 698
60 86
60 699
60 700
60 701
60 702
60 138
60 703
60 829
60 704
60 705
60 156
60 706
61 539
61 70
61 94
61 707
61 105
61 112
61 708
61 126
61 136
61 709
61 710
61 1259
711 173
712 186
713 157
714 194
716 92
717 121
718 145
719 529
720 157
721 173
722 106
723 164
724 165
725 71
726 91
727 833
715 62
715 92
715 121
715 145
715 728
715 169
715 176
715 729
730 1068
731 109
732 138
733 143
734 198
735 908
736 63
737 72
738 83
739 192
62 76
62 92
62 740
62 99
62 121
62 741
62 145
62 169
62 179
62 190
742 87
743 88
744 93
745 161
746 1156
63 747
63 83
63 748
63 749
539 90
539 105
539 112
539 750
539 751
539 1224
753 107
754 114
755 129
64 97
64 101
64 756
64 757
64 1081
64 758
64 759
65 67
65 84
65 90
65 760
65 120
65 124
65 761
65 127
65 149
65 762
65 158
65 763
65 177
66 99
66 109
66 121
66 130
66 764
66 131
66 136
66 765
66 766
66 169
66 191
67 90
67 108
67 767
67 127
67 768
67 769
67 770
67 158
67 771
67 165
67 1224
67 772
67 177
67 773
68 86
68 127
68 184
68 1068
774 82
775 529
776 98
777 173
69 778
69 598
69 94
69 107
69 114
69 129
69 153
69 156
69 184
779 173
70 780
70 99
70 105
70 781
70 782
70 136
70 169
70 179
70 190
71 783
71 91
71 784
71 111
71 186
785 72
786 107
787 129
788 153
789 179
790 190
791 83
72 83
72 792
72 125
72 129
72 153
72 793
678 794
678 86
678 124
678 795
678 1175
678 796
797 403
798 85
799 405
800 135
598 94
598 114
598 125
598 129
598 153
598 802
598 1259
73 116
73 119
73 122
73 139
73 142
73 159
73 171
73 172
73 180
73 185
73 197
74 110
74 111
74 118
74 132
74 803
74 804
74 194
805 106
806 164
807 1068
808 79
809 115
810 118
811 128
812 132
813 97
814 101
815 152
816 75
817 140
818 163
403 85
403 819
403 820
403 821
822 118
823 147
824 192
825 89
826 109
827 130
828 752
830 156
75 343
75 893
75 96
75 894
75 909
75 831
75 140
75 1190
75 832
75 163
75 196
834 183
835 86
836 124
837 138
838 1175
76 99
76 109
76 121
76 839
76 145
76 148
76 153
76 840
77 78
77 841
77 95
77 134
77 842
77 146
77 154
77 191
77 1156
78 79
78 843
78 115
78 134
78 844
78 146
78 154
78 170
78 175
78 845
78 192
78 1156
79 91
79 111
79 115
79 118
79 128
79 132
79 133
79 155
79 170
79 174
79 175
79 194
80 846
80 847
80 116
80 930
80 848
80 159
80 849
80 850
80 196
80 197
81 103
81 104
81 851
81 117
81 137
81 147
81 149
81 162
81 167
81 172
81 852
81 182
81 185
81 193
853 87
854 88
855 113
856 161
857 106
858 1175
859 165
82 529
82 860
82 98
82 861
82 862
82 863
82 864
82 865
82 866
82 867
82 868
82 869
82 167
82 870
871 186
872 196
873 94
83 874
83 875
83 876
83 877
84 878
84 90
84 879
84 105
84 158
84 171
84 172
84 880
84 180
84 185
84 197
85 405
85 135
85 801
85 881
85 882
85 1240
883 161
343 833
343 893
343 909
343 884
343 885
343 1190
86 124
86 138
86 143
86 829
86 886
86 1175
86 156
86 887
888 196
889 90
890 105
891 171
892 197
895 135
896 801
897 107
898 114
899 129
87 88
87 93
87 908
87 900
87 113
87 140
87 141
87 901
87 170
87 902
88 903
88 93
88 95
88 113
88 1051
88 141
88 151
88 161
88 1156
904 110
905 157
906 173
907 178
910 140
911 163
912 107
89 103
89 109
89 120
89 130
89 138
89 181
89 185
89 198
90 913
90 105
90 112
90 158
90 1224
90 914
91 915
91 833
91 111
91 133
91 155
91 163
91 183
91 186
916 833
917 110
918 111
919 183
920 186
92 921
92 922
92 923
92 135
92 924
92 145
92 169
92 176
92 925
92 179
92 926
92 190
92 1081
92 927
928 119
929 144
931 180
932 186
933 121
934 138
935 93
936 95
937 1051
938 141
939 164
940 1068
941 125
942 145
943 190
944 405
945 135
946 801
947 176
948 1240
949 190
833 111
833 133
833 950
833 951
833 163
833 183
93 95
93 908
93 952
93 141
93 146
93 170
93 1156
94 114
94 153
94 953
94 954
94 184
94 955
94 956
94 957
94 1259
958 128
959 118
960 175
961 192
95 1051
95 141
95 146
95 154
95 191
95 1156
908 140
908 146
908 962
908 163
908 170
908 174
908 963
908 964
893 894
893 909
893 140
893 1190
529 965
529 966
529 967
96 140
96 141
96 151
96 155
96 170
96 174
96 187
96 196
97 101
97 140
97 151
97 968
97 196
97 969
98 970
98 971
98 972
98 973
98 157
98 162
98 974
98 167
98 173
98 975
98 193
99 121
99 136
99 145
99 977
99 169
99 179
978 113
979 183
980 135
100 981
100 982
100 983
100 984
100 985
100 160
100 166
100 986
101 140
101 987
101 988
101 989
101 990
101 991
992 172
993 180
994 167
995 182
102 104
102 124
102 996
102 150
102 1170
102 160
102 166
102 168
102 182
103 997
103 117
103 138
103 998
103 999
103 185
1000 976
104 1001
104 1002
104 137
104 162
104 167
104 168
104 182
104 193
1003 1259
105 112
105 1004
105 1005
105 136
1006 132
1007 195
106 108
106 164
106 165
106 1068
1008 167
1009 182
894 1010
894 140
894 1190
894 1011
894 1012
894 1013
894 196
1014 138
1015 1245
107 114
107 1016
107 1017
107 129
107 156
107 1018
107 156
107 1019
107 1020
108 127
108 1021
108 164
108 165
752 1022
752 1023
752 1024
752 1025
1026 829
1027 192
909 140
909 163
109 1028
109 1029
109 143
109 148
109 153
109 1030
109 198
1031 151
110 111
110 1032
110 1033
110 144
110 157
110 173
110 186
110 1034
110 194
1035 157
1036 173
1037 178
111 133
111 1038
111 155
111 183
111 186
111 1039
111 194
1040 178
1041 195
1042 976
112 126
112 127
112 158
112 1043
112 1224
112 1044
1045 125
1046 145
1047 128
1048 132
1049 1175
1050 1068
1052 161
113 1051
113 140
113 141
113 151
113 161
114 1053
114 129
114 153
114 1054
114 184
1055 134
1056 175
1057 192
115 118
115 1058
115 128
115 132
115 133
115 170
115 174
115 175
116 122
116 139
116 142
116 930
116 159
116 1059
116 171
116 187
116 197
1060 119
1061 137
1062 144
1063 162
1064 167
1065 172
1066 173
1067 180
1069 136
1070 179
1071 190
1072 1259
117 123
117 134
117 147
117 1073
117 1074
117 1075
117 181
117 185
117 188
117 189
118 1076
118 1077
118 175
118 192
118 194
118 1078
1079 179
1080 190
1082 156
1083 156
1084 1068
119 139
119 144
119 930
119 159
119 171
119 172
119 180
119 186
119 197
1085 176
976 1086
976 1087
120 124
120 126
120 138
120 149
120 185
1088 180
1089 166
1090 167
1091 168
1092 129
1051 151
1051 152
1051 1093
1051 161
1051 1094
121 1095
121 1096
121 145
121 1097
121 169
121 191
121 1098
1099 196
1100 144
1101 147
1102 157
1103 192
1104 193
1105 194
122 139
122 142
122 171
122 185
1106 150
1107 166
1108 175
123 131
123 134
123 139
123 144
123 147
123 154
123 188
123 189
123 192
123 193
123 194
124 127
124 138
124 149
124 1175
124 160
124 177
125 1109
125 145
125 153
125 1110
125 1111
125 1112
125 1113
126 148
126 198
1114 183
1115 157
1116 173
1117 135
1118 145
1119 190
1120 160
1121 177
1122 192
127 158
127 1123
127 165
127 177
127 184
128 1124
128 132
128 133
128 174
128 1125
128 1126
129 153
129 1127
1128 186
130 131
130 136
130 142
130 1129
130 181
130 189
130 191
1130 145
1131 138
405 135
405 801
405 1132
405 1240
131 134
131 136
131 139
131 142
131 154
131 181
131 187
131 189
131 191
1133 180
1134 135
1135 190
132 133
132 1136
132 1137
132 1138
132 183
132 195
133 1139
133 155
133 163
133 174
133 183
134 1140
134 154
134 1141
134 1142
134 188
134 189
134 192
135 1143
135 801
135 1144
135 1145
1146 178
1147 195
136 142
136 179
1148 164
137 149
137 162
137 172
138 1149
138 1150
138 1151
138 1152
138 1153
138 1154
138 1155
138 198
139 142
139 159
139 186
139 187
139 189
1157 1170
1158 146
1159 175
1160 1156
140 141
140 151
140 1161
140 163
140 170
140 196
1162 150
1163 160
1164 166
1165 1245
1166 150
1167 1170
1168 167
1169 168
141 151
141 170
141 1156
142 154
142 181
142 185
142 187
142 189
1171 198
1172 191
143 148
143 156
143 184
143 1173
143 198
144 162
144 172
144 180
144 186
144 1174
144 193
144 194
829 156
829 156
829 1176
145 169
145 1177
145 1178
146 154
146 170
146 1156
930 159
930 186
930 197
147 1179
147 1180
147 188
147 192
147 193
148 153
148 184
148 198
1181 183
1182 1175
149 172
149 185
150 1170
150 166
150 168
150 1245
150 1183
1184 177
1185 167
151 161
151 1186
152 176
152 1187
152 1081
152 1188
152 1189
1191 183
801 1192
801 176
801 1240
801 1193
801 1194
1195 163
1196 183
1197 178
1198 195
1199 196
1200 188
1175 165
1201 157
1202 169
1203 176
1204 191
1170 1205
1170 168
1170 1206
1170 182
1170 1207
153 184
153 1208
153 1259
154 187
154 191
154 192
1209 182
1210 188
155 170
155 174
155 186
1211 166
156 184
156 1212
157 1213
157 1214
157 173
157 178
158 1215
158 1224
158 1216
156 1217
156 1218
159 171
159 186
159 187
159 197
160 166
160 177
1219 178
1220 166
1221 167
1222 168
1223 164
161 1225
162 167
162 172
162 193
1226 178
163 170
163 174
163 183
164 165
164 1227
164 1228
165 177
165 1229
166 167
166 168
166 1230
167 168
167 1231
167 1232
167 182
168 1233
168 182
168 1234
1235 176
1236 1240
169 176
169 179
1237 197
170 174
170 175
171 172
171 180
171 185
171 197
172 180
172 185
1238 182
173 1239
174 175
175 192
176 1241
176 1242
176 1081
176 1243
178 195
1244 195
1246 1068
1247 192
1248 1156
1249 1245
1250 188
1251 192
179 190
1252 182
1245 1253
180 197
1254 196
181 185
181 189
183 1255
186 1256
186 194
188 192
190 1257
191 1258
1260 198
192 193
192 194
193 194
1081 1261
194 1262
195 1263
1264 1259
