1372 2614 0
0.2546602825531862 -0.3471324662027155 0.3314718152500167
0.0214394123818283 -0.3516106638261718 0.4052957253269098
-0.0220374151829758 0.2571344292973691 0.0027183246972603
0.0804296770152092 -0.0119773001215350 -0.3223500928215072
0.1716058509207032 -0.3951581231056677 0.2675836979525965
0.1183846415439527 0.2128582367292352 0.0948788454725599
-0.1625123711984058 0.3607821963308460 -0.3897420229725889
-0.3014197800210393 0.2477324057451537 0.2503250713523654
-0.0821438771106125 0.0704852208296373 -0.1675767580214524
-0.2393570011874327 0.3303071662381978 -0.4873449630887394
0.3244411596528197 -0.3239810440306495 -0.1673198313588979
0.0600879782655830 0.0413633805154338 0.1439432062604430
-0.1689838387644521 -0.2863809455499499 0.1761106849305765
-0.4054622676599687 0.2132434901768725 -0.0460763050143642
-0.3044190076735445 0.2374962354946860 0.3124932188556806
0.2659615607642817 -0.0695149237359582 -0.1575754653376035
0.3386798406059115 -0.1768576253401367 0.1214566660444679
-0.4343065989980898 -0.3224259851227029 -0.2897181751869229
-0.3666889776692056 -0.0654424428217084 0.3128208044616060
0.4763105700108741 -0.4265959606966119 -0.3164666147208453
0.4614126852595384 -0.4520092637112422 0.2192053291408258
-0.2463625961452802 0.1051776670506365 -0.2570969880967703
0.3223817108402489 0.0504431391930968 -0.1246680789053887
0.0157587628062863 0.4209851112790581 0.3393564401894492
0.1379287049131971 0.1808662962339517 -0.2557938341551835
0.4654935152600150 -0.2661722191105481 0.3815271504566584
0.0712365346393758 0.3341329723460465 -0.3981089994727405
-0.3199245932204900 0.3319456746238423 -0.4889014244130340
0.2911879358456071 0.2428123411724099 -0.2298742967339214
0.0125857365113535 -0.0762569776422168 -0.4655348857625863
-0.3646615297891642 0.1208977337442601 0.1163924820927150
-0.1052508200706773 0.3772049248345652 0.3115069331585411
0.4857449996436032 0.4198098834856023 0.1225962150615195
0.4548772978878013 -0.2852310611901580 0.4243924484581056
-0.0715220145179385 0.2558140826361470 0.4096419205898148
-0.1521771112134541 -0.2150190378596870 0.0331094103978621
-0.2317389804195723 -0.0628442021547286 -0.2786467193462461
-0.2815836220434504 0.1405539594940129 -0.4117894980562383
0.0503491268153365 -0.2555894941893359 -0.4307680225292897
0.4293027251118226 0.0048321077060526 -0.3500330777162303
0.3716345628595186 0.3575211050652243 -0.2186770927729259
0.4986927386830610 0.0853862413173611 -0.4105200462202107
-0.1121498727519768 -0.1010278424566317 0.3435282181985050
-0.2624722066340721 -0.0174323804006819 -0.1542220389177092
-0.3049076082742703 -0.3207839275357266 0.2652980740485383
0.3285821427267539 0.0422738865842317 -0.0088318986282733
-0.3758622170345470 -0.3046932245431619 -0.2383111632868769
0.2659964644758816 0.2787803659053100 -0.1915697388810022
0.0900226166323837 -0.0670095155832296 0.0518815014971672
0.1831306265730217 -0.3283956869114181 -0.3552441225631029
-0.0184725707366512 -0.1966832998279204 0.3462451056951642
-0.0414129463455877 0.1213428598335937 -0.2522732399659733
0.1339897985198434 -0.4106302241699999 -0.0677652652311315
-0.3877168843546689 -0.2075046971246814 -0.3211257351824824
0.3737040920344796 0.3413466124705664 -0.2531325769137646
0.0322464668375200 0.2606588868074304 0.0757578025058729
-0.3267523103515851 -0.3065049951920765 0.0974677882836911
0.4147668942911318 0.2636588143896614 0.3396346846365185
-0.3428436059182430 -0.0398389285080989 0.0738762697543127
0.4433092564990895 -0.1549451802219474 -0.2072753138398830
-0.0941968936924180 0.0725945146385558 0.4539865160695168
0.1215569615830437 -0.3835710262438486 0.2747395743252127
0.1149414852489354 0.0266445887783514 -0.2030465025351154
0.2859684253667895 -0.3634363333379999 0.0066544682787653
-0.0260034010828904 0.4477532682533060 0.0242847791890339
-0.2781990058935441 0.2313616199193141 -0.4204384235398395
-0.1753156627979388 0.3109526067853318 -0.3807168032068528
-0.1813143349441657 0.0498959884567190 0.0197288680547853
-0.4825234463567123 0.0916550145158323 -0.1049103837744700
-0.2622020531391090 -0.1694500148106040 0.2096465877936256
-0.2497528705243616 0.1250035281239634 -0.4922819230058843
-0.3523502470862735 0.4592090767597595 -0.3630568753191276
0.4804416987792986 -0.0893155159007237 0.1808849335681104
0.4735847696055579 0.0920668183959512 -0.4673648794902381
0.4167025777178392 -0.0612097452929345 -0.0546472057867867
0.2319469188365874 -0.1913015085223910 -0.1923969890750594
-0.3160143357517495 -0.2317262766669033 -0.1791789909340164
-0.2024688366933138 -0.2846927938930223 0.4315916430122200
0.4177567100854719 -0.4537217045420381 0.2995017215467077
-0.1765636715783739 0.3856465128070932 -0.0820109950226792
-0.2000478948565076 -0.4463937491738534 0.3662988007413770
-0.0277277852716896 0.3198167535339673 -0.1502528274084393
0.1477981628630775 0.3372887831239011 0.3949176546041588
-0.2948642095643080 0.0440161506531899 -0.1448846820552973
-0.3508273776074232 0.2663541495518144 0.4200460093455537
-0.4641287735183660 0.0464528739732785 -0.0827393236006291
0.3199800417099320 0.3712287048370301 0.3381312886560420
0.2738366147679915 0.2162485929719716 0.0243605482321489
-0.3143746845486131 -0.3587480325145979 0.2936406035040802
0.2006024635407275 -0.3026909126263236 -0.4478766070817833
-0.0090089189281609 -0.0424512535138210 -0.0570449566384250
0.1937308824840539 0.0000321806357737 0.0617586774107047
0.1079700307020372 -0.0869118051185132 -0.4620088249492476
-0.2114180554838118 0.3301197275003317 -0.1563646638634403
-0.4568678728873217 -0.1133472553899905 -0.0475281752258083
0.1453482439686280 0.4079366758428059 0.3003296948537181
0.2892754516531683 0.0464959018077817 0.0278971427043540
0.1964505638826795 0.1670085922914722 -0.1122068721714120
-0.1904731556290276 -0.3235981342048534 -0.3160055715921273
-0.1883852734917044 0.1345393379534096 -0.0096581203051512
-0.3573188438379072 0.1618817230965662 0.0868180633057807
-0.2296376850404868 -0.0949276480709128 -0.0301565564897588
-0.4283890969051231 0.4871448546317448 0.1474810756539475
0.1541789116460225 -0.2328658898534663 -0.0638848557583249
-0.2850678140270349 0.0411926994387221 0.2511870864137997
-0.1730165650722912 0.1119879633296106 -0.2516378790366451
-0.1528003451568362 0.3478731501673508 0.0683221145535523
-0.0653575250599171 -0.1816385863465546 -0.4364736426937222
-0.1500541514862045 0.0266323723383527 -0.3727826793142596
0.1345057089907826 0.3781265535210178 0.4184760094623605
-0.1172271725461404 0.3614910412735381 -0.3122836173797619
-0.4230900357267788 -0.2443460641594049 -0.1880754031872783
-0.0243345541216677 0.2149070073791013 -0.0805126534389435
0.3329492957545723 -0.2618838548755489 0.4237670425708873
-0.1986164374240542 -0.2466615259094114 0.2895618038685276
0.0385236787461942 -0.4786786984352169 0.2184972070424419
0.4444382338664071 -0.2798257488163525 0.0402229700771427
0.0372559364327792 0.1921486307903537 0.2166621421238260
0.1374168945026786 -0.0744432861366817 0.0188842141893150
0.1607779473456080 -0.0128143748985354 0.2442273698898108
-0.3412137339111141 0.2981934151171151 -0.4172623127238285
-0.0333164169386760 0.3642817734924100 -0.1484426921849502
0.1355449343547216 0.1888471990056768 -0.1205132175908544
-0.1045854919531206 -0.1986856349195703 0.3396164622755434
0.0194132957742802 0.3523589903564044 0.3340901064196098
0.1989359556649197 0.4736334047417687 0.3906978936019905
-0.1588295316222249 0.4665222133235363 0.1910000204697433
-0.4660634710329901 0.4613012903014311 -0.1366564435809737
0.1827000063613128 0.1680510490447019 -0.3445364576269366
0.0782367811116357 -0.4864108277968259 -0.4605766998168851
-0.3921554964018714 0.1958955738240794 -0.3443930858250813
0.1222562333850550 -0.3788431083298953 0.3470414836533912
-0.0758465938046477 0.4372683039327885 0.2835006039033930
-0.3485732351109121 0.3541912250822083 -0.1550308980930634
-0.4044520399306023 -0.0936410337778623 -0.1899467517300409
-0.3872666986595742 -0.4795160737902812 0.3690527924991989
0.3070092731934921 0.4296020855172689 0.1330290225592377
-0.1195291499590239 0.2775398339929014 -0.3541440281618822
-0.2208424196990479 -0.2210272595184842 -0.4824044269176097
-0.2060964172807161 -0.3743337945683329 -0.2114741176135683
0.2993575010795884 -0.4369093592323594 0.1463915394296728
0.1688763531803714 0.1917616604251710 -0.3668541940509439
-0.3928776713130169 -0.4512450145212484 0.4535617335296174
0.4751689954320476 -0.1558032325067058 -0.0391691571465635
0.0213101678488171 0.0377573426378818 0.1486605978089225
-0.4477447709449824 0.1299904181236256 -0.2131739553261156
0.2010723643644249 0.2997056377730662 0.2063536186879390
0.2095104655870868 -0.3684746068381042 0.3042313641422927
-0.3804458501652798 0.1048868757008835 0.0575429636391001
0.2752592591830978 0.1526402083343814 0.3142588010986208
0.4146526774816766 -0.1999352295332066 0.4128261424705638
-0.3290923530654438 0.0806275455883513 -0.0836569459223825
0.0238533713312783 -0.4557388380481879 0.0265078691435193
-0.4210526682270440 -0.3206777330446868 -0.3603341511958343
0.3441379460703025 -0.3051758442548121 -0.3525869027160956
0.3874702156774480 0.2207333416698942 0.1495055041923899
-0.4401306164060247 0.2087635783232944 0.1728450208820172
-0.2120661500254192 0.3958118582795392 -0.4527960533985906
0.1448476671166676 -0.0021384365498650 -0.2591324464294916
0.3106927657923821 -0.4394486199358962 0.4457213683717043
-0.0773711158544648 -0.1815945751826761 0.1909528778751617
-0.4789125009424575 0.4193911154217660 -0.1729717343574632
-0.3335584482896841 0.4627708165960812 0.1200083216873592
0.3703769634046938 0.1563918850669799 -0.2169564591638244
0.3987793008496909 0.2346295890494413 0.1018524757752695
0.1176399379003773 0.1506665560438757 0.0692125041902368
-0.2283235012719223 -0.3804277836650971 -0.4705844397870161
-0.4298533576406013 -0.1933786595362280 -0.2252392785005897
0.0029157245747075 -0.2373190494124298 0.0936359181202438
0.1154480021361780 0.1335308315512223 0.1031437042096321
0.3384140395402359 0.4066956984451569 0.1792859542767598
-0.0090074432830471 -0.3773949517627975 0.3118014654420942
-0.3879988215704355 -0.1369110211551563 -0.4080065139079637
-0.0754623862304124 0.0173262626814497 0.3389970186527229
0.0943428816532310 0.4908940460127736 -0.3015571660376200
0.0864489656870761 0.2133515213786616 -0.3401183111882474
0.2535570289523204 -0.4327478648798262 -0.2065938122497626
0.3262950802508298 0.4356192663840959 0.0864011910389703
-0.0047075744777771 -0.2685669277272892 0.0237145095877102
0.4545341485091499 -0.0286255201596092 -0.4734664152000113
-0.1998574321359822 0.0026931800946326 0.4677007859149206
-0.4620233933752679 0.2925474047651487 -0.2255723529071075
0.2636682449936782 0.3106023537816721 -0.1404609991406086
0.2324316723154015 0.3444943028731359 -0.2796440622772878
-0.3789278009302706 0.3183837624335342 0.3523931882518114
0.2223871898241331 0.1735188370034673 -0.1180217794125000
0.2902219366211924 -0.1852768314371852 -0.2389407463278675
-0.3175893697058410 0.4503991151874302 0.3620353089212224
0.2942300662342671 0.3989163262755058 0.1669930118165129
0.4162367204453064 0.0633272105042960 0.0366112961484292
-0.3852983618958069 0.4041274175525419 -0.2952855682410104
0.1489460959691807 -0.0241409288139010 0.0948139158681912
-0.0219476781306375 -0.4375821534727961 0.2255611307493143
0.4099473044228569 0.0469181014036892 -0.3782754548747872
0.4803561040925119 0.3632918079735152 -0.0947926704946968
-0.3247284398551166 0.3281823271386100 0.3606604564764632
0.0209673534445106 0.3464474580658818 0.1753649418335208
-0.3081045424001523 0.4843547108139086 -0.1163626691769939
0.1097212760185083 0.3928662801701154 0.3760043157073995
0.1070909304450149 0.4446497639187460 0.3639449303676170
-0.4645208223333589 -0.1854100154023403 -0.0357093266260226
-0.1737821245013887 -0.2392230079156942 0.1435770444067629
-0.3684595703130211 -0.1633898325758912 0.4136931128093395
0.2761239830245067 0.2292108009968089 -0.2534015540897246
0.1297805054502814 -0.3662825933700926 0.4310442086989708
0.1415834771862843 0.2661901345405168 -0.0095334129739410
0.4832111340531005 -0.2651013937323330 0.2982670839248071
0.0996659055938228 -0.3368277253625406 -0.3526818204274491
-0.1664308131384156 -0.3743340171641095 0.2993998354212977
-0.3922274441533721 -0.1795985207247799 -0.2023777304405155
-0.0417092182385625 0.3667143612944838 0.2232491887705830
-0.2730645814492506 0.0221861781000869 -0.0128986652655238
-0.4228628443177532 -0.0848177002745732 -0.1208771280914522
-0.4530398280980319 0.2270991470168442 -0.0765712447975854
-0.2589744771647378 -0.2325532095584017 0.2653404894569231
-0.4306435059897610 -0.2312558965189573 -0.1340103545804772
0.3469202915186044 0.2234281685812623 0.3659913639108716
0.3606060526576577 -0.3445653594581409 -0.1452235180310134
0.3314840774957806 -0.0669658937073941 0.3946964261585583
0.3710439012500296 0.3051339981965492 -0.1876044717925108
0.4480574236270742 0.0964745498685452 0.3316341562599636
-0.3158232256747909 -0.2326205493458896 0.1945760364607892
0.3956856859984104 -0.4805538500912138 0.2308515396936178
-0.1999231596565182 0.3310541763484432 0.0534069984969735
-0.4706761061122422 -0.0631296460667421 0.3991415961108196
-0.3032508924316246 0.2443125569300444 -0.3032524801209746
-0.1474474119479930 -0.3924968478365777 0.4098529566437442
0.4544500511806058 -0.3431763169942960 0.4022041437924858
0.4130092632472033 0.0879430248461378 -0.3859938809054175
0.0671687062334768 -0.3085593026405467 -0.4469694344416571
0.4785979156708537 0.0799213223349313 -0.4327992248559223
-0.2725781288941873 -0.2114571287890607 0.4748063411344380
0.2678984021506721 -0.0267892268745775 0.2963377745763569
-0.2242035817671602 0.0283132705813587 -0.0343729607230553
0.0490164436859796 0.4124681676137369 -0.3699644977903441
0.2248304504528942 -0.1631421967007328 0.2482799245368462
-0.1504877853148088 -0.3320119978787063 -0.2735000796993738
0.4433057022051747 0.4809999282638137 -0.3755013243067871
-0.2542173542287482 -0.3095159353420575 -0.0761112638985945
-0.1864718026893645 0.2610104190257298 -0.3310246961212862
-0.3754635363407603 0.2611065431193650 0.4152861682674249
-0.4741123287382493 -0.0023188255475932 -0.3186824606234078
-0.1639831949653882 -0.1591897395125624 0.3483811329805601
-0.4821863585299941 -0.2318779988474580 -0.1374130655989355
0.3524527295685233 0.3701744149018720 0.4463749877119026
-0.0493158716314368 0.4467998880105791 -0.2776297100408526
-0.2395055084069936 0.2101295429760824 -0.0025845055402968
0.2462189922426013 -0.2510157343727786 0.2120494967603563
-0.4016078789253685 -0.0893935597948548 0.4858331076036023
-0.3140286757526521 -0.1843628026833820 0.2989393733742881
-0.3747747265330093 0.0001099827289144 0.3456643199723054
0.0052308458310831 0.1081304981804369 0.3084163415235127
0.2085825647508159 -0.0776840121933894 0.1781651367187926
0.2770568549531439 -0.3283410957330034 0.3612746284331007
0.0675038675787567 0.0614325019623103 0.4185867495655697
0.2396133483989675 -0.0890926706547586 -0.4799479590528591
0.5000000000000000 -0.0276503828796067 0.3965456697677943
0.5000000000000000 0.0089082062731691 0.3792807199700989
0.5000000000000000 -0.0234778253263186 0.3891382049919599
-0.5000000000000000 0.3407119442934932 0.3756233689345264
-0.5000000000000000 0.3036599334910594 0.4172019100889470
0.0717660716098638 -0.4921491560896797 -0.5000000000000000
0.0673439972025672 -0.3091146253692078 0.5000000000000000
0.0358888279116572 -0.4047275473519427 0.5000000000000000
-0.0134661911728064 -0.5000000000000000 0.4022274708262109
-0.0574707985012784 -0.3041092236118692 0.5000000000000000
-0.0337973286450405 -0.3763575026438372 0.5000000000000000
0.1080848996451098 -0.3860680725137146 0.5000000000000000
0.1907554722961631 -0.3758791742055243 0.5000000000000000
0.0987714495068578 -0.1721757278267552 0.5000000000000000
0.4681934881661765 0.5000000000000000 -0.4216016671854099
-0.5000000000000000 0.1054470766143032 0.3558866217721640
-0.5000000000000000 -0.0338896176926940 0.3926937030925272
-0.5000000000000000 0.1341390088116796 0.3907731018828626
-0.5000000000000000 0.0295824355756022 0.3629029039323411
0.5000000000000000 0.4148713787233608 0.1318823345074151
0.5000000000000000 0.3243969661630730 0.2636717207250021
0.5000000000000000 0.3807545752317300 0.2360004609977756
0.5000000000000000 0.3142669394571529 0.1711225557071555
0.5000000000000000 0.3926833738276060 0.1846812031433335
-0.5000000000000000 0.3895842797781300 0.0721948872071807
-0.5000000000000000 0.3874159353905134 0.0681480678469285
-0.5000000000000000 0.4011676145885349 0.0578200264043458
-0.5000000000000000 0.3879122464614356 0.0706879100068565
-0.5000000000000000 0.3934718480871472 0.0724837435550210
-0.5000000000000000 0.3852896269360325 0.0736553102679837
-0.5000000000000000 0.3917773034948420 0.0710361816834509
-0.5000000000000000 0.3845138669151852 0.0646883559811632
-0.5000000000000000 0.3905761081180566 0.0703619890279484
0.5000000000000000 -0.1460037360861467 0.4659583904741981
0.5000000000000000 -0.1447794509807040 0.4706636855803855
0.5000000000000000 -0.1369195245974945 0.4717719904964466
0.5000000000000000 -0.1331746789893454 0.4725293614967790
0.0993265824285283 0.0178153438444100 -0.5000000000000000
0.2067732932001782 -0.5000000000000000 0.3907976086802823
0.2445364226037611 -0.5000000000000000 0.2792791368132180
0.3669499813730686 -0.5000000000000000 0.4071254613312412
0.1142659675861306 -0.5000000000000000 0.2467633610920568
0.1899434425858899 -0.5000000000000000 0.4286296669701115
0.2756681492929954 -0.5000000000000000 0.4607214677616203
0.1951860713421830 -0.5000000000000000 0.4619645360926498
0.1359161432263394 0.4111180537915899 0.5000000000000000
0.2940581996335471 0.3971247871454081 0.5000000000000000
0.5000000000000000 -0.4318753280824663 0.2080303136049104
-0.1941081226325219 0.5000000000000000 -0.3704686770843299
-0.0180812462434461 0.3842450663742737 -0.5000000000000000
0.0155745484059736 0.5000000000000000 -0.3604081209805793
-0.5000000000000000 0.3302782967159453 0.2449238039607896
-0.2793241598477772 0.3511628420015788 -0.5000000000000000
-0.2746849065431836 0.3773519114425806 -0.5000000000000000
-0.0947742809998794 0.3651147847008457 -0.5000000000000000
-0.2193655046976299 0.3294287899832885 -0.5000000000000000
-0.1130664014202313 -0.1603312146125777 -0.5000000000000000
-0.2046608495136903 -0.2018126275591056 -0.5000000000000000
-0.4527443971115220 0.5000000000000000 0.1597484187073062
-0.4399748043970486 0.5000000000000000 0.2371508772344211
0.5000000000000000 -0.4331015196361290 -0.3096487253362988
0.5000000000000000 -0.4980288952643882 -0.3713496280032020
0.5000000000000000 -0.3255015450150135 -0.2382259568215237
0.5000000000000000 -0.2479107331719713 -0.2060623845574762
0.4369099412973276 0.0782429481270249 -0.5000000000000000
0.3178729165965757 0.0945225556076177 -0.5000000000000000
0.4287803625957467 -0.0004991702274884 -0.5000000000000000
0.3871888902228525 0.0530761723572790 -0.5000000000000000
0.3886199528595765 0.0659840178286849 -0.5000000000000000
0.4219810889906899 0.0664224655444210 -0.5000000000000000
0.2773590759024630 -0.0493722199250430 -0.5000000000000000
0.1952278112551387 -0.0531368669907485 0.5000000000000000
0.2016795449628876 -0.0601835875349864 0.5000000000000000
0.2306269950263549 -0.0512384491980042 0.5000000000000000
0.1993992903280290 -0.0350701158992086 0.5000000000000000
-0.1992984055776358 -0.5000000000000000 0.2501500845283433
-0.5000000000000000 0.4525404659737525 0.1567480946502804
-0.5000000000000000 0.2849886240176683 0.1713981889566884
-0.2259239569847297 0.5000000000000000 -0.4899420941042169
-0.5000000000000000 0.2624994700312120 -0.0434963782165918
-0.5000000000000000 0.3296912755956455 0.2481060954032619
-0.5000000000000000 0.2485353711473509 0.3050966857112068
-0.5000000000000000 0.1781936575621634 0.3079342849494691
0.5000000000000000 -0.0699234545338166 -0.1052853658305957
-0.1708318509596348 0.5000000000000000 0.0668845875282683
-0.2226124570414901 0.5000000000000000 0.0579544907591814
-0.3085795772907581 0.5000000000000000 0.0593648700574311
-0.3554368228831464 0.5000000000000000 0.1242308594848736
-0.2215381452210099 0.5000000000000000 0.0826461327433433
-0.2027447703585473 0.5000000000000000 0.1266876465036859
-0.2691957954257369 0.5000000000000000 0.0977627338804751
-0.2761081755259784 0.5000000000000000 -0.0324759134797277
-0.2278061422911609 0.5000000000000000 0.0811191232534976
-0.0315270894857029 -0.3323319724907107 -0.5000000000000000
-0.0372209008645261 -0.3352839501755164 -0.5000000000000000
-0.0361660677101723 -0.3289142068954246 -0.5000000000000000
-0.0273051901322611 -0.3455564982027319 -0.5000000000000000
-0.0605953325170993 -0.3196324818538797 -0.5000000000000000
-0.0518186804040702 -0.3394031829247208 -0.5000000000000000
-0.0323367114751627 -0.3354890373063363 -0.5000000000000000
-0.0297073748621502 -0.3341026724605425 -0.5000000000000000
0.5000000000000000 -0.2020250076727210 0.2065717814073519
0.5000000000000000 -0.1259800048916133 0.2241885775431532
0.5000000000000000 -0.2329897814773845 0.0726108609206690
0.5000000000000000 -0.2687451620874561 0.1658695991397282
0.5000000000000000 0.2520834942419868 0.2925124945416259
0.4427227235021477 0.5000000000000000 0.4531222094708579
0.3070823292675168 0.5000000000000000 0.4290037698527437
0.4510640023860242 0.5000000000000000 0.4803267693638467
-0.5000000000000000 -0.3463095543610342 -0.3021691207972763
-0.5000000000000000 -0.3466089502643651 -0.2702940450103598
-0.4651893148505928 -0.5000000000000000 -0.3490663248998334
-0.5000000000000000 -0.2959032258647130 -0.1643424656992139
-0.5000000000000000 -0.3274138050984859 -0.3203651183900311
-0.5000000000000000 -0.2786659622291267 -0.2690450312760351
0.0185660938231272 -0.5000000000000000 0.2216083254259801
-0.0392360810090977 -0.5000000000000000 0.2292385461234709
-0.5000000000000000 -0.0945793448545842 0.2548699378385311
-0.5000000000000000 -0.0039484117536108 0.3273931391936161
-0.4970057602402936 0.5000000000000000 0.0194790610050600
-0.4360129946456178 0.5000000000000000 0.1402653263159337
-0.3738311197565686 0.5000000000000000 0.1084266383024902
-0.5000000000000000 -0.3300561626732969 0.3128538370029255
-0.5000000000000000 -0.3491548817991784 0.3261083512819332
-0.5000000000000000 -0.4276967464955020 0.3656284531246795
-0.5000000000000000 -0.4111899401793693 0.4200341582179966
-0.4164980090825359 -0.5000000000000000 0.3410839159347173
0.5000000000000000 -0.4257449524521815 -0.3343211563934308
0.5000000000000000 -0.4099722444317893 -0.2265023316525619
0.5000000000000000 -0.3660406980176373 -0.2733661165624549
0.5000000000000000 -0.4214914426693567 -0.2954430461425263
0.5000000000000000 -0.4625919264928066 -0.2708852414194708
0.3949015739068573 -0.5000000000000000 -0.2792220926388859
0.3622850733959004 -0.5000000000000000 -0.2153476452777759
0.5000000000000000 -0.4204153094409427 -0.3147792319032168
0.4480195383596181 -0.5000000000000000 -0.2918932704314626
0.5000000000000000 -0.4155672253712058 0.1785035479197183
0.4894475607057041 -0.5000000000000000 0.2702502576634300
0.5000000000000000 -0.4377326717473222 0.2608046892109068
0.4910424289463146 -0.5000000000000000 0.1914758421174264
0.5000000000000000 -0.4623596790910603 0.2053182639242665
0.5000000000000000 -0.3799132052008323 0.2005124602255197
0.5000000000000000 -0.4105420212141964 0.2261377755371885
-0.4485954649252252 -0.5000000000000000 0.4841983959571697
-0.3899641200640199 -0.5000000000000000 0.3996618002240069
-0.3954282031144509 -0.5000000000000000 0.4738644309820605
0.0872330295110304 0.5000000000000000 0.0072923376104487
0.1332522746867181 0.5000000000000000 -0.0456927476790857
0.2399612866630245 0.5000000000000000 0.0494746939201221
0.2507671772301194 0.5000000000000000 0.0324187495235601
0.2077812249878622 0.5000000000000000 -0.0357064011160696
0.1843757633204641 0.5000000000000000 -0.0087860693779919
0.5000000000000000 0.3369768217735535 -0.2304630110646638
0.5000000000000000 0.3309148726651770 -0.2435736553751787
0.5000000000000000 0.2115184061722522 -0.1346745382211026
0.5000000000000000 0.3554992902990048 -0.1234527636404197
0.5000000000000000 0.3171540861134062 -0.2187471169852811
0.5000000000000000 -0.0322561068897673 -0.0989157742600686
0.5000000000000000 0.0916961684026798 -0.1219874492076017
0.5000000000000000 0.1509313615253735 -0.0822413205406839
0.5000000000000000 -0.2769447112594324 0.4679583511607543
-0.0021455309937636 0.1526515876227355 0.5000000000000000
-0.0185419285121404 0.1143243404047449 0.5000000000000000
0.0225496147744348 0.1182376110893727 0.5000000000000000
-0.4746925939977906 -0.1259240350720255 -0.5000000000000000
0.0372219068944904 0.2586988886448023 0.5000000000000000
0.1017404148531212 0.2810029073652018 0.5000000000000000
0.1007754511300518 0.2983898882516557 0.5000000000000000
0.1440172335798149 0.2516712640941337 0.5000000000000000
0.1978288345252816 0.3065669072699979 0.5000000000000000
0.0789776953808837 0.1953243491043436 0.5000000000000000
0.1280718961792165 0.5000000000000000 0.2540813111976938
-0.0084449518104512 0.5000000000000000 0.3822838439816755
0.5000000000000000 -0.1943372508395898 0.2054944142796750
0.5000000000000000 -0.2042604567012970 0.2030291022735615
0.5000000000000000 -0.2073290976664633 0.2146901969477879
0.5000000000000000 -0.2020465737215624 0.2075679337366063
0.5000000000000000 -0.2025367256854813 0.2073769211097580
0.5000000000000000 -0.2718387517256548 0.3578063154219918
0.5000000000000000 -0.2286358954307697 0.3824048407064381
0.5000000000000000 -0.3084558734620203 0.3715626636008762
0.5000000000000000 -0.1300848519909183 0.3235611578963050
0.5000000000000000 -0.2599005270908469 0.3764510793055908
0.5000000000000000 -0.2151840453982495 0.3610151970228424
0.5000000000000000 -0.2881691001984900 0.4030543455831175
0.5000000000000000 -0.2454001857236550 0.3837864244608779
0.1332706995965794 -0.3271511192780654 0.5000000000000000
0.1951249809982023 0.3972753499732339 -0.5000000000000000
0.1360116737090114 0.3324493903771131 -0.5000000000000000
0.0747941223064449 0.4348079307938324 -0.5000000000000000
-0.0005373406657091 0.3820063161082109 -0.5000000000000000
0.0476401914662965 0.3258148329052233 -0.5000000000000000
-0.0302612837054128 0.3271364650240472 -0.5000000000000000
-0.3343707716816793 0.3342284628738608 -0.5000000000000000
-0.3449221090048534 0.3506820258809157 -0.5000000000000000
-0.3314410459748580 0.3258080438453883 -0.5000000000000000
-0.3346062156639393 0.3747009051952940 -0.5000000000000000
-0.3980072168743263 0.5000000000000000 -0.4746419512940500
-0.3494768284025022 0.3178681694107028 -0.5000000000000000
0.5000000000000000 0.1829709036107836 -0.2342495924762158
0.0537097371243675 -0.0306665388986582 -0.5000000000000000
-0.1851383375823737 -0.1402285646245746 -0.5000000000000000
-0.0006953816706868 -0.0576272731184143 -0.5000000000000000
-0.5000000000000000 0.0902523550019356 0.1291517347195416
-0.5000000000000000 0.0024289181258775 0.1294915717525240
-0.5000000000000000 0.0562520412810707 0.0890505723174131
-0.0175456193517457 0.5000000000000000 0.3820086648037916
-0.2249736128605788 0.5000000000000000 0.4251311881573709
0.3597906265570635 0.5000000000000000 -0.2137766534062416
0.3223775504985860 0.5000000000000000 -0.2299165581865128
0.3917463342550195 0.5000000000000000 -0.1775822691278188
0.4522705803755558 0.3325702181638087 -0.5000000000000000
-0.5000000000000000 0.2778220692278123 -0.2231963392143207
-0.2118319665206614 -0.5000000000000000 -0.1860393855658922
-0.2240268029957034 -0.5000000000000000 -0.1505903297658602
-0.3461287285978471 0.5000000000000000 0.3747157958304941
0.2235254130016965 0.3715213934218266 -0.5000000000000000
0.3739337118627448 0.3647952491137520 -0.5000000000000000
0.2372300830789709 0.4088314710180351 -0.5000000000000000
0.1976849113724693 0.4177061211001442 -0.5000000000000000
0.2833114291755838 0.4327825546059088 -0.5000000000000000
0.4880835568413718 0.1906131407103482 -0.1156914732568074
0.3764187728726567 0.5000000000000000 0.0177381557408777
0.5000000000000000 0.4366226869272148 0.1276060332394514
0.5000000000000000 0.4245872198365401 0.1318906366027192
0.5000000000000000 0.4285735858605614 0.1202277914335491
0.5000000000000000 0.3871325303795692 0.1227069721591609
0.4904814651017948 0.5000000000000000 0.1800229080991814
0.5000000000000000 0.4074558225539784 0.1215287164837593
0.4535511956839505 0.5000000000000000 0.1353179034858585
0.5000000000000000 0.4245625031751815 0.0861324326758175
0.5000000000000000 -0.2682505171201983 0.2937282231252318
0.0296149893208312 0.5000000000000000 0.0311593127324330
0.2014139123452166 0.5000000000000000 0.0853476272550462
0.2158508893397858 0.5000000000000000 0.0636487433075366
-0.5000000000000000 0.0029463241136349 -0.3272861970485600
-0.4747463820509667 0.5000000000000000 -0.1548835898405043
-0.4874217687490348 0.5000000000000000 -0.1868134492642512
-0.3324781682777975 0.5000000000000000 -0.1277157190164367
0.3779847196380416 -0.2418771962192175 0.5000000000000000
0.5000000000000000 -0.3064440535393529 0.4380726915018734
0.5000000000000000 -0.2555189263274823 0.4185804805146342
0.5000000000000000 -0.3352625078204686 0.4823361288584107
-0.0941055089517277 0.2302489993801600 0.5000000000000000
-0.0078723781244701 0.2154939168660437 0.5000000000000000
-0.1927849132591931 0.2810841685253019 0.5000000000000000
-0.0133025907957572 0.5000000000000000 0.3879216713464710
-0.1106451436594647 0.2705191119616910 0.5000000000000000
0.0583627454771413 0.4781552828776351 0.5000000000000000
-0.0621466895692950 0.2412318505613561 0.5000000000000000
-0.2307643448524761 0.5000000000000000 0.4395325872338528
-0.2062294315285279 -0.1455710720000373 -0.5000000000000000
-0.2283555662094127 -0.5000000000000000 0.0049280580821194
-0.0697174050437586 -0.5000000000000000 0.0051658218588786
-0.1111496007256401 -0.5000000000000000 0.0988219899481849
-0.2112423187390975 -0.5000000000000000 -0.0365606703166125
-0.3750235567790025 0.0389826127990147 -0.5000000000000000
-0.3219914597940324 0.1237312057872511 -0.5000000000000000
-0.5000000000000000 0.1309416250490515 -0.4626011599725919
0.0358211404723167 -0.2190727311453815 -0.5000000000000000
0.0856349929983587 -0.4048372956042379 0.5000000000000000
-0.0337085036051641 -0.4204584327376168 0.5000000000000000
0.5000000000000000 0.0203115521725404 -0.3391543360593079
0.5000000000000000 -0.0699721269752606 -0.2842057192311471
0.5000000000000000 -0.0300260799293140 -0.2276801951397069
0.5000000000000000 0.0720525375730444 -0.1852813508271630
0.5000000000000000 -0.0061083302722671 -0.3611717278062037
0.5000000000000000 -0.0419462357076417 -0.3589700661160599
0.5000000000000000 0.0862439340054098 -0.2914205308272229
0.5000000000000000 0.4167192065617514 -0.2312683994572743
0.3916788194724555 0.5000000000000000 -0.1356460897055952
0.2797636920542425 0.5000000000000000 -0.1374984353368471
0.1911400963099085 0.5000000000000000 -0.2679908746464283
0.2776888556752235 0.5000000000000000 -0.3110623197259380
0.4622400215950536 0.5000000000000000 -0.2533953477380443
0.5000000000000000 0.3826275220666090 -0.2904104375961927
0.5000000000000000 0.4622888646730558 -0.3597968652801885
-0.2738424754273794 0.4973265681899602 0.3896874106384350
-0.1575344043595864 -0.1442414658289533 0.5000000000000000
0.0837762234844436 -0.1058823737881816 0.5000000000000000
-0.4847629047671950 0.2193524028420004 0.5000000000000000
0.3365890866441940 0.5000000000000000 0.0132547041225967
0.3314166654736749 0.5000000000000000 -0.0314971680053336
0.3631818899587522 0.5000000000000000 -0.0290317499894815
-0.5000000000000000 -0.4794299573270165 0.2336474564354465
-0.5000000000000000 -0.3875325751971988 0.2382566169021552
-0.2034929699462871 -0.5000000000000000 0.2526232415435974
-0.3796614177506685 -0.5000000000000000 0.2342904988900693
-0.5000000000000000 -0.2173203740497852 0.3842177188927763
-0.5000000000000000 -0.2727247684443973 0.2793776704689194
-0.5000000000000000 -0.2777312556975345 0.1060215093932799
-0.4381210934126212 -0.4981881414034757 -0.4086776305999080
-0.1873953308633497 -0.5000000000000000 -0.2886772251540318
0.0457147664578805 -0.5000000000000000 -0.4602407930157936
-0.1922327025646394 -0.5000000000000000 -0.4633788573213105
0.5000000000000000 0.0903744724843862 -0.1060678897453617
0.5000000000000000 0.1504660038581219 -0.0776840496156530
0.5000000000000000 0.4089303534034803 -0.2468436940664308
0.5000000000000000 0.3793254491489771 -0.1178700224478034
0.5000000000000000 0.4755024580444849 -0.3286446733784669
0.3455358463732376 -0.2356010722863076 0.5000000000000000
0.3655347592664752 -0.2198622862503581 0.5000000000000000
0.3368431172028593 -0.2977817722886213 0.5000000000000000
0.2873444808712401 -0.2660414253065779 0.5000000000000000
-0.5000000000000000 0.4056939714211309 -0.1577507514417841
0.5000000000000000 0.0508914017610796 -0.3558318805542029
0.5000000000000000 0.0781996046577260 -0.3614962695194908
0.5000000000000000 -0.3836732154051777 0.1286287012211937
0.5000000000000000 -0.3485855999409047 0.1084354875690842
0.5000000000000000 -0.3932548582874019 0.1461588394608044
0.4073991586405725 0.4103793505441374 0.5000000000000000
-0.5000000000000000 -0.0569220827509905 0.3907444749075382
0.5000000000000000 -0.1505033980151892 -0.2121416387439303
-0.5000000000000000 -0.3482247473250901 -0.2409460476659653
-0.5000000000000000 -0.2918315169493108 -0.1482888608010123
0.2479539074929840 0.5000000000000000 0.4220456980975764
0.3839369999328252 0.5000000000000000 0.4922993346534846
-0.3138918257168669 0.5000000000000000 -0.1115781056044522
0.1920429816625270 -0.3801966039430462 -0.5000000000000000
0.3020556051596420 -0.5000000000000000 -0.2766709214544470
0.1960963096777550 -0.3578153253352901 -0.5000000000000000
0.1002497234578274 -0.5000000000000000 -0.3087527994811441
0.2095793076725977 -0.0981628779384043 0.5000000000000000
-0.0893159457997888 -0.2381616900870776 0.5000000000000000
-0.1259765172582099 -0.1759462719288686 0.5000000000000000
0.1002910423601449 -0.1233659998243870 0.5000000000000000
0.5000000000000000 -0.4890442305557148 -0.4288209195619365
-0.5000000000000000 -0.4788418238399160 0.2306320331452422
-0.5000000000000000 -0.4799490664521804 0.2341599240846202
-0.5000000000000000 -0.4819929829332915 0.2369187603900966
0.0011292846702919 -0.5000000000000000 -0.0185006406566380
0.1708605635814264 -0.5000000000000000 -0.1154231951712843
0.1175714059990082 -0.5000000000000000 -0.0544605333724521
-0.0947763428885685 -0.5000000000000000 -0.1500903032316208
0.2321850871692308 -0.5000000000000000 -0.0825351992167060
0.0979479965814659 -0.5000000000000000 -0.2439764042866148
-0.1443088603221295 -0.5000000000000000 0.3778989639751905
0.0254274036030737 -0.5000000000000000 0.2497387213243088
0.0357042932946389 -0.5000000000000000 0.3757713015858927
-0.0245752907154968 -0.5000000000000000 0.3598712101108176
-0.0278695314367550 -0.5000000000000000 0.2915742397052644
0.0350752538952310 -0.5000000000000000 0.4135394658338966
-0.0912502728313309 -0.5000000000000000 0.4048660176710107
-0.5000000000000000 -0.2006615701184929 -0.3550190203181481
-0.5000000000000000 -0.2526120964423395 -0.3560537376653328
-0.5000000000000000 -0.1867165922504594 -0.3791787642569237
-0.5000000000000000 -0.2006830871895923 -0.2779923613491622
0.5000000000000000 0.3453257361462929 -0.3358070465492817
0.2761604359430083 0.5000000000000000 -0.3190540730332966
0.5000000000000000 0.2254280604818266 -0.2417308447626301
0.4644690519655947 0.5000000000000000 -0.2603225736324733
0.3627925751109125 0.3662952081817692 0.5000000000000000
0.1074372649418673 -0.2451998411756511 -0.5000000000000000
0.0707592648753324 -0.1362144177298351 -0.5000000000000000
-0.0119039863111882 -0.1895058051265272 -0.5000000000000000
0.0451467646983801 -0.2474449779986173 -0.5000000000000000
0.1742575805272438 -0.1215793479863108 -0.5000000000000000
-0.2774715012985998 0.1033724540797337 -0.5000000000000000
-0.3491267603795437 -0.0066148850228591 -0.5000000000000000
-0.4145189093741076 -0.0618177026146599 -0.5000000000000000
-0.4391609697327498 -0.0161069712486486 -0.5000000000000000
0.1420375216135995 -0.2596987738160083 -0.5000000000000000
0.0915004995667165 -0.1252981083268938 -0.5000000000000000
0.0640540443532399 -0.2626684826075025 -0.5000000000000000
0.2009520315358871 -0.1127806327274752 -0.5000000000000000
-0.5000000000000000 0.0379666341280931 -0.0827780839972823
-0.5000000000000000 -0.1028005993928987 -0.0520974460830161
-0.5000000000000000 -0.0736429407599148 -0.1129945493779128
0.4757438572086591 -0.5000000000000000 0.2943318954719429
0.4471708168167777 -0.5000000000000000 0.2606484376937075
-0.5000000000000000 -0.3809744378853210 0.1885713126230220
-0.2039020175257229 -0.5000000000000000 0.2476057405951289
-0.5000000000000000 -0.3702850459338809 0.0541707368172940
-0.3904140230249596 -0.5000000000000000 0.0418654271527005
-0.5000000000000000 -0.2915935802594199 -0.1213180262435558
-0.3816243303873464 -0.5000000000000000 0.2222661259758700
-0.5000000000000000 -0.2759790941140652 0.0782345210473836
-0.5000000000000000 0.4330223745574085 -0.3657539575975344
-0.5000000000000000 0.3395214473950507 -0.3969660222600512
-0.5000000000000000 0.4172116250605153 -0.1906406419720646
-0.5000000000000000 0.3080294442562970 -0.2473180129641281
-0.5000000000000000 0.4009843001604693 -0.3212651332253363
-0.4674139534365124 -0.4997780251104791 0.5000000000000000
0.4278882563358299 -0.0653602526540063 -0.5000000000000000
0.2919383718024603 -0.0989502987992731 -0.5000000000000000
-0.0122401237255681 -0.5000000000000000 0.0030410199411462
-0.0498546561248044 -0.5000000000000000 -0.0140138354516887
-0.2712665224780735 0.5000000000000000 0.3712184811705549
-0.1933772830284129 0.5000000000000000 0.3886601882303434
-0.2563648280960316 -0.2867641093037335 0.5000000000000000
-0.2818694239014564 -0.2958092487549990 0.5000000000000000
-0.3199735135611357 -0.3477224062554239 0.5000000000000000
-0.2992528837136028 -0.2580054798137137 0.5000000000000000
-0.2750127655458395 -0.2482170739947093 0.5000000000000000
0.2169162430902626 -0.2923266168818765 -0.5000000000000000
0.2697762525412422 -0.1274093987788567 0.5000000000000000
0.2864821848976811 -0.1087228915507042 0.5000000000000000
0.2647099730439206 -0.0786016720298809 0.5000000000000000
0.2772675054757981 0.1465763812562548 0.5000000000000000
0.3075061099485897 0.1773998223181525 0.5000000000000000
0.1625580832768811 0.0983595854605167 0.5000000000000000
0.0894571518285579 -0.5000000000000000 -0.4511456072816215
0.4286766617046410 -0.5000000000000000 -0.3953485298256332
0.5000000000000000 -0.3669410004767089 -0.3975852462643116
0.5000000000000000 -0.4720057737999069 -0.4083335046749165
0.5000000000000000 -0.1602485471909668 0.4007432984785309
-0.5000000000000000 -0.4805140750636009 -0.3930463767655119
-0.5000000000000000 -0.4505085459974064 -0.3415958431618037
-0.5000000000000000 -0.4692243583480498 -0.4281742991560680
-0.3470841371271915 -0.4159663912626639 -0.5000000000000000
-0.5000000000000000 -0.4790082280211384 -0.4210314422689398
-0.5000000000000000 -0.4932312253554942 -0.4454238885275456
-0.5000000000000000 -0.4649223842694176 -0.4122771002900047
0.5000000000000000 0.2454870536652423 0.2335976480829982
0.5000000000000000 0.2300684138877614 0.3685762148072126
0.5000000000000000 0.3236935261136770 0.3927663700727240
0.5000000000000000 0.3017482980996594 0.3362525492684315
0.5000000000000000 0.2213138572634794 0.3159330241954657
0.5000000000000000 0.2618885666710422 0.4050260418340786
-0.5000000000000000 -0.0937019603034435 0.2441430260942531
-0.5000000000000000 -0.0501599318344066 0.1176761507437435
-0.5000000000000000 -0.2231026296527293 0.0738643793690817
-0.5000000000000000 0.0004700493063697 0.0737576187569732
0.5000000000000000 -0.1659479132295074 -0.1692255152722411
0.5000000000000000 -0.2551141374287003 0.0072598484675900
0.5000000000000000 -0.1614268396598022 -0.0446632683259455
0.5000000000000000 -0.2688502624264184 -0.1104071044296794
0.3354007575766436 -0.4616006009832384 -0.5000000000000000
0.5000000000000000 -0.1200498958242027 -0.1578869689595715
0.5000000000000000 0.0157385450288131 -0.1494562918593844
0.5000000000000000 -0.2083180046448959 -0.2106854771271694
0.5000000000000000 -0.1053595340299932 -0.2980767963357591
0.5000000000000000 -0.1370960017961687 -0.1040867690571758
-0.3074113819081540 0.5000000000000000 -0.1256848062878190
0.5000000000000000 -0.1534397112639659 -0.3937459585901369
0.5000000000000000 -0.0594670799780375 -0.4447276637718189
0.5000000000000000 -0.0964497826913760 -0.4215313884121527
-0.4081808075984537 -0.5000000000000000 0.3754483120210632
-0.4324873024551845 -0.5000000000000000 0.4412529796348015
-0.3031734361825977 0.1701764635503146 0.5000000000000000
-0.1009381295331080 0.1296471965405954 0.5000000000000000
-0.1798687254167923 0.0336174280112400 0.5000000000000000
-0.0824306542130618 0.0476895963277149 0.5000000000000000
0.0322669524020064 -0.0301106675593222 0.5000000000000000
0.1438841895772625 0.5000000000000000 -0.4042596798861590
0.3955692416408177 0.5000000000000000 -0.3874965488961979
-0.5000000000000000 -0.0982396221507390 0.2505820183047234
-0.5000000000000000 -0.0917531007156831 0.2517789104613729
-0.5000000000000000 -0.0995527892974264 0.2600514539711022
-0.5000000000000000 -0.1011668702019051 0.2496841598401567
-0.5000000000000000 -0.0897171597796206 0.2804083396849943
-0.5000000000000000 -0.0993535719310489 0.2535239046464930
-0.3929785109683324 -0.4675902034138163 0.5000000000000000
0.2382435644340559 -0.5000000000000000 0.0290497092651184
0.5000000000000000 -0.3850339392078460 -0.0939098994331827
0.5000000000000000 -0.3289809434689452 0.0881358381096489
0.1630314443365226 -0.5000000000000000 -0.0286245135702603
0.4512498753025297 -0.5000000000000000 0.1045716105522610
0.3059046860908132 -0.5000000000000000 -0.0584409325173498
-0.4423018407370663 0.4581144943159611 -0.5000000000000000
-0.4201693922743803 0.3820776190834764 -0.5000000000000000
0.5000000000000000 -0.0656937955469776 -0.0711013379128758
0.5000000000000000 0.4874219487096887 -0.3904930428022681
-0.0279294115414052 0.5000000000000000 0.0690000745547560
0.1104428756629952 0.5000000000000000 0.1908678711540966
-0.0431022811149268 0.5000000000000000 0.0160864018158795
-0.0096034902173430 0.5000000000000000 -0.0640066881253291
0.0410696991741934 0.5000000000000000 -0.0370410932477585
-0.3802392509287953 0.5000000000000000 -0.3330400801868065
-0.4531044805262260 0.5000000000000000 -0.1871179838132869
-0.4525471326376067 0.5000000000000000 -0.2298881002745141
-0.4104110394166693 0.5000000000000000 -0.2867600262294096
-0.3298267299108327 0.5000000000000000 -0.1457999070849891
-0.1944198437043637 0.2763434109020549 -0.5000000000000000
0.2639187243491901 -0.5000000000000000 0.1129702815429754
-0.0181479869735019 0.3809850306964497 -0.5000000000000000
-0.1362793873086031 0.3173434586935913 -0.5000000000000000
-0.4070346492978407 -0.1502334134230717 0.5000000000000000
-0.3130245798841871 -0.1940221482621474 0.5000000000000000
-0.4078052742084309 -0.0965975343874798 0.5000000000000000
0.4932161850545732 0.3178773434048071 -0.4689685515597480
0.5000000000000000 0.3245852993152237 -0.3480057904847644
0.5000000000000000 0.2494034786383187 -0.3761630119692690
0.5000000000000000 0.4114635176789604 -0.3727619545716492
0.2758431066434595 0.0003482016549456 0.5000000000000000
0.2927175948000029 -0.0459755872102424 0.5000000000000000
0.2012962123827129 -0.0016822623225844 0.5000000000000000
-0.5000000000000000 0.3000233348328183 -0.2297930500440764
-0.5000000000000000 0.0975797032928931 -0.1113359037024785
-0.5000000000000000 0.1193269316244419 -0.1147465073372170
-0.5000000000000000 0.0915582269582893 -0.1110864565782309
-0.5000000000000000 0.0885393806090651 -0.1069628062897416
-0.5000000000000000 0.0883359273236212 -0.0976515239006013
-0.5000000000000000 0.0872879523480447 -0.0928117074515667
-0.5000000000000000 0.0998523957949919 -0.1273095123708116
-0.5000000000000000 -0.0791023075182306 0.1516254067600966
-0.1868447632731344 0.1074174892542299 -0.5000000000000000
-0.2675410762758318 0.1237047490464385 -0.5000000000000000
-0.2075936826502311 0.0960495673753840 -0.5000000000000000
-0.2359112275621301 0.1455874891180839 -0.5000000000000000
-0.4220864983205931 0.5000000000000000 -0.4160967132121495
-0.2748548433444900 0.5000000000000000 -0.3641733590433391
-0.3855097851588075 0.5000000000000000 -0.4208900201110965
-0.2480741253528420 0.5000000000000000 -0.3170651632624639
-0.3787144107342891 0.2190452364950197 0.5000000000000000
-0.3833261999245476 0.2176309890874139 0.5000000000000000
-0.3839296834595639 0.1866130355405795 0.5000000000000000
0.5000000000000000 -0.3493122630237318 -0.0551665552440601
0.5000000000000000 -0.2590189153919803 -0.0699692978972440
0.5000000000000000 -0.3802215949688044 -0.1152004518433209
0.1059846530248886 -0.0338109381686530 -0.5000000000000000
0.0408177831055341 0.0252953694880294 -0.5000000000000000
0.1205661799182989 0.0552959775849089 -0.5000000000000000
0.1193908001708410 0.0648585388682205 -0.5000000000000000
0.1001851929901624 0.0640491614644898 -0.5000000000000000
0.1822903001832535 0.0305114748725750 -0.5000000000000000
0.1869986879872390 0.0418308098755615 -0.5000000000000000
0.1957029196311632 -0.0522543512037170 -0.5000000000000000
0.5000000000000000 -0.1010646793210705 0.2803568407914475
0.5000000000000000 -0.0705702501739330 0.1879110117947599
0.5000000000000000 -0.1022062303493574 0.2070665318034899
0.5000000000000000 -0.0826244192384170 0.1607387870568686
0.5000000000000000 -0.0880456156702694 0.1772682622486948
0.5000000000000000 -0.1203366385377073 0.1568541347296384
0.5000000000000000 -0.0621540814398730 0.2190311300336306
0.5000000000000000 0.2301921173832158 0.1632846052580973
0.5000000000000000 0.2345550066606088 0.1467580910681273
0.5000000000000000 0.2761019422871228 0.1719280114596939
0.5000000000000000 0.1693747618224490 0.1189849646084523
0.5000000000000000 0.1658221892419329 0.2502264675576669
-0.4181162661492395 -0.4496422276502869 0.5000000000000000
-0.1554742995783522 -0.5000000000000000 0.4088426509652563
-0.3332197223010543 0.2310573954497764 -0.5000000000000000
0.0494348896605463 -0.4545940059120389 -0.5000000000000000
0.4649010377824188 0.1197580226008966 -0.5000000000000000
0.5000000000000000 0.1014273586765211 -0.4476392082995996
0.5000000000000000 0.0956116489408092 -0.4982189227916474
0.5000000000000000 0.0643546514817964 -0.4875841589374783
-0.2317264860414788 -0.4060424632241364 0.5000000000000000
-0.2343666546193348 -0.4347714303563046 0.5000000000000000
-0.2540373889813494 -0.4382899703051898 0.5000000000000000
-0.2768904697405943 -0.4378745118395199 0.5000000000000000
-0.2250407084275734 -0.4274442038320255 0.5000000000000000
0.5000000000000000 0.0586942204386318 -0.1050373525584224
0.5000000000000000 -0.0459882568469213 -0.0577422775812649
0.5000000000000000 -0.0531323266403514 -0.0172286265376582
0.5000000000000000 0.0005527740861784 -0.0243207216955899
0.5000000000000000 -0.1156195019503431 -0.0617999798136641
-0.5000000000000000 0.0138610448283924 -0.3269505580872729
0.3967483624969511 -0.5000000000000000 0.2980896246535406
0.2194403602058887 -0.5000000000000000 0.1723800616028135
0.3881245310289083 -0.5000000000000000 0.2389446311729002
0.1797567400063503 -0.4319430030321068 0.5000000000000000
-0.1696837530181869 -0.2742622168229727 0.5000000000000000
-0.1604067082157187 -0.3315650861786637 0.5000000000000000
-0.1918638602326390 -0.2286890103298201 0.5000000000000000
0.4024817879641869 -0.5000000000000000 0.3951906006041623
0.5000000000000000 -0.4305664674050731 0.3240126017926338
0.5000000000000000 -0.3890602253757044 0.2680253901569873
-0.0579438714709632 0.5000000000000000 -0.1419211581989218
-0.1581339824406589 0.5000000000000000 -0.2270882135633131
-0.2001302936297400 -0.5000000000000000 0.2635619128705575
-0.2189956154260586 -0.5000000000000000 0.3376357274391995
0.5000000000000000 0.1590014200858321 -0.1178237744013486
0.5000000000000000 0.1082074811518081 -0.1381872116309857
0.5000000000000000 0.0895027024188336 -0.0826516918393457
0.3523228302923389 0.2017139088683841 0.5000000000000000
0.3538497752808807 0.3081646090958340 0.5000000000000000
0.4407525491935729 0.5000000000000000 -0.3780500180614549
-0.2192949671520480 0.2363494218128145 0.5000000000000000
-0.3132186193216128 0.2845474504824156 0.5000000000000000
-0.1896208952366059 0.0386489448850573 0.5000000000000000
-0.4040712110748659 0.3931883636289037 0.5000000000000000
-0.2994847528251473 0.5000000000000000 -0.1030983509491752
-0.5000000000000000 0.0454540500072835 -0.0891792511284295
0.1667519647379438 0.5000000000000000 0.2484152882477759
0.5000000000000000 0.4339702382299909 0.3604797815470453
0.3530590642376221 0.5000000000000000 0.3564595017229194
0.5000000000000000 0.3806192710023067 0.4115693755254199
0.5000000000000000 0.3710262054716282 0.3338199093975691
0.4276871551310406 0.5000000000000000 0.2765205060455476
0.3523187421421494 0.5000000000000000 0.3101465794138932
0.4174564449876096 0.3828044515358853 0.5000000000000000
-0.5000000000000000 -0.3485430929895778 -0.3553661740864006
-0.3915157977807900 0.5000000000000000 0.1451700508311582
-0.1934853257662459 0.5000000000000000 0.1691541860931572
-0.2964997174688893 0.5000000000000000 0.1267979686848142
-0.2821983868751035 0.5000000000000000 0.2503151127880717
-0.5000000000000000 -0.0092293257544473 -0.3238623114663047
0.5000000000000000 0.1568260022432221 -0.0773423571320770
-0.5000000000000000 0.2895926001945585 -0.2388117356643966
0.3666146215821898 0.5000000000000000 -0.1095451622553577
0.4254285572567463 0.5000000000000000 -0.0979519029337492
-0.5000000000000000 -0.3975039985954278 0.2467720837622777
-0.2047392127927715 -0.5000000000000000 0.2538725978314125
-0.2434647395678923 -0.5000000000000000 0.3175085665830155
-0.3790611408684258 -0.5000000000000000 0.2375811927652440
-0.5000000000000000 -0.2272727502632663 0.3894438292280369
0.5000000000000000 -0.3237544356739174 -0.2545511281451792
0.5000000000000000 -0.3320938349554718 -0.2423184306692899
0.5000000000000000 -0.3158040036082849 -0.2442124236269370
0.5000000000000000 -0.3275659524374458 -0.2344881366806316
-0.5000000000000000 -0.4813691249547836 0.3391721268999689
-0.5000000000000000 -0.4633379742635233 0.3938417306583389
0.1940796583590518 -0.2513699491931165 -0.5000000000000000
0.1982955362182267 -0.3471411129322472 -0.5000000000000000
0.3191669616525894 -0.2726192190614716 -0.5000000000000000
-0.5000000000000000 -0.3062093373947630 -0.2129544570877808
-0.5000000000000000 -0.4061352700896394 -0.2496404933779253
-0.5000000000000000 -0.3791745420985997 -0.2353792460495218
-0.5000000000000000 -0.3482989864981462 -0.3062981538478857
-0.5000000000000000 -0.3612187457255136 -0.1972629513086454
-0.4981026622867452 -0.5000000000000000 -0.1259067589328092
0.5000000000000000 0.1668941177136499 -0.0922766192531709
0.5000000000000000 0.1861191577759948 -0.1368658511704747
0.5000000000000000 0.2000115145789818 -0.1073417522421402
0.5000000000000000 0.1940970241175946 -0.1041127729214015
-0.5000000000000000 0.3373804384524725 -0.4933562693361598
0.3788890679816714 -0.5000000000000000 0.4322829051441632
0.4025010752514124 -0.5000000000000000 0.4262078778968503
-0.1251191708844363 0.5000000000000000 0.1798102539113805
-0.0579399829914779 0.5000000000000000 0.2292342570805491
0.1451753131366557 -0.0924842723150004 -0.5000000000000000
0.0481096996573121 -0.0621684728686171 -0.5000000000000000
-0.1628235385404810 0.5000000000000000 -0.2533005756134924
-0.5000000000000000 -0.0898334992676299 0.0256232654548827
-0.5000000000000000 -0.1201602577767575 -0.0379064096751479
-0.5000000000000000 -0.1332915032277353 -0.0929250221975945
-0.5000000000000000 -0.0650761319520897 -0.0036303852925267
-0.5000000000000000 -0.4395951053661939 0.2841844738302123
-0.5000000000000000 -0.3609961094921453 0.2182718220534541
0.1486027765798186 0.5000000000000000 0.2467207183644266
-0.5000000000000000 -0.3310789822296571 -0.3963207851095572
-0.4923365302750403 0.4478066106510026 -0.0009350038694571
-0.5000000000000000 0.2513336435361694 0.0135299881311478
-0.5000000000000000 0.4262645613428190 -0.1132693920610605
-0.5000000000000000 0.3325158935878557 -0.0875786695365099
-0.5000000000000000 0.2178323016597656 0.0053784367774157
-0.5000000000000000 0.2481218422248253 0.0955266441443261
-0.5000000000000000 0.4023946929872074 -0.1509101480911054
-0.5000000000000000 0.2549356374766891 -0.0654917768536254
0.5000000000000000 -0.0076025480885594 0.2489188128289629
0.4590241696478775 0.5000000000000000 -0.3849212301378618
0.2770527125524627 -0.4618893277758491 0.5000000000000000
0.2638161989179474 -0.4572151031518266 0.5000000000000000
-0.5000000000000000 -0.0936104208101463 -0.4454047267922323
-0.5000000000000000 -0.0034184881591032 -0.3402744531439158
0.1670432342823794 0.5000000000000000 0.2929875434631233
0.0546651258344787 0.5000000000000000 0.2236495447679826
0.1061524271956378 0.5000000000000000 0.2467686403495446
0.1765716279048067 0.5000000000000000 0.2198314293662640
0.1750594381043882 0.5000000000000000 0.2300383239861496
0.1676716897024841 0.5000000000000000 0.2290080202299954
0.1378512830679759 0.5000000000000000 0.2325765383153188
0.1402521091111205 0.5000000000000000 0.2646640715162896
0.1300395738578476 0.5000000000000000 0.2366105370542364
0.5000000000000000 -0.3038016734053606 0.0765383062008242
0.3311139902213402 -0.4186085923752573 0.5000000000000000
-0.4769622104000123 0.5000000000000000 -0.0244672794290242
-0.5000000000000000 0.4773196053359741 -0.0200230121732870
-0.5000000000000000 0.4539593663550566 0.0159462047443171
0.5000000000000000 0.3835791400951115 -0.4864850190983888
0.5000000000000000 0.4468219342077688 -0.4870593237189320
-0.5000000000000000 0.1099177709807343 0.0689804848387985
0.1430767292859413 -0.4330944713584886 -0.5000000000000000
0.2517386410500015 -0.4146668464011222 -0.5000000000000000
0.1472438870248711 -0.3607973119925131 -0.5000000000000000
-0.3371188937015690 -0.4013504963769615 -0.5000000000000000
-0.3464922355508842 -0.4139240624815058 -0.5000000000000000
-0.3407745086904765 -0.4133322119913773 -0.5000000000000000
-0.4618254674935902 0.5000000000000000 -0.1160371144828269
-0.3289739095302546 0.5000000000000000 -0.1091904256940791
-0.5000000000000000 0.3542176339286423 0.2321750802046818
-0.4344711319307319 0.5000000000000000 0.1802556703386738
-0.5000000000000000 0.4839403884534983 0.1166561891711278
-0.4975081592003864 -0.0042955389366607 0.5000000000000000
-0.4177777350779857 -0.0707876290338346 0.5000000000000000
-0.5000000000000000 0.2425169838220313 -0.3589029906137269
-0.5000000000000000 0.2028845987403230 -0.3334877919743914
-0.5000000000000000 0.1579760858053542 -0.2523397271122407
-0.5000000000000000 0.2687774262121690 -0.2535531272676912
-0.5000000000000000 0.2976360909540453 -0.3108751974949288
-0.5000000000000000 0.0428002929145983 -0.3197835500421221
0.5000000000000000 0.4650858533018778 0.3750256802593603
0.5000000000000000 0.4437905805001955 0.3059940664346920
0.5000000000000000 0.4295315925419165 0.3978680446202068
-0.2865227151320642 0.5000000000000000 -0.1054821678524473
0.4412682685954709 0.3551396352640979 0.5000000000000000
-0.5000000000000000 0.0493105173492476 0.1887658524655219
-0.5000000000000000 0.1004697601401409 0.2841919621645563
-0.5000000000000000 -0.0322360389291855 0.1625601069671769
-0.5000000000000000 0.0064439483752019 0.3235965124455286
0.5000000000000000 0.2091148629657297 0.3840309738406470
0.5000000000000000 0.1417876432162986 0.3575144638992740
0.2307885467937781 0.5000000000000000 0.3879844571258270
0.2289881810885114 -0.5000000000000000 -0.1822832800458187
-0.1982735139069602 -0.1487820108938541 -0.5000000000000000
-0.0815639057292420 -0.2088577586141686 -0.5000000000000000
-0.1378301425464262 -0.3251237033032962 0.5000000000000000
-0.2398328164753012 -0.2227847863133854 0.5000000000000000
0.5000000000000000 0.3665257118951940 -0.0940357944108002
0.2932910735967346 0.2155310896159881 -0.5000000000000000
0.4802653432594328 0.3042365497208046 -0.5000000000000000
-0.2042779752433820 -0.1421368835531990 -0.5000000000000000
-0.0490499154528551 -0.0203281371506520 -0.5000000000000000
-0.2077077868526546 0.0156474193686584 -0.5000000000000000
-0.0012438589670930 0.5000000000000000 0.3892657574290724
0.0972989546598084 0.4984108778262429 0.5000000000000000
0.4378376641332322 -0.0250324857032012 -0.5000000000000000
0.2610875512923848 -0.0764581810826434 -0.5000000000000000
0.1958515933781354 0.2596859412925121 -0.5000000000000000
0.4431863352279852 0.3199866823566491 -0.5000000000000000
0.5000000000000000 0.0955964392065047 0.3404830374468445
-0.5000000000000000 0.2041606826141836 0.1686511376538108
-0.0033718876595638 0.5000000000000000 -0.1675312213908964
0.0829396289691432 0.5000000000000000 -0.2858280456567693
-0.2474954627255666 0.5000000000000000 -0.1278530754125197
-0.0224160793179336 0.5000000000000000 -0.2329943564754404
-0.1235016390711247 -0.3977788452630042 0.5000000000000000
-0.1843309044720321 0.5000000000000000 -0.3538254728293801
-0.1446482617751185 0.5000000000000000 -0.2827373614228101
0.5000000000000000 0.1550313080888810 -0.0876398789998833
0.5000000000000000 0.1601891002498312 -0.0685631941637926
0.5000000000000000 0.1554204662501172 -0.0814783897571569
0.5000000000000000 0.1477829386347034 -0.0713698820810842
-0.5000000000000000 -0.0014748769866946 -0.3234997961622710
-0.5000000000000000 -0.2835164102312846 -0.1458916623753267
-0.5000000000000000 -0.2250972238388849 -0.2031904762875140
0.5000000000000000 -0.2895841426318654 0.3068305370597171
0.5000000000000000 -0.3664134621662464 0.3827576955657910
-0.1913267320563187 -0.5000000000000000 0.2549520135826570
-0.1846879428546204 -0.5000000000000000 0.2498938307081878
-0.1986213271652242 -0.5000000000000000 0.2543295844332142
-0.4885177218484918 0.5000000000000000 -0.1160021800450635
0.4269924125113409 0.3702574393168502 -0.5000000000000000
0.3503043353966248 0.4709670089562134 -0.5000000000000000
0.2053095660116172 -0.3709425461223367 0.5000000000000000
0.1909887004022737 -0.1551496091483799 0.5000000000000000
0.4593706032291208 -0.5000000000000000 -0.3659142888420600
-0.5000000000000000 0.1659469491295180 -0.1785537754317660
-0.5000000000000000 0.2542673824900536 -0.1911937834279097
-0.5000000000000000 0.2150923157026491 -0.1085707010769259
-0.5000000000000000 0.0695087708950915 -0.0598957365609557
0.5000000000000000 -0.1115162751816877 0.3197947064671125
0.5000000000000000 -0.1490437499460477 0.3088201573732859
0.5000000000000000 -0.1035157256961119 0.3158228844409030
0.5000000000000000 -0.1028092321658665 0.3123923598672541
0.5000000000000000 -0.1062216641474261 0.3113699655435294
-0.2613391079962782 -0.2048192405564183 0.5000000000000000
0.2082388678183310 -0.4895266893904897 0.1601321469796844
0.3011022027791069 -0.5000000000000000 0.1460382740559010
-0.3018172870225512 0.4604725277884887 -0.5000000000000000
0.0566879282823366 -0.5000000000000000 0.1908512731923605
0.0429717532247638 -0.5000000000000000 0.2202531001501609
0.0068673355552384 -0.5000000000000000 0.2000198211631705
0.0341292645652952 -0.5000000000000000 0.2062478724782774
0.5000000000000000 -0.2740716958400936 0.0420573292004108
0.5000000000000000 -0.2880051745389894 0.1161288992550368
-0.3153331312475135 0.2217812762798838 -0.5000000000000000
0.2298962084377463 -0.0998429318648991 -0.5000000000000000
0.4262796210506190 0.5000000000000000 -0.3751029063901664
0.1913852555279934 -0.5000000000000000 0.1267975451521082
0.2029088121083402 -0.5000000000000000 0.0509577806582400
0.0575756051494969 -0.5000000000000000 -0.0028834574647141
0.5000000000000000 0.2897458527655343 -0.4610402157124947
0.5000000000000000 0.1078107656025005 -0.4010364350193086
0.5000000000000000 0.0916394001303860 -0.4259694797739361
-0.2254101361268507 -0.5000000000000000 -0.2843540175400098
-0.4507602362010516 0.2546315295131197 -0.5000000000000000
0.0687502932155232 0.5000000000000000 -0.1120894256068487
-0.1263436132868292 0.5000000000000000 -0.2473592088755615
-0.3499234642864950 0.1321216316161373 -0.5000000000000000
-0.3255218579762293 0.1978991947982874 -0.5000000000000000
-0.3629965160307672 0.0957244528570754 -0.5000000000000000
-0.5000000000000000 0.4162615212078252 0.3788144181826111
-0.1554463647074537 -0.1763061952661257 0.5000000000000000
0.0726311212224998 0.4456185321702814 -0.5000000000000000
0.5000000000000000 -0.2619269960079221 0.3004110158275018
-0.2052196638782604 0.5000000000000000 -0.3886043842203081
-0.1388370569476681 0.5000000000000000 -0.3287383458576971
-0.3627234346879724 0.5000000000000000 -0.4670091619298817
-0.4104740506326089 -0.3519897005950335 -0.5000000000000000
-0.2701252213379350 -0.3786566569103578 -0.5000000000000000
0.5000000000000000 0.3612365986950342 -0.0898304799607317
-0.2415497449886983 0.4706854774928360 -0.5000000000000000
-0.5000000000000000 -0.3776691709838736 0.0065307584527305
0.0957982685570217 0.5000000000000000 -0.2694438668918121
0.1414839455871572 0.5000000000000000 -0.1072685657929031
0.0301452775765500 0.5000000000000000 -0.1869136332888012
-0.0386658993176063 0.3876114590044224 -0.5000000000000000
-0.0031766682564260 0.3877537392657219 -0.5000000000000000
0.0419253992214208 0.5000000000000000 0.3880305789071650
0.2240246130487952 0.5000000000000000 0.3909769042343879
0.1458217369260134 0.5000000000000000 0.4528262202160317
0.2341570880971323 0.5000000000000000 0.3703873262102165
0.1934841380240953 0.5000000000000000 0.3875600439129992
0.2075504922706709 0.5000000000000000 0.3771099404148291
0.5000000000000000 0.1807788754352566 0.0617841964506834
0.5000000000000000 0.0789985443325242 0.0251399362016395
-0.0422336528602913 0.5000000000000000 0.3458750609169664
-0.1377225000973153 0.5000000000000000 0.2028718906408797
-0.1830583405989084 0.5000000000000000 0.2095625487477540
-0.1409794685314402 0.5000000000000000 0.1965001624145659
0.5000000000000000 -0.1926714868844606 -0.1193837526804583
0.5000000000000000 -0.2463089680456820 -0.2342783144384045
0.5000000000000000 -0.2293774939238216 -0.2156195229724374
0.5000000000000000 -0.2541185471081936 -0.2009123257290324
0.1901507247390641 -0.5000000000000000 0.1527727005846447
0.2240509581523250 -0.5000000000000000 0.1659246343664215
0.1911958181002448 -0.5000000000000000 0.1687287326766314
0.1324015712833209 -0.5000000000000000 -0.4172705856558611
0.3012350678395693 -0.5000000000000000 -0.2329154452620596
0.4315768034367802 -0.5000000000000000 -0.3791197061320444
-0.5000000000000000 0.1659582990912634 0.1647399212830601
-0.1897878495499127 -0.4931288508355006 -0.2718364313362592
0.0594536687451253 -0.5000000000000000 0.0649988939428611
-0.5000000000000000 0.4559381638026950 -0.1380226170276573
-0.1705146192783210 -0.5000000000000000 -0.2344549082827685
-0.1822282036199605 -0.5000000000000000 -0.2542981068833463
-0.1262991954257066 -0.5000000000000000 -0.2787841823097746
0.5000000000000000 0.2453382803410354 0.1319535741030464
0.5000000000000000 0.2494290688909451 0.1155205390352465
0.5000000000000000 0.1794206343537941 0.0882997545043200
0.5000000000000000 0.3360360935213068 -0.0385454263341280
-0.5000000000000000 -0.0630233774827762 0.4030405543077485
-0.4617612935954979 -0.4102124455078257 0.5000000000000000
-0.5000000000000000 -0.1305171310562292 0.3239743930644153
-0.5000000000000000 -0.1477421748782454 0.2456404320866153
-0.5000000000000000 -0.0755433902761482 0.3645643719098555
-0.5000000000000000 -0.1327659093926459 0.2776345622436281
0.0189237575268937 -0.4681000997371315 -0.5000000000000000
0.1006694552465124 -0.5000000000000000 -0.4693006086404505
0.0637733418708094 -0.5000000000000000 -0.4702325496271946
0.1624604470521994 -0.3980058546340889 -0.5000000000000000
0.1200713159143838 -0.5000000000000000 -0.4998155978107741
0.0808163744579711 -0.5000000000000000 -0.4094975197162519
-0.5000000000000000 0.1713535817255058 -0.4000986123979171
-0.5000000000000000 0.1989419978488813 -0.4881828871360734
-0.5000000000000000 0.1695443518023836 -0.2961852517462574
0.1433327284232332 -0.3882729604666632 0.5000000000000000
-0.5000000000000000 -0.1242566208598679 -0.4476450605323401
0.0887521007782884 -0.5000000000000000 0.2801343052518174
-0.0192252458391945 0.5000000000000000 0.3742310980525637
-0.0631472515341309 0.5000000000000000 0.2785115621717187
0.3243888941249383 0.3192576534056203 0.5000000000000000
-0.2083689476069036 -0.1595167465623610 -0.5000000000000000
-0.2126823647453347 -0.1465407358480363 -0.5000000000000000
-0.1197499954146081 -0.1269811409856035 -0.5000000000000000
-0.5000000000000000 0.3158169049373936 0.2338927725659605
-0.5000000000000000 0.3422859584760591 0.2372169880529880
-0.5000000000000000 0.3333553436635082 0.2532644754729588
-0.5000000000000000 0.3409790383901977 0.2510484134314351
-0.5000000000000000 0.3342910870657848 0.2512167760007590
0.5000000000000000 0.1347626936529619 0.1889498426903844
0.5000000000000000 0.0552219921346178 0.1167222114925565
0.5000000000000000 0.0804543240959183 0.3010135145639082
-0.3874563781007965 -0.5000000000000000 0.3687932942104207
-0.5000000000000000 -0.0608412939846583 -0.1776023445619434
-0.5000000000000000 -0.1358928302269371 -0.2063679338105618
0.3521632982091132 -0.5000000000000000 -0.2105336552044088
0.3571525516225958 -0.5000000000000000 -0.2093471741171926
-0.2504966082602121 -0.5000000000000000 0.0320372499421537
-0.2942576554562268 -0.5000000000000000 0.0876758256506583
-0.3822360248261388 -0.5000000000000000 0.0226550606230479
-0.3212663874242040 -0.5000000000000000 0.3495603585553584
-0.3864087149175561 -0.5000000000000000 0.2891139467312729
-0.3755807896843727 -0.5000000000000000 0.3391703042780511
-0.4396604458142643 -0.5000000000000000 0.3594321394919452
-0.2935435345578565 0.3486665668280438 0.5000000000000000
-0.2957713762954015 0.3088752315890887 0.5000000000000000
-0.3230641681448451 0.2827167786689890 0.5000000000000000
0.3746804645638214 0.5000000000000000 0.1393242052696669
-0.1134187526750528 0.3060025670739070 -0.5000000000000000
-0.2019526531257199 -0.2253615312805828 -0.5000000000000000
-0.2480232272797664 -0.2291672994120254 -0.5000000000000000
-0.0018867380871473 0.5000000000000000 0.3862736992010707
0.0052334991766841 0.5000000000000000 0.3839116837154870
-0.1433287060624461 -0.5000000000000000 -0.1699536553895106
-0.1646040924786809 -0.5000000000000000 -0.1894152971579912
0.4123147604873730 -0.5000000000000000 0.1494458133173173
0.3073716428608591 -0.5000000000000000 0.0378241072630845
0.3161669664084407 -0.5000000000000000 0.1695278575789337
0.5000000000000000 -0.3210485593459769 0.1724916821189037
-0.5000000000000000 0.4895490869422668 0.3755316257984922
-0.4547344889712706 0.5000000000000000 0.3741522098438044
0.0649563563888673 0.1572932100996017 -0.5000000000000000
0.0979281520459437 0.2451982509284428 -0.5000000000000000
-0.0052782065910398 0.2728479533864158 -0.5000000000000000
0.1368605366551295 0.1726059928759415 -0.5000000000000000
-0.4031825410695830 -0.4313953932170133 0.5000000000000000
-0.3756529525474714 -0.3674704607106773 0.5000000000000000
-0.4400553399132469 -0.4594400130254600 0.5000000000000000
-0.5000000000000000 -0.2780719658663336 0.4304006324178002
-0.4819245739889966 -0.5000000000000000 0.3980667760032223
0.5000000000000000 -0.1362418481003438 -0.0261693306770122
0.5000000000000000 -0.1791395049810706 -0.0211103642432754
0.5000000000000000 -0.1422341991974106 -0.0521274366600294
-0.5000000000000000 0.1354561182314291 -0.2268845458735612
-0.0933692499781598 -0.5000000000000000 -0.1142415770262604
-0.1367038644604084 -0.5000000000000000 -0.1741007012151866
-0.1445397052765178 -0.5000000000000000 -0.1578958468244084
0.2320720883128803 -0.0921411730232998 -0.5000000000000000
-0.5000000000000000 0.0796346234567127 0.0525310050199326
-0.5000000000000000 0.0529602320381070 0.0674218152562254
-0.5000000000000000 -0.0121868283323570 -0.3214863329019125
0.4688606673876353 0.1267950190431630 0.5000000000000000
0.5000000000000000 -0.1514204000155803 0.3615011255861405
-0.5000000000000000 -0.2613773396773743 -0.1100312337103135
-0.5000000000000000 -0.2807454109765573 -0.1377241705236734
-0.5000000000000000 -0.2914245064908345 -0.1351896346540879
-0.5000000000000000 -0.2651139128610327 -0.1380020537974373
-0.0272045850901033 -0.5000000000000000 0.0518804597692325
0.0202768930167881 -0.5000000000000000 0.0597366306443190
0.0424101502400701 0.5000000000000000 -0.2962501080307163
-0.2177181438033509 0.5000000000000000 -0.2805131545634060
-0.2622169993985176 0.5000000000000000 -0.1629390947960392
-0.1095600272160951 0.5000000000000000 -0.2759282241797524
-0.5000000000000000 -0.3268617106500162 -0.3775132853456377
-0.5000000000000000 -0.2776341438164413 -0.3959179380182066
-0.4066227716407796 -0.2928563730223301 -0.5000000000000000
-0.5000000000000000 -0.2721080226186656 -0.3102421252562771
0.5000000000000000 -0.0283162098470538 -0.4509394206602340
0.5000000000000000 0.0654658307148470 -0.4260674775448859
0.5000000000000000 -0.1186524120978379 -0.3617588653249068
0.2122686405573668 -0.3555406223678083 -0.5000000000000000
0.5000000000000000 -0.2889634954877612 -0.4723128184311243
0.5000000000000000 -0.2759201925803525 -0.3315370396079836
0.3807353118612637 -0.2636492944585793 -0.5000000000000000
0.5000000000000000 0.2648093285815029 -0.4837919732241993
0.4889192064973777 0.0327769077947985 -0.5000000000000000
0.5000000000000000 0.0885729135239539 -0.4760228848709740
-0.2054843863373042 -0.3900895181978535 -0.5000000000000000
0.4981637873628205 -0.0277238933185770 -0.5000000000000000
0.5000000000000000 0.0588401689604260 -0.4568310900893638
0.4442659238837187 -0.4945997350981787 -0.3967995596236050
0.4661994641614476 0.3386272999460703 -0.5000000000000000
0.5000000000000000 0.1891268459807283 0.2032693992645074
-0.5000000000000000 0.1949460894200929 0.1893034044916402
-0.5000000000000000 0.2217360514167152 0.2060399358629332
-0.5000000000000000 0.1867806508596041 0.2135463813132713
-0.5000000000000000 0.1690698896448679 0.1429804014934774
-0.5000000000000000 0.0484246241666094 0.2951397873568140
-0.5000000000000000 0.1255575740635193 0.1291521054634722
0.4264162959323943 -0.5000000000000000 0.2132939169943245
0.5000000000000000 0.3795978041184285 0.4468783322753280
0.5000000000000000 -0.1219388490964879 0.2404214887472176
0.5000000000000000 0.3883800033366757 0.2563590958279027
0.0043799372818327 0.5000000000000000 -0.3687640123804360
-0.1742466604542579 0.3683097605043243 -0.5000000000000000
-0.0771936302967584 0.5000000000000000 -0.4973626191725685
-0.3199531176740943 0.2292073970431869 -0.4863713415855963
0.3568858824392803 -0.5000000000000000 0.4562856425598240
0.5000000000000000 -0.3876566514708136 0.4618666006410927
0.2063520073468850 -0.3814483756047886 0.5000000000000000
0.4088811962555589 -0.4390875342638702 0.5000000000000000
0.3991458396701935 -0.5000000000000000 -0.4123199307113770
0.5000000000000000 -0.0499227117599507 -0.4161875938546440
0.5000000000000000 -0.0883318068796657 -0.3435960119244765
0.5000000000000000 -0.0719711237773703 -0.3800269182415142
-0.5000000000000000 0.4044108745880165 -0.1625568629709870
-0.5000000000000000 0.4199142491045962 -0.1703595890098669
0.0156824993767770 0.1642904307964005 -0.5000000000000000
0.5000000000000000 0.1612007164383172 -0.2292697699235760
0.5000000000000000 0.2816180390904912 0.1083647180349022
0.5000000000000000 0.2318810425341727 0.0685841546525490
-0.1980208088887787 -0.3478942067588142 -0.5000000000000000
-0.2472885932924427 -0.3969120291998829 -0.5000000000000000
-0.2677372939120478 -0.3554387524545692 -0.5000000000000000
0.0250853747418791 -0.5000000000000000 -0.3339364469359329
0.0944701972006131 0.5000000000000000 0.4670259685916050
0.1612294672715437 0.4847990011116646 0.5000000000000000
0.5000000000000000 0.0203135567359674 0.0366950890789899
-0.3176520258214810 0.5000000000000000 -0.1220296261365218
-0.5000000000000000 -0.1931947121665927 -0.2263913578806037
-0.2895791066421503 0.5000000000000000 -0.1326177100591852
-0.5000000000000000 0.2930169077703568 0.3298763033907737
-0.5000000000000000 0.2597701101761766 0.3655566691665193
-0.2425749378800727 -0.0239603056106071 0.5000000000000000
-0.2908711616084954 -0.1828193566944677 0.5000000000000000
-0.3938730683765057 -0.0895997885143756 0.5000000000000000
0.4729683218057806 0.1448533378777883 0.5000000000000000
0.4612057837897333 0.0690264587824532 0.5000000000000000
0.4987843369973041 0.1163976985871540 0.5000000000000000
0.4224755092428537 0.5000000000000000 0.2106863107020676
0.3574504588406682 0.5000000000000000 0.2287369427312980
0.3951327870605742 0.5000000000000000 0.1578169570579398
-0.5000000000000000 -0.1378509630556773 -0.4392620085619750
-0.3922417256091397 -0.2037583552433085 -0.5000000000000000
-0.5000000000000000 -0.1629305411873665 -0.3245242411299717
-0.5000000000000000 -0.1987774695375633 -0.0116322856094799
-0.5000000000000000 0.1891038986153703 0.3931272899296386
0.2831514845864561 -0.5000000000000000 -0.1548520217955338
0.3316261380326685 -0.5000000000000000 -0.1119072342038477
0.5000000000000000 -0.2354435460249694 0.3023347267077572
0.3862791610282260 -0.5000000000000000 0.2261929366184731
0.0687316185618273 0.5000000000000000 -0.3248432360568419
0.1123120203598512 0.5000000000000000 -0.2755367128274419
0.1295806252755520 0.5000000000000000 -0.3089174411507210
-0.5000000000000000 0.0106827491185515 -0.3392136410115587
0.0356545160755068 0.5000000000000000 -0.3591809124644584
0.0162343869963308 0.5000000000000000 -0.3408009817681267
-0.0444661660068982 0.2854898401231994 -0.5000000000000000
0.1365518977288112 -0.5000000000000000 -0.2725849375799883
0.3810721721283958 0.5000000000000000 0.1169958390937891
0.5000000000000000 0.4391222637925903 -0.0076103305265267
-0.1939688084306413 -0.0469627440018853 0.5000000000000000
-0.2497614026236802 -0.2001526928992328 0.5000000000000000
-0.1745373532446439 -0.1634010364477997 0.5000000000000000
-0.3672063853832951 -0.1012097647989377 0.5000000000000000
0.2441919112602528 0.5000000000000000 -0.1104892262242426
-0.2679272322644620 0.0443057352602997 0.5000000000000000
-0.1856563614105304 0.0294074654044494 0.5000000000000000
-0.1656506933375571 0.0000613069587841 0.5000000000000000
-0.1829968631167617 -0.0126916433266540 0.5000000000000000
-0.0416934785649644 -0.0503817358207084 0.5000000000000000
0.4468934738908134 0.5000000000000000 -0.3709014939638838
-0.5000000000000000 0.2935260788757403 -0.1979042372348873
-0.5000000000000000 0.2724025266664677 -0.2381054323028673
-0.5000000000000000 0.3139201753883394 -0.2127057773435148
-0.5000000000000000 0.2514339530337406 -0.2331146439283224
0.5000000000000000 0.0667500015952726 0.0241431814278486
0.1640391530288516 0.5000000000000000 -0.2579574493094866
-0.5000000000000000 0.2016158657330692 0.3621164190107931
-0.5000000000000000 0.0664150229304595 0.3259443313563004
0.5000000000000000 -0.0793174856170714 0.4486221764674201
0.1614854900520773 0.5000000000000000 -0.2804609363599392
0.2509728081084850 0.5000000000000000 -0.3236100647267151
-0.4275839905129192 0.4444068419343569 0.5000000000000000
-0.0291863938396939 -0.1064160036335649 -0.4973982380219760
-0.5000000000000000 0.2438092814085020 -0.0793264707180082
-0.3536632254145996 0.2256084825360029 -0.5000000000000000
-0.3844842973704342 0.5000000000000000 0.3451964931252406
-0.2624138851358611 0.5000000000000000 0.4205633806737770
-0.4058850743062181 0.4860387909641821 0.5000000000000000
0.5000000000000000 0.3567929247486047 -0.0587996676243714
0.2314946905205234 -0.3792283076676121 -0.5000000000000000
0.3986041596979980 -0.4925739829350887 -0.5000000000000000
0.4011020256725998 -0.3091295848480449 -0.5000000000000000
-0.5000000000000000 0.0052376989361846 -0.3100804528068803
-0.3598551000153208 -0.2224998659442633 0.5000000000000000
-0.2971766640246000 -0.2268362150374327 0.5000000000000000
-0.3923034230812338 -0.1232385204859690 0.5000000000000000
0.5000000000000000 0.0064125329469608 0.2136295277264907
0.5000000000000000 0.1222297372949009 0.0303900894363373
-0.0687473301414379 -0.5000000000000000 0.1822496304665572
-0.4375053444725476 0.0534950549563528 0.5000000000000000
-0.4038074266264744 -0.0516176226293355 0.5000000000000000
-0.4022314227495692 0.0923704619152791 0.5000000000000000
0.5000000000000000 0.3606699302170375 -0.0851795591560618
0.5000000000000000 0.3476154303340944 -0.0815987563767644
0.5000000000000000 0.3860970542296578 -0.0763668689019619
0.4836159140920100 0.5000000000000000 -0.2279012820983891
-0.2502377431177736 0.5000000000000000 0.4340652408722824
-0.5000000000000000 -0.0588691637938796 -0.1250616241319432
-0.5000000000000000 0.0009801390966860 -0.3039205381608251
-0.5000000000000000 -0.1391364874913975 0.0248727801969881
-0.5000000000000000 -0.1765775916053766 -0.0298550192704851
-0.5000000000000000 -0.2250390346256612 0.0162130419758708
-0.5000000000000000 -0.1008829454159737 0.1511072877230413
-0.2876213321236225 0.2434517926943372 -0.5000000000000000
-0.5000000000000000 -0.1804197579643738 0.4169315908480478
0.5000000000000000 0.1788313137783983 -0.2397578330135901
0.1943356228280711 -0.3763430901979466 0.5000000000000000
0.1278471537953335 -0.1933066503439775 0.5000000000000000
0.1970384017810324 0.5000000000000000 -0.3436333537206019
0.3762189330959184 0.5000000000000000 -0.3604654015077283
0.5000000000000000 -0.2730714060963413 0.2660162007823850
0.5000000000000000 -0.2771310556184005 0.2874607727708568
0.5000000000000000 -0.2541725702413387 0.3066018320649028
0.0883096106079430 -0.5000000000000000 -0.3087110079512121
-0.5000000000000000 -0.1252819850186351 -0.1611881220311101
-0.5000000000000000 0.1908076778032702 -0.0534088122134814
-0.5000000000000000 -0.0151195073184821 -0.3364480949318662
0.5000000000000000 -0.2880616015098356 0.1835448413752931
-0.5000000000000000 -0.0742738921568903 0.4460991206343551
-0.5000000000000000 -0.0869225579724816 0.4936209858053163
0.5000000000000000 0.0277500564052509 0.3023696387386832
0.5000000000000000 -0.0174479537344388 0.2852720162596508
-0.5000000000000000 -0.2216522198625318 -0.1225627227973638
0.5000000000000000 0.2504465211129768 0.4265717683274486
0.5000000000000000 0.1095991624205276 0.3168651230150654
-0.1900544509968189 0.0381068721121200 0.5000000000000000
-0.2172710105533181 0.0132651254605185 0.5000000000000000
-0.1876004492054056 0.0309842618378064 0.5000000000000000
0.5000000000000000 0.2121781428143314 -0.2191867619886641
0.5000000000000000 0.1306647675858853 -0.3012106699304272
0.1772902978438742 -0.0970993302817117 0.5000000000000000
-0.4693706847934038 0.2735612481909093 0.5000000000000000
-0.5000000000000000 -0.2261841276009080 0.2404407325278235
-0.5000000000000000 -0.2626216786515460 0.0951307938194610
-0.5000000000000000 -0.1059645604042289 0.4057344469772487
-0.5000000000000000 -0.1923573847886685 0.4294600088952850
-0.5000000000000000 -0.1520472704258998 0.4427802616299708
-0.5000000000000000 -0.1868979923665920 0.3907101995352938
-0.5000000000000000 -0.0205032637930245 0.3545722031650898
-0.4925089240517639 0.0429532168259962 -0.0427351276105918
0.0131808506829363 0.0307109488437666 0.5000000000000000
0.5000000000000000 -0.3474751251748120 0.4225068171304484
0.5000000000000000 -0.3744793867819116 0.4678093435304839
0.1667193136087962 -0.3487124295721389 -0.5000000000000000
-0.5000000000000000 0.0033193182472745 0.3311502459037897
-0.5000000000000000 -0.0342024661831383 -0.3035929820203086
-0.5000000000000000 -0.2271375033732939 -0.1484796613384180
-0.5000000000000000 -0.1999899947089794 0.2972575122183170
-0.4166437304004699 0.3942297266505040 0.5000000000000000
0.0515591052990898 -0.5000000000000000 -0.2969034535188995
-0.5000000000000000 0.2554937340435494 0.4275178391093630
0.4109376713823094 0.3587080090942944 0.5000000000000000
-0.5000000000000000 0.0286833472441748 -0.3048217160973734
0.4578024926788797 0.5000000000000000 -0.3354755697057089
-0.4210956221192418 0.3335560785142955 0.5000000000000000
0.2005882819121979 -0.3755265640057165 0.5000000000000000
0.0730606535127446 -0.1166167136190542 0.5000000000000000
0.5000000000000000 0.2915801781897896 0.4486367887439854
0.2987200671307466 -0.1550906414868388 -0.5000000000000000
0.1092357388884396 -0.0569097227599771 0.5000000000000000
256 218
257 220
258 232
259 184
260 240
261 129
0 20
0 50
0 78
0 131
0 140
0 147
0 159
0 206
0 227
0 235
0 247
0 253
1 262
1 263
1 50
1 264
1 77
1 265
1 266
1 123
1 267
1 131
1 171
1 204
1 208
1 226
1 268
1 269
270 237
271 14
272 224
273 240
274 250
275 32
276 57
277 86
278 155
279 170
2 5
2 55
2 64
2 79
2 81
2 93
2 99
2 106
2 112
2 121
2 165
2 205
2 223
2 246
280 7
281 13
282 889
283 100
284 102
285 156
286 162
287 213
288 223
289 25
290 33
291 150
292 218
3 8
3 24
3 29
3 36
3 38
3 39
3 51
3 62
3 293
3 75
3 92
3 107
3 108
3 128
3 158
3 175
3 186
3 193
3 255
4 294
4 61
4 295
4 78
4 296
4 115
4 1005
4 131
4 140
4 147
4 152
4 159
4 168
4 297
4 192
4 222
4 247
298 131
299 159
300 204
301 109
302 244
303 20
5 55
5 87
5 117
5 146
5 149
5 155
5 164
5 165
5 169
5 205
6 9
6 26
6 66
6 71
6 110
6 120
6 304
6 305
6 137
6 157
6 306
6 190
6 234
6 245
7 14
7 30
7 31
7 34
7 100
7 104
7 106
7 117
7 126
7 307
7 156
7 162
7 184
7 195
7 210
7 223
7 251
8 21
8 36
8 43
8 51
8 62
8 67
8 83
8 90
8 97
8 99
8 105
8 108
8 112
8 122
8 165
8 233
9 26
9 27
9 308
9 65
9 66
9 70
9 309
9 120
9 310
9 137
9 157
9 311
9 1206
312 107
313 138
314 102
315 187
316 19
317 1190
10 19
10 49
10 52
10 59
10 63
10 75
10 318
10 103
10 116
10 319
10 143
10 154
10 176
10 186
10 207
10 217
11 48
11 67
11 90
11 91
11 117
11 119
11 144
11 149
11 165
11 169
11 191
11 251
11 252
320 73
321 141
322 179
323 193
324 228
325 230
326 255
327 42
328 50
329 218
330 254
12 35
12 44
12 50
12 56
12 61
12 331
12 114
12 152
12 160
12 168
12 171
12 178
12 192
12 201
12 208
12 214
12 221
332 102
333 156
334 157
13 68
13 93
13 335
13 889
13 100
13 133
13 145
13 148
13 151
13 156
13 213
13 223
13 1351
13 246
14 31
14 34
14 60
14 84
14 104
14 336
14 156
14 337
14 173
14 338
14 184
14 195
14 240
14 250
14 251
15 22
15 39
15 45
15 59
15 62
15 339
15 74
15 75
15 90
15 103
15 118
15 143
15 158
15 186
340 64
341 79
342 889
343 102
344 106
345 126
346 162
347 197
348 223
349 38
350 98
351 107
352 129
353 138
354 166
355 207
356 229
16 357
16 48
16 63
16 72
16 74
16 91
16 96
16 103
16 116
16 118
16 143
16 358
16 168
16 178
16 191
16 359
16 360
16 235
16 247
16 252
361 57
362 86
363 125
364 244
17 46
17 53
17 547
17 365
17 366
17 98
17 111
17 367
17 1070
17 139
17 368
17 153
17 369
17 167
17 370
371 115
372 192
18 42
18 58
18 373
18 69
18 104
18 173
18 180
18 202
18 224
18 374
18 242
18 248
18 249
18 250
375 889
376 102
377 162
378 44
379 88
380 135
381 142
382 135
19 49
19 383
19 384
19 385
19 386
19 387
19 388
19 389
19 154
19 176
19 390
19 1190
19 217
19 391
20 392
20 393
20 78
20 394
20 140
20 395
20 396
20 206
20 397
20 222
20 398
20 247
399 142
400 135
401 142
402 64
403 121
404 136
405 177
406 182
407 205
408 40
409 54
410 477
411 194
412 219
21 36
21 37
21 43
21 83
21 93
21 99
21 105
21 108
21 112
21 130
21 145
21 151
21 225
21 241
21 246
22 24
22 39
22 45
22 59
22 62
22 413
22 74
22 414
22 477
22 97
22 415
22 158
22 163
22 185
22 189
416 33
417 34
418 60
419 254
420 172
421 34
422 82
423 109
424 216
425 244
426 254
23 31
23 34
23 95
23 427
23 109
23 124
23 132
23 428
23 198
23 199
23 210
429 72
430 116
431 206
432 235
433 247
24 28
24 47
24 51
24 62
24 81
24 97
24 122
24 128
24 137
24 158
24 163
24 175
24 183
24 185
24 203
25 434
25 33
25 435
25 436
25 113
25 437
25 438
25 150
25 439
25 206
25 227
25 440
25 247
25 441
25 253
442 204
26 443
26 66
26 444
26 110
26 445
26 446
26 137
26 141
26 736
26 175
26 183
26 447
26 448
26 234
27 449
27 450
27 65
27 71
27 451
27 452
27 120
27 453
27 157
27 454
27 1206
28 47
28 54
28 477
28 163
28 183
28 185
28 203
28 455
28 219
29 456
29 92
29 107
29 108
29 457
29 458
29 1284
30 58
30 67
30 100
30 104
30 117
30 459
30 144
30 148
30 156
30 460
30 461
31 34
31 533
31 117
31 124
31 126
31 132
31 462
31 187
31 195
31 210
31 463
464 40
465 183
466 194
467 736
468 181
469 139
470 238
471 187
472 141
473 736
474 183
475 234
476 237
32 478
32 479
32 480
32 481
32 482
32 136
32 155
32 164
32 170
32 483
32 177
32 484
32 194
32 485
32 486
487 206
488 64
489 136
490 177
491 241
492 127
493 161
494 197
33 495
33 113
33 150
33 159
33 227
33 496
33 497
33 498
33 253
34 60
34 82
34 499
34 84
34 109
34 117
34 124
34 500
34 501
34 502
34 503
34 504
34 505
34 195
34 506
34 251
34 254
35 48
35 56
35 58
35 76
35 90
35 101
35 160
35 168
35 178
35 200
35 201
35 238
36 43
36 53
36 62
36 75
36 76
36 90
36 98
36 103
36 105
36 107
36 108
36 507
36 134
36 158
36 172
36 209
36 236
36 241
508 56
509 152
510 192
511 238
37 51
37 512
37 65
37 70
37 105
37 108
37 513
37 130
37 137
37 514
37 175
37 1206
37 225
37 239
37 241
38 49
38 515
38 75
38 89
38 92
38 98
38 107
38 138
38 186
38 207
38 229
38 236
38 255
516 204
517 226
39 41
39 518
39 519
39 59
39 520
39 521
39 522
39 158
39 523
39 163
39 179
39 186
39 193
39 524
39 228
39 230
39 255
40 525
40 47
40 54
40 526
40 527
40 182
40 183
40 528
40 194
40 529
40 219
40 237
40 530
531 54
532 237
41 73
41 179
41 193
41 228
41 230
42 50
42 60
42 69
42 104
42 119
42 123
42 160
42 173
42 534
42 180
42 218
42 232
42 242
42 250
42 535
42 254
536 240
537 177
538 182
539 194
43 76
43 83
43 90
43 101
43 105
43 134
43 209
43 211
43 212
43 233
43 241
44 540
44 56
44 77
44 88
44 541
44 542
44 114
44 543
44 208
44 214
44 221
44 544
44 545
44 546
44 249
548 1070
549 129
550 166
45 62
45 74
45 551
45 87
45 90
45 91
45 96
45 97
45 552
45 118
45 185
45 189
553 54
554 194
555 237
556 113
557 150
558 159
559 204
560 161
561 193
562 228
563 63
564 116
565 140
566 244
567 224
568 59
46 53
46 76
46 569
46 98
46 111
46 139
46 570
46 153
46 167
46 236
46 238
47 54
47 81
47 477
47 122
47 182
47 183
47 185
47 203
47 219
571 125
572 244
573 197
48 67
48 90
48 91
48 101
48 118
48 144
48 160
48 168
48 178
48 191
48 252
49 75
49 89
49 574
49 575
49 129
49 154
49 176
49 186
49 1190
49 207
49 229
49 576
49 577
50 578
50 61
50 77
50 579
50 113
50 114
50 119
50 123
50 131
50 147
50 160
50 171
50 580
50 204
50 218
50 232
50 235
50 242
50 247
50 581
50 253
51 62
51 81
51 105
51 108
51 112
51 122
51 128
51 137
51 158
51 175
51 239
582 1190
583 56
584 88
585 135
52 586
52 63
52 103
52 587
52 588
52 139
52 140
52 589
52 152
52 590
52 176
52 178
52 207
52 217
52 236
52 238
52 591
592 80
593 115
594 131
595 171
596 192
597 204
598 226
53 76
53 599
53 98
53 107
53 134
53 138
53 153
53 600
53 167
53 172
53 209
53 601
53 602
53 241
54 603
54 141
54 736
54 163
54 183
54 203
54 604
54 605
54 219
54 237
54 606
607 244
608 89
609 92
610 107
611 229
612 255
613 70
614 108
615 172
616 241
617 89
618 92
619 229
620 255
621 85
622 94
623 212
55 64
55 99
55 106
55 117
55 136
55 146
55 165
55 169
55 188
55 196
55 205
55 223
55 246
624 78
625 222
56 626
56 627
56 628
56 629
56 630
56 152
56 178
56 631
56 192
56 200
56 201
56 221
56 632
56 238
633 71
634 120
635 161
636 181
637 190
638 142
639 179
640 255
641 152
642 238
533 643
533 126
533 132
533 644
533 187
533 195
645 77
646 88
647 142
648 202
649 231
650 89
651 113
652 150
653 218
654 149
655 216
656 254
657 129
658 1190
659 154
660 1190
661 150
547 662
547 663
547 664
547 98
547 665
547 666
547 667
547 1070
547 153
547 668
547 166
57 669
57 86
57 670
57 146
57 149
57 155
57 671
57 672
57 170
57 216
57 673
57 220
57 244
57 674
58 675
58 67
58 69
58 94
58 101
58 104
58 144
58 148
58 160
58 200
58 201
58 676
58 211
58 221
58 1351
58 677
58 678
679 59
680 116
681 143
682 217
683 1190
59 684
59 74
59 75
59 685
59 686
59 143
59 154
59 687
59 186
59 688
689 197
690 154
691 179
692 255
693 135
694 142
60 695
60 696
60 84
60 104
60 173
60 180
60 697
60 698
60 240
60 250
60 251
60 699
60 254
700 234
701 237
61 115
61 131
61 147
61 152
61 160
61 168
61 171
61 192
61 247
702 69
703 104
704 202
705 221
706 224
707 249
708 142
62 75
62 90
62 96
62 97
62 118
62 122
62 158
62 163
62 185
63 709
63 710
63 711
63 103
63 116
63 712
63 140
63 152
63 713
63 168
63 714
63 176
63 178
63 217
63 247
715 71
716 120
717 74
718 237
64 79
64 719
64 720
64 721
64 106
64 722
64 121
64 723
64 126
64 136
64 177
64 188
64 196
64 197
64 205
724 71
725 127
726 161
727 190
728 197
65 66
65 70
65 120
65 130
65 137
65 729
65 1206
65 225
65 239
730 140
66 110
66 120
66 731
66 137
66 190
66 732
66 225
66 239
733 202
734 231
735 248
737 203
738 228
739 237
740 149
741 218
742 254
743 181
67 90
67 99
67 100
67 101
67 104
67 117
67 144
67 148
67 165
67 169
67 211
67 233
68 83
68 85
68 744
68 745
68 145
68 148
68 151
68 746
68 747
68 213
68 748
68 749
68 1351
68 750
68 241
69 104
69 114
69 123
69 160
69 201
69 751
69 214
69 221
69 242
69 249
70 752
70 108
70 753
70 137
70 141
70 175
70 754
70 755
70 1206
71 110
71 756
71 120
71 757
71 758
71 759
71 157
71 190
760 84
761 240
762 250
763 116
764 143
765 217
766 92
767 108
768 128
769 141
770 175
771 193
772 228
773 255
72 74
72 91
72 96
72 774
72 775
72 143
72 776
72 777
72 778
72 189
72 779
72 780
72 232
72 235
72 252
781 155
782 164
783 170
784 189
785 220
786 142
787 80
788 1206
789 129
73 790
73 791
73 141
73 792
73 793
73 736
73 179
73 193
73 228
73 230
794 77
795 80
796 135
797 142
798 226
74 799
74 91
74 96
74 103
74 118
74 800
74 143
74 801
74 802
74 189
74 803
804 241
805 78
806 1005
807 222
75 90
75 103
75 107
75 143
75 158
75 186
75 207
75 236
808 204
76 90
76 98
76 101
76 103
76 111
76 134
76 139
76 167
76 178
76 209
76 212
76 215
76 236
76 238
77 88
77 809
77 810
77 114
77 123
77 142
77 811
77 202
77 208
77 226
77 231
77 242
77 249
78 812
78 813
78 140
78 147
78 159
78 206
78 222
78 227
78 814
78 247
79 81
79 93
79 889
79 106
79 815
79 112
79 121
79 133
79 816
79 197
79 223
79 245
79 246
80 88
80 817
80 135
80 818
80 142
80 171
80 208
80 226
819 477
820 163
821 189
81 93
81 105
81 110
81 112
81 121
81 122
81 137
81 175
81 182
81 183
81 205
81 239
81 245
822 216
823 244
82 86
82 95
82 109
82 117
82 124
82 146
82 149
82 198
82 216
82 244
82 251
82 254
824 237
83 85
83 99
83 105
83 134
83 145
83 151
83 211
83 212
83 233
83 241
825 84
84 826
84 184
84 187
84 195
84 827
84 828
84 240
829 197
85 94
85 134
85 145
85 151
85 830
85 211
85 212
85 1351
85 241
86 95
86 831
86 832
86 833
86 109
86 125
86 146
86 834
86 835
86 170
86 836
86 837
86 188
86 198
86 216
86 244
838 244
839 153
840 102
841 126
842 162
843 187
844 241
87 477
87 96
87 97
87 845
87 146
87 155
87 164
87 165
87 169
87 177
87 182
87 185
87 188
87 189
87 194
87 205
846 181
847 182
848 194
88 849
88 850
88 114
88 135
88 851
88 142
88 852
88 202
88 208
88 853
88 226
88 249
854 154
855 176
856 186
857 217
858 135
859 142
89 860
89 154
89 186
89 229
89 861
89 862
89 255
863 111
864 1070
865 139
866 153
867 238
90 91
90 96
90 97
90 99
90 101
90 103
90 112
90 118
90 122
90 144
90 158
90 165
90 178
90 233
868 238
477 869
477 163
477 164
477 182
477 185
477 194
477 870
477 219
477 871
477 872
873 120
874 159
875 227
91 96
91 97
91 118
91 119
91 165
91 169
91 191
91 232
91 252
876 126
877 132
92 107
92 878
92 879
92 186
92 193
92 1284
92 255
93 105
93 110
93 112
93 121
93 133
93 145
93 151
93 880
93 181
93 190
93 197
93 213
93 225
93 239
93 245
93 246
94 101
94 200
94 881
94 211
94 212
94 215
94 882
94 1351
94 883
94 884
94 243
885 135
886 221
95 887
95 124
95 125
95 132
95 146
95 170
95 188
95 196
95 198
95 199
95 210
888 153
890 100
891 127
892 133
893 148
894 156
895 161
896 213
96 97
96 118
96 119
96 155
96 165
96 169
96 189
96 897
96 220
96 232
96 252
898 237
899 159
900 204
97 122
97 165
97 185
97 205
98 107
98 1070
98 138
98 139
98 153
98 166
98 207
98 229
98 236
901 172
902 241
99 100
99 105
99 112
99 117
99 144
99 148
99 151
99 165
99 169
99 211
99 233
99 246
903 125
904 126
905 132
906 136
907 170
908 188
909 196
910 199
911 210
912 116
913 159
889 914
889 102
889 915
889 127
889 133
889 161
889 162
889 197
889 213
889 223
889 916
917 736
918 237
100 117
100 148
100 156
100 223
100 919
100 246
920 129
921 1190
922 229
101 134
101 144
101 160
101 200
101 209
101 211
101 212
101 215
101 233
101 238
923 138
924 153
925 166
926 127
927 197
102 126
102 928
102 162
102 187
102 929
102 930
931 224
932 248
933 120
934 130
935 145
936 181
937 190
938 241
103 116
103 118
103 139
103 143
103 168
103 178
103 207
103 217
103 236
103 238
939 125
940 170
941 244
942 197
943 244
104 117
104 944
104 144
104 156
104 160
104 173
104 945
104 946
104 947
104 250
104 251
105 108
105 112
105 151
105 225
105 239
948 216
949 220
106 117
106 126
106 162
106 196
106 210
106 223
950 125
951 176
107 108
107 952
107 138
107 953
107 172
107 186
107 207
107 236
107 1284
954 226
955 231
956 194
957 141
958 736
108 128
108 959
108 141
108 172
108 175
108 960
108 961
108 241
108 1284
109 124
109 125
109 962
109 963
109 198
109 199
109 244
964 179
965 255
966 141
967 736
968 220
969 156
970 121
971 174
972 197
973 245
974 226
110 121
110 975
110 137
110 976
110 175
110 183
110 190
110 225
110 234
110 239
110 245
977 163
978 164
979 185
980 189
981 241
111 982
111 167
111 209
111 215
111 983
111 238
111 243
984 206
985 227
986 171
987 192
988 208
989 127
112 122
112 165
112 205
112 246
990 736
991 237
113 150
113 159
113 204
113 218
113 227
113 235
113 992
113 247
113 993
113 253
994 1190
995 145
996 181
997 213
998 1351
114 123
114 160
114 171
114 201
114 208
114 214
114 242
114 249
999 150
1000 206
1001 218
1002 232
1003 235
1004 231
1006 140
1007 157
115 1005
115 1008
115 131
115 152
115 171
115 1009
115 192
115 1010
115 1011
116 140
116 143
116 1012
116 1013
116 217
116 247
117 119
117 124
117 144
117 146
117 149
117 169
117 196
117 210
117 223
117 246
117 251
1014 1206
118 143
118 168
118 178
118 191
118 252
1015 255
1016 237
1017 1005
1018 140
1019 152
1020 736
1021 228
1022 230
1023 1070
119 144
119 149
119 155
119 160
119 169
119 173
119 191
119 220
119 232
119 235
119 251
119 252
119 254
120 130
120 157
120 181
120 1024
120 190
120 1206
120 225
120 239
121 1025
121 1026
121 174
121 182
121 183
121 205
121 245
1027 130
1028 1206
1029 241
122 165
122 182
122 185
122 205
1030 184
123 160
123 171
123 1031
123 208
123 231
123 242
1032 234
124 132
124 146
124 196
124 198
124 210
1033 206
1034 157
1035 245
1036 157
1037 153
1038 166
1039 194
1040 157
1041 238
1042 174
1043 182
1044 245
1045 157
1046 234
125 1047
125 1048
125 1049
125 1050
125 1051
125 1052
125 198
125 199
125 244
1053 164
1054 189
126 132
126 1055
126 162
126 1056
126 1057
126 187
126 195
126 196
126 210
126 223
126 1058
1059 143
1060 154
1061 186
1062 217
1005 1063
1005 140
1005 152
1005 168
1005 1064
1005 1065
1005 192
1005 222
1066 129
1067 176
1068 1190
1069 156
1071 152
127 133
127 161
127 197
127 1072
1070 129
1070 139
1070 1073
1070 153
1070 166
1070 1074
1070 207
1070 236
1070 1075
1076 155
1077 164
1078 189
1079 194
1080 224
1081 142
1082 202
1083 221
1084 224
1085 249
128 141
128 158
128 163
128 175
128 193
128 203
128 228
129 1086
129 1087
129 166
129 1190
129 1088
129 207
129 229
129 1089
129 1090
129 1091
130 145
130 1092
130 181
130 1093
130 1206
130 225
130 1094
130 241
1095 204
1096 172
131 147
131 159
131 171
131 1097
131 204
131 253
132 1098
132 1099
132 187
132 210
1100 244
133 161
133 181
133 190
133 197
133 213
133 223
133 225
133 246
1101 138
1102 172
1103 1284
1104 156
1105 162
1106 184
1107 187
1108 195
1109 155
1110 189
1111 220
1112 135
134 145
134 167
134 1113
134 209
134 212
134 1114
134 241
134 243
1115 176
1116 217
1117 152
1118 192
1119 238
135 1120
135 142
135 1121
135 1122
135 1123
1124 187
1125 195
1126 240
136 170
136 177
136 188
136 196
136 205
136 1127
137 175
137 1128
137 239
138 153
138 166
138 1129
138 172
138 1130
1131 198
1132 199
139 1133
139 152
139 153
139 178
139 1134
139 236
139 238
140 147
140 152
140 1135
140 168
140 1136
140 1137
140 178
140 1138
140 222
140 247
1139 184
1140 187
141 736
141 1141
141 175
141 183
141 1142
141 1143
141 203
141 228
141 1144
142 1145
142 1146
142 1147
142 1148
142 226
142 1149
143 1150
143 1151
143 217
143 1152
144 160
144 169
144 173
144 191
144 251
144 252
145 151
145 181
145 213
145 225
145 1153
145 241
1154 152
1155 236
1156 238
146 149
146 155
146 164
146 170
146 188
146 196
146 205
146 216
1157 255
147 159
147 247
148 151
148 156
148 211
148 213
148 1158
148 1351
148 1159
148 246
1160 241
149 155
149 169
149 1161
149 216
149 218
149 220
149 232
149 251
149 254
150 1162
150 206
150 218
150 235
150 247
151 211
151 213
151 1351
151 233
151 246
1163 200
1164 215
1165 238
1166 243
152 168
152 178
152 192
152 1167
152 1168
152 238
1169 174
1170 190
1171 197
1172 245
153 1173
153 166
153 172
153 1174
153 1175
153 1176
1177 179
1178 230
154 1179
154 176
154 186
154 1190
154 1180
154 1181
154 1182
154 1183
154 255
1184 736
1185 179
1186 230
1187 166
1188 179
1189 230
736 183
736 203
736 1191
736 228
736 237
155 164
155 165
155 169
155 170
155 188
155 189
155 1192
155 220
156 1193
156 1194
156 1195
156 223
156 1196
156 1197
156 1198
1199 222
1200 244
1201 235
1202 170
157 1203
157 1204
157 1205
157 234
158 163
158 186
158 193
158 255
159 1207
159 204
159 227
159 1208
159 1209
159 1210
159 253
1211 1190
160 168
160 171
160 173
160 201
160 235
160 242
160 247
160 252
1212 179
1213 186
1214 255
161 181
161 1215
161 190
161 197
161 213
161 1216
1217 175
162 187
162 195
162 223
163 185
163 193
163 203
163 1218
163 219
163 228
164 170
164 177
164 1219
164 188
164 189
164 194
164 1220
165 169
165 205
166 1221
166 1222
166 207
166 1223
166 1224
1225 199
1226 244
1227 189
1228 197
167 209
167 215
167 1229
167 241
167 243
168 178
168 192
168 201
168 235
168 247
168 252
1230 197
1231 184
1232 240
1233 180
1234 231
1235 248
1236 216
1237 218
1238 220
170 1239
170 1240
170 177
170 188
170 1241
171 192
171 208
171 226
172 1242
172 1243
172 1244
172 241
1245 200
1246 240
1247 176
1248 217
1249 206
173 180
173 250
173 251
173 254
1250 222
174 1251
174 1252
174 182
174 183
174 1253
174 234
174 245
1254 241
1255 234
1256 245
175 183
175 1257
175 203
176 207
176 217
176 236
176 1258
177 182
177 188
177 194
177 205
177 1259
177 1260
178 201
178 238
1261 180
1262 231
1263 242
1264 248
179 193
179 230
179 255
1265 182
180 1266
180 202
180 1267
180 1268
180 231
180 242
180 1269
180 248
180 250
180 1270
1271 237
181 1272
181 1273
181 190
181 213
181 225
181 1274
181 1275
1276 189
182 183
182 185
182 1277
182 194
182 205
182 219
1278 240
1279 250
1280 218
183 1281
183 203
183 1282
183 234
183 237
183 245
184 187
184 195
184 1283
184 240
1285 213
185 203
185 205
1286 1206
186 207
186 255
187 195
187 1287
187 1288
187 1289
1290 194
1190 1291
1190 1292
1190 1293
1294 241
1295 202
1296 231
1297 248
188 196
188 205
189 1298
189 220
189 1299
190 197
190 225
190 239
190 245
191 252
192 1300
192 208
193 228
193 230
193 255
1301 224
1302 248
1303 250
194 219
194 1304
194 1305
194 1306
194 1307
195 1308
196 210
197 223
198 199
1309 212
1310 241
200 201
200 1311
200 212
200 215
200 1312
200 221
200 1313
200 238
200 243
201 214
201 221
1314 221
1315 1206
202 1316
202 224
202 231
202 242
202 248
202 249
202 250
203 1317
203 228
204 1318
204 1319
204 253
1320 234
1321 237
206 1322
206 227
206 235
206 1323
206 247
206 1324
206 253
207 229
207 236
207 1325
208 226
209 212
209 215
209 243
211 212
211 1351
211 233
212 215
212 1351
212 1326
212 241
212 243
213 1327
213 1351
1328 241
214 221
214 242
214 249
215 238
215 243
1329 247
1330 224
1331 248
1332 220
1333 232
1334 243
216 220
216 244
216 1335
216 254
1336 220
1337 240
1338 248
1339 250
1340 219
1341 228
218 220
218 232
218 235
218 1342
218 254
1343 240
220 232
221 1344
221 1345
221 249
1346 224
1347 231
1348 248
1349 249
223 246
224 1350
224 248
224 250
225 239
1352 254
227 1353
227 1354
227 253
228 230
229 1355
231 242
231 248
231 249
1356 250
1357 241
1358 243
1359 249
232 235
232 252
232 254
1360 240
234 245
235 247
235 252
235 253
236 238
236 1361
1362 240
1363 244
1364 241
237 1365
240 1366
240 250
1367 253
242 249
242 1368
244 1369
247 252
247 253
1370 255
248 250
251 254
1371 254
