1299 2232 0
-0.3433726730354943 -0.2673280749402587 0.2590347244466797
-0.4151752708038879 -0.0054781329277001 0.0299769643906933
-0.1109190532182333 -0.0213358270909839 -0.3619195928121551
0.3110262502244202 -0.1404122796583021 -0.4079502282631758
-0.4766572989544922 -0.2678561637278342 0.4289233752543435
0.3558247641373766 -0.0484228842131626 -0.1204021156303767
0.4096665707826121 -0.0126291536508010 0.1660890332407474
0.2595358822633476 0.0842372398307359 -0.0500324232761124
-0.1994610834034969 -0.2286002857746408 -0.4818387273871366
-0.2688194861294305 0.0972931323344313 -0.2334869451622166
0.2270423097924797 -0.1701720259684703 0.2687868669030599
0.3908118594738146 0.4895075577586517 -0.4873106882395994
0.3862301158130142 0.3644222400478050 -0.0517807052354003
-0.0386385793654939 0.0809192910665529 -0.1258431463596801
0.0246538960259487 0.0695496511435083 0.2825976841366573
0.4648270114749889 -0.1656823863259669 0.0342017779241884
-0.2454364578369547 0.2694127942961757 -0.3782108542626864
0.4235451119400943 0.1645928059514923 0.0722321626492351
-0.3196794359888918 -0.3486024822034111 -0.0312381254564833
0.4046066585484908 -0.4178779746869647 0.1858179396859946
-0.0244482895946398 -0.4041581525750917 -0.3171207239581067
0.2395730568173358 -0.4671291272856207 -0.3374791994579608
-0.1445320724147962 -0.4118337632999429 -0.3001354455790478
0.4053374880711197 0.1341937609053989 -0.4326855407137662
-0.2870393473343359 -0.4474883454500572 -0.3509076805511466
-0.1933533363059386 0.2946753741754422 -0.4756268115817143
0.2835201100355679 0.0459451982378756 0.1659098319647834
-0.3532144551532539 -0.4003794549963174 0.2758257128549939
-0.3968093633542664 0.0097269784418549 0.2767644799725504
0.2293904697543476 0.3913356078237317 0.1502125138631913
-0.1559898547647141 -0.0921479553208690 0.0754323321833947
0.4833339893497928 0.0629628559304874 -0.3663713809767615
0.2749077410208185 0.2138308312427733 0.2136844895275140
-0.0860143060516199 0.0816501144889615 -0.0559135144873137
0.2645124475378440 0.1102909559519395 -0.3773350572988854
-0.3955743204998444 -0.0307714331309267 0.3662919494210253
0.2763886345830953 0.4428980678729993 -0.1687529267534369
0.2130670468846246 0.2558877021649754 -0.3115726165779230
0.1847918099009272 0.0782632836824756 -0.1039451300413818
-0.2309825364525238 0.2905128439400285 0.2378659893849870
0.2433176118987347 -0.1835589356263225 -0.2127169201581437
-0.2553327278462341 0.0407505489825118 0.4536570318507445
0.4559575838594341 -0.1963563549283424 -0.0903831436961862
0.3084852195644872 -0.1609605515571082 0.2984611641446145
-0.4189279599495742 -0.3117066445879316 -0.2755355340354289
-0.1236601168707623 -0.0767897055817567 0.2560598317752123
-0.2948246802055046 0.4689914799639621 -0.1773036387348314
-0.4739332455760919 -0.3907366168690878 -0.3161965523597499
-0.1635418676097731 -0.0486266166183500 -0.1621032023291362
-0.3203836843400975 0.1979958508985083 0.2049757323785034
-0.1152638188084422 0.3213897676321830 -0.2394718463189068
-0.4946319470740267 -0.4530833142720807 0.3424738817062936
-0.2328083111787261 0.1796535634868052 -0.4462190090615517
0.1734713940770093 0.3056656041174690 0.0395380146324754
-0.0683814824879789 0.0297425233016733 -0.0257666889630371
-0.3761489267103484 -0.1156597732392134 -0.2132472790790353
0.4420196312160345 -0.0490552838888887 -0.1196264217661674
0.2615293062136511 0.0525278736248948 -0.4624994198697985
0.4931947335793214 0.0717034877734224 -0.2418630178504989
-0.4678273048930593 -0.3067635124086925 0.3846482170957052
-0.0400125933722226 -0.0432561778852809 0.4717248262444125
0.3021083067573882 -0.1179622026816058 -0.2892691929040740
-0.4285475321721600 -0.4302025860812677 -0.1485647926232053
0.4665050111279254 0.1998731006316730 0.4262706317116611
0.0495616249398306 -0.2053932787617203 -0.3480830352228095
-0.1826794029104482 -0.1927398514125899 -0.1286643566342753
0.0212315370751390 -0.4304169796929926 0.1184132493934376
0.0153894131198940 0.2633637273900930 0.1244833688829810
0.2609590213705572 0.3635703600295196 0.3824802028977749
-0.4722087875243870 0.1751229483058615 0.1882518847010568
-0.3311888465987019 -0.2232546678327019 -0.0607226850169056
0.2847241606259576 0.4536491920329845 0.1114828593664937
-0.3400680949621636 0.1297323434308635 -0.4072635679031829
-0.4711482724225377 -0.3571616074960449 -0.4635594559609673
-0.4140480033980581 -0.2749903660326908 -0.2521920452541452
-0.1367500700931077 -0.3535964408980040 -0.3873348500147674
-0.3304374551049133 -0.2067751417269243 0.4690643453361384
-0.0609126782581977 0.2305889347693743 0.3100726801509290
-0.4308002850452067 0.2947066714551511 0.4721639158237522
0.3261822985557303 -0.3455896553643330 0.3312424513962691
0.2894549552797827 -0.0510769264943483 -0.2202268322824383
0.1093586855481474 0.2577540283553095 -0.3841021911347195
-0.2620033755365503 -0.3257672486107018 -0.4619106245304881
-0.2112495938696537 -0.0677511216528053 -0.2025093713536711
0.2573218615272022 0.0701733521870875 -0.2523840768896750
-0.0659118501234434 -0.1789613671002974 -0.3494412321541006
-0.4038623147067710 0.1860661807489869 0.2391851401830895
0.2893100431747987 -0.0225517957338897 -0.0728875150098848
-0.4045708155766259 0.1343113604784600 0.2954371503169246
-0.0855233093729598 0.3968331805378199 -0.2355616207608696
-0.4128955110626490 0.1074508402922208 0.3172482307304407
0.0079945633811636 0.2031640654491039 -0.3979759922668490
-0.0977551415233611 -0.1737799045810367 -0.1766116176379483
-0.2623818902384496 -0.3911031232090367 0.1682477620325351
-0.4591437142189707 -0.2534447191161853 0.4370686734084726
-0.4262454483904137 0.4048467685662984 0.2568923894526436
0.0676996946474155 0.3870061208451083 -0.4706082814328573
-0.1716295965242444 -0.2781286807787144 0.1572504824972625
0.0463599219766210 -0.2941944649690454 0.2690264658809803
0.1531009581665549 -0.3415223368121885 0.2964473850081455
-0.2756817654166136 -0.3768859146305127 0.1615276302072033
0.1344859073202096 0.1274824253351365 0.2407136200961362
-0.2413739636024328 0.0504184078420352 0.3649373903262396
0.4364164470351519 -0.2212836781397266 0.3516338434772950
0.0884509280461454 -0.0315839556754698 -0.2607697535302538
-0.4133614441893019 0.3021775896312335 0.0784480529735233
-0.0990364303965639 -0.3460993162949099 -0.1200977327414010
0.2437370294196511 -0.2713063515216075 -0.2987361917131476
0.3487007112017428 -0.1961287709683318 -0.1493365497643078
0.2757032393494602 -0.1775532713314786 0.4345186977797298
-0.3968885671293118 -0.2123404226552825 -0.0358753027513275
0.0853120497157584 0.0667161965300734 0.1195645787777216
-0.2043870037705472 0.1850679612993129 -0.0184442121970450
0.3326537094192127 -0.1757137985996577 0.3046024050379147
-0.2650193078010565 -0.4866665776260451 -0.4816016247166494
-0.2870593501581825 0.4315876970917870 -0.4303903271317260
-0.2385064559260769 -0.2094626120494635 0.0267698985964709
-0.1229543492552403 0.3643970543270224 0.3294610044502668
-0.2930979491459649 -0.1736880625239745 0.0780021759178054
0.3556458533885818 0.2424064540694125 0.3550772153584011
-0.2214718922300502 0.1694013558251543 0.0606931624175669
-0.0347532103794114 -0.2245747178130502 0.4756179446017508
-0.0660840983715854 -0.4389079086354225 -0.1487359095401485
0.0306453176936449 -0.4759983216946657 -0.3410483771243021
-0.0432900853832435 0.0483881345679380 0.4544972924359132
-0.2732079785781713 0.4785410265449042 -0.3212182327911848
0.4820676330434041 -0.4750345225839360 -0.0860942285347797
0.1162401085342627 -0.2735692029291626 -0.0547219075572176
0.0448922948429201 0.4347058921282221 0.2706585292322400
0.3383160367891049 0.2841173644622749 -0.4663788023429548
0.3580484521252164 0.2638381978680533 0.1833917777631119
0.2282306745330688 0.0476059710180070 0.4136629622565229
-0.1053195861246045 0.2797820907671895 -0.3969513488448674
-0.3465514717565863 -0.0142697989747321 0.4121678874416474
0.1951686244927894 -0.3049551254542733 -0.2588581483196113
0.3311705453634576 -0.1492864134600000 -0.2252003825408966
0.1099466607452334 0.3864654772102898 -0.0328389294856327
-0.1783115845394061 0.3971779528817555 -0.1016765842186445
0.1988156371383301 -0.3392555672471047 -0.4178550471130859
0.0716099078255561 0.4012576306010061 -0.0255244897467860
-0.1184126052927186 0.3847756455380750 0.2534718127247533
0.2064479704764701 -0.4476975923197180 -0.4152175912472463
-0.3176599845384487 0.3443424308358933 0.3904474182235524
0.1216841070223438 -0.3790161121287813 0.3081317130704631
-0.4056421242770632 -0.1562810091509370 -0.0017365500832563
-0.4119994349286962 -0.2146330042388775 0.2992647362810960
0.3456307282078627 0.4068796728662812 -0.0003366137477714
-0.4730446134124169 -0.1342647951458264 -0.3284671669851266
-0.4104367769104985 -0.3233081402637092 -0.0119126779683506
0.2907872648915106 0.4428277437749152 0.1308937237621683
-0.1410207411594885 0.1828287103246174 -0.2853239482837222
0.3548753161437214 -0.2085669674445296 0.4515457708078312
-0.4659051119461516 0.3213770124050956 -0.4620866476749301
0.0321039812034343 -0.4805498713718644 0.1241145136307249
0.3459347979442571 0.1866494748231197 0.3035288752901177
-0.4507816485808505 0.2265477650788141 0.1752957304947914
-0.4596109103307611 -0.3595114171660694 0.3499228451979714
0.3135107336362242 0.2464590451899905 0.4055842553691020
0.4726335288116005 -0.1330060986487966 -0.4594139546027483
-0.3102775779807705 -0.1259565598925046 0.2848959618962405
-0.2058023673716302 0.0110078001227121 0.1059049099522132
0.2892212059504657 0.4021293106974549 0.4317681468304622
0.2756271105592684 -0.0728356042211301 -0.4274991206494717
-0.0077922724334367 0.4411906392982458 0.0831412470013697
0.2020201271097066 0.4271533655004927 -0.4030022561560614
-0.4187857076105356 0.1710150072726561 -0.3981470766879252
-0.3698440329378456 -0.2878617382908544 -0.2492996901134749
-0.1792061648176659 -0.0184393021478269 0.3633932022358656
0.2763988643866404 0.2664232497471657 0.3249873471951127
0.1640951745627512 0.2146485316198884 -0.2340852358656175
0.3281375641782127 0.4667826214777798 -0.2300254161032484
-0.1113730975423433 -0.3422461254268163 0.0623868635384132
-0.1896621710826943 0.0080012266128059 0.2340622445540267
-0.4281170594951934 0.3485786341274259 0.2287869581068143
-0.0827138106041051 -0.1461488621366809 -0.2642396222430855
-0.1367247262597098 -0.4151750180302113 0.0684986573501224
0.1797444418464647 0.2886385990094131 0.4779044856931351
0.4129986521241888 0.0876018864110805 -0.0082103048321539
0.0501314646158319 -0.1787660950620329 -0.1457323143610027
-0.0952426990478866 0.4082325873688032 0.2324448992895030
-0.4738838621502313 -0.1438961589764777 0.1013005699687833
0.2925479318405294 0.1884581702225217 0.0876658665205937
-0.1534576937108655 -0.3281157621019653 -0.4471726967814729
0.3217226733786965 0.1035749422393634 0.2929664015953455
-0.2731766963302031 0.4371991127879221 0.1876746029200885
-0.3734290287737579 0.3773572092912118 -0.2552757489612502
0.3184748344102147 -0.1484152634857392 0.4788714366700596
0.2381576685837372 -0.2554997329271065 -0.1835117849564406
0.0024358630573262 -0.2475009943911754 -0.3156424257631008
0.2106635454145243 -0.4851302068422409 0.3708347123229594
-0.3239242078115309 0.2323669778033364 -0.0373452985602311
-0.2082123835222807 0.4334239965325876 -0.3323982668954382
0.2209893432682362 0.0337860952227100 -0.4563274556869935
0.2237885125913698 -0.3923017940774761 -0.1329665819555071
0.4154962167156214 0.1870347002865580 0.4804985045280667
-0.1130391577449584 0.1528447832307299 0.0527800831951101
0.1460472008355625 -0.0139405676669033 -0.1978326822214901
0.1458250831307525 0.0900364182394200 0.2105006672546021
0.0636404147320331 0.2569847888365921 -0.2207938333641385
0.3272734990377104 0.3866833648079850 -0.4318266226919344
-0.3016581946989187 0.2355045019682415 -0.1049188428030515
0.4654624529939133 0.3710170444832197 -0.0515599797269063
0.0451469259378886 0.2310015304330695 0.0435788881678046
-0.0886554610318721 0.0161063884315831 -0.4728955340740199
-0.2245936261653329 0.0140924472893191 -0.1358676812767988
-0.0022009991471126 -0.2301330605547380 0.0647325938794816
-0.1987472214468399 -0.0906196108820328 -0.3070561453006166
-0.2677804468516182 -0.0777670755230782 0.5000000000000000
-0.2328310460135912 -0.0147993306763566 0.5000000000000000
-0.2911452682214088 -0.1765380509648541 0.5000000000000000
-0.2654079661601326 -0.0628128008955148 0.5000000000000000
-0.2258983343585770 -0.1095573970813576 0.5000000000000000
-0.1905633191148299 -0.0737806546011123 0.5000000000000000
0.5000000000000000 0.1962793348832991 -0.3177134676985761
0.5000000000000000 0.2931298450782667 -0.2938818215984824
0.5000000000000000 0.3429693429452286 -0.2715016123134356
0.5000000000000000 0.3588727571827052 -0.0639250522052756
-0.2229721188563977 -0.2145148993728982 0.5000000000000000
-0.5000000000000000 -0.2980742374948433 0.1797891071522182
-0.5000000000000000 -0.3351011610980678 -0.0664709117426879
-0.1542254298673001 -0.2990408242330965 0.5000000000000000
-0.5000000000000000 -0.2370875817948239 0.0287762222675389
-0.5000000000000000 -0.1098365669447585 -0.1304514245214717
-0.5000000000000000 0.0174077042341511 -0.1440180962565664
-0.5000000000000000 -0.0238637426753471 -0.0393772501164487
-0.5000000000000000 0.0213643808487711 -0.0457977894539199
-0.2384771138441665 0.0675997809624589 -0.5000000000000000
-0.2202444001257549 0.0111684596613976 -0.5000000000000000
-0.2255598650279025 -0.0769465466269350 -0.5000000000000000
-0.1150954746599759 -0.0407045219204909 -0.5000000000000000
-0.2376183233161543 -0.0475768195432627 -0.5000000000000000
-0.1193137279263216 -0.0091207581530636 -0.5000000000000000
0.4974307526635938 0.0442406957911331 0.5000000000000000
0.4263446499551345 -0.0303284822016802 0.5000000000000000
0.4115118699538914 -0.1129795727891142 0.5000000000000000
0.3179480671027538 0.0088219172596520 0.5000000000000000
0.3380357459289637 -0.1401462479204513 0.5000000000000000
0.5000000000000000 0.3080119558384833 -0.3116500493111648
0.5000000000000000 0.3585760926892002 -0.2897548108252700
-0.2844565067675688 0.4831215720908441 0.5000000000000000
-0.2679321405562218 0.4273937338009490 0.5000000000000000
-0.4416409169431695 0.5000000000000000 0.2632351782742573
0.2756260428372355 -0.1829639403500893 -0.5000000000000000
0.5000000000000000 -0.1902642637079466 -0.2224448519195956
0.5000000000000000 -0.2336458671713582 -0.2332661455875861
0.5000000000000000 -0.2027840150277415 -0.3589856403716272
0.3175438250628653 -0.1147189714810449 -0.5000000000000000
0.5000000000000000 -0.1126424703516720 -0.2961450114569636
0.5000000000000000 -0.1347022754159138 -0.1920297998050522
-0.5000000000000000 -0.2288992992515155 0.3892954933592582
-0.4318185329230927 -0.1506917921542756 0.5000000000000000
-0.5000000000000000 -0.2638506496499561 0.4005575073304113
-0.3986609681782940 -0.2568358060629372 0.5000000000000000
-0.5000000000000000 -0.2749662693953489 0.3937110928756982
-0.5000000000000000 -0.2753179338652473 0.4125238979629036
-0.4319689991054503 -0.2496814289973828 0.5000000000000000
-0.4336306843919643 -0.2889075974095048 0.5000000000000000
-0.5000000000000000 -0.3252786240060949 -0.3607133590468719
-0.5000000000000000 -0.3898986070481726 -0.3448596108922716
-0.5000000000000000 -0.3589881248073082 -0.4829787470725965
-0.5000000000000000 -0.2969093647793747 -0.3463179537558327
0.2049158085194512 -0.5000000000000000 -0.0931194579492765
0.0468713274825395 -0.5000000000000000 -0.3169403505300358
0.3551668474938994 -0.5000000000000000 -0.0610944963166572
0.1269704837525326 -0.5000000000000000 -0.2232337021304109
0.5000000000000000 -0.0556172923898142 0.2037061044565375
0.5000000000000000 0.0639552994937656 0.0982998001610403
0.5000000000000000 -0.1083268443857181 0.1129785300316758
0.5000000000000000 -0.0614039737838351 -0.0004461348883437
0.5000000000000000 0.0236219659180390 0.2313816531358218
0.5000000000000000 -0.0401427511896637 0.2702417785466767
0.5000000000000000 0.0635012743424537 0.1133627926499631
0.5000000000000000 -0.0793226417177729 0.2123786653421691
0.5000000000000000 0.1250577138336035 0.2911056964332136
0.5000000000000000 0.0304685938248762 0.3132119225725659
0.5000000000000000 -0.0660490910665424 0.3313137038245258
0.3807763012249254 -0.2882711770661874 -0.5000000000000000
0.4366612244811653 -0.1754947822863800 -0.5000000000000000
0.0046709416330946 -0.4952835668549586 0.4999999999999999
0.5000000000000000 0.0699700736814031 0.1045670499488493
0.5000000000000000 0.1339288237766417 0.2908783037397494
-0.2091665466601376 -0.2346576815615550 -0.5000000000000000
-0.2456252174948781 -0.2259245088831164 -0.5000000000000000
-0.2159890394068298 -0.2150040888709583 -0.5000000000000000
-0.2201588621455611 -0.2297063224794761 -0.5000000000000000
0.1907667453655696 -0.5000000000000000 -0.3890262158437749
0.2070393256157015 -0.4958979304472681 -0.2805685901121535
0.1536557556915766 -0.5000000000000000 -0.4538212621069562
-0.5000000000000000 0.0592349669639817 -0.3097512557076854
-0.3005997999295077 -0.2022642725680888 0.5000000000000000
-0.2141554286001981 -0.1552060177464753 0.5000000000000000
-0.3995729119726799 0.2970040960325837 0.5000000000000000
-0.2532789830656689 0.3372754616381807 0.5000000000000000
0.4476588008832081 -0.1423798780098074 -0.5000000000000000
-0.4997727458137083 -0.3391878739944517 -0.5000000000000000
-0.5000000000000000 -0.2474696180501834 -0.3926912758681927
-0.5000000000000000 -0.1357532839858262 -0.3742037036519661
0.4513823970659878 0.5000000000000000 -0.3990625963155645
0.3683078835659379 0.4742235179096234 -0.5000000000000000
0.3775251182145136 0.4415142392272516 -0.5000000000000000
0.3342924437053954 0.4895642929866366 -0.5000000000000000
0.4707764718456850 0.5000000000000000 -0.3653874985449388
0.5000000000000000 0.4402680113746333 0.0040031663266673
0.3845660188939802 0.5000000000000000 -0.1004827689832408
0.5000000000000000 0.2391522399316481 0.1022538922552947
-0.2684777292561347 0.1199256071021907 -0.5000000000000000
0.1492722012451701 0.1313130310210056 0.5000000000000000
-0.0139420454130434 -0.0049136058062507 0.5000000000000000
0.2074077000138409 -0.0412933215057938 0.5000000000000000
0.1360955325967382 -0.0242178185964206 0.5000000000000000
0.0741334080358442 0.2305933487527102 0.5000000000000000
0.0370370060879232 0.2960548108568781 0.5000000000000000
0.0075990210469248 0.0880877107013304 0.5000000000000000
0.1674280269900765 0.1407859129706713 0.5000000000000000
0.0706772595155287 0.0982671154121470 0.5000000000000000
0.1904194777959881 0.1123555582122903 0.5000000000000000
0.5000000000000000 -0.1600490488632426 0.0972819867438266
0.5000000000000000 -0.1616202527967504 0.0703175939193625
0.5000000000000000 -0.1622608793949104 0.0422776427923050
0.5000000000000000 -0.1494194342203787 0.0519086723243686
0.5000000000000000 -0.2250220048761662 0.1194134282049515
0.5000000000000000 0.4579397294865497 0.0221393958700650
0.5000000000000000 0.4733356267808274 -0.0310970278477473
0.5000000000000000 0.4123615647259347 -0.0193166855965462
0.3077841028843112 0.3084117397169965 -0.5000000000000000
0.2096195069605591 0.4040353294184034 -0.5000000000000000
0.2826102483532162 0.3840955284631593 -0.5000000000000000
-0.4144759294149424 0.3369388168562909 -0.5000000000000000
-0.3211652446889949 0.2332787006269244 -0.5000000000000000
0.1809046145393756 0.4894998205258104 0.0546350420080938
0.2497927171842333 0.5000000000000000 0.2800314368248324
0.5000000000000000 0.1849219419841001 0.1481334257638315
0.5000000000000000 0.2003589099083107 0.1202136848107861
0.5000000000000000 0.0776948805046382 0.1060093077919225
0.5000000000000000 0.1376894298709073 0.2819546144706367
-0.2735180179656335 -0.3259322117458700 -0.5000000000000000
-0.1860863874469064 -0.3279584814008052 -0.5000000000000000
-0.5000000000000000 -0.3890588738604996 -0.3256997227715036
-0.5000000000000000 -0.4183817964372119 -0.2044713075935451
-0.3486854099549102 -0.5000000000000000 0.3817743985273714
-0.3747553372461333 -0.5000000000000000 0.4256210141237641
-0.3613280436175310 -0.5000000000000000 0.3959919706871295
0.5000000000000000 -0.3176387678200238 -0.0147107623922325
0.5000000000000000 -0.4710043817797052 -0.0609548672178277
0.1341882216653369 0.5000000000000000 0.0283882650374938
0.2172753637484280 0.5000000000000000 0.0947983736145843
0.2727232997964428 0.5000000000000000 0.2020450301831387
0.1816727856318882 0.5000000000000000 0.0281882445647402
0.1649657299525055 0.5000000000000000 0.0279381168876689
-0.1232714286728506 0.4922283369560424 -0.5000000000000000
0.1350617848112233 0.5000000000000000 0.0103235093048166
0.1733595302851134 0.5000000000000000 0.0760879822035722
0.1051511311125291 0.5000000000000000 -0.0518377307432678
-0.5000000000000000 -0.3697179189312507 -0.4975878248929843
0.0832115070365149 -0.4859352950172148 -0.5000000000000000
0.0508365859385645 -0.4985239488683623 -0.5000000000000000
-0.0097670424351058 -0.4897614141014554 -0.5000000000000000
0.1085340011573520 -0.4686592364041153 -0.5000000000000000
0.5000000000000000 -0.2152442994492175 0.3897903907507094
-0.5000000000000000 0.2867494373621535 0.4408307219081133
-0.5000000000000000 -0.4457736664218167 -0.4941187281649636
-0.5000000000000000 -0.4030558874887397 -0.3701004650958408
-0.5000000000000000 -0.3787029352584532 -0.4856959203513720
-0.3118833744578392 0.4461597025642697 -0.5000000000000000
-0.5000000000000000 0.0269959509526719 0.2143140015685744
-0.5000000000000000 0.0138707577578972 0.2432344549982753
-0.5000000000000000 0.1255086648847769 0.1866637528162590
-0.5000000000000000 0.0696334157124907 0.2223963124691200
-0.5000000000000000 0.0618510807776275 0.2327329870742416
-0.5000000000000000 0.0231394089388810 0.2402915540251639
-0.5000000000000000 -0.0827278726003893 0.1294331626034107
-0.5000000000000000 0.0187165055567531 -0.4912122583194959
-0.3945335520989334 0.0981701444567497 -0.5000000000000000
-0.3468190450400065 -0.0490547543083164 -0.5000000000000000
0.5000000000000000 -0.4805899331166781 0.2524124236286160
0.5000000000000000 -0.3607096429349896 0.1720956902971118
0.4902047113175466 -0.2713369057818413 0.5000000000000000
0.2758414930736502 -0.5000000000000000 0.2270905626253174
0.5000000000000000 -0.3682040691879124 0.3343777105408601
0.5000000000000000 -0.4639139371353902 0.2450060344018543
0.5000000000000000 -0.3927175728183300 0.2971542290189211
0.2050305255131207 -0.5000000000000000 0.1833320132767704
0.3116521583538464 -0.5000000000000000 0.1238248991883714
0.5000000000000000 -0.4757516296115713 0.1319560935224425
0.5000000000000000 -0.4746755212405362 0.3174323880242720
0.5000000000000000 -0.4398229453743202 0.3093034041918871
0.3787755042439342 -0.5000000000000000 0.2977687651961101
0.5000000000000000 -0.4008696333237371 0.4381318072385423
0.0872672785497439 -0.5000000000000000 -0.0596769224492379
-0.2667846158840581 0.1619456194566100 -0.5000000000000000
-0.3341772516944569 0.1298781834745835 -0.5000000000000000
-0.1643149165606415 0.1656609763717114 -0.5000000000000000
-0.1409625424042980 0.0410016483268920 -0.5000000000000000
0.0267106608469545 -0.5000000000000000 0.1289032330223179
-0.1561515499836305 -0.4166475770267543 -0.5000000000000000
-0.0623635595793752 -0.3818669817137955 -0.5000000000000000
-0.0860475193075810 -0.4190160060492671 -0.5000000000000000
-0.0053723906337797 -0.5000000000000000 -0.1642082423455633
-0.1453419260276980 -0.4639909577431617 -0.5000000000000000
0.0790910207708850 -0.3741351807968267 -0.5000000000000000
0.2537478223389870 -0.5000000000000000 -0.3454007678619018
0.2924710374670243 -0.4489148222157993 -0.5000000000000000
0.2337993485633398 -0.5000000000000000 -0.4240605363375622
0.1988155695781069 -0.5000000000000000 -0.4465728855572910
0.4830368822774384 -0.5000000000000000 -0.1990983173567156
0.1100872928294038 -0.3822757794767064 -0.5000000000000000
-0.2396890032480226 0.0719358581474454 0.5000000000000000
-0.3989779940315941 0.2836339054166547 0.5000000000000000
-0.2725166736226423 0.1968271941919684 0.5000000000000000
-0.2867880568445477 0.1702494036140206 0.5000000000000000
-0.2976402933047994 0.1542995885138440 0.5000000000000000
-0.4609424678242794 -0.5000000000000000 -0.1885662474357254
-0.1581665139456627 -0.5000000000000000 -0.3021368679136679
-0.0303589966864707 -0.5000000000000000 -0.1632345355753546
0.3307272821086484 0.4089503210429647 0.5000000000000000
-0.5000000000000000 -0.0837173089041765 0.3112154157310590
-0.5000000000000000 -0.1427428877735898 0.3305351598824455
-0.5000000000000000 -0.2018329841139088 0.3759070148657231
-0.5000000000000000 -0.1594137203759037 0.2860466757026336
-0.5000000000000000 -0.1364837920438567 0.1504520299103594
0.0519774752415545 0.3873054075101188 -0.5000000000000000
0.5000000000000000 -0.3059130378269769 0.0182347592307834
0.5000000000000000 -0.2533559330632069 0.2693058056559017
0.4974239564979486 0.0703988142541548 0.4598346225074109
0.5000000000000000 0.1077217954976142 -0.1957558803088437
0.5000000000000000 0.1551124560202393 -0.3623468807407139
0.3058565453135630 0.1384906541439309 -0.5000000000000000
0.5000000000000000 0.1497868306992635 -0.2968006451447261
0.3718876406061319 0.1068221228750300 -0.5000000000000000
0.5000000000000000 0.0957838375934276 -0.3843197874420243
0.3997481697362655 0.1750864938465560 -0.5000000000000000
0.3278585789032952 0.1965303693091892 -0.5000000000000000
0.5000000000000000 0.0929179722677620 -0.3218873007535799
0.3834615116699494 -0.5000000000000000 -0.0328734016073823
0.5000000000000000 0.3710672948680864 -0.0083131759578923
0.5000000000000000 0.0647330116191775 0.4867423009989441
0.5000000000000000 0.0937123755426054 0.4029116910817163
0.5000000000000000 0.0407211557571792 0.4934478128787905
-0.2888574420162464 -0.5000000000000000 -0.3332355869700808
-0.2978894205952144 -0.5000000000000000 -0.2311177174206590
-0.5000000000000000 -0.4923609048716535 -0.4556140652387260
-0.4504329881683000 -0.5000000000000000 -0.4921654910709781
-0.3449224467345576 -0.4726536538611075 -0.5000000000000000
-0.2493323151138885 0.2097922764012033 -0.5000000000000000
-0.1951977314282267 0.2876598569420999 -0.5000000000000000
-0.1933238872696338 0.2988768167047186 -0.5000000000000000
-0.2083216397316325 0.3039205440674749 -0.5000000000000000
-0.2745739945056195 0.2556797754743591 -0.5000000000000000
-0.2223170125249706 0.2819288050022652 -0.5000000000000000
-0.1993293132106559 0.3205273371767233 -0.5000000000000000
-0.2432008051602802 0.5000000000000000 0.2505787027478281
-0.3069015246210528 0.5000000000000000 0.1429823380735237
-0.2889231277336488 0.5000000000000000 -0.1293143102540512
-0.0104834439230056 0.4088327332246543 0.5000000000000000
-0.0418077293432589 0.4704516895620189 0.5000000000000000
0.4961577228717684 -0.1859385353404606 0.5000000000000000
0.4542766771524512 -0.1579071756970160 0.5000000000000000
-0.2044891543735221 0.5000000000000000 0.2941553235289343
0.5000000000000000 0.1326242810473559 0.2963663199807069
0.5000000000000000 -0.0711546281714067 0.4047703678715571
0.4433559683383296 -0.0533366735886002 0.5000000000000000
-0.4006712133274434 0.3966583564471543 -0.5000000000000000
-0.4401544862903959 0.3947775570873326 -0.5000000000000000
-0.4398506494290347 0.2620907359682945 -0.5000000000000000
-0.4767614448715731 0.3402067402651405 -0.5000000000000000
-0.4705199985811064 0.3699895188059687 -0.5000000000000000
0.3143241493968646 -0.4872277285043830 0.5000000000000000
0.3121430735028428 0.0374045477415751 0.5000000000000000
0.4219826161213742 0.0591368801757333 0.5000000000000000
-0.4847709007721075 -0.5000000000000000 0.0405121100318003
-0.5000000000000000 -0.4335599075138915 0.1853563225421965
-0.5000000000000000 -0.3757558474817019 0.1926869885250731
-0.5000000000000000 -0.4314680989951806 0.0630844668740112
-0.2210307920596559 -0.3969225758680111 0.5000000000000000
-0.5000000000000000 -0.3424061589387150 -0.0643584498843024
-0.2834323091552235 -0.5000000000000000 0.3872792355379719
-0.1571688865037685 -0.3157694694299569 0.5000000000000000
-0.1827700333652703 -0.4592034279206495 0.5000000000000000
-0.5000000000000000 0.0294229712331319 0.1281060123313366
-0.5000000000000000 -0.0165905393960048 0.1108070981802049
-0.5000000000000000 0.0252051517837489 -0.0036964768781974
0.3146640146053659 0.2811900222447844 -0.5000000000000000
0.5000000000000000 0.3737548225975659 0.4117176371666199
0.4393910847935086 0.5000000000000000 0.4735489733227748
0.1675164586387698 0.5000000000000000 0.1828326103475557
0.5000000000000000 0.3648045603798531 -0.0135444004202268
0.2059192702112261 -0.1025504095016894 0.5000000000000000
0.5000000000000000 0.1981825596691617 0.3212127432744607
0.5000000000000000 0.2115164694603612 0.1882966888919896
0.4256847938887014 0.0418273082866713 -0.5000000000000000
0.4016526709611402 -0.0091710176433627 -0.5000000000000000
0.5000000000000000 -0.0114897392113832 -0.3300270570401632
0.3939726815947402 0.0572355202778880 -0.5000000000000000
0.5000000000000000 0.0711329466827927 -0.3354068470829012
0.5000000000000000 0.0535741237103885 -0.3448764068857100
-0.4139022661620424 -0.1001304025385170 0.5000000000000000
-0.3798413702727723 -0.1528794005415018 0.5000000000000000
-0.4284715165016680 -0.1504255088275697 0.5000000000000000
-0.2665890022563649 0.1747233963062167 -0.5000000000000000
-0.2798052996443133 0.1693565144011667 -0.5000000000000000
-0.2472151064851394 0.1764802033600552 -0.5000000000000000
-0.2577837533897502 0.1834437487027188 -0.5000000000000000
-0.2221495585305075 0.1302306754084133 -0.5000000000000000
0.5000000000000000 0.1002481698465147 -0.1475936899045641
0.5000000000000000 0.2022683899968604 0.0869778941989982
0.5000000000000000 0.0492578886056767 -0.1626778008337064
0.1177736683124455 0.1702909994210851 -0.5000000000000000
0.2842412397577664 0.2023638065393038 -0.5000000000000000
0.1820809489491414 0.2266807015075425 -0.5000000000000000
-0.3132608777908540 -0.0534417642329980 0.5000000000000000
-0.3129362149190618 -0.0680858838919563 0.5000000000000000
-0.3490233105313492 -0.0615597715718842 0.5000000000000000
-0.3693257497649539 0.0310808053704414 0.5000000000000000
-0.3500336146317858 -0.0156449026989246 0.5000000000000000
0.1788504539923987 0.5000000000000000 -0.3269254867913642
0.3737827277449219 0.5000000000000000 -0.1092757523166411
0.2406282719426068 0.5000000000000000 -0.1668768107994090
-0.1219172828998868 0.4919339996432754 -0.5000000000000000
-0.0791657264778405 -0.5000000000000000 0.2628056546891145
0.1320314962404329 -0.5000000000000000 0.2959610392400708
0.0744780911206476 -0.5000000000000000 0.1941642137863054
0.1929521886983046 -0.5000000000000000 0.3756609217758851
0.1838908974223087 -0.5000000000000000 0.3435849119325924
0.5000000000000000 0.1144478161454288 -0.1361121495641390
0.1264306639910151 0.3033437566618523 -0.5000000000000000
0.5000000000000000 0.2154140337257535 0.1002431297731882
0.0742952803021857 0.2296917250421039 -0.5000000000000000
0.2781113969955541 0.2316054854565667 -0.5000000000000000
0.1614763692652123 0.2714917988794161 -0.5000000000000000
-0.5000000000000000 -0.1285231461822341 -0.1679006895071282
-0.5000000000000000 -0.1385683911648270 -0.1527800827854821
-0.5000000000000000 -0.1416235888012493 -0.1443710975422678
-0.5000000000000000 -0.1341389928172733 -0.1378892965442981
-0.5000000000000000 -0.1317771368428493 -0.2253121034778625
-0.5000000000000000 -0.1355486155851823 -0.0596125023317284
-0.3582733671970012 0.5000000000000000 -0.4936744709281255
-0.3113038557738211 0.5000000000000000 -0.3794054557197726
-0.4376500003516228 0.2410697039281949 -0.5000000000000000
-0.4880799087476502 0.3266572713323494 -0.5000000000000000
-0.0396859624780184 0.2697788207829324 0.5000000000000000
-0.1646557303040145 0.2680598052730628 0.5000000000000000
-0.0688330651569000 0.3229951985699754 0.5000000000000000
0.5000000000000000 0.4559793983538560 0.1275656053431115
0.0374643084869887 -0.2066038498097625 -0.5000000000000000
-0.0424851061033203 -0.0787308964569219 -0.5000000000000000
0.5000000000000000 0.0467802114729403 -0.1178143126529441
0.5000000000000000 0.0775941000673493 -0.2147777075678882
0.5000000000000000 0.0955993825893107 -0.1324175958590199
0.5000000000000000 0.1291313960702989 -0.1738774572090558
0.5000000000000000 0.0958967716046949 -0.0879326524919008
0.5000000000000000 0.2287760975821830 -0.0856776658424169
-0.5000000000000000 0.2923408740553350 -0.1078166232831763
-0.5000000000000000 0.3130520134825847 -0.4597119327290471
-0.5000000000000000 0.2060149220142348 -0.4152607580550373
-0.5000000000000000 0.2544532508869066 -0.2537831670671937
-0.5000000000000000 0.2570878203626087 -0.2959610773011950
-0.3192426370012515 0.4372073552003226 -0.5000000000000000
-0.5000000000000000 0.0811758396910641 -0.4875641855201829
-0.5000000000000000 0.1154533160557293 -0.4619856615178185
-0.4603627204930355 0.2337104272829393 -0.5000000000000000
-0.5000000000000000 0.3062121680827585 -0.4840310040489066
-0.5000000000000000 0.1923461445180783 -0.4616909387550471
-0.5000000000000000 0.2350171293807363 -0.3713861311889335
-0.3053180172828368 -0.0441613996817879 0.5000000000000000
-0.3718529114212687 0.4571568118006888 -0.5000000000000000
-0.4230082177529671 0.4945373313666017 -0.5000000000000000
-0.5000000000000000 -0.4987021401269502 -0.1232374024613941
-0.4569252547889880 -0.5000000000000000 -0.0053724322159196
-0.2052341152244530 -0.4918898994800989 -0.2892305495405397
-0.2174751061562957 0.0638600996490352 0.5000000000000000
-0.2107705386171026 0.0407130008430625 0.5000000000000000
-0.2257661224371425 0.0271938715708172 0.5000000000000000
-0.2137180589670824 0.0406822895997273 0.5000000000000000
-0.2779478638055238 0.0541739200402497 0.5000000000000000
-0.2603471143643548 0.0343900426464700 0.5000000000000000
-0.2299079449427183 0.0272192705777912 0.5000000000000000
-0.2047113036735770 0.0029035996163637 0.5000000000000000
-0.2171447680101349 -0.5000000000000000 -0.2640941383541116
-0.2017392592614715 -0.5000000000000000 -0.2683687186852577
-0.2920331789757895 -0.5000000000000000 -0.3617328000901031
-0.3277806342921232 -0.4886030412287615 -0.5000000000000000
-0.1465452553452915 -0.5000000000000000 -0.2427855693015764
-0.5000000000000000 0.4256961090595946 0.0746854100132712
-0.5000000000000000 0.3834093984438234 -0.0151060110246340
-0.5000000000000000 0.3988197234746962 0.0635738882943004
-0.5000000000000000 0.4424531442813450 -0.0244454308650075
-0.2151308346742306 0.5000000000000000 -0.1449345683645593
-0.0836041500369731 0.5000000000000000 -0.1392482626658338
-0.2171969773780983 0.5000000000000000 -0.2535877405129775
-0.1145912342482995 0.5000000000000000 -0.0946472927201567
-0.0297362781156268 0.5000000000000000 -0.0686230729734121
-0.0476807779239695 0.5000000000000000 -0.0097228213640569
-0.1374422613944491 0.5000000000000000 -0.1964147464174442
0.5000000000000000 -0.3254449169856853 -0.1620784972230765
-0.4905080020253128 0.0211116113442267 -0.4280688688394555
-0.5000000000000000 -0.1241769404324967 -0.3574390370831785
0.5000000000000000 -0.2043507134077177 -0.0827092626087888
0.5000000000000000 -0.2222612920779274 -0.0981070159229122
0.5000000000000000 -0.1397202521199204 -0.2146583674386843
0.5000000000000000 -0.1863019225581808 -0.0258111902877847
0.5000000000000000 -0.1862470967742414 -0.0563254306327422
0.5000000000000000 -0.1702377996878912 -0.0421980607940926
0.5000000000000000 -0.2349050845601063 0.0970869938242172
0.5000000000000000 -0.1816717560935995 -0.0731997097129222
0.3398051807624697 0.5000000000000000 0.1989174692128922
0.4359257456736204 0.5000000000000000 0.2898363671685763
0.3843817023051074 0.5000000000000000 0.1898881309865906
0.3493121492618150 0.5000000000000000 0.2189254314311642
0.4122922583992756 -0.1683680634195316 0.5000000000000000
0.5000000000000000 -0.0832911989428606 0.3302217735787181
0.5000000000000000 -0.1380304166239077 0.4410798523991442
0.4267261994914495 -0.1257871751314675 0.5000000000000000
-0.5000000000000000 -0.2637536227651756 -0.2806543310260913
-0.5000000000000000 -0.3362484431289574 -0.1035384877863959
0.5000000000000000 -0.3454857927749986 0.1162364905422895
0.5000000000000000 -0.3459585743426986 0.1862535557444952
0.5000000000000000 -0.3560186481837599 0.1679239496827580
0.5000000000000000 -0.3562863146087983 0.1632874463608568
0.5000000000000000 -0.3633077349110933 0.1617611196653126
0.5000000000000000 -0.3550655985861917 0.1636279241842843
0.5000000000000000 -0.3579727004733024 0.1650500525072926
0.4825432502189108 -0.2710474845244534 0.5000000000000000
0.4892266920843328 -0.2626110097168509 0.5000000000000000
0.4664293964885250 -0.2547174915353948 0.5000000000000000
-0.3757088913149046 0.5000000000000000 -0.2194917225475259
-0.0148220501248087 -0.0058074328903428 0.5000000000000000
0.1644431351075574 -0.0958046415438304 0.5000000000000000
0.0854414266895059 -0.0835485505545452 0.5000000000000000
-0.0487076746943264 0.2023295563281644 -0.5000000000000000
-0.1338398364820695 0.2595980614397978 -0.5000000000000000
-0.0992313351711628 0.0310955786876719 -0.5000000000000000
-0.2416201976099180 0.5000000000000000 -0.1464999835118325
-0.3572550009421739 0.5000000000000000 -0.1122467911630855
-0.3722349812547937 0.5000000000000000 -0.3291052912592545
-0.5000000000000000 0.3875728923973463 -0.3332214330021714
-0.5000000000000000 0.4132294860371766 -0.4395380683905301
-0.0784041038459563 0.5000000000000000 0.1129377530132911
0.4862815630177729 -0.3132284348198184 -0.0340588422394841
0.4967641953463300 -0.3215875491593176 -0.1423172710380358
0.5000000000000000 -0.4689121875328123 -0.0773600277774697
0.0563867730289066 0.4474224585038432 -0.5000000000000000
0.1237377136115491 0.5000000000000000 -0.4781534306572867
0.2458245621020582 0.5000000000000000 -0.3233882965703653
-0.3784334399516834 -0.5000000000000000 -0.1645423696524031
-0.5000000000000000 -0.4196208000332039 -0.3598186180915041
-0.5000000000000000 -0.3531753958875458 -0.3104613966268721
-0.5000000000000000 -0.3520271743945558 -0.1433417427822250
-0.5000000000000000 -0.4190786720092846 -0.3279878603108770
-0.4045053559236594 0.3155716986154556 0.5000000000000000
-0.3384853434962239 0.4017852948540511 0.5000000000000000
-0.3078155536479628 0.3719032104529396 0.5000000000000000
-0.5000000000000000 0.2226778344305408 0.0872330413563819
-0.1572717732622706 0.1864724377708050 0.5000000000000000
-0.1867083012528505 0.2421299956970724 0.5000000000000000
-0.5000000000000000 0.1852978754949493 -0.0398466076576577
-0.5000000000000000 0.0479428641767120 -0.0355156220445136
-0.5000000000000000 0.1997123971349363 0.1307112825274015
-0.5000000000000000 0.2170099245244016 0.1087730898587012
-0.5000000000000000 0.2466088567694876 0.0700637482630322
-0.5000000000000000 0.2267648185509979 0.1086798028935453
-0.5000000000000000 0.2633383006972183 0.1155120829353024
-0.5000000000000000 0.1810731041281458 -0.1210513915898724
0.4531605619080318 -0.5000000000000000 -0.1341405369637360
0.5000000000000000 0.2238984123130203 0.4516557929167089
0.4970321025369706 0.3623305857174095 0.5000000000000000
0.4978025683052604 0.3720768529543685 0.2500536798813814
0.5000000000000000 0.2935012972505573 0.4589693142452851
0.5000000000000000 0.3053229579410722 0.3593621335462420
0.5000000000000000 0.4002742347041413 0.3741236277050192
0.4555273504845708 0.3852567479626172 0.5000000000000000
-0.5000000000000000 -0.4709710787344183 0.3292019401359015
-0.4169246278709831 -0.5000000000000000 0.4808496820041381
-0.3078647667840456 0.2164261883115899 -0.5000000000000000
-0.2729299243318479 0.1932210098318596 -0.5000000000000000
-0.5000000000000000 -0.0261781690661433 -0.2854125435902318
0.0904811272968908 -0.1731372224352478 -0.5000000000000000
-0.0155719964642565 -0.2126199376776589 -0.5000000000000000
0.0671255779813698 -0.2452464312553252 -0.5000000000000000
0.0309293923934257 -0.2575853061787173 -0.5000000000000000
0.1083540734554596 -0.3029132662917151 -0.5000000000000000
0.0402205489691722 -0.5000000000000000 -0.3350207411129446
0.5000000000000000 0.0564910382702674 0.0839942547522495
0.5000000000000000 -0.0037764085099453 -0.1178027958872523
0.5000000000000000 -0.0915772029688776 -0.2346389167790435
0.5000000000000000 -0.0722057051100181 -0.0703173711267863
0.5000000000000000 -0.0561775492421647 -0.0524585746067646
0.5000000000000000 -0.0708718659258882 -0.0905584093520629
0.3236350207810824 -0.4325523073259194 -0.5000000000000000
0.3201351309393923 -0.4471859471915610 -0.5000000000000000
0.2710789663423962 -0.4109166592730453 -0.5000000000000000
0.2741925114137558 -0.4455614570383027 -0.5000000000000000
-0.0639164253321119 0.2486882440352520 -0.5000000000000000
0.0316567813506398 0.3791929699185752 -0.5000000000000000
-0.1369119669081106 0.2980246850190557 -0.5000000000000000
0.2282479323036957 0.0734698130229840 -0.5000000000000000
0.5000000000000000 0.0389465887233191 -0.1772007024226869
0.2298012833287591 0.0456957531640980 -0.5000000000000000
0.2707382561202598 0.0522903816016964 -0.5000000000000000
0.2231491407324699 0.0539309312635202 -0.5000000000000000
0.5000000000000000 0.0669343746416574 -0.2231642002306218
-0.5000000000000000 0.0297769236775363 -0.4505801247982067
-0.4941068864675526 -0.0099841359865298 -0.5000000000000000
0.2186206675086732 -0.5000000000000000 0.2813229184372223
0.2078377374728043 -0.5000000000000000 0.3857721636516841
0.2036869329694808 -0.5000000000000000 0.3503881583151593
-0.5000000000000000 -0.4564552235723489 0.4435005289358896
-0.5000000000000000 -0.4810264923095460 0.3686220285147609
-0.4263095372687892 0.1303142900895631 -0.5000000000000000
-0.4388786302278798 0.2272319349778935 -0.5000000000000000
-0.4867041667264049 0.1589476838211493 -0.5000000000000000
-0.0474122999326280 0.2064939137562565 0.5000000000000000
-0.2050334025262051 0.1815310284970116 0.5000000000000000
-0.2280111194684817 0.1547658999786852 0.5000000000000000
-0.1631934829271064 0.0977157156588280 0.5000000000000000
-0.0412794984883759 0.0698778156233421 0.5000000000000000
-0.3117626994352422 -0.1749037910899887 0.5000000000000000
0.0574764015673017 0.5000000000000000 0.3157596029122207
-0.1568811838850808 0.5000000000000000 0.2979025222448220
-0.1894096519355802 0.5000000000000000 0.1016380319348376
0.1261163178481534 0.5000000000000000 0.3660497270681793
0.0187375861280194 0.5000000000000000 0.3100427034069564
-0.1745124513391098 0.0442179302782098 0.5000000000000000
-0.0775401058884053 0.0455306263614823 0.5000000000000000
-0.1516920697281474 0.0192231565346900 0.5000000000000000
-0.3635131848139259 -0.2764511059118849 0.5000000000000000
-0.5000000000000000 -0.3111130990136579 0.3436621750346205
-0.5000000000000000 -0.3078910881321036 0.3731217449329928
-0.4073399911840095 -0.3272903352969991 0.5000000000000000
-0.0154197283757897 -0.0071962781827552 0.5000000000000000
-0.0505815396532100 -0.0585167849500153 0.5000000000000000
-0.0153720542795456 -0.0531743661546839 0.5000000000000000
-0.0481701810740748 -0.0525235207757392 0.5000000000000000
0.0005523252152156 -0.0504130151549706 0.5000000000000000
-0.0256300826310327 -0.0521608703436414 0.5000000000000000
-0.5000000000000000 -0.4864378140547400 0.2707759762568653
-0.5000000000000000 -0.3826575023105039 0.2948734310725507
0.2946367709488154 -0.2572133220816483 -0.5000000000000000
0.2344036408583722 -0.2491754071000493 -0.5000000000000000
0.2112920348775220 -0.2967201386874140 -0.5000000000000000
0.2735652066767391 -0.1823955432169732 -0.5000000000000000
0.4097154725181908 -0.1596960618611625 -0.5000000000000000
0.2577470302879314 -0.1355378877911685 -0.5000000000000000
0.0569963012436166 -0.1116094416868201 -0.5000000000000000
0.1370098684151996 -0.1527507699347373 -0.5000000000000000
-0.0069674599434573 -0.0688181587529478 -0.5000000000000000
0.1028767571541637 -0.3819677372379248 -0.5000000000000000
-0.3922871439979619 -0.0827995228005876 -0.5000000000000000
-0.4902321084343412 -0.1146160353713922 -0.5000000000000000
-0.3542518309505194 -0.0915833626939847 -0.5000000000000000
-0.3728092056167283 -0.5000000000000000 -0.1062640046809736
-0.5000000000000000 -0.4673261424189949 -0.3110913777070965
-0.5000000000000000 -0.4406299859778855 -0.1451594659615894
-0.5000000000000000 -0.3489561840318300 -0.0918225992405179
-0.5000000000000000 -0.4693330993743506 -0.2447514147693519
-0.4349777925281410 -0.5000000000000000 -0.1198740807335640
0.5000000000000000 0.2008341883380120 0.4629249794160257
0.5000000000000000 0.1804560326102244 0.4991633359831682
0.3630113953633529 0.0882739935455291 0.5000000000000000
0.4689853908841012 0.1306850524879100 0.5000000000000000
0.4347252605118131 0.1816226291219216 0.5000000000000000
0.5000000000000000 -0.2997616051963233 -0.0249654904159857
0.5000000000000000 -0.2750466402890775 0.0690492753428268
0.5000000000000000 -0.4273289058683211 0.0764475063803975
0.5000000000000000 0.1461244626150653 0.3214868881708546
0.5000000000000000 0.2088838783083994 0.4968326242986954
0.5000000000000000 0.1682578309912235 0.4377904323421333
0.0053718406280774 0.0633841554824794 0.5000000000000000
-0.0475695604446173 -0.1622657011996273 -0.5000000000000000
-0.0620624127862750 -0.1023309528529559 -0.5000000000000000
-0.0141205144774460 -0.2649074707309637 -0.5000000000000000
-0.4139788726919574 -0.2091273856115973 -0.5000000000000000
0.1046139536585696 -0.5000000000000000 0.2402008993234210
0.3188506237830070 0.4634783990510706 0.5000000000000000
0.1312093970199290 0.2400819571347496 0.5000000000000000
0.1344888223647189 0.1671397227849191 0.4904494395840112
0.1841918580140314 0.2772002541906123 0.5000000000000000
0.2342428435495386 0.3392562463249859 0.5000000000000000
0.2611121170294934 0.1801490071269637 0.5000000000000000
0.2396330068245010 0.2756454281909280 0.5000000000000000
0.2405728383345386 0.3424519159480108 0.5000000000000000
0.2637227836153990 0.2998048091202803 0.5000000000000000
0.3353374558727138 0.3589629826016781 0.5000000000000000
-0.5000000000000000 0.2254982523414440 0.2320643146640656
-0.5000000000000000 0.1751336213524067 0.1194191290679071
-0.5000000000000000 0.1599835908199430 0.1454928011526594
-0.5000000000000000 0.1718946928344935 0.1561535643325591
-0.5000000000000000 0.1702893647515027 0.1704403010608983
-0.5000000000000000 0.0951042177749589 0.0491134524552751
-0.5000000000000000 -0.2098490695002042 -0.2002774522027126
-0.2374142623662537 0.5000000000000000 -0.2698271854825568
0.3653200191872750 0.5000000000000000 0.0636243762169169
0.4203658682392499 0.5000000000000000 0.0016587130157165
-0.3475490360140328 0.1036549847075148 -0.5000000000000000
-0.1245962755786799 0.0209985647153376 -0.5000000000000000
-0.2926043008140007 -0.5000000000000000 0.0320943642981960
-0.2307089980175716 -0.5000000000000000 -0.0004823785552627
0.3725897912677131 0.5000000000000000 -0.0771870265509263
0.3820350351869754 0.5000000000000000 -0.0962708730127854
0.3755327613787913 0.5000000000000000 -0.1229680927798727
0.3882467317136439 0.5000000000000000 -0.1003625879660255
0.2502690456667538 0.5000000000000000 0.0121914279821339
0.0044436322581866 -0.5000000000000000 0.1044500661306640
-0.1456782318000525 -0.5000000000000000 0.0346581000981111
-0.3088083417152896 0.4313589138899156 -0.5000000000000000
-0.4132510806978167 0.2977686754043745 0.5000000000000000
-0.0617802547311549 0.0461753862734445 0.5000000000000000
-0.2381034366930835 -0.5000000000000000 -0.4367847495495805
-0.0320685722732882 -0.5000000000000000 -0.3290161936215083
-0.2541042694279596 -0.5000000000000000 -0.4552871659496451
-0.5000000000000000 -0.1399733758477940 0.0797394072557858
-0.3818858381140446 0.1448398376405968 -0.5000000000000000
-0.3331377567145118 0.2127850925387898 -0.5000000000000000
-0.3334191725751788 0.0339940103709234 -0.5000000000000000
-0.4704074961561037 -0.3148536909937501 -0.5000000000000000
-0.4920771407640613 -0.3448699694862918 -0.5000000000000000
-0.4804247651631351 -0.3450827968082077 -0.5000000000000000
-0.4787214910974714 -0.3552184020188615 -0.5000000000000000
-0.4928678918485918 -0.4209109106099211 -0.5000000000000000
-0.4445104192996778 -0.3950814479096940 -0.5000000000000000
0.3390336223510065 -0.3643699618021341 0.5000000000000000
0.2462071887430303 -0.3642636863669379 0.5000000000000000
0.2256475603994938 -0.3845028740564383 0.5000000000000000
0.2538602066977046 -0.4625424005148806 0.5000000000000000
0.2615860257748291 -0.4526641153025884 0.5000000000000000
0.2722866509056553 0.0158789797593104 0.5000000000000000
-0.4543546911512591 -0.2292071964710360 -0.5000000000000000
-0.5000000000000000 -0.2419521408275913 -0.2679732462842584
-0.5000000000000000 -0.2548307308975608 -0.3337018874353269
-0.5000000000000000 -0.3329668362738378 -0.1004005303962153
-0.4045789565541507 0.2952999178716052 0.5000000000000000
-0.3337700170183650 -0.1407139421317716 0.5000000000000000
-0.3399059689489982 -0.0540936215283609 0.5000000000000000
0.4506835315113740 -0.1099349852491387 -0.5000000000000000
-0.5000000000000000 -0.2482383517955834 0.3887814629192042
-0.5000000000000000 -0.2123524213813532 0.2338318096209641
-0.5000000000000000 -0.1479754198339574 0.0923354218069671
0.4613217509191808 -0.1968312919792775 0.5000000000000000
0.3420179872758793 -0.1762876150910956 0.5000000000000000
0.4211042002485366 -0.1744625099369977 0.5000000000000000
0.3881252688208018 -0.1996231803309564 0.5000000000000000
0.3401515819721134 -0.1516876390954263 0.5000000000000000
-0.5000000000000000 0.4104480345119527 0.1485086068913252
-0.5000000000000000 0.3700229406886176 0.1303384991923108
-0.4108264746322818 0.2946443567527937 0.5000000000000000
-0.2296082271604372 -0.3850444453722337 -0.5000000000000000
-0.1984199231953826 -0.3787467773888722 -0.5000000000000000
-0.1765413603647954 -0.4291701629801700 -0.5000000000000000
-0.2196766762980452 -0.3720384178925726 -0.5000000000000000
0.5000000000000000 -0.2314596682992149 0.4226977699975301
-0.3113285402538415 -0.2099456275670705 0.5000000000000000
-0.2324851399549963 -0.2536112621628365 0.5000000000000000
0.0989999982782374 -0.4710325629870152 0.5000000000000000
-0.0152107109121814 -0.2258613743416090 0.5000000000000000
0.2780037125826201 0.0586749814950904 0.5000000000000000
0.1493755943848360 0.3159331410516322 0.5000000000000000
0.0310908659216916 0.2370890114823212 0.5000000000000000
-0.1089111191393424 0.2483254866743891 0.5000000000000000
-0.0069222294389609 0.2889941692587822 0.5000000000000000
0.0968861481827888 0.3405131120767917 0.5000000000000000
-0.4114094799884785 0.2801075505539309 0.5000000000000000
-0.4186104061472372 0.3229466953650001 0.5000000000000000
-0.4178669576401720 0.2857980992142566 0.5000000000000000
-0.3715156693917979 0.2874304307710943 0.5000000000000000
-0.5000000000000000 0.2560996090619505 0.2869637490805650
-0.5000000000000000 0.3046396390300068 0.4028644678874607
-0.4269422363192953 0.4681888727177022 0.5000000000000000
-0.5000000000000000 0.3241212095368987 0.3064711644234903
0.1526389211647130 -0.5000000000000000 0.2128649195183921
0.2742172356857254 -0.3089008229086457 0.5000000000000000
0.3783157075482045 -0.3423654261438560 0.5000000000000000
0.4703264720056988 -0.3718445554648925 0.5000000000000000
0.0412384569570909 -0.5000000000000000 -0.0687695679520631
0.1146981494133218 0.3006089885512774 -0.5000000000000000
0.0945660941724089 0.3435090842186828 -0.5000000000000000
0.1324110535672267 0.3319494825975768 -0.5000000000000000
0.1694574511446761 0.3288579311101789 -0.5000000000000000
-0.2128773736410404 0.4972535574319543 0.0797211154575709
-0.1163562732920427 0.5000000000000000 0.2236116326442859
-0.0311193629651411 -0.0512238953196063 -0.5000000000000000
0.2322820066372269 0.3442490990256993 0.5000000000000000
0.2445951458623805 0.3476328634149490 0.5000000000000000
0.2228080717721556 0.3265766172075029 0.5000000000000000
-0.3354958821725211 0.1514574167568023 0.5000000000000000
-0.3439126788500124 0.1360672334011821 0.5000000000000000
0.0516982946928551 0.2350608841719678 -0.5000000000000000
-0.0124595975942477 0.3162103966767249 -0.5000000000000000
-0.2836334387584171 -0.3438444301439866 -0.5000000000000000
-0.3245541802814020 -0.2916286354586939 -0.5000000000000000
-0.2956358025954256 -0.3168048257477520 -0.5000000000000000
-0.2929831787636576 -0.3272135948497584 -0.5000000000000000
-0.2972138043515292 -0.3742991682517666 -0.5000000000000000
-0.2806660787823094 -0.3373351919204075 -0.5000000000000000
-0.1032935344306856 -0.4976791277739528 0.2590711524806187
0.5000000000000000 0.3541918713784712 0.2372163398452551
0.4909659591959625 0.4999409293187235 0.5000000000000000
-0.4100101328355441 -0.1799205237893204 -0.5000000000000000
0.3501764387098713 0.3408415999592487 -0.5000000000000000
0.3504497531374366 0.3791965557573217 -0.5000000000000000
0.5000000000000000 0.0419687437358587 -0.1398446801924034
0.0955455513037811 0.0968034155560837 -0.5000000000000000
0.0744787871964704 0.1760946258577506 -0.5000000000000000
-0.0300204302431890 -0.0229530757476446 -0.5000000000000000
-0.0727356531540008 0.0039154617080447 -0.5000000000000000
0.3036214297077933 0.5000000000000000 -0.2404954627507291
0.0818738970521388 -0.4091712617395354 0.5000000000000000
0.0557101232848012 -0.3683371088201046 0.5000000000000000
0.0847803338338435 -0.3356990495686695 0.5000000000000000
0.1350252903678881 -0.3346861446837449 0.5000000000000000
-0.0012991272224087 -0.2447454827749898 0.5000000000000000
0.1602518917979739 -0.3672966017584111 0.5000000000000000
-0.2101996407791157 -0.1490552773706711 -0.5000000000000000
-0.1002194526155951 -0.0938277810976263 -0.5000000000000000
-0.0728048522089567 -0.5000000000000000 0.2615853981855099
0.0646971358565146 -0.4992165882964836 0.5000000000000000
0.1593012089938143 -0.4856589307325229 0.5000000000000000
0.1156038153174844 -0.4628478505389235 0.5000000000000000
-0.1253971981610679 -0.3266232004088813 0.5000000000000000
-0.0845596800654476 -0.5000000000000000 0.3964510304810899
0.5000000000000000 -0.1381208023066649 0.3458374560861228
0.5000000000000000 -0.0898318992665993 0.3307899867441578
0.5000000000000000 0.2196273113432949 0.1428019724557192
0.5000000000000000 0.2121128468485289 0.1103751879197359
0.5000000000000000 0.1844118573759945 0.1038756843180369
0.5000000000000000 0.2783032258511672 0.0575884593253853
-0.2161115378130016 0.2370658497228591 0.5000000000000000
-0.5000000000000000 0.2414595533330379 0.2508489991370429
-0.5000000000000000 0.0591322879360269 -0.0072599193505468
-0.3922883079577073 -0.2470645893532943 0.5000000000000000
-0.3417954608042180 -0.3003635106108499 0.5000000000000000
0.5000000000000000 0.0665133015879546 0.1031847183875857
-0.2305385388677246 0.2150923463783892 0.5000000000000000
-0.5000000000000000 0.2352440774638078 0.2575414517257075
-0.5000000000000000 0.1094805193087739 0.1475209466529044
-0.5000000000000000 0.0492369723210628 0.0040468616246130
-0.1241055563334087 0.4914991487856584 -0.5000000000000000
-0.0223224647552366 0.3222234692065480 -0.5000000000000000
-0.1840372707986575 0.4319445620011476 -0.5000000000000000
-0.1113079644429479 0.5000000000000000 -0.2388279644803057
-0.1192479004229086 0.5000000000000000 -0.3454046401593895
-0.3725738036891426 0.0990156624732712 0.5000000000000000
-0.5000000000000000 0.2306406594632857 0.2607833556622664
-0.5000000000000000 0.1106584850931049 0.2400064947970178
-0.0025020120958363 0.1714058167716811 -0.5000000000000000
0.0062600143188261 0.2101085700930274 -0.5000000000000000
-0.0923563361408961 0.1768493671989684 -0.5000000000000000
-0.0384972495639101 0.2176351942203938 -0.5000000000000000
-0.0185092222951883 0.3119170679069758 -0.5000000000000000
-0.2715475944259303 0.5000000000000000 -0.4201028895603190
-0.2688890507548720 0.5000000000000000 -0.3354069900815630
-0.5000000000000000 0.1533628146680521 -0.4465987049198558
0.5000000000000000 -0.2398133683399671 0.4017066081840042
0.5000000000000000 -0.1544995352723468 -0.4331438894452100
-0.3894836223026527 -0.2046299514945262 -0.5000000000000000
-0.2739116722563155 -0.4805270752190373 -0.5000000000000000
-0.5000000000000000 -0.4351465007332291 -0.0252505172542707
-0.1818706303903574 -0.5000000000000000 0.2913174840172971
-0.5000000000000000 -0.3407891289739187 -0.0757504232443344
-0.2727712166551375 -0.5000000000000000 0.3766324563172521
-0.1405024974635470 -0.3112737630813249 0.5000000000000000
-0.1220830006557218 -0.4658661811515654 0.5000000000000000
-0.3559464918444334 -0.5000000000000000 0.0419599510007008
-0.5000000000000000 -0.2673480753684562 0.3783739280790722
-0.4216007887667630 -0.2393665278417615 0.5000000000000000
-0.4230909811623357 -0.2748154020499574 0.5000000000000000
0.2660381584333966 -0.4711240028423861 0.5000000000000000
0.2774482650538532 -0.4624033117057854 0.5000000000000000
-0.3451865689905063 0.0282334618213263 0.5000000000000000
-0.2718777410237996 0.5000000000000000 0.2921554143413586
-0.3317186234642630 0.4464074001791222 0.5000000000000000
-0.5000000000000000 0.4253046681904316 0.1835136277346319
-0.5000000000000000 0.3992845527700487 0.1121514632029292
-0.5000000000000000 0.4414017054521543 0.0998693366792644
-0.4258738351057351 0.5000000000000000 0.4651683150642690
-0.5000000000000000 0.3704901749619307 0.2128953239409768
0.0687728108430379 0.3917129601024393 -0.5000000000000000
0.0375837412123580 0.3878480361092010 -0.5000000000000000
0.0482768061822032 0.3738014872952773 -0.5000000000000000
0.0449274065069464 0.3999808244631559 -0.5000000000000000
-0.1117615212095097 0.4853131319449056 -0.5000000000000000
-0.0022900957932293 0.3338841085142800 -0.5000000000000000
0.0094008065367526 0.3989781145957497 -0.5000000000000000
0.1570412090709974 0.4246058215849047 -0.5000000000000000
0.5000000000000000 0.0709195996293965 0.1002387534490378
0.2028165577312392 -0.2933967141714685 0.5000000000000000
0.2191086969792041 -0.1722677850703875 0.5000000000000000
0.1472430717052952 -0.1679621771078879 0.5000000000000000
-0.4407222531274040 -0.4513970608088766 0.4869496816983289
-0.0150676520939491 -0.0037792712433834 0.5000000000000000
-0.0158794539036526 -0.0055302048926555 0.5000000000000000
-0.0151185817138926 -0.0053261642290498 0.5000000000000000
0.2259637330258016 -0.3058469819347566 0.5000000000000000
0.5000000000000000 0.0158815886735278 -0.1738427873950366
0.5000000000000000 0.0550943992145727 -0.0762959811290145
0.5000000000000000 0.0356940122318461 -0.1687530986476361
0.3154098576244216 -0.1141082068380968 -0.5000000000000000
0.4370151679438269 -0.1198675161778764 -0.5000000000000000
0.2933491113023511 -0.0748538470163041 -0.5000000000000000
0.4274566719936484 0.5000000000000000 0.4195250098405069
0.4038863960213659 0.4729931141868246 0.5000000000000000
-0.2706530783932418 -0.4972167419907999 -0.5000000000000000
-0.5000000000000000 -0.4287610071592504 -0.0236772297990715
-0.5000000000000000 -0.3403575198234304 -0.0754878153262721
-0.1414610473125685 -0.3098724245025324 0.5000000000000000
0.2683475259397220 0.1616361526524287 0.5000000000000000
-0.5000000000000000 0.0304479845915574 -0.0310781353150927
0.5000000000000000 -0.2256464587739848 0.4253710314873819
0.5000000000000000 -0.1899442078910900 0.3130055256442631
0.5000000000000000 -0.2416593509064123 0.1814845150992044
0.5000000000000000 -0.1844887469338433 0.4152244082019786
0.1874079032644059 -0.4443626846081797 -0.5000000000000000
-0.0681096577464277 -0.0465532663366844 -0.5000000000000000
-0.0936668628757562 -0.0092933205294423 -0.5000000000000000
-0.1161985729998707 -0.2201199107863319 -0.4906315272426756
0.1555179454849872 -0.0815621069576237 -0.5000000000000000
-0.5000000000000000 0.2542667282116672 -0.0397197280784039
-0.5000000000000000 0.3387570908585596 -0.1922745046470843
-0.5000000000000000 0.3384578693608260 -0.0074167229131508
-0.5000000000000000 0.2918154062356051 -0.0195527091284900
0.0567478789528646 -0.5000000000000000 0.1430575612535080
0.1827771214982024 -0.5000000000000000 0.3197908040927964
0.5000000000000000 0.3500425521549914 -0.0366243787483319
-0.4240346598150130 -0.4488552564784122 0.5000000000000000
-0.5000000000000000 -0.4047583645033522 0.4332998705542321
-0.5000000000000000 -0.4369020644262660 0.4292855093365160
-0.4290705491869719 -0.4654245169009477 0.5000000000000000
0.1733742062465236 0.0499665302385079 -0.5000000000000000
-0.0796973846151299 0.0292941239237490 -0.5000000000000000
0.1815438186638452 -0.2747943740174028 -0.5000000000000000
0.1078318383877277 -0.2396655028775252 -0.5000000000000000
0.1073761018645522 -0.3603405781003279 -0.5000000000000000
0.5000000000000000 -0.2418793421160296 0.1266962910741108
0.1662132851156520 0.3409261531769904 0.5000000000000000
0.1499216426464207 0.3349088974357554 0.5000000000000000
0.1805527138142704 0.3060592100660258 0.5000000000000000
0.1544423912468551 0.3367938586736295 0.5000000000000000
0.2625352588153817 0.5000000000000000 -0.0872926389675296
0.2881581289170262 0.5000000000000000 -0.2110937958471786
0.2644056816623466 -0.2324236469352408 0.5000000000000000
0.2886159895377587 -0.1529890729449887 0.5000000000000000
0.2559024006880438 -0.1498390422986970 0.5000000000000000
0.3093377971293977 -0.1777954906206794 0.5000000000000000
-0.5000000000000000 0.3414000763385527 -0.4965654426456583
0.5000000000000000 -0.1202097905442089 -0.3645632312616158
0.5000000000000000 -0.1055823499603186 -0.2959131113770034
0.2792830702219217 0.0042977124059253 0.5000000000000000
0.3250241508436854 -0.1402313417642956 0.5000000000000000
-0.0141169401033271 0.0754430762563592 0.5000000000000000
-0.2215789361295853 0.4904373811030023 0.2851572284543328
-0.2541508259521029 0.5000000000000000 0.3055295639054369
-0.2529065060584366 0.5000000000000000 0.2768387328055834
-0.5000000000000000 -0.2069711483132863 -0.1602876251139008
-0.5000000000000000 -0.3289395944759160 -0.0809548241707957
-0.5000000000000000 -0.2159376024121915 -0.0736394073280176
-0.2553141968182339 0.3805195000126174 0.5000000000000000
0.5000000000000000 -0.1446816293555863 0.4366109970142076
0.4357773013965265 -0.1327519558953515 0.5000000000000000
-0.5000000000000000 -0.2512277509806281 0.2328555377397653
-0.5000000000000000 -0.3563998198262360 0.3056623372157029
0.2680358761698611 0.0913609460597723 0.5000000000000000
0.1281657652463075 -0.5000000000000000 0.2808498197537835
0.0793219099296792 -0.5000000000000000 0.1980271854860307
0.0773460830915985 -0.5000000000000000 0.2356649553018937
0.1867611925045173 -0.5000000000000000 0.3638947196499229
0.1765154635690404 -0.5000000000000000 0.3311367283464609
-0.5000000000000000 -0.4841677464478264 0.1898471920657302
-0.4258803914187708 0.2331755888254608 -0.4876548807342083
-0.2660519557020040 -0.4801299161444908 -0.5000000000000000
-0.2843375102325348 -0.4851577229752772 -0.5000000000000000
-0.1550638809184915 -0.5000000000000000 -0.3358004298387225
-0.2510860507451511 -0.4868399629916782 -0.5000000000000000
-0.2718823007336301 -0.4784270593331610 -0.5000000000000000
-0.2895651984103852 0.5000000000000000 -0.4941444857755202
-0.3229826804389491 0.2684599975097868 -0.5000000000000000
-0.3140029773510636 0.3523458867733898 -0.5000000000000000
-0.2656686539199902 0.4375694369031610 -0.5000000000000000
-0.1829871417980521 0.5000000000000000 -0.3983014662846603
-0.2274889494563063 0.3016112203846881 0.5000000000000000
-0.1852237353846213 -0.3468062240654916 -0.5000000000000000
-0.0420901392544791 0.3555502563895187 0.5000000000000000
0.0259112831449166 0.4039824441150170 0.5000000000000000
0.0803564616241450 0.3664416417182518 0.5000000000000000
-0.4296374630282271 -0.4971381936151509 0.3552082583102712
0.2167399052982153 -0.0652116153824695 -0.5000000000000000
0.1886910073477598 0.0278488782704011 -0.5000000000000000
0.4452561552019317 0.2469679472998706 0.5000000000000000
0.3866691960727014 0.3029539717638540 0.5000000000000000
-0.5000000000000000 0.0757559171519805 -0.2381943127627496
0.2863327160351149 0.0369376445230886 0.5000000000000000
-0.5000000000000000 0.2552079671182312 0.2615412671609945
-0.5000000000000000 0.2442536598272880 0.2363910658343701
-0.5000000000000000 0.2640733507458360 0.2488179390645565
-0.5000000000000000 -0.1280409171102438 -0.3366582523330469
0.1760707314688504 -0.3192458232284235 -0.5000000000000000
0.2456607322913793 -0.1881814897319066 -0.5000000000000000
-0.0453344101172070 -0.1985665926038380 0.5000000000000000
0.0374145810465849 -0.2418381375686826 0.5000000000000000
-0.0136773428325484 -0.2165468103734197 0.5000000000000000
-0.0746518167347223 -0.2581335782798022 0.5000000000000000
-0.0313481560831898 -0.2304280241100830 0.5000000000000000
0.0002728140502021 -0.2050911361365895 0.5000000000000000
-0.0225973792437994 -0.2187208735276692 0.5000000000000000
-0.4701199191493316 -0.1863568758564653 -0.5000000000000000
-0.4430178916608826 -0.2324052495259563 -0.5000000000000000
-0.3842694197185040 -0.1747472010675323 -0.5000000000000000
-0.0185674885231823 -0.5000000000000000 -0.1335136615084893
-0.0269970777848254 -0.4258917756642395 -0.5000000000000000
-0.0480746749378350 -0.4610433118450319 -0.5000000000000000
0.0145009929839171 -0.5000000000000000 -0.2317015755189512
-0.1177342504770022 -0.4889124988711068 -0.5000000000000000
0.0842914742955499 -0.3836192046307871 -0.5000000000000000
-0.3268331123798806 -0.0077869778571970 0.5000000000000000
0.2855489003954687 -0.0296739267238341 -0.5000000000000000
-0.0022040251380070 0.0478613913729992 0.5000000000000000
-0.0336383874250281 0.0533058043603478 0.5000000000000000
0.5000000000000000 -0.2464217857529651 0.1426457071407031
0.5000000000000000 -0.2460021641294386 0.1341380656694201
0.3605014004456134 0.2255908894466911 0.5000000000000000
0.4203127206168268 0.1859637860159081 0.5000000000000000
-0.3410733025272492 0.5000000000000000 -0.3957147088525644
-0.2363441442733926 0.5000000000000000 -0.3009259594499414
-0.5000000000000000 0.4139666034360552 -0.4739490604844078
-0.2184796707410004 0.5000000000000000 -0.3445793674812098
0.5000000000000000 -0.4997936444485692 -0.0546568704976757
0.5000000000000000 -0.4995288897900390 -0.0376729089691827
0.5000000000000000 -0.4786945984115307 0.0658764534363733
0.5000000000000000 -0.4802923607642929 -0.0602361482727059
0.5000000000000000 -0.4795063314476143 -0.0790269092951429
0.3921426095403246 -0.5000000000000000 -0.2473273415628452
0.5000000000000000 -0.4828291385722541 -0.1004718431725063
-0.1363918316610312 -0.2100195843674014 -0.5000000000000000
-0.2433918225183878 -0.1322875741325301 -0.5000000000000000
-0.2766798917969222 -0.1119696644111361 -0.5000000000000000
0.1018816775529675 0.4330838170779913 0.5000000000000000
0.1199272051675438 0.3782511894325331 0.5000000000000000
0.0096242556960072 0.5000000000000000 0.2298321911255846
0.0891070106253921 0.5000000000000000 0.2355429275862797
0.5000000000000000 0.1411399623417239 0.2951241510914588
0.5000000000000000 0.1374694627256098 0.3005538144635780
0.5000000000000000 0.1318925545442754 0.2782544348035174
0.5000000000000000 0.1369906004000974 0.2937356692357366
0.5000000000000000 0.1341648978860931 0.3001524043099627
0.3506849288808689 0.2739828359519011 -0.5000000000000000
0.3072392424313960 0.2844447712472959 -0.5000000000000000
0.3138168840038226 0.2555610428050487 -0.5000000000000000
0.3300158636710324 0.2821211373433720 -0.5000000000000000
0.2630869825968241 0.2808323716913992 -0.5000000000000000
-0.3816037400998759 0.2310311733105307 -0.5000000000000000
-0.4228998730877162 -0.5000000000000000 0.3793380369148139
0.2112727634690270 -0.1544083817634501 -0.5000000000000000
0.2014904230040980 -0.0992010989071352 -0.5000000000000000
0.2700305747680261 0.1228646992004759 0.5000000000000000
0.2439362493480901 0.0468598307056908 0.5000000000000000
0.2628688196583718 -0.0146433776038020 0.5000000000000000
0.2220218207378025 -0.0024288761989721 0.5000000000000000
0.3025275417151913 0.0670976952147641 0.5000000000000000
-0.1240316525623120 0.4880545500153314 -0.5000000000000000
-0.0263537198018849 0.3172841754740135 -0.5000000000000000
-0.1623346052863680 0.3574208736437268 -0.5000000000000000
-0.2760859353747592 -0.0180666359407133 0.5000000000000000
0.3541066053568171 0.2415817655661087 0.5000000000000000
0.4189217127030415 0.1899760862139228 0.5000000000000000
0.0464783830238453 0.2160476593141264 -0.5000000000000000
0.0384313387804781 -0.3302379615448320 -0.5000000000000000
0.1008616490267847 -0.3647610023783692 -0.5000000000000000
-0.1134300487565533 0.0228896390875572 -0.5000000000000000
-0.0779824212807315 0.4123004245211520 0.5000000000000000
-0.1825958601510546 0.3449374562765583 0.5000000000000000
-0.2300191023782376 0.5000000000000000 0.0716506909439411
-0.3740755315748557 0.5000000000000000 0.0591648798205356
-0.2138430808958123 0.5000000000000000 0.3040924436258667
0.0042515071598704 0.4528453622420984 0.5000000000000000
-0.1486692312146861 -0.1114499456894070 0.5000000000000000
-0.1205825419503592 -0.0716265221487845 0.5000000000000000
-0.1152309665584026 -0.1937779122800048 -0.5000000000000000
0.0828162757714902 -0.0622520065145378 -0.5000000000000000
0.0967572189974376 0.0025594905369638 -0.5000000000000000
-0.0962580919088711 -0.0017294369070962 -0.5000000000000000
-0.5000000000000000 0.3867218391685117 -0.2997901793353680
-0.1642068358922598 0.5000000000000000 0.1117244320620184
-0.5000000000000000 -0.1479695238844111 -0.3200748171752313
-0.5000000000000000 -0.2673083042043689 -0.1385082821714956
-0.1233733164657557 0.4917737173999189 -0.5000000000000000
-0.0183949520111403 0.3211355698476538 -0.5000000000000000
-0.0744944365395903 0.5000000000000000 -0.3007436199745294
0.2162044001061085 -0.3166870696837481 0.5000000000000000
0.3136129081719404 -0.2424591543976050 0.5000000000000000
0.3727130308604129 -0.4975177592469185 -0.0481991493108967
0.4283943579976422 0.1904626084681661 0.5000000000000000
0.1300520727154447 -0.3393432652448475 -0.5000000000000000
0.1610131910380283 -0.3604728119826553 -0.5000000000000000
0.1151352734528111 -0.3636481023238212 -0.5000000000000000
-0.0493505679602700 0.5000000000000000 -0.1565345308655678
0.0493306709379568 0.4165447737443682 0.5000000000000000
0.0952467886803185 0.3697739012730393 0.5000000000000000
0.3708451983451199 -0.2235626349737784 0.5000000000000000
0.2084160587156676 -0.4525888949378163 0.5000000000000000
0.2296925680989698 -0.4858887924570101 0.5000000000000000
0.2166593541664535 -0.5000000000000000 -0.4845369880565953
0.1764268755026141 -0.4906045500804042 -0.5000000000000000
0.1645343958498607 -0.4203371882037625 -0.5000000000000000
0.1161813251699514 -0.3867505946199886 -0.5000000000000000
-0.5000000000000000 0.3458225644084300 0.2281685565750638
-0.3263880539563206 -0.3690364485716525 0.5000000000000000
0.1954638194578822 -0.4137568977082688 0.5000000000000000
-0.5000000000000000 -0.1879928816813630 -0.0551245282422359
-0.5000000000000000 -0.2168436470483561 0.1012007740276949
-0.5000000000000000 -0.3470924905848096 0.3452787100138778
-0.5000000000000000 -0.1360233786087473 -0.3527348948620253
-0.5000000000000000 -0.0954078573904047 -0.3313207969330885
-0.5000000000000000 -0.1241974513107442 -0.3577103312641540
-0.5000000000000000 -0.3375197516951494 -0.0782738824648574
-0.5000000000000000 -0.2721596746710119 -0.0589220018426470
0.5000000000000000 -0.4810848760965319 0.1182715643011106
0.3018624695404564 0.1963475348638914 0.5000000000000000
0.1643525611141868 0.1665810307396226 0.5000000000000000
0.2140492069993608 0.2530148090681682 0.5000000000000000
0.3829210085812272 0.1820176604995482 0.5000000000000000
-0.3177063431399144 0.2248169981368747 -0.5000000000000000
0.5000000000000000 -0.1287751152862987 -0.4317070914446295
0.3661458976132040 -0.2027613938943069 0.5000000000000000
-0.5000000000000000 0.3368583280975072 -0.4316758566651313
-0.5000000000000000 0.3499949235637876 -0.4808894749995747
0.0169402446244860 -0.5000000000000000 0.0081268264813646
-0.5000000000000000 0.2847241568250830 0.1784798496441700
-0.5000000000000000 -0.3641423773520401 0.3313571025292441
-0.1879224720676475 -0.3134518330174209 0.5000000000000000
-0.3892686035267910 -0.3675885534318109 0.5000000000000000
0.2797337595053121 0.2676109324645333 0.5000000000000000
0.3567618581359165 0.2933238826691313 0.5000000000000000
0.5000000000000000 -0.0972129334861659 -0.4062607975209341
0.5000000000000000 0.4879938609905012 -0.1811948378227559
-0.1525296769111716 -0.2798536562415848 0.5000000000000000
-0.1600518467587477 -0.1022005913503963 0.5000000000000000
-0.5000000000000000 0.0354013606463814 -0.2311924271937847
0.3334538757519746 0.3849735093246541 0.5000000000000000
0.1933292978828067 0.5000000000000000 0.2917212013906364
-0.1254307337108187 0.4915226394166516 -0.5000000000000000
-0.1451935918068487 -0.3330111370125278 -0.5000000000000000
-0.0476767908154206 -0.2951989547546881 -0.5000000000000000
0.5000000000000000 -0.0115642035594068 -0.2945498590926839
0.0014593833100227 0.5000000000000000 0.1993748708789313
0.0596098887158755 0.5000000000000000 0.1404352236690694
0.2264200142121738 0.4765568229845601 -0.5000000000000000
-0.5000000000000000 0.1126169259504903 -0.3722340945678910
-0.1254711961862253 -0.0573713449429293 0.5000000000000000
0.2669722940462316 0.2749684717211217 0.5000000000000000
0.2090371413712893 0.2846326141304483 0.5000000000000000
0.3566831727583181 0.3180232748272911 0.5000000000000000
0.2420495374288041 0.4883258060427538 -0.5000000000000000
0.2602500408751544 0.4607456451163962 -0.5000000000000000
-0.5000000000000000 0.3791696904045124 -0.2606968693548097
-0.5000000000000000 0.3682228033435988 -0.3390604208529839
-0.5000000000000000 0.3306519225036647 -0.2922342175750633
-0.5000000000000000 0.3342487620520596 -0.3152959154989949
-0.5000000000000000 0.3638506965873657 0.0967268671153739
0.3305721402128123 0.5000000000000000 -0.2735662773970988
0.3610286108147094 0.5000000000000000 -0.3260300612475782
0.5000000000000000 0.4581532318500790 -0.1355459766500630
-0.0182528977877757 0.3183851927408367 -0.5000000000000000
0.3177621186670901 -0.1422817107833950 0.5000000000000000
0.2131166092498705 -0.4923269020919720 0.4036770958460343
0.2253653390171230 -0.5000000000000000 0.3806374773825779
0.3763811375835613 -0.4436125670418845 0.5000000000000000
0.4011517037780223 -0.4336284720688826 0.5000000000000000
-0.5000000000000000 0.3472251031890627 0.2015606322335665
-0.4952655740150712 0.1713385908171208 -0.1626825249436167
-0.5000000000000000 0.0357967984464717 -0.2882433958015716
-0.2555023734171138 -0.0893221794003501 -0.5000000000000000
-0.1558648431185042 -0.3480479435695403 -0.5000000000000000
-0.5000000000000000 0.4649998713717688 0.0137130062911701
0.0610455277635795 0.4247241168408640 0.5000000000000000
-0.2837917274543040 -0.0742142881726461 -0.5000000000000000
-0.2201894151051747 0.4418506734450960 -0.5000000000000000
0.1012908696205005 0.3730121509444329 0.5000000000000000
-0.0078478080922723 0.5000000000000000 0.2236361288892954
-0.5000000000000000 -0.1343643027492621 0.0655247939549480
-0.2865053019611070 -0.4893619815929309 -0.5000000000000000
-0.1667556327872984 0.5000000000000000 -0.2855511420505240
-0.5000000000000000 -0.1604314410677264 0.0554100772256753
-0.5000000000000000 -0.0522798793766205 0.0122599577129760
-0.1736319902972123 -0.3860367368227115 -0.5000000000000000
-0.1971436850988480 -0.3429606667836871 -0.5000000000000000
-0.5000000000000000 0.3914335925274794 -0.4325617678334895
0.3274357668545474 -0.1512664970289212 0.5000000000000000
0.3424620774436904 -0.1424374249076804 0.5000000000000000
0.0384094219712084 -0.5000000000000000 -0.1287297230018675
-0.2646786217507147 -0.4905388646479916 -0.5000000000000000
0.4151405244729275 0.2099767397771593 0.5000000000000000
0.2249625624966322 0.3236321611321963 -0.5000000000000000
-0.1570338307114681 0.5000000000000000 -0.3651555296997183
0.1836535727936885 0.0383281038663408 -0.5000000000000000
0.0346672860728545 0.0122083634553563 -0.5000000000000000
0.0996588237297958 -0.3716793632815042 -0.5000000000000000
0.1894501040127075 0.1107438538926797 -0.4987218934061575
0.4240891053278558 0.1835899011227764 0.5000000000000000
0.5000000000000000 0.4391659844473656 -0.1832438088333967
0.5000000000000000 0.4040967859443240 -0.0729116569197246
-0.1026437495373433 0.0067530641469296 -0.5000000000000000
-0.5000000000000000 0.1405499659762999 -0.1398443946072133
207 35
208 41
209 76
210 133
211 159
212 167
213 23
214 129
215 199
216 201
0 217
0 27
0 76
0 97
0 100
0 110
0 218
0 118
0 121
0 144
0 145
0 148
0 156
0 159
0 219
0 220
0 180
0 221
1 28
1 222
1 45
1 49
1 55
1 102
1 118
1 120
1 144
1 159
1 160
1 167
1 172
1 223
1 224
1 180
1 1265
1 225
2 13
2 226
2 26
2 38
2 48
2 52
2 227
2 72
2 85
2 104
2 228
2 229
2 174
2 178
2 230
2 196
2 231
2 203
2 206
232 423
233 26
234 43
235 131
236 186
237 129
238 199
239 95
240 142
241 95
3 42
3 56
3 242
3 61
3 638
3 243
3 244
3 245
3 246
3 107
3 247
3 135
3 158
3 162
3 248
4 249
4 250
4 59
4 251
4 252
4 94
4 986
4 253
4 254
4 255
4 256
257 44
258 47
259 73
260 74
261 19
262 123
263 1186
264 193
5 6
5 15
5 40
5 56
5 61
5 80
5 84
5 265
5 87
5 266
5 267
5 268
5 135
5 177
6 7
6 15
6 423
6 26
6 38
6 43
6 269
6 270
6 87
6 271
6 103
6 113
6 272
6 273
6 274
6 177
6 178
6 196
6 275
276 638
277 158
278 892
7 17
7 26
7 38
7 84
7 87
7 279
7 280
7 169
7 177
7 181
7 196
8 281
8 75
8 82
8 85
8 92
8 282
8 283
8 127
8 284
8 1012
8 174
8 178
8 182
8 188
8 206
285 21
287 141
9 13
9 33
9 48
9 54
9 594
9 72
9 83
9 112
9 120
9 150
9 160
9 165
9 288
9 195
9 1265
9 204
289 76
290 159
291 78
292 142
10 26
10 30
10 43
10 48
10 54
10 79
10 92
10 99
10 109
10 111
10 113
10 127
10 131
10 151
10 178
10 186
10 205
293 158
294 73
295 74
296 147
11 297
11 298
11 299
11 300
11 199
301 199
12 302
12 17
12 36
12 37
12 303
12 81
12 665
12 304
12 96
12 130
12 146
12 164
12 169
12 170
12 201
13 305
13 26
13 32
13 33
13 38
13 48
13 52
13 54
13 72
13 111
13 150
13 174
13 181
13 183
13 196
13 198
13 202
13 203
14 306
14 30
14 33
14 45
14 54
14 77
14 307
14 101
14 111
14 120
14 124
14 131
14 160
14 774
14 308
14 172
14 309
14 195
14 197
14 204
310 77
311 117
312 124
313 101
314 124
315 131
15 40
15 42
15 56
15 87
15 103
15 108
15 113
15 316
15 317
15 318
15 319
15 320
15 135
15 178
15 187
321 146
322 170
323 201
324 129
325 164
326 199
16 25
16 327
16 50
16 52
16 67
16 72
16 112
16 115
16 1065
16 132
16 137
16 150
16 152
16 328
16 165
16 185
16 191
16 200
16 202
330 161
17 331
17 37
17 84
17 332
17 333
17 334
17 130
17 169
17 177
17 181
335 82
336 182
337 47
338 62
339 27
340 986
341 156
18 44
18 47
18 62
18 70
18 74
18 93
18 97
18 100
18 116
18 148
18 166
18 171
18 175
342 637
343 126
329 29
329 36
329 344
329 345
329 71
329 89
329 346
329 347
329 348
329 136
329 139
329 149
329 161
329 349
329 163
329 350
329 351
329 352
353 73
354 21
355 286
356 123
357 141
358 103
359 78
360 24
361 47
362 73
363 115
364 28
365 35
366 69
367 88
368 90
369 133
370 180
371 594
372 72
373 206
19 374
19 375
19 376
19 377
19 378
19 79
19 379
19 380
19 103
19 381
19 382
19 122
19 127
19 383
19 384
19 385
19 386
19 387
19 1186
19 388
19 189
19 193
389 52
390 72
391 91
392 203
393 153
20 22
20 75
20 114
20 394
20 122
20 123
20 127
20 134
20 395
20 396
20 182
20 397
20 188
20 398
20 193
20 399
21 400
21 401
21 286
21 637
21 638
21 126
21 134
21 138
21 141
21 402
21 403
21 1186
21 404
21 193
21 405
406 41
407 78
408 86
409 88
410 90
411 62
22 24
22 568
22 412
22 75
22 82
22 106
22 114
22 122
22 127
22 413
414 161
415 35
416 76
417 94
418 145
419 180
420 96
421 637
422 103
23 31
23 34
23 424
23 57
23 58
23 425
23 426
23 427
23 428
23 429
23 129
23 430
23 431
23 432
23 1293
433 1186
434 201
423 26
423 435
423 43
423 63
423 436
423 131
423 183
423 194
423 437
24 438
24 568
24 44
24 47
24 439
24 73
24 82
24 440
24 106
24 114
24 122
24 166
24 171
24 175
24 441
24 442
24 114
25 443
25 444
25 50
25 52
25 445
25 446
25 89
25 91
25 115
25 132
25 447
25 448
25 449
450 1047
451 184
452 46
453 117
454 1047
455 103
456 113
457 1047
26 32
26 38
26 43
26 54
26 87
26 104
26 111
26 458
26 131
26 174
26 178
26 181
26 183
26 196
26 459
26 197
26 460
461 115
462 125
463 1065
464 152
465 185
466 1260
467 131
468 183
27 469
27 51
27 470
27 93
27 100
27 471
27 472
27 1081
27 473
27 148
27 156
27 474
27 475
27 476
27 477
28 35
28 41
28 88
28 90
28 102
28 133
28 159
28 167
28 478
28 479
28 180
28 480
481 129
29 482
29 53
29 67
29 68
29 665
29 483
29 119
29 130
29 136
29 139
29 149
29 161
29 163
29 168
29 484
485 201
30 45
30 48
30 54
30 55
30 65
30 83
30 98
30 109
30 116
30 118
30 131
30 144
30 160
30 486
30 186
30 204
30 205
487 63
488 130
31 57
31 58
31 489
31 490
31 491
31 492
31 162
31 493
31 494
32 53
32 101
32 111
32 119
32 130
32 154
32 157
32 168
32 181
32 183
32 197
32 202
495 35
496 76
497 94
498 52
499 72
500 91
501 132
502 203
33 48
33 54
33 101
33 111
33 150
33 195
33 202
33 204
34 37
34 503
34 57
34 58
34 81
34 84
34 504
34 505
34 129
34 506
34 507
34 169
34 177
34 508
34 192
34 1293
35 509
35 510
35 511
35 76
35 512
35 513
35 133
35 145
35 159
35 180
36 514
36 515
36 71
36 81
36 96
36 516
36 136
36 146
36 517
36 164
36 170
36 198
36 201
518 892
519 143
520 153
521 1260
522 189
37 523
37 524
37 81
37 84
37 525
37 96
37 129
37 526
37 527
37 164
37 169
37 177
37 528
37 199
37 201
37 1293
529 55
530 70
531 110
532 144
533 147
534 180
38 84
38 87
38 91
38 104
38 150
38 169
38 181
38 196
38 198
38 203
535 115
536 125
537 1065
538 152
39 49
39 77
39 105
39 539
39 540
39 117
39 120
39 541
39 140
39 142
39 155
39 173
39 184
39 190
542 146
40 543
40 61
40 64
40 80
40 87
40 103
40 104
40 107
40 108
40 544
40 135
40 178
40 187
545 56
546 58
547 84
548 129
549 177
550 201
551 105
552 152
553 165
554 190
555 200
556 115
557 72
558 165
559 1065
560 152
561 165
562 200
563 133
564 115
565 125
566 62
567 93
41 569
41 570
41 571
41 572
41 88
41 90
41 573
41 102
41 574
41 133
41 167
41 575
41 576
568 66
568 577
568 578
568 114
568 122
568 153
568 175
568 579
568 580
568 581
568 114
582 95
583 105
584 173
585 184
586 46
587 89
588 125
589 137
590 139
591 163
592 191
593 638
595 147
42 56
42 61
42 637
42 638
42 596
42 597
42 107
42 108
42 598
42 599
42 600
42 601
42 602
42 135
42 603
604 71
605 665
606 146
607 149
43 608
43 609
43 113
43 127
43 131
43 151
43 178
43 186
43 610
43 611
44 47
44 73
44 74
44 612
44 148
44 613
44 166
44 171
44 175
614 637
615 103
616 127
617 134
618 1186
619 187
620 193
621 79
622 103
623 151
624 46
45 60
45 97
45 98
45 625
45 109
45 116
45 118
45 121
45 124
45 144
45 159
45 160
45 167
45 626
45 172
45 627
628 91
629 132
630 203
46 631
46 125
46 632
46 876
46 137
46 633
46 163
46 634
46 179
46 185
46 635
46 636
639 126
640 96
641 164
642 170
47 62
47 643
47 73
47 644
47 645
47 148
47 646
47 175
47 647
48 54
48 65
48 72
48 83
48 92
48 174
48 178
48 204
48 205
48 206
648 78
649 95
650 142
49 651
49 652
49 69
49 77
49 86
49 88
49 102
49 105
49 653
49 120
49 124
49 142
49 155
49 654
49 172
49 190
49 1265
49 655
50 53
50 67
50 89
50 115
50 132
50 136
50 137
50 139
50 150
50 191
50 198
50 202
656 69
657 86
658 105
659 155
660 173
661 1265
662 126
663 63
664 68
666 119
667 130
668 149
669 161
51 986
51 670
51 1081
51 156
51 671
52 72
52 91
52 132
52 150
52 672
52 673
52 203
53 67
53 119
53 130
53 136
53 139
53 146
53 149
53 168
53 181
53 198
53 202
54 111
54 131
54 160
54 174
54 178
54 195
54 204
55 594
55 65
55 70
55 74
55 83
55 116
55 118
55 144
55 147
55 160
55 166
55 674
55 204
675 61
676 64
677 107
678 134
679 138
680 123
56 57
56 61
56 80
56 84
56 681
56 682
56 683
56 684
56 685
56 135
56 3
56 162
56 177
56 192
56 686
687 638
688 126
689 138
690 141
691 91
692 96
693 132
57 58
57 694
57 695
57 696
57 697
57 162
57 192
57 698
57 1293
58 699
58 162
594 700
594 701
594 72
594 83
594 147
594 160
594 165
594 1265
594 204
594 206
702 79
703 1260
704 189
705 986
706 1081
707 72
708 1065
709 165
710 77
711 86
712 88
713 102
714 124
715 76
716 128
717 1047
718 876
719 161
720 179
721 102
722 124
723 167
59 76
59 724
59 94
59 986
59 725
59 145
59 726
59 156
59 727
60 728
60 121
60 729
60 159
60 167
60 172
60 730
60 731
60 732
60 733
734 1081
735 156
736 638
737 107
738 138
739 3
740 158
741 162
61 64
61 80
61 742
61 107
61 743
61 744
61 135
61 3
61 162
286 123
286 126
286 141
286 1186
286 193
286 745
746 83
747 147
748 206
62 749
62 892
62 93
62 750
62 100
62 751
62 148
62 752
62 175
62 753
62 754
755 63
756 63
757 131
758 183
759 194
637 638
637 107
637 108
637 760
637 761
637 126
637 134
637 138
637 762
637 1186
637 187
637 193
63 119
63 763
63 130
63 764
63 154
63 765
63 181
63 183
63 194
766 124
64 85
64 104
64 767
64 107
64 134
64 768
64 1012
64 769
64 178
64 187
64 188
65 70
65 74
65 82
65 83
65 92
65 106
65 116
65 770
65 147
65 166
65 171
65 205
65 206
66 79
66 99
66 106
66 771
66 122
66 143
66 153
66 171
66 175
66 189
772 161
773 77
775 176
67 68
67 77
67 776
67 101
67 112
67 128
67 137
67 139
67 140
67 777
67 157
67 163
67 774
67 778
67 168
67 176
67 179
67 195
67 200
67 202
68 779
68 119
68 128
68 139
68 157
68 161
68 163
68 780
68 168
68 176
68 781
69 86
69 88
69 90
69 782
69 155
69 783
69 784
69 785
69 786
69 787
70 74
70 97
70 110
70 116
70 118
70 788
70 144
70 147
70 148
70 166
789 125
790 71
791 146
792 72
793 203
794 93
795 175
796 71
797 146
798 170
799 201
71 665
71 800
71 136
71 146
71 149
801 153
802 175
803 115
804 78
805 124
806 114
807 123
808 114
809 180
72 83
72 1065
72 810
72 150
72 811
72 165
72 812
72 206
73 74
73 82
73 106
73 813
73 814
73 815
73 166
73 816
73 817
73 818
819 79
820 99
821 143
822 1260
823 189
824 131
74 110
74 825
74 826
74 147
74 148
74 827
74 828
74 166
829 78
830 76
831 133
832 158
833 94
834 145
835 180
836 103
837 109
838 113
839 151
840 186
841 95
842 173
843 78
75 82
75 92
75 844
75 106
75 114
75 845
75 127
75 182
75 188
75 846
75 847
848 103
76 849
76 94
76 145
76 156
76 159
76 850
851 892
638 107
638 126
638 138
638 141
852 121
853 131
77 854
77 855
77 112
77 856
77 117
77 120
77 124
77 857
77 140
77 774
77 176
77 179
77 858
77 190
77 195
77 200
78 859
78 95
78 860
78 861
78 862
78 863
78 142
78 864
78 865
78 866
79 99
79 103
79 867
79 106
79 113
79 122
79 127
79 868
79 869
79 151
79 153
79 870
79 871
79 189
79 205
872 81
873 96
874 164
875 199
877 179
80 84
80 87
80 104
80 878
80 135
80 162
80 192
80 196
879 128
880 161
881 176
882 88
883 90
81 91
81 96
81 884
81 146
81 169
81 885
81 198
82 92
82 886
82 106
82 114
82 887
82 888
82 166
82 889
82 890
82 182
82 891
665 893
665 894
665 119
665 130
665 146
665 149
665 201
83 92
83 895
83 147
83 204
83 206
896 129
897 199
84 87
84 91
84 898
84 104
84 899
84 900
84 901
84 169
84 177
84 192
84 196
84 902
84 203
84 1293
903 170
904 892
905 93
906 97
907 98
908 121
909 143
85 92
85 104
85 910
85 911
85 1012
85 174
85 178
85 188
892 93
892 97
892 98
892 912
892 913
892 914
892 143
892 153
892 915
892 916
892 175
892 1260
892 917
918 103
919 113
920 130
921 169
922 177
923 201
86 88
86 102
86 924
86 925
86 142
86 155
86 926
927 94
928 156
87 929
87 104
87 177
87 178
87 196
88 90
88 102
88 930
88 931
88 932
88 933
89 115
89 132
89 136
89 137
89 139
89 934
89 163
89 935
89 936
89 937
89 191
89 198
89 938
90 939
90 102
90 940
90 133
90 941
91 942
91 132
91 943
91 944
91 945
91 150
91 169
91 946
91 198
91 203
947 115
948 125
949 165
950 103
951 158
92 106
92 952
92 127
92 174
92 178
92 188
92 205
92 206
953 114
93 97
93 100
93 954
93 121
93 955
93 956
93 957
93 958
93 175
93 959
93 960
94 961
94 145
94 962
94 963
964 1260
965 189
966 133
95 967
95 968
95 1047
95 142
95 969
95 970
95 173
95 971
95 184
95 972
95 973
96 974
96 975
96 976
96 136
96 146
96 977
96 978
96 164
96 979
96 980
96 198
981 164
982 177
97 98
97 100
97 110
97 116
97 118
97 121
97 148
97 171
97 175
98 99
98 109
98 116
98 121
98 983
98 143
98 171
98 984
98 175
98 985
98 205
987 124
988 167
989 172
99 106
99 109
99 127
99 990
99 143
99 151
99 171
99 189
99 205
991 162
992 177
993 192
994 3
995 158
996 162
997 149
998 161
999 114
100 1000
100 121
100 148
100 1001
100 1002
101 111
101 131
101 1003
101 154
101 157
101 774
101 168
101 176
101 183
101 194
101 195
101 197
101 202
102 124
102 167
102 172
102 1004
103 1005
103 113
103 1006
103 1007
103 127
103 151
103 178
103 187
103 1008
1009 141
104 1010
104 174
104 178
104 196
104 1011
104 203
1013 162
105 140
105 142
105 155
105 1014
105 1015
105 1016
105 173
105 1017
105 184
105 185
105 190
105 1265
1018 153
1019 189
1020 201
986 1081
986 1021
986 1022
986 156
986 1023
986 1024
106 122
106 127
106 166
106 171
106 175
106 205
1025 192
1026 203
107 108
107 1027
107 1028
107 134
107 135
107 138
107 3
107 187
107 1029
108 1030
108 135
108 187
1031 128
1032 140
1033 176
1034 179
1035 146
1036 170
109 1037
109 151
109 1038
109 186
109 1039
109 1040
109 205
1041 152
1042 158
1043 162
1044 131
1045 186
1046 124
1048 142
1049 184
110 118
110 1050
110 144
110 148
110 1051
110 1052
111 131
111 174
111 178
111 183
111 197
111 202
112 120
112 150
112 165
112 190
112 195
112 200
112 1265
112 202
112 204
1053 142
113 127
113 151
113 178
113 1054
113 1055
1056 145
1057 156
1058 131
1059 143
1060 153
1061 175
1062 1260
1063 189
1064 1081
114 1066
114 123
114 1067
114 1068
114 1069
114 1070
115 1071
115 125
115 137
115 152
115 1072
115 1073
115 1074
115 185
115 191
115 1075
1076 142
116 118
116 166
116 171
116 205
1077 182
117 1078
117 1047
117 140
117 142
117 1079
117 184
117 1080
118 121
118 144
118 159
118 160
1082 162
1083 192
119 130
119 1084
119 154
119 157
119 168
119 1085
119 194
120 124
120 160
120 172
120 1086
120 190
120 195
120 200
120 1265
120 204
1087 131
1088 142
1089 155
1090 173
1091 147
1092 138
1093 3
121 1094
121 1095
121 159
121 1096
121 1097
121 1098
121 1099
121 1100
1101 147
1102 166
1103 206
122 127
122 153
122 175
122 1104
122 193
123 134
123 1105
123 1106
123 1107
123 1108
123 193
123 1109
1110 133
1111 162
124 1112
124 774
124 167
124 172
124 1113
1114 127
1115 187
1116 157
1117 194
125 137
125 1118
125 163
125 1119
125 185
125 1120
125 191
125 1121
126 1122
126 1123
126 141
126 1124
126 1125
126 1126
126 1127
126 1186
126 1128
1129 1012
1130 174
1131 206
127 134
127 178
127 187
127 188
127 193
127 205
128 876
128 137
128 161
128 163
128 176
128 1132
128 179
128 1133
128 1134
128 1135
1136 130
1137 154
1138 177
1139 181
1140 183
129 1141
129 1142
129 1143
129 1144
129 1145
129 199
129 201
1065 152
1065 1146
1065 165
1065 200
130 146
130 149
130 154
130 169
130 181
130 198
1081 156
1081 1147
1148 3
1149 162
131 1150
131 1151
131 1152
131 183
131 186
131 1153
131 194
131 1154
131 197
132 136
132 150
132 1155
132 1156
132 1157
132 198
133 159
133 167
133 1158
1159 157
1160 194
1161 169
134 138
134 1162
134 182
134 187
134 188
134 193
134 1163
1164 203
1165 1047
1166 142
1167 876
1168 184
1047 876
1047 140
1047 142
1047 1169
1047 1170
1047 179
1047 184
1171 159
1172 167
1173 1012
1174 162
1175 192
1176 203
876 137
876 140
876 163
876 1177
876 179
876 184
876 185
876 1178
135 3
1179 147
1180 148
136 139
136 146
136 149
136 1181
136 1182
136 198
136 1183
1184 143
1185 151
1187 194
137 139
137 152
137 163
137 179
137 185
137 191
137 200
138 141
138 1188
138 1189
138 1190
3 162
139 163
139 1191
139 202
140 176
140 1192
140 179
140 184
140 185
140 1193
140 190
140 200
1194 151
1195 143
1196 1260
141 1197
141 1198
141 1199
141 1200
142 155
142 173
142 184
142 1201
1202 156
143 1203
143 171
143 175
143 1260
143 189
144 159
144 160
144 180
144 1204
145 156
145 159
145 180
145 1205
1206 156
146 149
146 169
146 198
147 1207
147 166
147 1208
147 1209
148 1210
148 1211
1212 1186
1213 157
1214 774
1215 176
1216 194
150 1217
150 165
150 195
150 198
150 202
150 203
1218 158
151 186
151 1219
152 165
152 1220
152 185
152 1221
152 200
153 175
153 1222
153 189
154 157
154 181
154 183
154 194
155 173
155 1223
1012 182
1012 188
156 1224
156 1225
156 1226
157 1227
157 168
157 176
157 1228
157 194
158 1229
1230 170
159 167
159 1231
159 1232
159 180
160 172
160 1233
160 195
160 1265
160 204
161 163
161 1234
161 1235
1236 191
1237 182
1238 188
162 192
162 1239
163 179
163 191
163 1240
163 1241
774 176
774 195
164 1242
164 170
164 199
164 201
165 1243
165 200
165 1265
166 171
166 175
167 172
167 1244
1245 168
1246 176
168 176
168 1247
168 202
169 177
169 181
169 198
1248 170
1249 199
1250 184
1251 185
1252 190
1253 200
1254 173
170 1255
170 1256
170 1257
170 199
170 201
1258 198
171 175
171 205
1259 186
1261 189
1262 1260
1263 189
173 184
173 1264
1266 204
174 178
174 1267
174 206
1260 189
176 179
1268 182
1269 184
178 187
178 188
178 196
178 205
1270 179
1271 206
1272 191
1186 193
179 184
179 185
179 1273
179 1274
179 200
1275 180
1276 114
1277 191
180 1278
180 1279
181 183
181 198
181 202
182 188
182 1280
182 1281
183 194
183 197
184 185
184 190
185 1282
185 190
185 200
186 1283
186 1284
187 188
187 193
1285 193
114 1286
188 193
1287 194
1288 199
190 200
190 1265
191 1289
192 1290
192 1291
192 1293
193 1292
194 1294
1295 199
1296 201
195 202
195 204
196 203
197 202
198 202
199 201
200 1265
1297 203
1265 1298
