1286 2443 0
-0.0661635053687317 0.1853241144634158 -0.1159350687118107
-0.2269042994224168 -0.3984841146077605 -0.2503894867120894
-0.0044291075018435 -0.4011172829210202 -0.3780303358640834
-0.3839088549165947 0.2232958842814276 -0.3833632059089342
-0.1381735492678569 0.2272082184657712 -0.4576190026253247
0.4691208725128757 0.3790064008061869 -0.2043767793774615
-0.4571031466549692 -0.2961266192281041 -0.3189821795165198
-0.3356568921727462 -0.0904655998908641 -0.3323324664874264
0.3403277341885553 0.0554798204347326 -0.3320573120197152
0.3965332731723222 -0.3445120313311025 0.0326329903146545
0.3540901575800430 -0.1127777915045878 0.4333678878220995
0.4146401965609281 0.3633735633136814 -0.2431529744196729
0.1941659176561203 -0.3031553465521781 0.3651550060289374
-0.3671273177564070 -0.4602218243370798 -0.0948882581281973
0.1974080081995848 -0.2535411261883643 0.1099179631459928
-0.1187266284326930 -0.2697386817414159 -0.0890980203951419
0.1047356020215394 -0.2063156997260038 0.3707030511699702
0.2395443948806268 0.4969574872134739 -0.0477602477402442
-0.4629112018307999 0.2231491600432944 0.1210432022119408
0.1731618590647256 -0.3919468152586003 0.3352181988759533
-0.1576370311487957 -0.3226915954444672 0.3403792659243490
-0.1795606984240974 -0.1135706888629951 -0.3804889380265549
0.0137465245012242 0.2877830363294835 0.0994292096639310
0.3677157103106037 0.1329233715760823 0.4231836676768919
-0.3449720584986143 -0.1981651262389092 0.4454991605104416
-0.3192012760770820 -0.0289069689986021 0.0459910130142898
0.1256769728060052 -0.1983056581299650 0.1536184280903316
-0.1937504006766235 -0.1700912148556545 0.3201852752912661
0.1155714096757770 -0.0798667844392785 -0.0584958887535936
-0.4794079937781520 0.1948997180079795 -0.0617846891952946
-0.2496219947577996 -0.3212111089491122 -0.3018941994616811
-0.4104321322524381 0.2586681023496656 0.2588335846225405
0.4217157640562100 0.4999846247187431 0.3361580667621953
-0.2503694136334508 -0.2821456743318451 0.2844666033042729
-0.2967160020571012 -0.4527433659563764 0.3581046772956452
0.2323031840068347 0.0830950213441105 0.2586162348990862
0.4520731279281628 -0.0568272088962097 0.3693814340481342
-0.4037364456266836 -0.2144663377424326 -0.2005958998026466
-0.1442000914065251 -0.3387641889072452 0.4550599684523748
-0.0838379132646998 0.4455470437806500 0.4148486069693806
0.2984380353936649 0.0873532564118362 -0.3501567823195849
0.2782180588093063 -0.3560731576327029 0.3976030343055254
0.4781705146798415 -0.4521903319240853 0.1597858752846303
0.1733258187616989 -0.1644956834135203 -0.3098037241650669
-0.0338350748896207 -0.3441386800810844 -0.4060161728533362
0.2471148167737028 -0.3093335517828062 -0.0091941597574688
0.3130752914859647 -0.1367222775807762 -0.2623139762398501
0.3809739140268343 0.3078748178009045 -0.1372115752753996
0.4436367493877609 0.3931140345397137 0.3415609566729473
-0.2376751184985716 0.3241026366968137 -0.1327904790590801
-0.0672368544038593 -0.1513968245219177 -0.1819887376688835
0.1844179588373999 0.0636065884145960 0.0495928770277153
-0.2827206019263466 -0.4006570481077987 -0.1764679823647703
-0.3246869271162985 0.1230189649296620 0.3240306926977600
0.0856379961860282 0.3621208313992358 0.4297634281941455
-0.3084430120670115 -0.3648035038612992 -0.4174030682409509
-0.3184655603093962 -0.3543706676074134 -0.4010126015388127
-0.3162541816610742 0.4241382295362308 -0.0279691804904980
0.4752338941943960 -0.1102972382607311 0.1523623376113856
0.0413771360713892 0.4693634685823408 0.4310246609270259
-0.2750693443848408 -0.4614760575638201 -0.2454611963823549
0.2565107781472199 0.3292047238143845 0.2527574528470149
0.1555278169798851 0.3865243462299580 -0.0736397911743540
0.4312271182551146 -0.2591136109540844 0.0339601146745081
-0.0985229768116563 -0.2306506778391503 -0.2913607442180990
-0.1939904450168519 -0.2398899788543088 0.0485878508104255
0.2437303218354182 -0.1051901158804231 0.3978022124593294
0.4750490334300360 -0.0197782074216584 -0.4175096674717800
-0.2676808682650895 -0.3225013751775224 0.0077369611965120
-0.0939166640407612 0.4269737173576659 -0.3311184102999841
0.0195483800840523 0.2504137236525734 -0.3116779938805542
0.2202448534070092 -0.2719451124831947 0.4140229768397959
-0.2986278945025617 -0.1885950726428865 0.2750987036494363
-0.1943929581222048 0.1195777616902810 -0.3878008061281910
-0.3594378217952044 0.2853147088212604 0.1955204702528280
0.0800020705011576 -0.2003346069643354 0.2408162280320867
-0.0895475235317788 0.2185994232844162 -0.0161693102585702
-0.1381773265537837 -0.0298687520522849 0.0332535801263375
0.4549841006520939 -0.1155994793516468 -0.2070757504736389
0.3938640963560339 0.4768255244757856 0.4502820578795957
0.4663629875349828 -0.0448601435253489 0.3463563213405965
-0.0827281125642121 -0.2812012112664034 0.2744033487033430
-0.2934876003549640 0.0837990997653078 0.0784193650428048
-0.2957274750330618 0.3957646224595209 0.3978059564626493
0.0019890474118564 -0.0342360096565641 -0.0143938196992706
-0.1198673538882521 0.3424250498033048 -0.4634789372035513
0.1853641106044130 -0.4512857062956012 0.0721872169749558
0.3410300769489084 0.1046940240510006 -0.2041687494265873
0.0530602302796376 0.0332944722787666 0.0427357699201940
-0.3178376987820227 0.2360781212756667 0.3073684055109305
0.4126248612266748 0.2664705624341251 -0.4611241282748094
0.4254230949863375 -0.0241348767660502 0.1288706670029872
-0.4413359780015825 -0.3630018267005354 0.2893402636640373
-0.1369053848674773 0.1648915848111489 0.1846558363517338
0.2505606369835815 0.3860717997390761 -0.0426041225014729
-0.2415227573628744 -0.2609717363364334 0.4134736742232885
-0.2868693383438404 0.4827472198623871 -0.3565860312610631
-0.3977583116730539 0.4169147057229932 0.2801147545444362
-0.4254349652219118 0.2429942302584798 -0.4393786412108578
0.4342587303387009 -0.1507741864061296 0.2176615670878540
-0.4834449208141850 -0.2843146266147284 -0.2593724371111661
0.4808625096666043 -0.2977883500699868 -0.4550628122755530
-0.3290632372538571 0.2306039368666433 -0.1636899701425786
0.0480734168514998 -0.0236982224827630 0.3762508190949798
-0.2645401985025345 -0.3646529954429138 0.1948808207455810
-0.2978211716471642 0.1262637956217212 -0.0497367025409498
0.2551669858421912 -0.1299790656531876 -0.2877229933874387
-0.1430473588137044 0.2550404063143827 0.3506717331025676
-0.0504290728361425 -0.1467138139562172 -0.0415422535891646
-0.3106423285416230 -0.1089431129902101 0.1220425354207267
0.3192583100673261 -0.4381402002419848 -0.1379415620095457
0.4823119847096991 -0.3716723760889295 0.1108755959603457
0.3283456474660033 0.1591404294154367 -0.4771963282617346
0.4609281986186820 -0.1561430049912775 -0.4010820133759233
0.0908626833736674 0.1634074319456933 -0.2489787698682313
-0.2349170069682053 -0.4846099282607508 0.0715178902799067
-0.3826077733941682 -0.4610636273491010 0.0294491861784651
-0.2019682837816485 -0.0313987835463192 0.4174391254334310
0.1761656623677204 0.0744224980690550 0.1103573447784087
0.4481547743189575 -0.4791561636715319 -0.0443280337781385
-0.2041190809085819 0.1000771876584897 0.3441952126902753
-0.3642079410261254 0.3531609884541034 0.1117024843192451
-0.2017812970754585 0.2264369917077879 0.1967172803450771
-0.4413502510008088 0.2217851421030956 0.2152649514568160
-0.2882801913419270 -0.4626537283421189 -0.0623901752615029
-0.3638566088121519 -0.0499027557263393 -0.3213569702057674
0.0669035443014619 -0.0857042223155512 0.1420570679982188
-0.3830931479978136 0.3325796053338274 -0.1583248982070134
0.1526154975925457 -0.2601562543237390 -0.4201669215831146
-0.3070466303753690 0.3833255909100807 -0.2297500140766547
0.1621694212312776 -0.3887626225435551 0.3887781690191342
0.0425312079742526 -0.2698163142224936 0.2955873522387191
-0.0112885017044581 0.1620666484067179 -0.1909894609485554
0.2046352438151339 0.2086988044595712 -0.4758503322695557
-0.3579020613839763 -0.2404326191594930 0.1210993478173318
0.1462092260570587 -0.2393892959171688 -0.1350203213564444
-0.0442005882424523 0.0813111845062775 0.3003848003770391
-0.0922054657280349 0.0643619342868087 0.3999935021941003
-0.4168706852837653 0.2627970972828889 0.3812235688487073
0.3986030732816022 -0.0976129308981500 -0.3192279095423515
-0.1014500114140762 0.3080189321349926 -0.0039583999056702
-0.2091844276558290 0.3241279573892265 -0.4507354956700038
0.0503368735665448 0.4739349792693865 -0.1009577642218880
0.4704971883146499 -0.2477896183810742 0.4135205201518916
-0.2799121283019188 -0.0842146930916579 -0.3658902367267453
0.0585431845535897 0.2425010539424240 -0.2918384303954034
0.0271028046270357 0.0632879018307666 -0.0041737768547627
-0.4296980256258578 -0.3534173133499522 0.0616185295478469
0.0238391800947482 -0.3386139973161646 -0.2873657352922868
-0.2652314437542743 -0.2747620582235916 -0.1762211033187718
0.4318570500182029 -0.2556489928112857 -0.1098669654380879
0.2797234525613044 0.1670825637633979 0.3071469986021491
-0.3810743209260194 0.1748440491639598 0.0190447093212914
0.2679750826019643 0.0761517612803578 0.2006825387907101
-0.3377820081659482 -0.2803508118957725 -0.4365897386208422
-0.0213067847098368 -0.1749153169794978 -0.2310581562823839
-0.3057636758030757 0.1641921514383325 -0.1209699103075447
-0.0676843545177860 0.1481938112676274 -0.2830742642783722
0.2669847242363738 -0.4605584290825133 0.3752954239082114
0.0287760080871466 -0.4068568933932032 -0.2999482044074691
-0.1824812812099902 0.3229903813609802 -0.3139782967232947
-0.4641543621305245 0.1004400858711276 -0.4290529851866405
-0.3109747172081476 -0.1184405832129033 -0.0402530560517675
0.4028216610247011 0.3878571037839368 -0.1874095463342510
0.4564751676729881 -0.4185213234765700 -0.3973220714248277
0.4445779285096596 -0.0358532647423345 -0.4128132084767948
0.0752912397774903 0.2074332026772736 0.3509572827190058
-0.1760941163447139 -0.2852164547691926 0.3180990736893624
0.2719206680719171 0.0722521471932238 0.2873322630407972
-0.4032258774417765 -0.4435036057464480 0.1468279553493028
-0.3418595880480920 -0.1752898866960040 0.0476646421273600
0.2504548021071885 -0.0728621610649397 -0.3966466293080166
-0.3339295015327311 0.0636676868755318 -0.1685363137722085
-0.0952198401519047 -0.2467431157029860 0.1993116706772359
-0.0488497189832802 0.3936012293662559 -0.0220512914496027
0.0390510693152557 -0.3487178973664812 -0.1687304982603469
-0.3290867876264471 0.1787731083486811 0.3584262858822377
-0.2709491284875583 -0.0615546753637180 -0.0120757653116162
-0.2429105248773308 0.4524625983481780 0.4524684840376570
-0.0491391335526310 -0.1861855184935095 -0.0879816676469864
-0.0813236576973531 -0.1179114563029659 0.1687452665247386
-0.4090798487247460 -0.2212371294495155 -0.4672646861189178
-0.0883510372909915 -0.3586065591609369 -0.2491205362813671
0.0357918110779696 -0.2554822786175062 -0.1001442864197594
0.4267415003126573 -0.0892003092348978 -0.3648845692432060
-0.3071976814465729 -0.0802122743761502 -0.1149701980120226
-0.1749780092051769 -0.2379239733099709 -0.3185631361316048
0.4157358994821788 0.3115324722701170 -0.3202368929538633
-0.4432586938903900 0.4215392971786384 0.2613272827094929
0.3791735616615106 -0.0464268738680836 -0.0733680430716929
-0.1580790890621287 -0.3285565993901463 0.2579075324408214
-0.1535462646994989 -0.2305523226723602 0.0623770518209474
0.3180554278657567 -0.2613266965913930 -0.0867352745591176
0.3916988705478288 -0.0048766417224766 0.2345581856204067
-0.4261578726239590 -0.3820240977326312 0.3799520502820127
0.0261514817449656 -0.2720109668441700 -0.3710170017981361
-0.4184741652919149 0.0702394319504537 0.4769799357833529
0.0945440353308512 -0.2135067079397945 0.4756620724611068
-0.2417700643749827 -0.4724162033563175 0.4690870621431302
-0.0681433309678873 0.4682086360772421 -0.3794786450732593
0.2405937146788562 -0.1420942107215214 -0.3689928127702510
0.0668492519688133 -0.3803408512223315 -0.4733909659302199
0.3499992099759338 -0.3624354967016954 -0.0987702959040345
0.3179380074072777 0.0173996405212626 0.2173703483986832
-0.3011587376166144 -0.1499670209302637 0.2545614920522151
0.1171347102909691 -0.1447582966102439 -0.0092308722488834
0.3349307116398955 -0.3355242244798793 -0.3779291503964778
-0.0059333195374711 -0.4086766290935674 0.0135327187760679
0.3952717405581348 -0.3955103045127902 -0.0872392763595647
-0.2866404532526198 -0.0586514600131958 -0.0942549443633524
0.1435668510942033 0.2407778889808639 -0.4302792361820266
-0.1678749786783417 -0.0650751667236213 -0.2516613380612245
0.1958101867513319 0.0093685805014458 0.2579286931602681
0.1797026252007821 0.3200959491686053 -0.4153805871170037
0.2486182068777190 0.4114377564215883 -0.2233694140028779
0.4238071967783796 -0.4456305212214173 0.4410219002500109
-0.2573144420398660 -0.0052260112573204 -0.2159202803270087
-0.3488124549207268 0.3371967238193735 -0.1033499038144359
-0.1488154111704146 -0.0209028746480949 0.0643527245169035
-0.0264912918554511 0.1081729592202229 -0.0160848848880314
0.1070868467568094 -0.3257262025446195 -0.0616704093028390
0.1680025769007437 -0.4685579573852605 -0.2677029214952613
-0.1428909866362919 0.3393165393882933 0.2514642443154307
-0.1226537841952287 0.4434503548183752 -0.0270714466416334
0.0652059829046291 0.0856338130490847 -0.3823190473450333
0.2883637921057984 -0.4033886149966521 -0.3232908638964762
-0.4449671488882144 -0.0427302589583644 -0.0002414033451763
0.4318427814722744 -0.0182175041619038 -0.0656275116366386
-0.0894139867519806 -0.4717917575468639 -0.3462226770488668
-0.2668460336401793 -0.1733749946800819 -0.4224646263092451
0.2042018587252477 0.1378758143515283 0.0308809768917802
-0.1398667605468328 -0.3376356183560845 0.1251347194049079
0.1980502015650086 -0.2708096722399863 0.0239714009987424
0.3224774188659056 -0.0415903719544260 -0.3932624272997802
-0.3428875205655033 0.1449175521773887 -0.2313498496074414
0.2656488328122847 0.1166878188447429 -0.4798801981684714
-0.3141187000464528 0.0414917178129442 0.1326184270528707
-0.3423895779718265 -0.3141848226452534 0.2752575734588515
-0.1237251927416931 -0.1660191393322500 0.2780263317589920
-0.3246302745012910 -0.2849503466024311 -0.3057240545682887
-0.1196217824523149 0.3442007853615673 -0.5000000000000000
-0.3371978731868122 -0.1045764597969901 -0.5000000000000000
-0.3103234561431109 -0.1627328829032876 -0.5000000000000000
0.5000000000000000 0.3940022403013760 -0.1268361730031806
0.5000000000000000 0.3930702814789532 -0.1173433981148069
0.5000000000000000 0.3956443056049225 -0.1194974036858842
0.5000000000000000 0.3939532068113739 -0.0497108322024921
-0.2327086996901500 -0.5000000000000000 -0.2251538541616092
-0.1948803729195388 -0.5000000000000000 -0.0430678792310273
-0.0880930950492157 -0.5000000000000000 -0.1803562638286006
-0.3741148595316862 -0.4709995305882064 -0.5000000000000000
-0.2596874918685623 -0.4705970251394144 -0.5000000000000000
0.0460855470522994 -0.5000000000000000 -0.3528768783181491
-0.0036768883057307 -0.3672446246062860 -0.5000000000000000
-0.1297026309455989 -0.3350573241798768 -0.5000000000000000
-0.0306629465184412 -0.4219788703572963 -0.5000000000000000
-0.0004124455484728 -0.5000000000000000 -0.3439716097762900
-0.3171645884021914 -0.1719290511580235 0.5000000000000000
-0.2965761252506497 -0.1577799340069205 0.5000000000000000
-0.2969121723720168 -0.1518373000198916 0.5000000000000000
-0.4680274901667252 0.1855961232605358 -0.5000000000000000
-0.5000000000000000 0.1950805497018458 -0.3578058963428740
-0.3256611208802759 0.2866215126562131 -0.5000000000000000
-0.3825700530724876 0.1618337528189036 -0.5000000000000000
-0.2157868707379770 0.2674518622613665 -0.5000000000000000
-0.1559753413273015 0.2272495336659041 -0.5000000000000000
-0.1406958893725850 0.2352227311139240 -0.5000000000000000
-0.2763046676368823 0.1805114052084293 -0.5000000000000000
-0.0057494452178849 0.0018593932441670 0.5000000000000000
-0.1448741266673912 -0.0078542572252582 0.5000000000000000
-0.0775566358219689 0.0478088839325652 0.5000000000000000
0.5000000000000000 0.4004748687510909 -0.2196291397258643
0.4787037639563944 0.5000000000000000 -0.2351586851128091
0.5000000000000000 0.3666506184228847 -0.1398800088463945
0.5000000000000000 0.4284716049340652 -0.2409072164127621
0.5000000000000000 0.3747014117458332 -0.1841765754151765
0.5000000000000000 0.3256173844781372 -0.2455162286603060
0.5000000000000000 0.3353997183680538 -0.0846395266938350
0.5000000000000000 0.3788617160421768 -0.3034490799982398
0.1830426930675654 -0.3751796688891349 0.5000000000000000
0.1109883555759797 -0.2338327444221933 0.5000000000000000
-0.4255923515707111 -0.3183833725570759 -0.5000000000000000
-0.4555264533500136 -0.4066118957370173 -0.5000000000000000
-0.4661852940645114 -0.1573712936262197 -0.5000000000000000
-0.5000000000000000 -0.3007675899598022 -0.3551180796302545
-0.5000000000000000 -0.2911570347000513 -0.4548642334830859
-0.5000000000000000 -0.3543952423577802 -0.3435717888726083
0.4033008945948444 0.2556643154595387 -0.5000000000000000
0.3481629513547422 0.1851431030356907 -0.5000000000000000
0.2656814167677675 0.2195336827742539 -0.5000000000000000
-0.4562954609669292 -0.1415441652905182 -0.5000000000000000
-0.3622207532768005 -0.0087896708205641 -0.5000000000000000
0.2792760249099337 0.0597868854842073 -0.5000000000000000
0.3144479856140221 0.1459820658239619 -0.5000000000000000
0.2817952850060719 0.0033020243879583 -0.5000000000000000
0.2609173814112096 0.1101227137585458 -0.5000000000000000
0.5000000000000000 -0.3334043478988671 0.2345878503729795
0.5000000000000000 -0.2564160152176170 0.4330701117160222
0.5000000000000000 -0.2751523063066810 0.4671362750615308
0.5000000000000000 -0.0561933260870320 -0.3790631436060317
0.5000000000000000 -0.1293577273278030 -0.2379153594897509
0.5000000000000000 -0.1533196730607405 -0.3554356997793616
0.5000000000000000 -0.0885015513891466 -0.3515028456307072
0.5000000000000000 -0.1211142382584880 -0.3201107189298870
0.5000000000000000 0.0294655927614097 -0.2410050414529272
0.3711548234159784 0.0421252809342228 -0.5000000000000000
0.5000000000000000 0.0761917221109974 -0.0844214666447768
0.5000000000000000 -0.0305015987454998 -0.0691532130693530
0.3828626861822392 -0.1265922146128172 0.5000000000000000
-0.2171760525637656 0.1084782036379716 -0.5000000000000000
-0.0269383486579814 0.0830973765421746 -0.5000000000000000
0.5000000000000000 -0.2570014853591249 0.2859546940264712
0.5000000000000000 -0.3706947124678378 0.4128196520341736
-0.4358851801631899 0.2470167041032558 -0.5000000000000000
0.1258928810634501 -0.0161661015463663 0.5000000000000000
-0.2722868074135223 0.4024699552274079 0.5000000000000000
-0.2406306277468914 0.4442116066048230 0.5000000000000000
0.4830111414392076 -0.0605794025031842 0.5000000000000000
0.3560274447959962 -0.1559089554414194 0.5000000000000000
0.3485526012942065 -0.2841609295862441 0.5000000000000000
0.4345425489752704 -0.1790033697339216 0.5000000000000000
0.3243006957521035 -0.0893152045084634 0.5000000000000000
0.3786085731638019 -0.0961364531843676 0.5000000000000000
0.5000000000000000 -0.3763926719456921 0.1059793057802672
0.5000000000000000 -0.4591659113520524 -0.0109113210998790
0.4641362362793667 0.5000000000000000 -0.2468562960633519
0.5000000000000000 0.4452465142478546 -0.2650786618838263
0.3263294895539406 0.4342826556791094 -0.5000000000000000
0.3342929085048723 0.5000000000000000 -0.3816155855234580
0.2093976818124081 0.4204327453855857 -0.5000000000000000
0.5000000000000000 0.3759121468481986 -0.3430978455109165
0.2670199059297779 -0.3057465883225096 0.5000000000000000
0.1177902774301654 -0.3348562710495119 0.5000000000000000
-0.5000000000000000 -0.4540998696743798 0.2826956554271798
-0.4883334311103528 -0.5000000000000000 0.2167247982180841
-0.5000000000000000 -0.4732527894564490 0.3226691957626807
-0.3835902269525190 -0.5000000000000000 -0.0874706803739641
-0.3372255534820872 -0.5000000000000000 -0.1091981478432044
-0.5000000000000000 -0.4218108745312524 -0.0898539890460573
-0.5000000000000000 -0.4619457591530546 -0.2787674588407351
-0.4193983503929603 -0.5000000000000000 -0.1397257959772294
-0.1281109646495548 0.3530201529998735 -0.5000000000000000
0.5000000000000000 -0.4471505639053707 0.1704637485893445
0.5000000000000000 -0.3735989757005725 0.1233754659213621
0.3463936346599438 -0.2956013244227235 0.5000000000000000
0.5000000000000000 -0.1243875667813274 0.1796101822328028
0.5000000000000000 -0.2413120072205632 0.1325415986337484
0.5000000000000000 -0.1679170759166399 0.2549333547756201
0.3026840008334657 -0.1848078198852166 0.5000000000000000
0.1183087520309174 -0.1586607745626744 0.5000000000000000
0.1074008027373759 -0.3230392754941312 0.5000000000000000
0.0619206559644582 -0.3865700762420169 -0.5000000000000000
0.2091814115362240 0.1457996402559918 -0.4939521382959566
0.2950633951178487 0.1642004017245371 -0.5000000000000000
0.1945699925719197 0.2040675804805620 -0.5000000000000000
0.2464354997070136 0.1285870598166921 -0.5000000000000000
0.5000000000000000 0.4744714257657339 0.0642831199046817
0.5000000000000000 -0.1522363947764600 0.3733356572761678
0.5000000000000000 -0.2374157127974510 0.2567392635175077
0.5000000000000000 -0.1987879331867689 0.3192877175859883
0.5000000000000000 -0.3244235624947928 0.1968528949107420
0.5000000000000000 -0.2380081928471252 0.3970288489686067
-0.5000000000000000 0.2757475597328239 -0.0355689401245146
-0.5000000000000000 0.1880851069134791 0.0202404770513299
-0.5000000000000000 0.1503531882390393 0.1684185879949008
-0.5000000000000000 0.2343113049277900 0.1519057771304699
-0.5000000000000000 0.1933608542671268 0.1380878369718563
-0.5000000000000000 0.2296444181978615 0.0954872966322492
-0.5000000000000000 0.2157164078591124 0.0872285210722272
-0.5000000000000000 0.2420760214404563 0.1007416830605663
-0.5000000000000000 0.2343353967407848 0.1057249290493870
-0.5000000000000000 0.2252606727214111 0.0812199224574711
0.2423698437187490 -0.5000000000000000 0.2953640136845400
0.0292130815628229 -0.5000000000000000 0.2202411910669941
0.1105273822214812 -0.5000000000000000 0.3198976690054979
0.1534870579763944 -0.5000000000000000 0.3856257482652402
-0.0497467085313442 -0.3255295823829040 0.5000000000000000
-0.1013168294370981 -0.3279664949454237 0.5000000000000000
0.0812747070291000 -0.3373876379664095 0.5000000000000000
0.5000000000000000 -0.4092443152356346 0.3362598431139269
0.5000000000000000 -0.3733961622314579 0.2954481082054957
0.5000000000000000 -0.3279285496974849 0.4532404566781938
0.5000000000000000 -0.3881792259179567 0.4700093607338369
0.5000000000000000 -0.3538613624316777 0.4797318762837813
0.2775126374364538 0.1441489568659285 0.5000000000000000
0.2362361005712722 0.1409113247628161 0.5000000000000000
0.1954982114067654 0.1113735184558290 0.5000000000000000
0.1952180314141479 0.1391668846240416 0.5000000000000000
0.2433414805948607 0.1519380189065039 0.5000000000000000
0.2063212581902403 0.1602021522945240 0.5000000000000000
0.2417237760882064 0.1384273459797659 0.5000000000000000
0.2316657074219237 0.1316956003980250 0.5000000000000000
-0.1807882318741944 -0.0970861608697747 -0.5000000000000000
-0.2342345754536353 -0.0732901968018612 -0.5000000000000000
-0.1816381644590265 -0.1175391452236932 -0.5000000000000000
0.1010748117990628 -0.1608047279722248 -0.5000000000000000
0.1161494351100528 -0.2303027811296418 -0.5000000000000000
0.0263337936278135 -0.2263674252071503 -0.5000000000000000
-0.5000000000000000 -0.2295373526682934 -0.2982573291647792
-0.5000000000000000 -0.2824643156253142 -0.2778783322873624
0.4908865741241984 -0.0006386715680188 0.5000000000000000
0.5000000000000000 0.2247124185994552 0.4720033204948274
0.3873698178542067 0.1998176727758283 0.5000000000000000
0.4190259902705518 0.1284640048121675 0.5000000000000000
0.4062150473088902 0.1682616776421253 0.5000000000000000
0.5000000000000000 0.1871619455823766 0.4480915082366314
0.3946117150660792 0.1354721941963699 0.5000000000000000
0.3271571997423713 -0.0108259850579463 0.5000000000000000
0.3907683328016479 0.0776155689673637 0.5000000000000000
0.3676119485274525 0.1003711391378838 0.5000000000000000
-0.5000000000000000 -0.1942321098585547 0.4223725494999503
-0.5000000000000000 -0.0533021044119417 0.3166383946429385
-0.5000000000000000 -0.1834896405719572 0.0552614469344195
-0.3653829844108503 -0.1619003349620095 0.5000000000000000
-0.5000000000000000 -0.2111427215492495 0.2739472925533666
-0.2821542599955079 -0.2056377063035553 0.5000000000000000
-0.2981575678532595 -0.1344749208587586 0.5000000000000000
0.5000000000000000 -0.0349323938015394 0.3838260626122473
-0.2620876515793400 -0.5000000000000000 0.0507281515002712
-0.3941489818452619 -0.5000000000000000 -0.0008208050184228
0.5000000000000000 -0.0475648579114802 0.4655730346515645
0.5000000000000000 -0.0433033362027441 0.4416366220136909
0.5000000000000000 0.4645407361557218 -0.1257325817725785
-0.2694296206322509 -0.3076875513392006 0.5000000000000000
-0.3724720818900411 -0.3810499670646849 0.5000000000000000
-0.1456208458535767 -0.1563590290191452 0.5000000000000000
-0.1109738531902593 -0.2029380824101242 0.5000000000000000
-0.1990417784127804 -0.2025758071866338 0.5000000000000000
-0.2350877913590160 -0.0919552373157525 0.5000000000000000
-0.4242091321879296 -0.4987219819835650 -0.4584058576823125
-0.5000000000000000 0.2450428396227241 -0.1028515396599301
-0.5000000000000000 0.1929764908003820 -0.0934682905642625
-0.5000000000000000 0.1792307897796738 -0.0763215104850561
-0.5000000000000000 0.1651732945571678 -0.0959335859011335
-0.5000000000000000 0.1907162140248439 -0.1048518590093638
-0.5000000000000000 0.1997159401001512 -0.0632820530789309
-0.4329124749548726 -0.5000000000000000 -0.0129679009374188
-0.1974497631166450 -0.3096792815490658 -0.5000000000000000
-0.0390793649600927 0.2741239207711362 -0.5000000000000000
-0.0692897807061986 0.2980211986584163 -0.5000000000000000
-0.0364926934249871 0.2736971372244555 -0.5000000000000000
-0.0476522609582221 0.3010665174463620 -0.5000000000000000
-0.0063316098419081 0.2691248994381893 -0.5000000000000000
-0.0056180155282232 0.2839700563511639 -0.5000000000000000
0.4576286984085798 0.5000000000000000 -0.2291133255260019
-0.3978961454818807 -0.3302967206222094 -0.5000000000000000
-0.4029524379645153 -0.3271507630763273 -0.5000000000000000
-0.4001033385865027 -0.3105867243115951 -0.5000000000000000
-0.4166572309125715 -0.2809220638089861 -0.5000000000000000
-0.4118642204025163 -0.3174110479311001 -0.5000000000000000
-0.5000000000000000 0.2550879441035500 0.2253789336386656
-0.5000000000000000 0.2776007548127616 0.1629329002111993
0.3511741174912342 -0.5000000000000000 0.2327937475224637
0.2319483099944775 -0.5000000000000000 0.1979733028275946
0.2650920289972903 -0.5000000000000000 0.3251504555755204
0.3240577271594728 -0.5000000000000000 0.3428083199210865
0.5000000000000000 0.4999472268237992 0.3333698856909628
0.5000000000000000 0.4233785162276091 0.3378042686963239
0.5000000000000000 0.3969009646100758 0.1804732103319588
-0.5000000000000000 -0.3970589942884050 0.2597159759704550
-0.5000000000000000 -0.4155483570849425 0.3148157445348712
0.4673978070694390 0.4749023845832257 0.5000000000000000
0.5000000000000000 0.4777856958089557 0.1174812603991287
0.1487015617584485 0.3996930031466592 0.5000000000000000
0.1199477332416168 0.4671971849846957 0.5000000000000000
0.2559783725771344 0.4197856707404293 0.5000000000000000
0.3532026675857721 0.4728896147634745 0.5000000000000000
0.0989607897352859 -0.2134153082037910 0.5000000000000000
0.1662297108788272 -0.4140671243835410 0.5000000000000000
0.1443332520751942 -0.2574049145419089 -0.5000000000000000
0.2579500233036409 -0.3156616330328896 -0.5000000000000000
-0.4686704778007980 0.2071511278958137 -0.5000000000000000
-0.4931540204653327 0.1281708086385395 -0.5000000000000000
-0.4666540618512570 0.5000000000000000 0.3165293468894639
-0.4662740739670748 0.5000000000000000 0.3182313801913159
-0.4655555764977402 0.5000000000000000 0.3174636423383518
-0.4668048588788105 0.5000000000000000 0.3164540151857000
-0.4406261900817124 -0.4619415619702097 -0.5000000000000000
-0.5000000000000000 -0.4810552138400002 -0.4252918519340145
-0.4070761806653031 -0.4882462220814218 -0.5000000000000000
-0.4458122564965069 -0.5000000000000000 -0.4728165776948405
0.5000000000000000 0.3932602622889074 0.3695273651463454
-0.3860610474408235 -0.5000000000000000 0.4243395715261247
-0.2578808673167629 -0.5000000000000000 0.2305063326704644
-0.3302169635022803 -0.5000000000000000 0.3392738799708104
-0.2582354099560494 -0.4333374855172626 0.5000000000000000
-0.2081635620791241 -0.5000000000000000 0.4447420626781319
0.5000000000000000 -0.0932940716139710 0.4449039930828708
0.5000000000000000 -0.0612177410748911 0.3758589430666939
0.4508693952224790 -0.1797156835409244 0.5000000000000000
-0.2538272192204674 -0.5000000000000000 -0.2302391462554109
-0.2605029250314718 -0.5000000000000000 -0.1422879993186851
-0.1545559756029369 -0.5000000000000000 -0.2880682909833530
-0.2805474099638035 0.5000000000000000 -0.3503536905431137
-0.5000000000000000 -0.1030765172666467 -0.4116483834112813
-0.4639548536319768 -0.1492631818836276 -0.5000000000000000
-0.5000000000000000 -0.1868462717671377 -0.3776819033704925
-0.5000000000000000 -0.2358516905673038 -0.1791731341744342
-0.5000000000000000 -0.1235508733634445 -0.1823206007829445
-0.5000000000000000 -0.2480889974464709 -0.2456442833209542
0.4651729367423034 -0.5000000000000000 -0.0450060513003963
-0.1443974099442397 -0.3223154984162201 0.5000000000000000
-0.1296179935848349 -0.3115016130967580 0.5000000000000000
-0.0957169294347458 -0.3355974999496263 0.5000000000000000
-0.1174076407323165 -0.3352792655848464 0.5000000000000000
-0.1199935483046335 -0.3065522860284935 0.5000000000000000
-0.1753478616751818 -0.3671973304689181 0.5000000000000000
-0.1855680263180841 -0.5000000000000000 0.4636233125727056
-0.1427857352270089 -0.3342670580788258 0.5000000000000000
0.0598389365856239 -0.5000000000000000 -0.1356386632987906
0.0490753779711249 -0.5000000000000000 -0.3453095059628492
0.0525220207789554 -0.5000000000000000 -0.3599565509425215
0.0799006197174671 -0.5000000000000000 -0.3300428739536881
0.1446107578110306 0.5000000000000000 0.4282428122043592
0.1074585262529199 0.5000000000000000 0.4292502346125697
0.1652766689082238 0.5000000000000000 0.4084241405880375
0.2692906740471390 0.5000000000000000 0.4387225507192090
0.1070515240517861 0.5000000000000000 0.1890002385386632
0.1197543647401068 0.5000000000000000 0.3523950263776218
0.0776855729508795 0.5000000000000000 0.3027119451827515
0.5000000000000000 -0.4916512749443989 -0.4188576721326972
-0.2059403956245999 -0.2636075231467399 0.5000000000000000
0.2841238329692979 -0.3191925022209786 0.5000000000000000
0.2669254999617119 -0.2963624699257053 0.5000000000000000
0.2562037928540556 -0.3263238010859641 0.5000000000000000
0.1725604177049067 -0.2513378769533881 0.5000000000000000
-0.0245997852828975 -0.1153479630795898 -0.5000000000000000
-0.1892685161114343 0.0363143516771417 -0.5000000000000000
-0.1136939156677290 0.2210021706075637 -0.4986564832708239
-0.0429845931503916 0.0149152503384737 -0.5000000000000000
-0.0651700577662706 0.4533166426536414 0.5000000000000000
-0.0343916131842314 0.4826782603027497 0.5000000000000000
-0.0385503843912842 0.4176844931947082 0.5000000000000000
-0.0785083132794565 0.4517072300186339 0.5000000000000000
-0.3346618986009247 0.5000000000000000 0.1567380108603375
-0.1025659175759263 0.5000000000000000 0.3549357929460533
-0.0745057927243550 0.4182025042422977 0.5000000000000000
-0.0745975595764241 0.5000000000000000 0.4271143754185892
-0.1037539884212692 0.5000000000000000 0.4592500655776479
-0.0141628889964042 0.3573343925381947 0.5000000000000000
0.2091033363874491 -0.0198509790305767 -0.5000000000000000
0.1711491812912333 0.0967410415113483 -0.5000000000000000
0.3451329497100845 -0.2987029840647506 0.5000000000000000
0.3363054263478483 -0.3945288702459193 0.5000000000000000
0.5000000000000000 -0.0122038084094636 -0.3678500167349453
0.5000000000000000 -0.0718664487231412 -0.2013767056462580
0.5000000000000000 0.0642770919931236 -0.2883427915074981
0.5000000000000000 -0.0377888471401374 -0.2505602458487932
0.5000000000000000 -0.0164155234392583 -0.3275263357982884
0.5000000000000000 -0.0422879689481637 -0.2861138529838275
-0.5000000000000000 0.3334680034244880 -0.1440012906223345
-0.5000000000000000 0.2967860078409574 -0.2427082114384947
-0.5000000000000000 0.3053629732031044 -0.1631617795604514
-0.5000000000000000 0.3248611342269291 -0.1130852623888648
-0.5000000000000000 0.3214444170784891 -0.1620948001530843
-0.5000000000000000 0.3216694721196816 -0.1531272201781247
0.5000000000000000 -0.4938769362641579 -0.3835056835303342
0.3969935786997213 -0.5000000000000000 0.0515600046690222
0.2076454426830494 -0.5000000000000000 -0.0061088453142103
0.2897438151859510 -0.5000000000000000 -0.1418121525361472
0.4097395213275729 -0.5000000000000000 -0.0640759762576514
0.1890419389099789 -0.5000000000000000 -0.2359710247802713
0.4313908843321569 -0.5000000000000000 0.1053012194758324
0.4958476755927813 -0.5000000000000000 0.1972845037149340
0.5000000000000000 -0.4880984288768747 0.1743700816118439
0.5000000000000000 -0.4560354221921987 0.1500149004032105
0.5000000000000000 -0.4649930004407272 0.2085183529370253
0.5000000000000000 -0.4531599582903303 0.1945194725019531
0.5000000000000000 -0.4268012474151912 0.1645792801125941
0.4698402321374379 -0.5000000000000000 0.1475660781920715
0.1826855827781935 -0.0695658070883475 -0.5000000000000000
-0.0835354708458743 -0.1324005861853738 -0.5000000000000000
0.0675767827595765 -0.1080420909662326 -0.5000000000000000
-0.0072416535681949 -0.1973122732313486 -0.5000000000000000
-0.0155027709404595 -0.3475712255161904 -0.5000000000000000
-0.1299399125663026 -0.3200687090942654 -0.5000000000000000
-0.0452403675103326 -0.3834791701352149 -0.5000000000000000
-0.0782322572866465 -0.2972479933889473 -0.5000000000000000
0.5000000000000000 -0.1646420529021542 -0.1760628451607620
0.5000000000000000 0.2686561924684988 -0.2583262110682960
0.5000000000000000 0.0828848387644577 -0.0808515650788964
0.5000000000000000 0.2778789034182486 0.0356198988288694
-0.4014183795042531 -0.3440879532735653 0.5000000000000000
-0.3938311234007569 0.5000000000000000 -0.0867844722032427
-0.1123608426846880 -0.4894350930194900 -0.5000000000000000
0.4623816580682815 0.3872228878853323 -0.5000000000000000
0.4645763603349450 0.3929979224018100 -0.5000000000000000
0.4709439483858550 0.4564858238725510 0.5000000000000000
0.5000000000000000 0.3532052237896022 0.4041122127920971
0.4293108625953578 0.3433417296714772 0.5000000000000000
0.5000000000000000 0.3692045019530453 0.3238695460060472
0.5000000000000000 0.3249029897148865 0.3904135048095677
0.5000000000000000 0.3904992692264035 0.3068149691217484
0.3165948315815050 0.1623321991463391 -0.5000000000000000
0.2029196435744168 0.2077887236937053 -0.5000000000000000
0.2597507781711865 0.1226260986229649 -0.5000000000000000
0.0633387999127450 0.5000000000000000 -0.0912773059391949
-0.0146967061449400 0.5000000000000000 -0.2778181848900578
-0.0216374684456692 0.5000000000000000 -0.0453875472265777
-0.2913982013109313 0.4991979982720735 -0.0935731269231066
-0.3818756831079137 0.5000000000000000 -0.2465428862241894
0.4666610933012234 -0.3118350207223863 -0.5000000000000000
-0.4190552290889891 -0.5000000000000000 0.4303252821095256
-0.4176065702049745 -0.5000000000000000 0.4388409510493286
-0.3521433063116692 -0.5000000000000000 0.4550432824275287
-0.1423504859277435 0.3501664251974427 -0.5000000000000000
-0.2253210468432235 0.3368485149072223 -0.5000000000000000
-0.2054274085497991 -0.5000000000000000 -0.0300975199148197
-0.4375153926813029 -0.4262526466827021 -0.5000000000000000
-0.5000000000000000 -0.4462195960765354 -0.3321264752295186
-0.5000000000000000 0.1384782941683359 -0.0168748842911546
-0.5000000000000000 0.0440477795748616 0.2770476066959023
-0.1728854275815526 0.0822509643432483 0.5000000000000000
-0.1859164224677768 0.1348864614509234 0.5000000000000000
-0.2672950213070368 -0.0197809308982375 0.5000000000000000
-0.3269588789687295 0.0971197528796187 0.5000000000000000
0.1490597174684322 0.2937696036703157 0.5000000000000000
0.1234619259657273 0.3376137194605570 0.5000000000000000
0.0955732538796083 0.3524707128579232 0.5000000000000000
0.0864634525214102 0.3138422241710168 0.5000000000000000
0.1769249380710445 -0.5000000000000000 -0.3257836464486813
0.1391857834175154 -0.5000000000000000 -0.3758180859165097
0.1531668945003575 -0.5000000000000000 -0.3367159882489337
0.1637871219796208 -0.5000000000000000 -0.3602564347406131
-0.4098247881884453 -0.4092726594034886 -0.5000000000000000
-0.2321293061238413 -0.3292324619714431 -0.5000000000000000
-0.3693366669829318 -0.4478401220588040 -0.5000000000000000
-0.3196499763700819 -0.3426227146394121 -0.5000000000000000
-0.2898906450901642 -0.4290797525207648 -0.5000000000000000
-0.5000000000000000 -0.4646841639766853 -0.0275277371767717
-0.5000000000000000 -0.4569314584123520 0.0267473745533618
0.5000000000000000 -0.2306972431241940 0.4566348719541737
-0.4180209548710856 -0.4088352825678115 -0.5000000000000000
-0.3997089678018013 0.5000000000000000 0.0497843978672364
-0.2539633047817143 0.5000000000000000 0.0604664399873243
-0.5000000000000000 0.4010625141647056 -0.2532181874803667
-0.4642542606283978 0.5000000000000000 -0.2276412033569140
-0.0821672377818502 0.5000000000000000 -0.4229673369854472
0.5000000000000000 -0.0659938926593179 0.1867073964167155
0.5000000000000000 -0.1103121866117683 0.1090467047523563
0.5000000000000000 -0.1160243962404978 0.1856540836684189
0.5000000000000000 -0.0896399936702844 0.2540021041950335
0.5000000000000000 -0.0678686031099843 0.0360859913081888
0.1146584434324594 -0.3294263315058325 -0.5000000000000000
0.0697262877468593 -0.3844225824259619 -0.5000000000000000
0.1418771110003739 -0.3984047590690070 -0.5000000000000000
0.2457239477267728 -0.3328199842678817 -0.5000000000000000
-0.2201760922809616 -0.5000000000000000 -0.0890657136437046
-0.2158843936741355 -0.5000000000000000 0.0441060368518952
-0.2258201434656776 -0.5000000000000000 -0.0214800353621658
-0.1513761281465386 -0.5000000000000000 0.0055010639218031
-0.1817994782415909 -0.5000000000000000 0.0184737833090352
0.0294366058265276 0.4706880322950019 0.5000000000000000
0.0453259369402165 0.4942156318154548 0.5000000000000000
0.0585641609201214 0.4419268670912176 0.5000000000000000
0.0497133170319763 0.5000000000000000 0.4633884868223098
0.1171991081013813 0.4970162608928774 0.5000000000000000
0.0053892679152585 0.5000000000000000 0.3892309951690572
0.0245034380750744 0.5000000000000000 0.4177139496126733
0.0016478171758475 0.5000000000000000 0.4339171113423380
-0.2795599283149116 -0.5000000000000000 -0.2042082952425467
-0.2969978837871897 -0.5000000000000000 -0.3533564550652677
-0.3798815697717579 -0.4782738866906580 -0.5000000000000000
-0.2718911971205206 -0.4867017859742007 -0.5000000000000000
0.3651425411871150 0.3131552908919320 0.5000000000000000
0.1983864762735131 0.2631670208884861 0.5000000000000000
0.2315175449618166 0.5000000000000000 0.2658033087503864
-0.2447723124092602 -0.5000000000000000 0.0330242005837921
-0.2879279362058913 -0.5000000000000000 -0.0878371097962439
0.4434619128564711 0.4726217027368205 0.5000000000000000
0.1559132480826820 -0.5000000000000000 0.0665468399805986
0.0640857312101122 -0.4962378081908688 -0.0409965255313393
0.5000000000000000 -0.1790943786629300 0.0187639712440154
0.5000000000000000 -0.2536773860631311 -0.0754898416098072
0.5000000000000000 -0.2778253597315688 0.0950956169115446
-0.5000000000000000 -0.2967265743159128 0.1693304326725628
-0.5000000000000000 -0.2851176246684437 0.0408796549020109
-0.5000000000000000 -0.2457121442191624 0.1005602369828768
0.2134899038706872 -0.5000000000000000 0.0395435430413433
0.4282303734587242 -0.5000000000000000 -0.0456209430411272
-0.1665152002527847 -0.2913497890873326 -0.5000000000000000
-0.1609122133202176 -0.1488384789726614 -0.5000000000000000
-0.1277152745485605 -0.2261806507191399 -0.5000000000000000
0.4891786605718328 0.3872671966110426 0.1668649955899812
-0.5000000000000000 0.1519498946695663 -0.0730404293559715
-0.5000000000000000 0.0563241720300970 -0.0589781872019406
-0.5000000000000000 0.1219389810537194 -0.0603726689197464
0.4586779034462332 -0.5000000000000000 0.4022354477735631
-0.1798840895130377 -0.2497276224293068 0.5000000000000000
0.3278316541362297 -0.1598895023150317 0.5000000000000000
0.2918853741250201 -0.0841519982437859 0.5000000000000000
0.1593904427394138 -0.1311610272502238 0.5000000000000000
0.0556607363037614 -0.5000000000000000 0.1623080243989187
0.0523477699883450 -0.5000000000000000 0.0036739238092554
0.0122317442376107 -0.5000000000000000 0.2509993635960901
0.0011797110490343 -0.5000000000000000 0.1659142371253697
-0.5000000000000000 0.0875421580193462 -0.1303247302364126
-0.5000000000000000 0.0963600729210637 -0.1560747286838464
-0.5000000000000000 0.0496638080966645 -0.2225520998834548
-0.5000000000000000 0.1151588699565585 -0.1213230848139845
-0.5000000000000000 0.0956306017673521 -0.3303091252235329
-0.5000000000000000 0.0824864917291587 -0.1802592549902792
-0.5000000000000000 0.0240542241445758 -0.0937589255065996
-0.5000000000000000 0.1027566570455096 -0.1959684435640356
-0.5000000000000000 0.0780573275481790 -0.1136460986147712
0.4759786596223615 -0.0386471245076596 -0.5000000000000000
0.5000000000000000 -0.0171944930265674 -0.4296217421714542
0.4377966973761900 0.0037964926319947 -0.5000000000000000
0.5000000000000000 0.0120457490244984 -0.4079247806779240
0.5000000000000000 -0.0294954420330677 -0.4064809861000149
0.4701658693151763 0.0434952888464494 -0.5000000000000000
0.4220694879257842 -0.0460316669219327 -0.5000000000000000
0.5000000000000000 -0.0383279672051076 -0.4391340695874519
0.5000000000000000 -0.0348163570666577 -0.3583199659224738
-0.0928591296748078 0.5000000000000000 -0.2718275744134757
-0.1687017061520476 0.4939450480591031 -0.5000000000000000
-0.1131628603393064 0.5000000000000000 -0.2934775060921389
-0.0291598925413809 0.2423047374216253 -0.5000000000000000
-0.5000000000000000 0.4419751172900062 0.1828474409552696
-0.3961493633556440 0.4673951843861252 0.4979473935014080
-0.0283564578148448 -0.3863955906594053 0.5000000000000000
0.3170636391563635 -0.2061004796845189 0.5000000000000000
0.3416132031282950 -0.2948643234809972 0.5000000000000000
0.2719736278765983 -0.2609131342456802 0.5000000000000000
0.1559633369786141 -0.1863501256709351 0.5000000000000000
0.1269674743345139 -0.3275669837958506 0.5000000000000000
-0.5000000000000000 -0.1833814456466688 0.0530361893751409
-0.2243372025435166 -0.2089229929359276 0.5000000000000000
-0.4617209125669355 -0.4265330129136284 0.5000000000000000
-0.0940875304748582 0.5000000000000000 0.0173408236630933
-0.3748231910003512 0.5000000000000000 -0.1594502319062273
-0.2171145173708825 -0.5000000000000000 0.0964225802957754
-0.0084459986362639 -0.5000000000000000 0.2688526993306747
0.2097706989799880 0.5000000000000000 -0.3643957400810075
0.0619542144514516 0.5000000000000000 -0.4207709848472792
0.3228458722277806 0.1558380335846057 -0.5000000000000000
-0.2702475712717931 0.2552231980815262 -0.5000000000000000
-0.2408554424801675 0.0596686123075280 -0.5000000000000000
-0.2458801743652831 0.1346868320634424 -0.5000000000000000
-0.2665968919553675 0.0742349537303271 -0.5000000000000000
-0.2048672003968551 0.1657746883384223 -0.5000000000000000
-0.2998748521808922 0.0672556093720105 -0.5000000000000000
-0.3400260247916859 0.1390691136285753 -0.5000000000000000
0.1062027532657564 -0.5000000000000000 0.3377876042421823
0.1892041406622070 -0.5000000000000000 0.3492292027829588
0.0182266698769078 -0.4892106988941265 0.2827877743089821
0.1491876658738606 -0.5000000000000000 0.4060765896886054
0.2199432002849975 -0.5000000000000000 0.3906698044288313
0.0372747894454779 -0.5000000000000000 0.3035133581096592
0.4665827792186020 -0.1331220144193903 -0.5000000000000000
-0.5000000000000000 0.2127984826670549 -0.3965575940541522
-0.5000000000000000 0.1927301719791705 -0.2673534563801128
-0.5000000000000000 0.2478210459722943 -0.2489178543977020
-0.5000000000000000 0.1172297632204613 -0.4055288830386201
-0.5000000000000000 0.1588091720828307 -0.2916892889429434
-0.5000000000000000 0.2947464245027926 0.1089139261252408
0.4009928091075456 0.4269053701227665 0.5000000000000000
0.3648784318578111 0.2519761872560776 0.5000000000000000
-0.5000000000000000 0.0549299967356112 0.4211586383488745
0.5000000000000000 -0.1133285288898673 -0.1150619111194665
0.5000000000000000 -0.1522565170879884 -0.1790602713188650
0.5000000000000000 -0.0599524725127033 -0.0863388441298583
0.5000000000000000 -0.1083662498665053 -0.1824560149240566
0.4276545368888489 0.5000000000000000 0.4738135120972969
-0.3175382174736724 0.5000000000000000 -0.3985029753002798
0.4117996977977980 0.4894028887117641 0.5000000000000000
0.3821019878155346 0.5000000000000000 0.4366107404805376
0.3611668480401798 0.4968259895487080 0.5000000000000000
0.3842702678102452 0.5000000000000000 0.4896502503792841
0.3631558896931845 0.5000000000000000 0.4200447259928186
0.4137755041348282 0.4996182569437667 0.5000000000000000
0.4173698484367488 0.5000000000000000 0.4986280863472762
0.5000000000000000 -0.0223217655281342 0.2975157453489944
0.5000000000000000 -0.0548823276932608 0.3639496581296675
0.5000000000000000 0.0307989467285613 0.3797358142162953
0.5000000000000000 -0.3180331901751687 -0.4261508914395582
0.5000000000000000 -0.4211556698155315 -0.3595868642667504
0.0939078002286651 -0.3348112273549108 0.5000000000000000
0.4425084239908797 -0.5000000000000000 -0.0612452065048857
-0.3936939189481153 -0.5000000000000000 0.1727243925842925
0.1693312852462458 0.4028261192160741 -0.5000000000000000
0.1252846799780245 0.4018809647796769 -0.5000000000000000
0.1656328319946865 0.3746561621018926 -0.5000000000000000
0.1684471209193997 0.3910251061627580 -0.5000000000000000
0.0363788345848295 -0.2766847076907042 0.4958733528458143
0.1027873899824704 -0.2188884965545655 0.5000000000000000
-0.5000000000000000 -0.2803036045827212 0.3494204733561106
-0.5000000000000000 -0.1947260319974123 0.4354412668185694
-0.5000000000000000 -0.2792183274654141 0.3979461233356860
-0.3527585102389290 0.3499182912178366 0.5000000000000000
-0.2309276012933438 0.3770489904011605 0.5000000000000000
-0.2651788784709392 0.3383100684464772 0.5000000000000000
-0.1994249355267480 0.3292380941319381 -0.5000000000000000
-0.1469840177955133 0.4028256442088821 -0.5000000000000000
-0.1083625885009104 0.4090198503347552 -0.5000000000000000
-0.1392814956888725 0.3198608812339391 -0.5000000000000000
-0.1292982203934055 0.3049400274769780 -0.5000000000000000
-0.1402066912946568 0.3455816679221104 -0.5000000000000000
0.5000000000000000 0.4528297575820462 -0.2539200055304262
-0.3638653373383269 0.4110434801154060 -0.5000000000000000
-0.4334365720392995 0.2644153601311056 -0.5000000000000000
-0.3981756228750811 0.3477514161014213 -0.5000000000000000
0.1710226582521648 -0.1419809418581624 -0.5000000000000000
0.2033539176726370 -0.0558667294029391 -0.5000000000000000
0.1538628037032010 -0.0143565814802506 -0.5000000000000000
0.2228902654311322 -0.0470442912520605 -0.5000000000000000
0.2389720707132795 0.0620405532100084 -0.5000000000000000
0.5000000000000000 0.2245561297228612 -0.2802602225973268
0.5000000000000000 0.0771947073745333 -0.0818325048299363
0.5000000000000000 0.2271822295760024 0.0334905276172124
-0.5000000000000000 0.0040274408719786 0.2885978111006924
-0.5000000000000000 0.1265393888438139 0.2347979240700356
-0.5000000000000000 0.0391712068898168 0.3595022630434492
-0.5000000000000000 -0.0300203757381172 0.2572563654568421
-0.5000000000000000 -0.0185292237421588 0.1132476785840772
0.0465518085976689 -0.2608707506029973 0.5000000000000000
0.0541292647865473 -0.2919831909447024 0.5000000000000000
-0.1057596568665445 0.5000000000000000 -0.0098810312054315
0.2049924391159461 0.2360828529510315 0.5000000000000000
0.1627603576974445 0.2416421112935175 0.5000000000000000
0.0962454518469599 0.5000000000000000 -0.0984029163578624
0.2203002066443585 0.5000000000000000 -0.3269003734724555
0.0215347561084507 0.5000000000000000 -0.2899863030339842
-0.4507101072153947 0.2354874251315187 -0.5000000000000000
0.2759403144717000 -0.5000000000000000 0.4022894697786508
0.3625569212687969 -0.5000000000000000 0.4433472217018049
-0.2887451630854069 0.5000000000000000 -0.3115171016139318
-0.2203518408107547 0.5000000000000000 -0.2247229475413037
-0.2000310499503261 0.5000000000000000 -0.0718100507066662
-0.3609584026331860 0.3272937237514248 0.5000000000000000
-0.1804048012197383 0.1663700795632043 0.5000000000000000
-0.2625807518473255 0.2272248965321703 0.5000000000000000
0.3647641227623392 0.5000000000000000 -0.1340246294233525
0.2213569632461136 0.4955510648244058 -0.3444327134375392
0.2916651387762526 0.5000000000000000 -0.1576167889072297
0.3692171999232294 0.3419079829582603 -0.5000000000000000
0.3216576564089904 0.4402946661691010 -0.5000000000000000
0.3328403448717344 0.4170326017693610 -0.5000000000000000
0.1339352197939664 0.0277965094670577 0.5000000000000000
0.3351930953372284 0.5000000000000000 -0.3535060643757773
-0.1013925418236066 -0.5000000000000000 -0.3814704699603906
-0.5000000000000000 -0.0352513645184887 -0.4786641467630242
-0.5000000000000000 0.0545098369323034 -0.4733940633130199
-0.5000000000000000 -0.0360919508745184 -0.2546192310297107
0.5000000000000000 0.2588124462204370 -0.3510282488986146
0.2340886696089363 0.3995905355933587 -0.5000000000000000
0.3925303508922823 0.2652104402727851 -0.5000000000000000
0.2012803233344004 0.2791197801122347 -0.5000000000000000
0.4119006762215233 0.2708991812924232 -0.5000000000000000
0.5000000000000000 0.3583157388870712 -0.3832298516338053
0.0652350380569174 -0.3104310921179641 -0.5000000000000000
0.0063302439846270 -0.3244193364547627 -0.5000000000000000
0.0459297074119155 -0.3712491596656727 -0.5000000000000000
0.5000000000000000 -0.0057761997083914 0.2023692393039591
0.5000000000000000 -0.0523955021912048 0.3067679886377823
0.5000000000000000 0.0723353357280520 -0.0704277326502072
0.5000000000000000 0.1497695831067331 0.1161015104765679
0.5000000000000000 -0.0366524653264621 -0.0107576871476659
-0.5000000000000000 -0.1880329312463125 0.0575182002303162
-0.5000000000000000 -0.3780997567106996 0.1800329449795318
-0.3473067371665093 -0.5000000000000000 0.3306957556473717
-0.5000000000000000 -0.3899764134916900 0.2767470133289738
-0.5000000000000000 -0.3168143130780124 0.2405654801647466
0.5000000000000000 0.4677130067276670 0.0643456082147244
0.5000000000000000 0.2853952340891229 0.0827051753961343
-0.1627792950300891 -0.2451053008309103 0.5000000000000000
-0.2382128079076995 -0.3415416386632186 0.5000000000000000
-0.2013041084201418 -0.2843178796546291 0.5000000000000000
-0.2192280765971850 -0.2357633124731008 0.5000000000000000
-0.5000000000000000 0.2369228592500280 0.2090619786058827
-0.5000000000000000 0.2569433540296122 0.2781666609194409
-0.5000000000000000 0.3401093809883869 0.2330196286956139
-0.4678822369438695 -0.1540445476610492 -0.5000000000000000
-0.4590529441573005 -0.1387009291531063 -0.5000000000000000
-0.4483670939417164 -0.1399092658593467 -0.5000000000000000
-0.4489366799416611 -0.1694295139998878 -0.5000000000000000
-0.4349011606181934 -0.1504198655570060 -0.5000000000000000
-0.2983462013446952 0.3544040759598350 -0.5000000000000000
-0.3144051610990397 0.5000000000000000 -0.3409477776272061
-0.2802661499704865 0.5000000000000000 -0.3898278169524649
-0.2938597981525773 0.5000000000000000 -0.4376808558764295
-0.2496852308543713 0.5000000000000000 -0.4498481612121217
-0.2641708587622222 0.5000000000000000 -0.3394065052005565
-0.3023424011261465 0.5000000000000000 -0.3761931163252852
-0.5000000000000000 0.4074861601025294 -0.2958687162524358
-0.3581648435955066 0.4554329507002475 -0.5000000000000000
-0.4540834724482871 0.5000000000000000 -0.2399794435995091
-0.1662572905791456 -0.5000000000000000 -0.4024164296520514
-0.3695931798308872 0.3467414230952442 0.5000000000000000
-0.4160366821547066 0.5000000000000000 0.1073713569744684
-0.4256757097447502 0.5000000000000000 0.2131364173914000
-0.4224716742409361 0.5000000000000000 0.2947180548512037
-0.5000000000000000 -0.2883045995739557 -0.2855860813118563
-0.3560643713363890 0.2819345398584124 -0.5000000000000000
-0.4506623093557997 0.2512900218347071 -0.5000000000000000
-0.5000000000000000 0.2823521329370023 -0.4940922866927679
-0.3972842938969350 0.1790068580666087 -0.5000000000000000
-0.5000000000000000 0.3550800177118542 -0.3294474350706930
0.5000000000000000 -0.1496712254395473 0.2667392654403649
0.5000000000000000 -0.0916455640829059 0.3283249910687682
0.4499976412883837 -0.1904551851554215 0.5000000000000000
-0.2383137306061879 -0.5000000000000000 0.1554550375623494
-0.2340439288909872 -0.5000000000000000 0.0962697119644113
-0.2990995933463440 -0.5000000000000000 0.0944031268156122
-0.1445597585080526 -0.5000000000000000 0.2703180069343156
-0.2930413892657531 -0.5000000000000000 0.1465387308542465
-0.5000000000000000 -0.3188851288037827 -0.2120286369087747
-0.5000000000000000 -0.2804930091288603 -0.2446830595046456
-0.5000000000000000 -0.3149672533329529 -0.2816795362690821
-0.5000000000000000 -0.2999490195143844 -0.2423613041734622
-0.5000000000000000 -0.2878490434943148 -0.2617080933647509
-0.5000000000000000 -0.2853928763824969 -0.2647148812886838
-0.3028507050758423 0.3227780063689414 -0.5000000000000000
-0.2566747273362522 0.3180409510320131 -0.5000000000000000
-0.2779300529838753 0.3143945773742791 -0.5000000000000000
-0.3838507675382960 -0.2408453959939360 -0.4997487231196691
-0.2534470807201870 -0.2947236274187701 -0.5000000000000000
-0.1671370446050668 -0.3156188977286105 -0.5000000000000000
-0.1816835669430304 -0.2912060151463874 -0.5000000000000000
-0.1229400536234900 -0.2966106364565455 -0.5000000000000000
-0.1596466181031499 -0.3486600798028971 -0.5000000000000000
-0.2172233245365903 -0.2528266446240217 -0.5000000000000000
-0.4176562745812251 0.5000000000000000 0.4372467602724088
-0.5000000000000000 0.4343735809195688 0.4583144397864932
-0.5000000000000000 0.4812222447807811 0.4776083819646815
-0.4117272476429853 0.5000000000000000 0.4302959125407940
-0.1314997224329481 -0.4960213259144273 0.2884419377942113
-0.5000000000000000 0.2636876788090196 0.4372822201215744
-0.5000000000000000 0.3318738907270703 0.3780327649311017
-0.5000000000000000 0.1973331431605953 0.4699039220273359
0.3394270803586019 0.1367594783822838 -0.5000000000000000
0.4199962340660822 -0.0042500160812788 -0.5000000000000000
0.3567370568344214 -0.0035809975972843 -0.5000000000000000
0.2857240650058998 0.1033479412531062 -0.5000000000000000
0.5000000000000000 0.0015254070039254 0.2391748710588324
0.5000000000000000 -0.0041968571732340 0.1292382206672356
0.5000000000000000 -0.2795724994144390 -0.3247435778725442
0.4016584144261917 -0.3654094385560638 -0.5000000000000000
0.4610481581296546 -0.2868359809352686 -0.5000000000000000
0.5000000000000000 -0.2685740191436267 -0.4907410323677476
0.5000000000000000 -0.2890336246815298 -0.4240749140101597
0.4783259608278519 -0.2770459256447683 -0.5000000000000000
0.5000000000000000 -0.3199287713825226 -0.3631417678876227
0.4311104432007313 -0.2622676409147676 -0.5000000000000000
0.5000000000000000 -0.3232553096616549 -0.4586191533922577
0.4756849910528925 -0.3319626077040039 -0.5000000000000000
0.1893465809968914 0.2053616413622109 -0.5000000000000000
0.1300858904917065 0.2223530807964798 -0.5000000000000000
0.0626110393062423 -0.0024170412992810 0.5000000000000000
0.2507138861058693 -0.0650805065029052 0.5000000000000000
0.1032528244017721 -0.1111682342923501 0.5000000000000000
0.3543993340524780 -0.2936404601986148 0.5000000000000000
0.3779049367971670 -0.2945536081720706 0.5000000000000000
-0.5000000000000000 0.4029291016574081 -0.0199731087707247
-0.5000000000000000 0.4290245435200880 0.1298734115513033
-0.5000000000000000 0.1951782345936438 0.2436588649402323
-0.5000000000000000 0.2121840428506879 0.3447669342228345
-0.5000000000000000 0.1023309937855692 0.4000769971855562
-0.2100248869316088 0.4930405970313115 -0.2365860047333921
0.0147482738109086 0.5000000000000000 -0.1279005923456598
-0.0749740404250674 0.5000000000000000 -0.3299659830322598
-0.1096552786288402 0.5000000000000000 -0.1033373591585866
0.5000000000000000 0.2368248754026601 -0.3337546021070260
0.5000000000000000 0.2735780970399749 -0.3064174906078561
-0.3750824079707114 0.3258807857785536 0.5000000000000000
-0.3736101543732071 0.3466136105888627 0.5000000000000000
-0.1088140146668248 0.3496513342763951 0.5000000000000000
-0.1092734149775027 0.2775250413932921 0.5000000000000000
-0.0172112788019177 0.2403519032640137 0.5000000000000000
-0.1330122859320172 0.1777764330870790 0.5000000000000000
-0.1667303498385614 0.2395936847548036 0.5000000000000000
0.2082480094720890 0.4211847568094729 -0.5000000000000000
0.2048447711529265 0.4248082065731322 -0.5000000000000000
0.2115883573730691 0.4180228638375200 -0.5000000000000000
0.2024469655103515 0.4146087602626746 -0.5000000000000000
0.2052176605420685 0.4216387043522882 -0.5000000000000000
-0.5000000000000000 -0.1827276982071608 0.0518842153606343
0.2946407757446054 -0.5000000000000000 -0.2011336697913768
0.3627060373883899 -0.5000000000000000 -0.2188331451755406
0.5000000000000000 -0.3908838700734517 0.1122807091680837
0.5000000000000000 -0.3792031186261722 0.1436582537182022
0.5000000000000000 -0.3746171309485186 0.0602167832310081
0.5000000000000000 -0.3621212751284025 0.1220127537547818
-0.5000000000000000 0.0395749486110700 -0.4225447861127331
-0.5000000000000000 0.0956969562373911 -0.4445818770169047
-0.5000000000000000 0.0795105013497595 -0.3834071007518117
0.5000000000000000 0.1647744059572251 -0.4093145339947192
0.3510561081112522 0.1542576182616483 -0.5000000000000000
0.5000000000000000 0.0781842380020107 -0.0868181319305150
0.5000000000000000 -0.1637823302890930 -0.2428842211035537
0.5000000000000000 -0.2102477260523564 -0.2428562206662940
0.4333125632687934 -0.1886675939018553 -0.5000000000000000
0.5000000000000000 -0.1879639438954766 -0.4828629796537239
0.5000000000000000 -0.1828916725148276 -0.3633465211525071
0.4658478173193636 -0.1866079100229268 -0.5000000000000000
0.3868708691073492 -0.1599576865181964 -0.5000000000000000
0.4063880567013952 -0.1360294463912537 -0.5000000000000000
0.5000000000000000 -0.1403243977306914 -0.4362244811721496
-0.2912097758644394 -0.0550438721857985 -0.5000000000000000
-0.2793842397164658 -0.1223323945768083 -0.5000000000000000
-0.3795786769242426 0.5000000000000000 -0.2618919931877905
-0.0213739124948093 0.2296281373162711 -0.5000000000000000
-0.2539281546719009 -0.5000000000000000 0.0754421050868546
-0.1434109345963978 -0.5000000000000000 0.1230032981498291
-0.5000000000000000 -0.4232434520769773 -0.0565107673660734
-0.3995232231935918 -0.5000000000000000 0.0131825283776128
-0.4286859059181507 -0.5000000000000000 -0.0587753656975714
-0.3750433875888998 -0.5000000000000000 0.0507330644907895
-0.5000000000000000 0.4122519479919938 0.3029096613511655
-0.1555371367283250 0.0275876828955635 0.5000000000000000
-0.1702667438117731 -0.0618994015988805 0.5000000000000000
-0.1418403066794139 -0.1117987093536800 0.5000000000000000
0.0097140006051730 -0.1037060034609729 0.5000000000000000
-0.2015052358493049 -0.1307042933175412 0.5000000000000000
-0.2292578522850011 -0.0521952753565385 0.5000000000000000
0.4666648492114878 -0.5000000000000000 -0.0088055021977993
0.5000000000000000 -0.4747421093622315 0.0238362604011653
0.4550234064759351 -0.5000000000000000 -0.0589148367402500
0.4402914904517166 -0.5000000000000000 -0.0600443196488677
0.5000000000000000 -0.4866654378198117 -0.0301940556225957
0.5000000000000000 -0.4329842705506280 -0.0702826261635255
0.4239213369524255 -0.5000000000000000 -0.1287743261577966
0.4472676090485104 -0.5000000000000000 -0.0282748528368088
-0.1449763159807063 0.0773087384635686 0.5000000000000000
-0.1524186577440056 0.1271088416029454 0.5000000000000000
0.5000000000000000 -0.1778257874484331 -0.0479647710284950
0.5000000000000000 -0.0893555778176546 -0.0202609514174536
-0.4138465453795661 0.5000000000000000 0.0736117936549776
-0.5000000000000000 0.4524508535795669 -0.0105572075862532
-0.5000000000000000 0.3262614625853246 0.0711670722360158
-0.5000000000000000 -0.1839658782962170 0.0520656248134443
-0.5000000000000000 -0.1870633848656972 0.0515271520341635
-0.5000000000000000 -0.1832614115758152 0.0512655047974525
-0.5000000000000000 -0.1913916303575076 0.0330088165106736
-0.5000000000000000 -0.1830787365567598 0.0528968837767904
-0.5000000000000000 -0.1794328119881284 0.0498688307845009
-0.5000000000000000 -0.1846338520370862 0.0535146960420933
0.0035063036418028 -0.5000000000000000 -0.0975252368243318
0.0544755149534342 -0.5000000000000000 -0.0834081242955071
-0.5000000000000000 -0.3879983364435210 -0.0311080709521595
-0.5000000000000000 -0.4198688610532131 -0.0155624497406913
-0.2426029200855341 0.3953488625808614 -0.5000000000000000
-0.5000000000000000 0.1798565941997403 0.2133625682276692
-0.1111147974153957 -0.5000000000000000 -0.3513104970510098
0.1964737944428435 0.5000000000000000 -0.4427419088028804
-0.0548662503610094 0.0716754336365139 0.5000000000000000
-0.5000000000000000 -0.0265597636717049 -0.2366080161680069
-0.3714615038461979 0.0053805640876914 -0.5000000000000000
-0.5000000000000000 0.3848859060613436 -0.2626364388703935
-0.4661655826463577 0.5000000000000000 -0.2305327078516858
-0.1481972418198013 -0.1317843307010162 -0.5000000000000000
-0.1806264278437820 -0.1540151289007042 -0.5000000000000000
-0.1069684863696964 -0.1752103316860681 -0.5000000000000000
-0.0874549579878014 -0.0408742853128980 -0.5000000000000000
-0.2237857523215732 -0.1459816546075162 -0.5000000000000000
-0.4620296204779237 -0.2512556913227014 -0.5000000000000000
0.1177557018935945 -0.2633693563285576 -0.5000000000000000
-0.5000000000000000 0.3957057380579147 -0.2804134760525167
-0.3937857435873096 0.4025445192273446 -0.5000000000000000
-0.4650383686057597 0.5000000000000000 -0.2310843491792268
0.1346090886262588 -0.2182748626452351 0.5000000000000000
0.5000000000000000 0.3805362250273372 0.1798067152139303
0.5000000000000000 -0.1565902110223063 -0.1910197008191447
0.5000000000000000 -0.1863628972246975 -0.1551033100943092
0.5000000000000000 -0.1844690833582419 -0.1888084928752693
-0.2394051149569391 -0.5000000000000000 0.4914559636481468
0.5000000000000000 -0.2526415734283017 -0.1188125616290041
0.5000000000000000 -0.3191022528152838 -0.2340224292088386
0.5000000000000000 -0.2641591506908728 -0.1615914807168087
0.0779147132392255 -0.5000000000000000 0.3943820945160394
0.2546181654465689 -0.4457625374331757 0.5000000000000000
0.3133522187918575 -0.4019710670374511 0.5000000000000000
0.1152345039406500 -0.3458465082428922 0.5000000000000000
0.1025674154017085 -0.3335028769654143 0.5000000000000000
-0.1148367078548390 -0.5000000000000000 0.2989029427885465
0.0238108707601011 -0.5000000000000000 0.3073793588374129
0.0477159604322212 -0.3903103094445122 -0.5000000000000000
-0.0768352995155480 -0.4602511685306150 -0.5000000000000000
0.2183239128470876 -0.1719758788665143 -0.5000000000000000
0.5000000000000000 0.4607416377496897 0.0338644177002980
0.5000000000000000 0.4253606019821444 0.1246223688536356
0.5000000000000000 0.4693138465603808 0.0532677590765284
0.1811565259117165 0.1842829610877378 -0.5000000000000000
0.1740140550868073 0.2657856254969257 -0.5000000000000000
-0.2064841214350780 0.4550321251528570 0.5000000000000000
0.0239933443153519 0.0522731109480864 0.5000000000000000
0.0371078563419760 0.1716270283414233 0.5000000000000000
-0.1117525018468455 0.0672166028635318 0.5000000000000000
-0.0279113283034294 0.0507171537472972 0.5000000000000000
-0.0120604413802007 0.1372022689691256 0.5000000000000000
-0.1129050496988188 0.1079032922092867 0.5000000000000000
-0.3400414154353290 0.2466278666600652 0.5000000000000000
-0.3808148765046794 0.1843984778710321 0.5000000000000000
-0.4311856315129555 -0.5000000000000000 0.1377373269446069
0.0544252197686414 0.5000000000000000 -0.0776880367688857
0.0017890773748252 0.5000000000000000 0.0138776805934285
-0.0708416381078198 0.5000000000000000 -0.0023966866808799
0.3367217902180166 -0.1374919402269601 -0.5000000000000000
0.5000000000000000 -0.0476201199129166 -0.0808441552067095
0.4498649555485491 -0.4231276553856985 0.5000000000000000
-0.2057891114658997 0.4044798773193229 -0.5000000000000000
-0.1455565561563489 0.5000000000000000 -0.4921070424585443
-0.2115753061031672 0.3001716429132317 -0.5000000000000000
-0.1791165038374198 0.2880608606515877 -0.5000000000000000
-0.5000000000000000 -0.3135827836242339 -0.0295065643131191
-0.5000000000000000 -0.3749740886005526 0.0617264109374078
-0.5000000000000000 -0.4138603027943775 0.0954833788540588
-0.0907597908782111 -0.3695287481727554 0.5000000000000000
-0.1041416778294665 -0.3181718822561308 0.5000000000000000
-0.1895933177022074 -0.4270949455190938 0.5000000000000000
-0.3703736059408156 0.5000000000000000 0.1765002277105269
-0.4245433664235017 0.5000000000000000 0.1056172695102134
-0.3503610652351370 -0.5000000000000000 0.3009743559666487
-0.3471071415933217 -0.5000000000000000 0.3386782422745855
-0.3090326155316458 -0.5000000000000000 0.3758114554683440
0.0815296466743988 0.5000000000000000 -0.0299405915859811
0.0169723752861091 0.5000000000000000 -0.2394428646991684
0.4533989961784547 -0.1997897956089136 0.5000000000000000
-0.3216536157785655 -0.0432889355207378 -0.5000000000000000
-0.3394492396755794 -0.0125547911624446 -0.5000000000000000
-0.0235524344588713 0.2408530157571191 -0.5000000000000000
-0.5000000000000000 -0.3682364022276398 -0.0280207312162016
-0.5000000000000000 -0.2987809610304763 0.0215185028262017
0.3120263659969487 -0.4847062962820387 0.5000000000000000
0.4017728088106584 -0.4660565899997923 0.5000000000000000
0.5000000000000000 -0.3264440247993901 -0.1032703516305730
0.5000000000000000 -0.2756302955297532 0.0079289582269978
0.5000000000000000 0.2067208530934745 0.4203926181328824
0.5000000000000000 0.2473235091974455 0.1442722976239778
0.1243545904380888 0.1767392832032044 -0.5000000000000000
0.0868740877732585 0.0952126147926394 -0.5000000000000000
0.2332365994285627 0.1137509322578482 -0.5000000000000000
0.5000000000000000 0.1829046858839419 0.3934638137721865
0.5000000000000000 0.2320675111197207 0.1239985015922219
-0.3343009932380230 0.0698480552038100 0.5000000000000000
-0.3411493310054809 -0.2788538831054613 -0.5000000000000000
0.5000000000000000 0.1222373987667094 0.3631540647637083
0.5000000000000000 0.3653479420950329 0.2065655235212311
0.5000000000000000 0.2032345026764678 0.3673856947508604
0.1744981040965001 0.2823113913695550 -0.5000000000000000
0.1638199026376260 0.2777768844209865 -0.5000000000000000
0.1667233404087813 0.2840356017974973 -0.5000000000000000
-0.1091946225364553 -0.5000000000000000 0.3300160014511441
-0.1487599193933071 -0.5000000000000000 0.3418026907066198
0.0892707289962278 -0.3511002659371186 0.5000000000000000
-0.1226197244655057 -0.5000000000000000 0.2190003097983088
0.1672780011964232 -0.1647222238320389 -0.4930147926165930
0.0207386046298994 0.0498820962874826 -0.5000000000000000
0.3365734333621808 -0.4158117012820164 0.5000000000000000
-0.0727607692448359 -0.5000000000000000 -0.1838300682548862
0.0069071874850972 -0.5000000000000000 -0.3270765872352290
-0.5000000000000000 0.0810671393279212 0.4584584634568635
0.0009301820737725 0.1499291128257558 -0.5000000000000000
0.3588174200009422 -0.4359135189693539 -0.5000000000000000
0.3165517095510731 -0.4118467121666347 -0.5000000000000000
0.3039469114685276 -0.4353170491498318 -0.5000000000000000
0.2790903893346068 -0.3456809268354184 -0.5000000000000000
0.4495048236154787 -0.2464507613985265 0.5000000000000000
-0.4221156714791957 0.0673083015317567 -0.5000000000000000
-0.4079400316453843 0.1308069688873085 -0.5000000000000000
-0.4247945672566114 0.0678109730509573 0.5000000000000000
-0.4959103715012090 -0.2194650554173052 -0.0323913901386520
-0.5000000000000000 -0.0312411634986258 -0.0484904540814366
-0.1037553847882832 -0.2477247979371471 0.5000000000000000
0.0679470853161611 -0.2153337008926736 0.5000000000000000
-0.0804182917463081 -0.2041780071610811 0.5000000000000000
-0.0748640455605130 -0.5000000000000000 -0.1757621503546329
-0.0799334225861599 -0.5000000000000000 -0.1791400347429522
-0.0748535314932066 -0.5000000000000000 -0.1639284222354735
-0.0813463619127973 -0.5000000000000000 -0.2068729842912662
0.3392994829119240 0.5000000000000000 -0.2631489910923763
0.5000000000000000 -0.3636608842210938 -0.3578567924974369
0.5000000000000000 -0.4032206396243098 -0.2653492681453453
0.4576529752513168 -0.4276089507274810 -0.5000000000000000
0.4060669040636271 -0.5000000000000000 -0.3006853241437444
0.4506126474816154 -0.5000000000000000 -0.4334547961618107
0.3998232266582266 -0.0577035571857977 -0.5000000000000000
0.5000000000000000 -0.0566798813857789 -0.3094503397348235
0.0821707181746587 0.2186712451616218 0.5000000000000000
0.1918602359630552 0.5000000000000000 -0.3589386313236594
0.3033087093341736 -0.0556541244038313 0.5000000000000000
-0.4178792429624046 -0.5000000000000000 0.0846929675415695
-0.3853662548810253 -0.5000000000000000 0.1269114944459496
0.2941746058116878 -0.0659078296533246 0.5000000000000000
0.4662505031435119 -0.4589041631257119 0.5000000000000000
-0.0856642825896083 0.5000000000000000 -0.3457224433186872
-0.1284921366185690 0.5000000000000000 -0.1077553435692774
0.2705185467399799 -0.1147271584330818 -0.5000000000000000
-0.0866746172569631 0.4863994525467566 -0.5000000000000000
0.0028852846992382 0.4321291220201331 -0.5000000000000000
0.3761590165095501 -0.4186637519786215 0.5000000000000000
0.4221123082533121 -0.3224295541301236 0.5000000000000000
0.1010076425235000 -0.3502271791160619 0.5000000000000000
-0.0733495901198327 -0.5000000000000000 0.1830725968188556
0.0799683358397184 0.5000000000000000 0.1225549894376004
-0.1206792855566911 0.5000000000000000 -0.0108333561859041
-0.5000000000000000 0.4182036073364570 0.2140070432413644
-0.3461922648872647 -0.2004280958321369 0.4932099566637883
-0.1966737450879849 0.1531203111882305 0.5000000000000000
-0.2781996319005639 0.1940763109177911 0.5000000000000000
-0.3291182368069908 0.1303179312504670 0.5000000000000000
-0.3388621125271383 0.5000000000000000 0.3177601758842784
-0.2172919134291137 0.5000000000000000 0.3880507718553731
-0.2432239512423625 0.5000000000000000 0.4196737117776138
-0.2152673052721955 0.4345874965703167 0.5000000000000000
-0.1583064766610975 0.5000000000000000 0.4459524005379717
-0.2876282783188868 0.5000000000000000 0.4869543334475525
-0.1970920644638844 0.5000000000000000 0.4783184860728620
-0.2232348735033946 0.4618965000889007 0.5000000000000000
-0.3298751611845860 0.5000000000000000 0.3876976573576148
0.2744491993053857 0.5000000000000000 -0.2723732448377602
-0.5000000000000000 0.4062516692071783 0.2519453259657851
0.0989154769486764 -0.1395049688467463 0.5000000000000000
0.1878679952761677 -0.5000000000000000 -0.2768590341034720
-0.3147182462098973 -0.4050760184742681 0.5000000000000000
-0.2399594019135537 -0.4589701807865080 0.5000000000000000
-0.2646555960691676 -0.3918696207453506 0.5000000000000000
-0.3490902302043594 0.0223267547888236 -0.5000000000000000
-0.5000000000000000 0.4516397795603824 0.2460091790577731
0.5000000000000000 -0.4796105723661399 0.4409114285979700
-0.3540762569077946 -0.1865928617329531 0.5000000000000000
-0.3296180149611529 -0.2016865434462434 0.5000000000000000
-0.3751693380389589 -0.1990278854753620 0.5000000000000000
0.3576147846124392 -0.1286680379936851 -0.5000000000000000
0.3760222398275554 -0.0943584132845624 -0.5000000000000000
0.5000000000000000 -0.0907919216758881 -0.2633270700734279
-0.5000000000000000 0.4582107392744769 0.1096802826624573
0.5000000000000000 0.0855093076676246 -0.0883990320452510
0.5000000000000000 0.2824789385943587 -0.0508762122635824
0.5000000000000000 0.3661561761616648 -0.3573186782143215
-0.4431109327108534 0.5000000000000000 0.2071617838938641
-0.5000000000000000 0.4708439709933753 0.2404337275305604
-0.5000000000000000 0.3831410345370684 0.1884097508112266
-0.4027820012381282 -0.0119358679069592 0.5000000000000000
-0.3688746922201696 -0.1398048693017100 0.5000000000000000
-0.5000000000000000 -0.4073158789570949 0.3350001993279250
0.5000000000000000 -0.0402819510685812 -0.0456374042833080
-0.1301146854460563 0.5000000000000000 0.0454052180158571
0.0896542297519054 -0.3383045048672250 0.5000000000000000
0.5000000000000000 0.0722246751417139 -0.0786495385223226
0.2713383494651300 -0.3224315067810855 -0.4907339788348206
0.5000000000000000 -0.3717065580620429 -0.1681107080706216
0.5000000000000000 -0.3878490782470239 -0.0942360807152004
0.5000000000000000 -0.3878610034852943 -0.1445573694444745
0.5000000000000000 0.1805131969876425 0.1474776203182443
-0.0985183907403515 0.5000000000000000 0.0938784984567262
0.4000199219394707 -0.5000000000000000 0.4191121829059708
0.2683392554961728 -0.1537432826489459 -0.5000000000000000
0.3094910593846597 -0.0986935551083648 -0.5000000000000000
0.2742712241181599 -0.3085670760046964 -0.5000000000000000
-0.2031419032501944 -0.5000000000000000 0.4655475622210657
-0.5000000000000000 -0.3212106218239807 0.2890479998991054
-0.0549532914441068 -0.2492526448614924 -0.5000000000000000
-0.5000000000000000 0.0206782440650770 0.4979836563138464
-0.4080523246858074 0.0631534783007941 0.5000000000000000
-0.3701063540323198 0.0312697034104124 0.5000000000000000
-0.3974429422929087 0.0844552502524933 0.5000000000000000
-0.4078315913831277 0.0704579229235232 0.5000000000000000
0.2518982347707341 -0.4313158087176581 -0.5000000000000000
0.2467496713267361 -0.4381250831188271 -0.5000000000000000
0.2577839146323387 -0.3831103962430649 -0.5000000000000000
0.1046346988748695 -0.1882370460801805 0.5000000000000000
0.1021988814461324 -0.2861729038740176 0.5000000000000000
0.1106537829745719 -0.2227441863083009 0.5000000000000000
-0.0657069880902581 -0.5000000000000000 -0.4047318562930055
-0.0560066226626941 0.5000000000000000 -0.4186534383162192
-0.0898027387125384 0.5000000000000000 -0.3962827838275462
0.0820124455298605 -0.1463058371226691 0.5000000000000000
0.4495216332535534 -0.2907026402741523 0.4911850689301275
0.3181878060004091 -0.0642751143124108 -0.5000000000000000
-0.2233900925726155 -0.2007344492565151 0.5000000000000000
-0.2584765242192005 -0.0826680444890688 0.5000000000000000
0.5000000000000000 0.3619258243623302 0.1544959243896650
-0.1067552598802571 -0.5000000000000000 0.1335636331141650
0.3880336830996954 -0.5000000000000000 -0.2200386621603055
0.0283954749258291 0.2406196920130319 -0.5000000000000000
0.5000000000000000 0.2470800119231974 0.0965973593953733
-0.2911601646128119 -0.1851310765872827 -0.5000000000000000
0.5000000000000000 -0.0352827998014122 -0.0464886797430311
-0.3693803711063973 0.1293249239043855 -0.5000000000000000
-0.3779560568590130 0.1447352849547827 -0.5000000000000000
-0.0125495781438213 0.2002808567719495 -0.5000000000000000
0.3610611252597044 -0.5000000000000000 -0.2773601860965755
-0.2063230371290356 -0.4868190807369731 -0.5000000000000000
-0.0430326993696701 -0.5000000000000000 -0.3403502854284496
-0.1133449336125563 -0.5000000000000000 0.1399240354253199
240 85
241 144
242 229
243 5
244 47
245 163
246 683
0 3
0 22
0 49
0 70
0 73
0 76
0 102
0 132
0 140
0 156
0 157
0 160
0 174
0 216
0 219
0 230
0 234
1 15
1 30
1 247
1 52
1 55
1 56
1 248
1 60
1 149
1 249
1 250
1 182
1 207
1 228
1 251
2 252
2 44
2 253
2 254
2 255
2 148
2 159
2 182
2 201
2 221
2 228
2 256
257 24
258 72
259 204
3 260
3 49
3 73
3 261
3 98
3 262
3 102
3 127
3 129
3 160
3 161
3 263
3 234
4 70
4 73
4 528
4 85
4 264
4 141
4 157
4 160
4 265
4 266
4 267
268 103
269 117
270 137
5 11
5 271
5 272
5 273
5 47
5 274
5 275
5 276
5 163
5 187
5 277
5 278
279 130
280 197
6 13
6 281
6 429
6 37
6 52
6 56
6 68
6 282
6 283
6 284
6 100
6 285
6 149
6 286
6 181
6 239
287 90
288 112
289 133
7 37
7 290
7 125
7 144
7 149
7 291
7 181
7 185
7 211
7 216
7 229
7 239
292 8
293 112
294 233
295 235
296 111
297 143
298 1268
299 67
300 78
301 113
302 165
303 184
8 40
8 304
8 67
8 87
8 305
8 112
8 139
8 165
8 171
8 189
8 306
8 307
8 227
8 233
8 235
308 10
309 73
310 224
9 311
9 312
9 42
9 45
9 63
9 86
9 99
9 110
9 111
9 143
9 150
9 192
9 202
9 208
9 215
313 98
314 103
315 83
316 178
10 14
10 23
10 317
10 26
10 36
10 66
10 71
10 318
10 99
10 319
10 143
10 320
10 168
10 321
10 322
10 193
10 203
10 205
10 212
323 111
324 119
11 325
11 47
11 326
11 327
11 328
11 329
11 163
11 187
11 213
11 214
11 330
12 14
12 16
12 19
12 26
12 331
12 41
12 71
12 75
12 130
12 131
12 207
12 332
333 92
334 169
335 194
13 336
13 429
13 52
13 60
13 337
13 68
13 100
13 115
13 116
13 338
13 124
13 147
13 339
13 340
341 85
342 42
343 111
14 19
14 26
14 41
14 45
14 71
14 86
14 99
14 344
14 143
14 183
14 205
14 207
14 1268
14 220
14 232
345 58
346 63
347 99
15 26
15 30
15 52
15 64
15 65
15 75
15 108
15 131
15 149
15 173
15 179
15 182
15 183
15 186
15 191
15 207
15 211
15 231
16 66
16 71
16 348
16 75
16 103
16 126
16 131
16 173
16 180
16 197
16 349
16 350
16 238
351 201
353 112
354 133
355 235
17 32
17 61
17 62
17 94
17 356
17 142
17 833
17 199
17 683
17 214
357 36
358 63
359 99
360 111
361 143
18 29
18 31
18 362
18 53
18 363
18 74
18 364
18 89
18 365
18 121
18 123
18 152
18 366
18 367
18 368
18 369
18 370
18 371
18 236
19 372
19 41
19 373
19 374
19 375
19 86
19 130
19 131
19 158
19 745
19 207
19 220
20 33
20 38
20 376
20 81
20 784
20 104
20 377
20 926
20 167
20 190
20 378
379 42
380 111
381 143
382 215
383 1268
384 23
385 35
386 103
387 136
388 151
389 166
390 168
391 212
21 28
21 392
21 50
21 64
21 73
21 393
21 394
21 144
21 155
21 157
21 186
21 211
21 224
21 229
395 43
396 128
397 195
398 37
399 100
22 35
22 54
22 61
22 62
22 70
22 76
22 93
22 118
22 132
22 140
22 151
22 166
22 174
22 219
22 222
22 230
23 400
23 35
23 36
23 48
23 61
23 401
23 402
23 80
23 403
23 404
23 151
23 153
23 405
23 406
23 168
23 407
23 408
23 193
23 203
23 409
24 72
24 410
24 411
24 92
24 95
24 412
24 1197
24 413
24 194
24 204
24 414
24 415
24 416
24 237
25 82
25 109
25 117
25 162
25 172
25 177
25 185
25 209
25 218
25 226
25 236
417 80
418 115
419 116
420 36
421 80
422 163
423 95
424 194
26 66
26 71
26 75
26 108
26 126
26 131
26 179
26 183
26 205
26 207
26 212
26 220
27 33
27 65
27 72
27 95
27 109
27 117
27 134
27 425
27 426
27 167
27 170
27 204
27 427
27 428
27 238
28 43
28 50
28 51
28 84
28 88
28 91
28 99
28 106
28 126
28 135
28 146
28 155
28 157
28 189
28 192
28 193
28 203
28 205
28 211
28 212
28 224
29 430
29 431
29 432
29 433
29 434
29 74
29 102
29 105
29 121
29 127
29 152
29 156
29 217
29 234
29 435
436 116
30 52
30 55
30 56
30 437
30 149
30 154
30 182
30 186
30 239
438 70
439 85
440 145
441 199
442 210
443 213
444 163
445 55
446 56
447 154
448 181
449 239
31 74
31 83
31 89
31 450
31 97
31 123
31 138
31 176
31 188
31 451
452 42
453 86
454 158
455 215
456 32
457 48
458 683
459 92
460 194
32 48
32 61
32 461
32 79
32 94
32 462
32 683
463 54
464 59
465 61
466 79
467 197
33 38
33 65
33 68
33 72
33 95
33 104
33 134
33 167
33 170
33 190
33 237
468 130
469 128
470 1240
471 98
472 161
473 97
474 719
475 178
476 188
429 52
429 55
429 56
429 60
429 477
429 478
429 479
429 480
481 48
34 38
34 482
34 92
34 95
34 483
34 104
34 484
34 926
34 169
34 485
34 486
34 194
34 198
34 237
35 88
35 118
35 151
35 153
35 166
35 168
35 212
35 219
36 487
36 80
36 99
36 143
36 488
36 489
36 168
36 193
36 203
490 60
491 124
492 228
493 96
37 65
37 68
37 494
37 495
37 100
37 125
37 496
37 134
37 497
37 149
37 162
37 498
37 170
37 1161
37 181
37 185
37 499
37 226
37 239
500 119
38 501
38 502
38 503
38 784
38 95
38 104
38 504
38 926
38 505
38 167
38 506
38 507
38 198
38 508
38 237
509 671
510 159
511 201
512 221
513 54
514 59
515 61
516 79
517 142
518 174
519 223
520 164
521 95
522 41
523 71
524 130
525 197
526 43
527 73
529 224
39 54
39 57
39 59
39 530
39 83
39 531
39 532
39 107
39 121
39 533
39 534
39 178
39 535
39 536
39 537
39 538
39 539
39 222
39 223
40 352
40 540
40 87
40 112
40 133
40 541
40 171
40 210
40 224
40 233
40 235
41 45
41 71
41 86
41 542
41 130
41 143
41 158
41 543
41 215
41 1268
544 67
545 78
546 112
547 139
548 165
549 184
550 57
551 98
552 102
553 121
554 127
555 217
556 164
557 42
558 86
559 110
560 119
561 221
42 562
42 563
42 86
42 110
42 111
42 119
42 564
42 565
42 566
42 567
42 208
42 215
42 568
42 569
352 112
352 133
352 210
352 224
352 235
43 46
43 570
43 106
43 571
43 128
43 135
43 155
43 572
43 1146
43 171
43 189
43 192
43 195
43 200
43 573
43 224
44 64
44 574
44 575
44 576
44 148
44 182
44 195
44 201
44 577
44 228
45 63
45 86
45 99
45 110
45 128
45 135
45 143
45 148
45 159
45 192
45 202
45 215
45 220
45 221
45 232
46 63
46 78
46 106
46 128
46 578
46 139
46 150
46 171
46 189
46 192
46 200
46 206
46 233
47 87
47 94
47 579
47 114
47 133
47 145
47 163
47 187
47 580
47 683
47 210
47 581
47 213
47 214
47 230
582 194
583 57
584 228
585 90
586 187
48 61
48 587
48 588
48 589
48 79
48 94
48 590
48 151
48 591
48 683
48 592
593 112
594 133
595 235
596 142
597 199
598 223
600 129
49 57
49 76
49 102
49 122
49 127
49 129
49 958
49 140
49 160
49 174
49 217
49 222
49 223
601 101
602 92
603 194
604 198
50 64
50 84
50 108
50 155
50 179
50 186
50 205
50 211
51 87
51 88
51 91
51 114
51 118
51 132
51 146
51 153
51 189
51 203
51 212
51 224
51 230
605 85
606 141
52 56
52 607
52 60
52 68
52 608
52 100
52 124
52 149
52 609
52 207
52 231
52 239
53 610
53 82
53 611
53 89
53 117
53 120
53 122
53 123
53 152
53 612
53 176
53 196
53 613
53 614
53 226
53 615
53 236
54 59
54 61
54 616
54 617
54 618
54 107
54 166
54 174
54 619
54 222
54 223
620 110
621 201
622 221
623 225
55 56
55 60
55 624
55 625
55 154
55 626
55 182
55 186
55 627
55 228
55 628
629 116
630 169
631 143
56 60
56 632
56 154
56 239
57 599
57 121
57 127
57 129
57 633
57 634
57 217
57 222
57 223
57 635
57 636
637 199
58 63
58 80
58 91
58 99
58 638
58 639
58 640
58 641
58 150
58 189
58 192
58 642
58 227
643 128
644 201
645 225
646 1240
647 60
648 115
649 124
650 207
651 231
59 652
59 653
59 654
59 655
59 656
59 174
59 657
59 658
59 659
59 222
59 223
60 660
60 661
60 124
60 662
60 228
60 663
61 62
61 664
61 79
61 665
61 94
61 142
61 151
61 166
61 174
61 666
61 683
61 230
62 69
62 70
62 94
62 132
62 142
62 145
62 174
62 199
62 214
62 230
667 115
668 124
669 79
670 86
63 99
63 111
63 672
63 673
63 143
63 150
63 189
63 192
63 202
63 674
675 92
676 147
677 237
678 86
679 119
64 680
64 681
64 148
64 155
64 175
64 179
64 182
64 183
64 186
64 195
64 682
684 152
685 226
686 236
687 215
65 68
65 109
65 134
65 149
65 162
65 167
65 170
65 173
65 180
65 185
65 190
65 191
65 231
65 238
688 95
66 71
66 689
66 75
66 103
66 126
66 690
66 203
66 691
66 205
66 212
692 86
693 671
694 745
695 207
696 82
697 105
698 125
699 152
700 161
701 172
702 226
703 234
704 236
67 705
67 706
67 707
67 112
67 113
67 708
67 709
67 165
67 710
67 711
67 712
67 713
68 100
68 104
68 115
68 116
68 124
68 134
68 147
68 149
68 170
68 190
68 231
69 70
69 85
69 96
69 714
69 958
69 715
69 141
69 142
69 160
69 716
69 174
69 199
70 528
70 85
70 114
70 132
70 145
70 157
70 160
70 174
70 199
70 213
70 214
70 717
718 188
720 926
71 721
71 75
71 722
71 723
71 197
71 724
71 725
72 95
72 726
72 134
72 170
72 204
72 727
72 237
728 194
729 223
599 96
599 129
599 958
599 223
599 730
731 115
732 745
733 833
734 199
735 112
73 528
73 736
73 737
73 738
73 141
73 144
73 157
73 160
73 739
73 740
73 741
73 211
73 216
73 219
73 742
73 224
73 234
743 130
744 158
746 130
747 158
748 745
749 113
750 98
751 102
752 127
753 161
754 234
74 83
74 89
74 97
74 107
74 121
74 122
74 123
74 152
74 188
74 755
74 222
75 103
75 108
75 126
75 131
75 173
75 179
75 180
75 191
75 207
756 79
757 151
758 196
76 93
76 102
76 105
76 122
76 140
76 156
76 160
76 166
76 219
76 234
77 84
77 88
77 103
77 105
77 108
77 126
77 136
77 172
77 177
77 180
77 191
77 209
77 211
77 216
77 218
77 219
78 113
78 759
78 760
78 139
78 150
78 184
78 189
78 761
78 227
78 762
763 79
528 85
528 114
528 157
528 224
764 96
79 765
79 766
79 767
79 768
79 769
79 770
79 771
80 91
80 99
80 772
80 773
80 774
80 193
775 101
776 164
81 784
81 131
81 167
81 745
81 173
81 190
81 197
81 777
81 231
81 238
778 119
779 169
780 833
781 199
782 213
783 214
82 93
82 105
82 120
82 122
82 136
82 137
82 152
82 172
82 177
82 218
82 226
82 236
785 197
786 92
787 1197
788 194
83 89
83 97
83 719
83 789
83 107
83 121
83 138
83 178
83 790
83 222
83 791
84 88
84 108
84 126
84 146
84 157
84 205
84 211
84 216
84 219
85 792
85 793
85 141
85 160
85 794
85 795
85 796
85 199
85 797
798 163
799 96
800 98
801 129
802 1146
803 171
804 224
805 233
806 235
86 110
86 671
86 158
86 159
86 175
86 207
86 215
86 220
86 221
86 232
87 91
87 807
87 112
87 114
87 133
87 171
87 187
87 189
87 808
87 210
87 809
87 224
87 227
87 230
810 117
811 123
812 196
813 204
814 226
784 131
784 167
784 190
784 197
784 815
784 816
784 238
88 103
88 118
88 126
88 136
88 146
88 166
88 212
88 219
817 223
818 151
819 166
820 142
821 833
822 199
823 98
824 158
825 215
826 96
827 958
828 223
89 829
89 107
89 120
89 122
89 123
89 138
89 152
89 176
89 830
89 831
832 163
834 214
835 90
836 163
837 187
838 103
839 163
840 228
841 125
842 161
843 226
90 844
90 845
90 112
90 846
90 133
90 847
90 187
90 848
90 849
850 128
851 195
852 201
91 99
91 853
91 854
91 189
91 855
91 193
91 203
91 856
91 857
91 227
91 230
92 858
92 859
92 860
92 147
92 169
92 1197
92 861
92 194
92 862
92 237
93 105
93 107
93 120
93 122
93 136
93 137
93 140
93 156
93 166
93 218
93 219
93 222
94 114
94 863
94 145
94 163
94 683
94 864
94 213
94 214
94 230
95 865
95 167
95 866
95 1197
95 194
95 867
95 868
95 237
869 123
870 138
871 188
872 100
873 125
874 144
875 181
876 229
96 877
96 878
96 879
96 880
96 129
96 958
96 881
96 141
96 160
96 882
96 883
96 199
96 884
96 885
96 886
887 228
97 719
97 888
97 121
97 138
97 889
97 178
97 188
97 890
97 891
892 100
98 893
98 102
98 894
98 127
98 129
98 161
98 895
98 896
98 897
99 898
99 135
99 143
99 899
99 900
99 189
99 192
99 193
99 203
99 205
99 232
901 104
902 115
903 116
904 926
905 169
100 906
100 134
100 907
100 147
100 908
100 909
100 1161
100 910
100 911
912 129
913 141
914 160
916 154
917 182
918 186
919 195
920 228
921 229
719 922
719 923
719 178
719 188
719 924
719 925
927 138
928 188
929 196
930 112
931 165
932 233
933 235
934 193
935 227
101 113
101 936
101 937
101 164
101 938
101 939
101 940
101 941
101 942
101 943
101 944
101 206
101 945
101 1240
946 133
947 210
102 122
102 127
102 129
102 152
102 156
102 160
102 217
102 234
103 117
103 126
103 136
103 137
103 948
103 166
103 949
103 180
103 197
103 950
103 212
103 218
103 238
951 143
952 1268
953 121
954 188
104 115
104 116
104 134
104 147
104 926
104 167
104 169
104 190
104 231
104 237
105 122
105 152
105 156
105 172
105 216
105 218
105 219
105 234
955 123
956 138
957 196
959 142
960 199
961 223
962 112
963 187
106 128
106 171
106 189
106 192
106 200
106 224
964 138
965 188
107 120
107 122
107 966
107 136
107 137
107 166
107 178
107 967
107 968
107 969
107 222
107 970
108 126
108 149
108 179
108 180
108 185
108 191
108 205
108 209
108 211
971 163
972 833
973 187
974 213
975 214
109 117
109 976
109 162
109 170
109 177
109 180
109 204
109 218
109 226
109 236
109 238
110 119
110 977
110 202
110 208
110 221
110 225
110 978
111 119
111 979
111 143
111 150
111 980
111 981
111 208
111 982
983 125
984 161
985 172
112 986
112 133
112 987
112 187
112 988
112 235
113 989
113 990
113 139
113 165
113 991
113 992
113 184
113 993
113 994
113 995
113 200
113 996
113 206
113 997
113 1240
998 144
999 229
1000 129
114 132
114 145
114 146
114 157
114 210
114 224
114 230
114 1001
115 116
115 124
115 926
115 190
115 1002
115 231
115 1003
116 1004
116 124
116 147
116 169
116 1005
116 1006
116 1007
1008 188
117 120
117 137
117 1009
117 1010
117 1011
117 196
117 1012
117 204
117 1013
117 1014
117 218
117 226
117 236
117 238
118 146
118 151
118 153
118 166
118 203
118 212
118 219
118 230
119 1015
119 1016
119 1017
119 1018
119 1019
119 1020
119 208
119 1021
119 1022
120 122
120 136
120 137
120 152
120 1023
120 176
120 1024
120 236
1025 150
1026 189
121 122
121 1027
121 152
121 178
121 1028
121 188
121 1029
121 217
121 222
1030 134
1031 147
1032 170
1033 1161
1034 204
1035 226
1036 237
671 159
671 1037
671 175
671 182
671 207
671 220
671 221
671 228
671 1038
1039 147
1040 169
1041 141
915 154
915 181
915 229
122 140
122 152
122 156
122 217
122 222
123 138
123 1042
123 176
123 196
1043 228
1044 833
1045 137
124 231
125 144
125 161
125 1046
125 172
125 1047
125 185
125 209
125 216
125 226
126 180
126 205
126 212
127 129
127 152
127 217
127 1048
127 1049
1050 155
1051 186
1052 195
1053 224
1054 229
1055 181
128 135
128 148
128 1146
128 192
128 195
128 200
128 201
128 202
128 206
128 221
128 225
128 1240
128 1056
129 958
129 160
129 217
129 223
129 1057
129 1058
129 1059
1060 197
1061 683
1062 139
1063 150
1064 206
1065 198
958 142
958 160
958 174
958 223
1066 150
1067 164
1068 206
130 131
130 1069
130 1070
130 158
130 1071
130 745
130 1072
131 745
131 173
131 191
131 197
131 207
131 1073
131 231
1074 926
1075 745
1076 201
1077 228
132 145
132 146
132 157
132 160
132 219
132 224
132 230
1078 200
1079 163
1080 683
1081 214
133 1082
133 1083
133 187
133 210
133 213
133 235
1084 178
134 147
134 170
134 1161
134 204
134 237
135 148
135 155
135 175
135 183
135 189
135 192
135 195
135 205
135 220
135 221
135 232
136 137
136 1085
136 166
136 180
136 1086
136 212
136 218
136 219
137 1087
137 1088
137 180
137 1089
137 1090
137 218
137 236
137 238
138 176
138 188
138 196
138 1091
138 1092
1093 169
1094 142
1095 174
1096 223
139 165
139 171
139 184
139 189
139 1097
139 200
139 206
139 1098
139 227
139 233
1099 215
1100 141
1101 199
140 160
140 174
140 222
140 223
141 160
141 1102
141 1103
1104 147
1105 147
1106 169
1107 926
1108 167
1109 198
1110 178
1111 188
1112 169
1113 194
1114 198
142 174
142 1115
142 199
142 1116
142 223
143 1117
143 215
143 1268
144 149
144 1118
144 1119
144 186
144 211
144 216
144 229
145 210
145 213
145 214
145 224
145 230
145 1120
146 157
146 211
146 219
146 224
146 230
147 1121
147 169
147 1161
147 1122
147 237
148 155
148 159
148 175
148 182
148 183
148 195
148 201
148 220
148 221
1123 158
1124 215
149 162
149 179
149 185
149 186
149 191
149 211
149 229
149 231
149 239
150 189
150 192
150 1125
150 202
150 206
150 208
150 1126
151 153
151 1127
151 166
151 168
151 683
151 1128
151 230
152 156
152 217
152 236
1129 210
1130 224
1131 235
153 1132
153 168
153 193
153 203
153 1133
153 212
153 230
1134 196
154 181
154 186
154 1135
154 229
154 239
155 179
155 183
155 195
155 205
155 211
155 224
1136 193
1137 683
1138 230
1139 187
1140 210
1141 213
156 172
156 216
156 219
156 234
926 745
926 190
926 1142
926 1143
926 1144
926 231
926 1145
157 160
157 211
157 219
157 224
1147 224
158 1148
158 215
159 1149
159 175
159 182
159 201
159 220
159 221
159 228
159 1150
160 174
160 223
1151 196
1152 224
1153 164
1154 206
1155 225
1156 1240
1157 1268
161 172
161 1158
161 216
161 1159
161 234
1160 196
162 170
162 177
162 180
162 185
162 191
162 226
162 238
1162 226
1163 167
1164 197
1165 238
1166 175
1167 182
1168 207
1169 228
163 833
163 1170
163 683
163 213
163 214
164 1171
164 1172
164 206
164 1173
164 225
164 1174
164 1175
164 1240
165 184
165 1176
165 233
165 1177
166 1178
166 212
166 219
166 222
167 173
167 190
167 238
833 199
833 1179
833 213
833 214
168 1180
168 203
168 212
1146 171
1146 195
1146 200
1146 1240
169 1181
169 1182
169 237
1183 212
170 1161
170 204
170 226
170 238
1184 215
1185 199
1186 223
171 189
171 1187
171 200
171 224
171 233
172 177
172 185
172 209
172 216
172 218
172 226
172 234
1188 199
1189 213
1190 215
1191 1268
745 190
745 207
745 1192
745 231
745 1193
173 180
173 190
173 191
173 197
173 231
173 238
174 1194
174 222
174 223
175 182
175 183
175 207
175 220
175 228
1195 223
1196 188
176 196
176 1198
176 1199
176 1200
177 180
177 185
177 191
177 209
177 218
177 238
178 1201
178 1202
178 1203
178 1204
178 1205
178 1206
178 1207
178 1208
178 222
178 1209
1210 214
1211 188
179 183
179 186
179 205
179 211
1161 226
180 191
180 197
180 1212
180 218
180 238
1213 221
1214 194
1215 198
1216 237
1217 216
181 229
181 239
182 183
182 186
182 207
182 228
1218 188
183 195
183 205
183 207
183 220
183 232
1219 215
1197 1220
1197 194
1197 1221
1197 1222
184 1223
184 1224
184 233
184 1225
185 191
185 209
185 211
185 216
185 226
186 211
186 229
186 239
1226 188
187 1227
187 1228
187 213
187 1229
188 1230
188 1231
188 1232
1233 196
1234 204
1235 194
189 192
189 1236
189 224
189 227
189 230
189 233
1237 223
190 1238
190 231
1239 227
191 209
191 231
191 238
192 202
192 205
192 206
192 225
192 232
1241 206
1242 208
1243 225
193 203
193 1244
193 230
1245 223
1246 215
1247 200
1248 233
1249 1240
1250 198
194 198
194 1251
194 237
195 201
195 1252
196 1253
196 1254
196 1255
196 1256
196 1257
1258 206
1259 225
1260 1240
197 1261
197 1262
197 1263
197 238
1264 228
199 1265
199 213
199 214
199 1266
200 206
200 1240
201 221
201 225
202 206
202 208
202 221
202 225
203 205
203 212
203 230
1267 238
1269 233
204 1270
204 1271
204 226
204 236
683 1272
683 230
205 212
205 232
206 208
206 225
206 1240
207 220
207 231
207 1273
208 225
208 1274
209 211
209 216
209 218
210 213
210 224
210 1275
1276 230
211 216
211 219
211 224
211 229
213 214
1277 229
215 1268
1278 227
216 218
216 219
216 1279
216 234
217 222
218 219
218 236
218 238
219 230
220 221
220 232
1280 234
221 225
222 223
224 1281
225 1282
225 1240
226 236
227 233
228 1283
228 1284
229 239
231 1285
233 235
