1277 2187 0
0.2937571375840942 -0.1607660864728625 0.0509190324915467
-0.1876800545941441 -0.4678851630532625 0.0934749014142203
0.0941336684994268 0.3007592087671329 0.2751479726043645
-0.4975819626671432 -0.2601914230835949 0.4319960748814708
0.3460795907293202 -0.2088878613389114 0.3407716361268153
0.0805662124529758 0.3537506639134488 0.4844555818551533
-0.2089160813897191 0.3696337864519779 0.0828925545525691
0.2539531696456225 -0.3152753751193365 -0.1174185185169063
0.3032619927551468 0.4344341803599867 -0.2135211390473480
-0.1534394342493455 -0.3964396461679141 0.4250272688232963
-0.0280849031995283 0.4050923166918362 0.1511917340854357
0.1999945295308639 -0.1390984484972838 0.2440637775040213
-0.3682032720251382 -0.1670001625734664 0.3377797387999077
0.4419906313852778 -0.1652447750899205 0.4591996814325424
0.2648656405562635 0.3029059395866697 -0.2725132070413166
-0.0009013215592440 0.4065496670831690 0.4189821491308847
-0.4717432567353332 -0.0365204092831338 -0.4839395957675898
-0.4941621805629169 0.2009738616197759 -0.2662022783053368
-0.4701154160747480 0.4999493979997641 0.3235519014968473
0.4510895954195545 -0.0851337118999760 0.3360542538819664
-0.1306052455590328 0.0873682266542304 -0.2233983299407883
-0.0137080274145346 -0.1298275021393048 0.2530788986815328
0.0182522496121927 -0.4063085766923654 -0.3739989017971356
0.4320107658982188 -0.3283806547188743 0.0474468114283973
-0.2174096551234454 -0.1838605556069651 -0.3305098666004438
0.4147253932724522 -0.3428360997388433 0.1248193877812040
0.4433812938631604 -0.2403327788329125 -0.0764059249828773
-0.1447953113901915 0.1479138181833177 -0.0485975070031281
0.2707332915007508 0.0057907483308666 -0.0342301078134608
0.2722798265574032 0.1583669400285231 0.3485903702583060
-0.0082592986681760 -0.1337622712446518 0.1405133761894268
0.2976647171083704 -0.2372822616648192 -0.4420036029253833
-0.1429077150226854 0.4073692879795999 -0.0477922712051905
0.1565524715680640 -0.4508231815788505 -0.3686077811378523
0.4044719786680047 0.2652416848541015 0.1102177019375126
-0.2095245453015000 -0.2500155293595308 -0.3123860744115563
0.2945492357846495 -0.3051877512284110 0.4800222809051630
0.1903554218927718 0.0962756150141586 -0.2350781243413515
-0.2105854694404227 0.1727448763731193 -0.1029293613278317
0.4766345434830691 -0.1976670292606174 -0.1127583468412792
-0.3265812416956899 0.3984068350749146 -0.0226760181330001
0.4241791229774199 0.0640030178138528 0.3587800082739321
-0.3503457362104498 -0.1219119980217350 0.0207220934556278
-0.1587657431943762 -0.2590927537120226 0.2736219107517272
0.1199989413484380 0.2774139872757447 0.4638016822767158
-0.0443716262756742 -0.3884648035332179 -0.3639246488449370
0.2042982662348197 0.0699791176971485 0.4696259461775338
-0.1384064357671996 -0.1736933532500977 0.1015033567910468
0.1034550503302763 -0.3449692726488037 -0.2551894931204406
0.0246137101112271 -0.4966567305952938 -0.1572777822647819
-0.4066333249235297 -0.0187671697552241 -0.0733147054552228
0.3219944019907660 -0.0816499635797246 0.3580189364416005
-0.2977588355287132 -0.3597116775239549 -0.3722460167227229
0.1879199818540419 -0.4397619214841156 0.3345061411197200
-0.2939354154910315 0.3435611925787137 -0.0574222698461059
-0.2248021024977389 -0.2180315724228041 -0.0836416392683803
-0.0021699361649965 -0.2063695058763087 -0.3504238864479903
-0.2212771365226897 0.3158470093358937 0.4541899610547053
0.2655310448471951 -0.0590265245082798 0.4742733291820214
-0.3912110063592430 -0.1279801337199911 -0.0732363441877251
-0.1205399025111689 0.2905643627918573 0.1472104137936107
0.1832848384116312 -0.0639885496812709 -0.2514249952100426
-0.1714163501322604 -0.3920025581765020 -0.2811320131124058
-0.1113796142627905 -0.3620397995698076 -0.0229817625081586
-0.0426638999185702 0.0257085048657926 -0.4766854785080586
-0.4239430058079901 -0.4198529599514386 0.4269438765338432
0.0360177721693647 -0.2446193823627947 0.0548397456900615
0.4877714247615150 0.0461260303182919 -0.1654712587841653
0.1141108974961710 -0.2999621695043234 -0.1040066075814393
-0.4473105313489933 -0.0921820753377918 -0.1233038269509054
-0.3735474026929421 0.1295550911056046 0.2860695250589317
0.3589062084811780 -0.4425033641583082 -0.2992363972165407
0.3425306698336879 0.1319527645041273 0.2066224516252052
0.0470600083462381 -0.1317806867625060 -0.0972981870213817
-0.3329780685729815 0.4484028348292975 -0.1705654923012350
0.3770544617804690 -0.4402973010709364 0.1682566159211052
0.1253622590095088 -0.1391816900136052 -0.0729255392151335
0.0146942867887379 0.4314602340118870 -0.3385406351941620
-0.0590754391536041 -0.1992419326866001 -0.3539121769249113
0.2880548241547611 -0.2285478655707696 -0.0968630790105597
-0.3083471094646148 -0.3706044164704216 0.1338164316467576
-0.1370825974484161 0.2141973572183503 -0.3776864781543724
-0.1859170869543413 0.1404481983163941 -0.0375471533873374
-0.0373139573550718 -0.4821516099419392 -0.2385841857214173
-0.3826323634256056 -0.0980663648845587 0.1695920022858527
0.3562160843161947 0.3930307625452892 0.3283729152269159
0.2599490365379548 -0.4234893782165124 0.0444766432975956
0.4807469293479322 -0.4740637490591524 -0.2051524137973627
-0.3413764572979469 -0.1096606408543326 0.1450399886411354
0.3618014106993737 0.3702641447174219 -0.4358206445539678
0.4848083270860684 0.4238130633742438 0.4045112664031202
0.3150492536765131 0.3726416631033587 0.1875593655823941
-0.3995455675852346 0.3169187392889508 0.3157350326584517
0.4318293885967099 0.4082761842679186 -0.2033059815881793
0.2408694641901209 -0.2041614949670684 -0.3407540485515981
-0.1551390660967435 -0.4260999840141526 -0.4438808942756523
0.4873342136992067 0.0980410052297467 -0.3093037327355749
0.3950121841041248 0.1224909627483081 -0.4122003645503891
0.1283484950718361 0.2658977052232556 0.2531793617360076
-0.3284457972104425 0.1758023855565680 0.4513709159914857
0.2709201895859729 0.1984901921213355 -0.1731786912463068
0.3832513781287437 -0.1270569858671965 0.4446046209104877
-0.1159650212233949 0.3555801080691700 0.2318995248313449
0.4093233124023117 0.3932387224635867 -0.4149800780943401
-0.0340766719782568 0.3611446988932004 -0.1831678982493306
0.1840048384337066 0.1951575757415079 0.2805549169950838
-0.0322820476379263 -0.4476301803294045 0.2951859920885978
-0.1306431888169170 -0.3222907679199685 -0.0068094678779872
-0.4572258183026188 0.0270823549290805 -0.4596910284423079
-0.4318084251087237 0.0414172701918319 -0.3893903657574737
0.1997894353622302 0.1608068210780658 0.4434004447803560
-0.0239817327519520 -0.3698015514911625 0.2996754943680459
-0.1403004864630260 0.2633057616408691 -0.4027012465612181
-0.2699436576508453 -0.1547448568313516 0.1705500268296927
0.4312199780477966 -0.2271839271846071 -0.3132416120265029
0.3628214319779379 0.2185159540609140 0.3909041019671227
-0.2292562707782089 0.1126238235440194 -0.4474541832132724
-0.1521505678858508 0.0856252701679161 0.3619810308803320
0.0465012521109881 -0.3631276800041602 -0.2847978362511285
0.2926898159039416 -0.4746748091923284 -0.2317251498462175
-0.4813986006209900 0.3943321706030058 -0.3953219461532932
0.4424191105712694 -0.0213561994212432 -0.3309145221131189
-0.3428814111076311 -0.2862613681299166 0.4438609202088528
0.2810689975980210 0.3706878800317278 -0.1975029819821666
-0.1659579552465032 -0.1330094990344819 0.2364360556038711
0.4726255872561114 0.1754565153097628 -0.0826428413013608
0.0077529905265079 -0.1533884335980324 -0.3107847446313312
-0.0761367887185862 -0.3814643737541093 -0.4179440119565218
-0.0649410369970878 0.2266069757343145 0.1350689900490191
-0.3199145395413568 -0.4641263535275247 -0.2699576200796139
-0.1796796386785567 0.1299914580229553 -0.4062078946252111
0.4676817491940745 0.1008414839087976 -0.0424534030755874
-0.2197359574195376 -0.3412930143437504 0.1520808783786822
-0.1323086503148477 -0.4217390930438226 0.3086202135554992
0.3907492102644580 -0.4260004551703356 0.0685390754676011
-0.0733056371454116 -0.0134795514468600 -0.3282706883884592
-0.3512778798025049 -0.1550786507298380 0.0741764931111896
0.2008110222860354 0.3245625820445056 0.1877761653231582
-0.1553170423757218 0.3548968490843145 0.4811219348077403
0.1572538227388241 0.0309863396484606 -0.3568736856955503
-0.1572309608812733 0.0630977962556050 -0.0667452302144417
0.2473867881475497 -0.4674646212664335 -0.2262999656215612
0.1483100828656287 0.0288961353441857 0.1549421270655894
-0.3912382066988391 -0.3608616919811717 0.2062541119209102
0.1700594781996523 0.0418357477132991 0.4536450296246909
0.3030414320704516 -0.3249855628496044 0.1539211908756600
-0.3957868736059381 -0.3684928734862912 -0.0769808797265366
-0.2403210624625853 -0.4117744542084004 -0.0089059208796227
-0.2410574751028722 0.3715464835260927 -0.4283557727427749
-0.3034319187797302 -0.4526824734443434 -0.1667692818331370
0.2716119244333324 -0.3080031153834187 -0.3409759010291054
0.1232384730539432 -0.4484832252474152 0.1515886475207782
-0.4433460814261572 0.4352291378641719 0.3979711686759759
-0.0415992886818629 -0.1211156659103135 -0.0350598320798934
-0.2000889705722494 -0.3372486535600615 -0.1365369999385875
-0.3327069319227871 0.0041702535902759 0.0728528463710230
0.4361841588292161 -0.3318106830631078 0.1557244107260237
0.3451779707184869 -0.3085332663280977 -0.2807856229825167
-0.4495501242074609 -0.2858075290906135 0.2723874097904874
-0.0296501903725478 0.3246455336135031 0.3967746673277003
-0.2855082753324920 -0.3867089583074981 -0.3844498162528679
-0.3035982933129855 -0.0589587858406882 -0.0011746347635255
-0.0745167017810653 0.3447974467441107 -0.2999273955415786
0.0273531152713770 0.2293577566776892 0.0107964682792298
0.3090819219635282 0.4679963401593513 0.1360419422077558
0.4430541675618669 0.0764988885176290 -0.3907388648164912
-0.2884968137902857 -0.3658558833105500 0.3396004970206004
0.0835916116060657 -0.3203561744640120 0.4158740628481858
-0.3255047056083962 0.0194708225157777 -0.2078424999279228
-0.4447054573005824 -0.2777920470132194 0.0128489468102032
-0.3010350849098056 -0.3805465686840008 0.4237521654861970
0.1825687752989934 0.0911135034168171 -0.0388935732589357
-0.3636742723385739 0.2744726152949227 -0.4819174234511350
-0.2355476183206177 0.4794628108001928 0.1388520684261563
-0.3858705177588529 -0.4472173513707501 -0.3999165916420132
0.3472606210623662 0.2075381384077544 -0.4129963360771544
-0.1364158374708306 0.3964964382255483 0.0373315082978679
0.0463953891561621 -0.1599908985742487 -0.4308470148260173
0.2373777904997759 -0.1304782994032457 0.1823969330562687
0.0306569465615898 -0.3533309126662337 -0.4585936225645835
-0.0795375193893361 0.4417306764375098 0.3054965592224262
0.0968050173310619 -0.4398592414535784 0.4360855479215671
0.3610303864772361 -0.2884336699073491 0.3950428078228844
0.3249603275109516 0.4109908081413983 -0.1671365089568912
0.3374846034281941 0.2494189066523318 -0.0091380873501135
0.1320422135626781 0.3671910648985271 0.0214093043875400
-0.0247489878809150 -0.1883613647937268 -0.2669010149082910
0.1142374327386702 0.4208119310611123 -0.3927275004273106
0.0233244574228692 -0.0295758680766899 -0.3313188990715278
-0.3748032395757541 -0.0565999503810450 -0.0119659526314162
-0.1323388123780745 0.2889871530798400 -0.3931587544803047
-0.2143610766538313 -0.2073186394162118 -0.4647528853255177
0.3154763686923971 -0.0938866067061096 -0.1949421221982230
-0.1149523451869069 0.2338206114800307 -0.3843190308864045
0.4465828929792908 0.0832556099448888 -0.1742622177572478
0.0113305570845609 -0.2766498587020226 0.3533331142525108
0.2285387456967611 0.2773107298528911 -0.2435178452290088
-0.3436720441914690 0.2700901462983040 0.0083487193280157
-0.0018337975605521 0.0715876970500128 0.0625950546598409
0.1404028253813950 0.2762016381644702 0.1235406955643442
0.5000000000000000 -0.1531706209098806 0.1553263370842418
0.5000000000000000 -0.1682738059008719 0.2499377965491755
-0.1151366144537863 -0.4142590813648789 0.5000000000000000
0.3567269847003291 0.1594814448812867 0.5000000000000000
0.4008941207213615 0.1989614512682927 0.5000000000000000
-0.2911498838544547 -0.5000000000000000 -0.0310637310658008
-0.2060070470919647 -0.5000000000000000 0.1362825152280154
-0.2890547664377745 -0.5000000000000000 -0.0148706520101192
-0.1230671765264757 0.4250628154328197 -0.5000000000000000
-0.1667873506101582 0.4465226615061794 -0.5000000000000000
-0.2543967544607885 0.3837434568681312 -0.5000000000000000
-0.1836550371037337 0.3813206120389956 -0.5000000000000000
-0.1881699640068310 0.3341101795597570 -0.5000000000000000
0.2590824580883219 0.3267945632312370 0.5000000000000000
0.1590764294771753 0.2899413594607158 0.5000000000000000
0.2048106520383702 0.2673188634040294 0.5000000000000000
0.2115080871299959 0.5000000000000000 0.4204455178496675
0.3039512908322721 -0.2620499633885649 0.5000000000000000
0.2974725506178617 -0.2606347003149816 0.5000000000000000
0.2889905320706858 -0.2601053186093735 0.5000000000000000
0.2928869319348976 -0.2618254642570119 0.5000000000000000
0.2990394802069605 -0.2787065038176001 0.5000000000000000
0.2954458935354033 -0.2649429915926657 0.5000000000000000
0.2780888303249526 -0.2712593202416206 0.5000000000000000
0.2303102175452992 -0.3190850906311865 0.5000000000000000
0.3065096664495359 -0.2674116975687702 0.5000000000000000
0.2827220245207114 -0.2661217773756698 0.5000000000000000
0.5000000000000000 -0.2571225523811157 0.1282752083009615
0.5000000000000000 -0.2154125611946824 0.0530135243047761
0.5000000000000000 -0.2611658234862917 0.1818030141499796
-0.4828539988337459 -0.0395996691606098 -0.5000000000000000
-0.5000000000000000 -0.2435664917254656 0.4414940676689663
-0.4473224165546579 -0.1793355440220411 0.5000000000000000
-0.4662649508637912 -0.2519067935480479 0.5000000000000000
-0.4574238752161162 -0.2614801692476315 0.5000000000000000
-0.4263651116084089 -0.2464068332441401 0.5000000000000000
-0.5000000000000000 -0.1032608968810797 0.3622080625058155
0.3517740192075435 -0.1864156938972661 0.5000000000000000
0.5000000000000000 -0.1773628388970385 0.2970107662639355
0.4785514040251291 -0.2558688075411352 0.5000000000000000
-0.2076519934382260 0.3104530917714221 0.5000000000000000
-0.2844263161582510 0.3019233575394353 0.5000000000000000
-0.1540188676672080 0.3495290127309236 0.5000000000000000
0.5000000000000000 0.2385171449522042 0.2402782867284478
0.5000000000000000 0.1640307559428614 0.3296602040898642
0.5000000000000000 0.1784677988345540 -0.0022762383858837
0.1094328783317832 0.3525753896072611 0.5000000000000000
0.0908598799739121 0.3415951704987814 0.5000000000000000
0.1305325126745754 0.3141364477682188 0.5000000000000000
0.2013206060518634 0.5000000000000000 0.4587394102978789
0.0922721775683694 0.3635131712810706 0.5000000000000000
-0.4029313267301599 -0.1328640001337057 0.5000000000000000
-0.4275970160704718 -0.1211859562984584 0.5000000000000000
-0.0446341170863823 0.4506153365573214 0.5000000000000000
-0.1400825836660695 0.3831385039959661 0.5000000000000000
-0.0809157915286068 0.4908158343158212 0.5000000000000000
-0.1079329189359107 0.4875711501948247 0.5000000000000000
-0.0819946223421520 0.4764951622918582 0.5000000000000000
0.1761587280232261 -0.1542465128785412 0.5000000000000000
0.2743716690287619 -0.0708604856327096 0.5000000000000000
0.2302733393904867 -0.4948444835417110 0.5000000000000000
-0.5000000000000000 -0.4196935656698115 0.3391261408643422
-0.5000000000000000 -0.3817072512869031 0.1728941653234163
-0.5000000000000000 -0.3131252068381684 0.2397174383549797
-0.0558623987994581 0.5000000000000000 -0.4561523054975395
0.0258745943833745 0.5000000000000000 -0.2030058247321867
-0.0091732138073800 0.5000000000000000 -0.4943436850574632
-0.2252001931281569 -0.2075603145197454 -0.5000000000000000
-0.0192920781459737 0.4023124719234731 -0.5000000000000000
0.0368765490207585 0.4018739965807011 -0.5000000000000000
-0.4414651078428149 -0.0499560220012960 -0.5000000000000000
-0.2967472093435424 -0.0639377310295776 -0.5000000000000000
-0.3028935691515407 -0.1221083332078947 -0.5000000000000000
-0.4099485829850107 -0.0216640532042492 -0.5000000000000000
-0.2770409899797052 0.0171368767015333 -0.5000000000000000
-0.2641521126624027 -0.0757195945700200 -0.5000000000000000
-0.3122483840179044 -0.0780575602732213 -0.5000000000000000
-0.2996588136631768 -0.1015403660710310 -0.5000000000000000
-0.3333680975463170 -0.0776374903234647 -0.5000000000000000
0.0838805807732104 -0.2728262936440105 -0.5000000000000000
-0.2177031691654021 -0.4321785448764522 -0.5000000000000000
-0.3273223247412552 -0.4138067820544176 -0.5000000000000000
0.3081440815419329 0.5000000000000000 -0.1845925050114787
0.4280691594054496 0.5000000000000000 -0.0282784171896478
0.2556282977158541 0.5000000000000000 -0.4195690804721079
0.2509077702035162 0.5000000000000000 -0.0844845213828039
0.1559192115684156 0.3711905565822797 -0.5000000000000000
0.1178617068645378 0.4156258286909692 -0.5000000000000000
0.4009497646886969 0.5000000000000000 -0.1416731208624525
-0.1156703810800332 -0.3508435773882169 0.5000000000000000
-0.0618249640005747 -0.3949803089618338 0.5000000000000000
-0.2069189603738780 -0.5000000000000000 0.1958718382329729
-0.0976780967108499 -0.3944624666748866 0.5000000000000000
-0.2149392891714108 -0.3696897806771803 0.5000000000000000
-0.1432935284827878 -0.3990035670073624 0.5000000000000000
-0.0938994057099681 -0.4284722261277249 0.5000000000000000
-0.2235699726745402 -0.5000000000000000 0.4552166458417155
-0.2294056557878857 -0.4300028665417949 0.5000000000000000
-0.1656816765694814 -0.5000000000000000 0.3554048680558551
-0.0769075798212033 -0.3723748573713466 0.5000000000000000
-0.0864337862081878 -0.2562992344423058 0.5000000000000000
-0.2626127792887503 -0.2779194828000459 0.5000000000000000
-0.0846715401379577 -0.2087450326322033 0.5000000000000000
-0.1614329499135253 -0.3097975280877576 0.5000000000000000
0.4054703545335273 0.0676570396378849 -0.5000000000000000
0.0393563045308747 0.5000000000000000 0.2388549585635966
0.0961809327462994 0.5000000000000000 0.0886456863379986
0.0178167361066791 0.5000000000000000 0.1554236436952159
0.1544755484332565 0.5000000000000000 0.3583333570788889
-0.0213089259200195 0.5000000000000000 0.0460140676133074
0.1455134607716778 0.5000000000000000 0.1704260231405636
0.4830113761451368 0.5000000000000000 0.4145048766937880
0.3539479936074258 0.5000000000000000 0.2112425119007848
0.3263709731101784 -0.1715546563630878 0.5000000000000000
-0.2445432387546847 -0.1686489979482509 0.5000000000000000
-0.5000000000000000 -0.2311298954429160 0.2023561731746726
-0.3914746684641225 -0.2292773926863873 0.5000000000000000
-0.5000000000000000 -0.1435001413898780 0.1892892140345520
-0.2517227769691529 -0.1462240581736908 0.5000000000000000
0.4566816920667461 -0.1414028063607978 0.5000000000000000
0.4045938208293892 -0.1709002297790805 0.5000000000000000
0.5000000000000000 -0.1679125749769333 0.3543822655243021
0.5000000000000000 -0.1526107467155968 0.4967633106984581
0.4655508655572062 -0.1729434102727964 0.5000000000000000
0.5000000000000000 -0.1556472137279492 0.4701112968831070
0.4780105066872686 -0.2396230827409805 0.5000000000000000
-0.5000000000000000 -0.3789689381925817 0.4517919397748592
0.5000000000000000 0.1996649917387864 -0.0965532117891424
0.1545783427679388 0.3514645754163278 -0.5000000000000000
0.5000000000000000 0.3481634313736442 0.0177594447620100
-0.1410668024563605 -0.5000000000000000 -0.2417093692150853
-0.0652243203864474 -0.5000000000000000 -0.2349872585705376
-0.1386735426938276 -0.5000000000000000 -0.3043346867354768
-0.2311919724395565 -0.5000000000000000 -0.2498015151351977
-0.1710494105743852 -0.5000000000000000 -0.2687047885040438
-0.0435865768331619 -0.3807403141110350 0.5000000000000000
-0.0307645584225583 -0.4003819972872012 0.5000000000000000
-0.0298286654791795 -0.3916884525923088 0.5000000000000000
-0.0425669266981873 -0.3976953938413866 0.5000000000000000
0.0058269278915374 -0.4074500435616563 0.5000000000000000
0.1205721819919427 -0.4498283340514407 0.5000000000000000
0.5000000000000000 -0.4405556791492976 0.2625654747561800
0.5000000000000000 -0.4331090694996604 0.2052706797400316
0.5000000000000000 -0.3700107939079706 0.2249652365584321
0.3878340731976928 0.2298548113280227 0.5000000000000000
0.3410287832563136 0.0169543328703328 -0.5000000000000000
0.3406131914213228 -0.0220845703476079 -0.5000000000000000
0.2906168252100516 -0.0123547607760029 -0.5000000000000000
0.3490355567511203 0.0004591136467902 -0.5000000000000000
0.3204559814824086 -0.0291426982547468 -0.5000000000000000
0.3324124038675834 -0.0126302494210601 -0.5000000000000000
0.0508845567158104 0.5000000000000000 0.3563262056883471
0.0398184742418648 0.4049746756879297 0.5000000000000000
0.0112441378714425 0.4369849059021413 0.5000000000000000
0.1621265331993190 0.5000000000000000 0.4413727730444507
0.0265120885187013 0.4554006465580595 0.5000000000000000
0.0674996529451141 0.4283450354478014 0.5000000000000000
0.0079409738640647 0.3996181808938439 0.5000000000000000
-0.5000000000000000 -0.3621675923932286 -0.0789088598123934
-0.5000000000000000 -0.3612753880270446 -0.0548322804914137
-0.5000000000000000 -0.3624314297183291 -0.0961789240366443
-0.5000000000000000 -0.3402678978051402 -0.0712439186163001
-0.5000000000000000 -0.3198394824563413 0.0056462110075673
-0.4582499627281434 -0.0246063773412105 -0.5000000000000000
-0.5000000000000000 -0.0253895439341664 -0.4664323108313536
-0.4488185397228303 -0.0930317009767912 -0.5000000000000000
-0.4781305401695631 -0.0205612778277312 -0.5000000000000000
-0.4808609283282317 -0.0329170068592367 -0.5000000000000000
-0.5000000000000000 0.3538998141368012 -0.3978382088239876
-0.4815948975909332 0.3085548583954676 -0.5000000000000000
-0.5000000000000000 0.2222690165804707 -0.2712940816029173
-0.5000000000000000 0.1772055047082736 -0.2312934062324627
-0.5000000000000000 0.1795600655768159 -0.2838400994639975
-0.5000000000000000 0.2136209917187459 -0.2999949211234341
-0.5000000000000000 0.1959690811587157 -0.3054104280590186
-0.5000000000000000 0.2023320130953782 -0.2855471469700566
0.5000000000000000 -0.4842989647762830 -0.1815646110617145
-0.5000000000000000 0.4955113184926532 0.2945353313289298
-0.5000000000000000 0.4621019264593256 0.3564378131899504
-0.5000000000000000 0.4872610542672688 0.3038489080321313
-0.5000000000000000 0.4882480880135484 0.2400792674140824
0.2930046218683104 -0.1812177004872743 -0.5000000000000000
0.3111715553348858 -0.1385868211330083 -0.5000000000000000
0.2769371210271524 -0.1488015555637496 -0.5000000000000000
0.3199854973965163 -0.1517486635523979 -0.5000000000000000
0.3251226608024815 -0.1047664486894354 -0.5000000000000000
0.1557242019654528 -0.2090105015995449 -0.5000000000000000
0.2927057369870807 -0.1252194196207725 -0.5000000000000000
0.0091498233402532 0.5000000000000000 -0.4560078306568272
0.0688885230038957 0.5000000000000000 -0.4998585158183172
0.4788803788231316 -0.0782331656101355 0.5000000000000000
0.5000000000000000 -0.1496097172287607 0.1658037479008428
0.5000000000000000 -0.1328699620002360 0.3079495610256748
0.5000000000000000 -0.0512615194948983 0.4644560583912074
0.5000000000000000 0.0068600382818523 0.3413086866204490
0.5000000000000000 -0.1238135650744888 0.4492022778280288
0.5000000000000000 -0.0800063621573320 0.3214397871221711
0.5000000000000000 -0.1153857837475569 0.4061601792757465
0.5000000000000000 0.1895400531717875 0.2052812833782899
0.5000000000000000 0.1142758336824530 0.2705048763519039
0.5000000000000000 0.1608590776904454 -0.0037003873777472
0.5000000000000000 0.1010705058417339 0.0384384099421771
0.4190200886019223 -0.0770797328518002 0.5000000000000000
0.4204344028978997 -0.1097419740243940 0.5000000000000000
0.2863574001705336 -0.1696444978332069 0.5000000000000000
0.0022365781189416 -0.0966854470863054 0.5000000000000000
0.0340525883961210 -0.1674747828032761 0.5000000000000000
-0.0423985564792473 -0.0438148095236449 0.5000000000000000
0.1117792572392680 -0.1335963011111954 0.5000000000000000
0.2983880696675015 -0.3180710733702468 0.5000000000000000
0.2765484361990753 -0.3814836220517121 0.5000000000000000
0.3296345036743115 -0.3324274766376516 0.5000000000000000
0.5000000000000000 0.0619433265198214 -0.1403788549843998
0.5000000000000000 0.1059840937585117 -0.2639564222405257
0.5000000000000000 0.1698336885658206 -0.0581084888508669
0.5000000000000000 0.1166251158868379 -0.0267165890628098
0.5000000000000000 0.1123330060933693 -0.0983551024947565
-0.0410631956441928 -0.4083500961488130 -0.5000000000000000
-0.0352112568783416 -0.5000000000000000 -0.3388281757982997
0.0233812095979740 -0.5000000000000000 -0.3571066577230541
-0.0771599406446436 -0.4357911991161115 -0.5000000000000000
-0.0516552474061371 -0.4683101965763148 -0.5000000000000000
0.5000000000000000 0.1058983338280317 -0.2971456537539710
-0.3854123550747315 -0.5000000000000000 -0.3367940327858550
-0.4382327410757999 -0.5000000000000000 -0.4248725994036227
0.5000000000000000 -0.3426344595912295 0.1261157258768772
0.5000000000000000 -0.1595974245415937 0.1525926792223947
0.5000000000000000 -0.3220348053809476 0.0523271537714365
0.5000000000000000 -0.3501581537875926 0.0462092449460905
-0.2976513259165021 -0.1532480894519913 -0.5000000000000000
-0.4089668986582468 -0.1492878517272276 -0.5000000000000000
0.2972154880182724 -0.4367203323497293 -0.5000000000000000
0.5000000000000000 -0.3519127771843593 0.1760877545418708
0.5000000000000000 -0.2033653594297664 -0.0732828131629843
0.5000000000000000 -0.2871480364117229 0.0420505218349903
0.5000000000000000 -0.1569441369366909 0.1463193505989351
0.5000000000000000 -0.2650476319788220 -0.0293466909512746
0.5000000000000000 -0.2842455363259542 -0.0768970625124623
0.5000000000000000 -0.1917294392614379 -0.0030521257747090
0.5000000000000000 -0.2963182487027053 -0.0263949659286709
-0.2059134474405097 -0.5000000000000000 0.0761361214091807
-0.3579399519611387 -0.5000000000000000 -0.2059728650656873
-0.3916574705839183 -0.5000000000000000 -0.1368131954288562
-0.3562207513973379 -0.5000000000000000 -0.1571499271744919
0.5000000000000000 -0.1512735910903893 0.1544935071876815
0.5000000000000000 0.0412236125551162 0.3132754857046140
0.5000000000000000 -0.0580052668145168 0.2364703950545957
0.2939633541733516 0.1392672905498736 0.5000000000000000
0.3523453509492312 0.1147553862111683 0.5000000000000000
0.3246897444222119 -0.0163539898680927 0.5000000000000000
0.2395868221287878 0.2351207133841350 0.5000000000000000
0.5000000000000000 0.0746632338367470 0.4868340416310951
0.3345398365304876 0.3855158693352798 -0.5000000000000000
0.3656544498248820 0.4079869412382787 -0.5000000000000000
0.5000000000000000 -0.4696968361308389 -0.1861727407274759
0.5000000000000000 -0.4425307351743761 0.4625678449149846
-0.3184442547792776 -0.2787429235469005 0.5000000000000000
0.0238634959376849 -0.4296804403729087 -0.5000000000000000
-0.0848980912479188 -0.3931502600795750 -0.5000000000000000
-0.0021977950124863 -0.3679068368943516 -0.5000000000000000
-0.5000000000000000 0.3938626615687076 -0.4004140986498020
0.2827387700018700 -0.2656530042497164 -0.5000000000000000
0.2526422174910077 -0.2764111510381961 -0.5000000000000000
0.3004458272489587 -0.1885052005130263 -0.5000000000000000
0.2846664212115927 -0.2367004261138842 -0.5000000000000000
0.5000000000000000 0.0404327052871250 -0.1477180825223946
-0.2237521458687175 0.5000000000000000 -0.1451934551414669
-0.1232557393020194 0.5000000000000000 -0.1155327139086624
-0.2163773634408120 0.5000000000000000 -0.2453282162437355
-0.2480483994408529 0.5000000000000000 -0.2452124105440078
0.0721988403856847 0.5000000000000000 0.0484427994580428
-0.0396410014527435 0.5000000000000000 0.0567469356807540
-0.0782319042902247 0.5000000000000000 -0.0512428633759753
-0.2076498054245470 0.5000000000000000 0.2150873606814550
0.2034173098802713 -0.5000000000000000 -0.4535964607615842
0.0318604540165579 -0.5000000000000000 -0.3434658541425945
0.0878393661062089 -0.4623125288118612 -0.5000000000000000
0.1206760142276549 -0.5000000000000000 -0.3589934333904679
0.1752126622852276 -0.5000000000000000 -0.3887206156900941
0.0877907677576518 -0.4796384586374418 -0.5000000000000000
0.1466796943516097 -0.4613632481485300 -0.5000000000000000
0.1858396276326919 -0.4031532572959048 -0.5000000000000000
0.1779672244407150 -0.5000000000000000 -0.2996106928516165
0.0164659231905898 -0.4971169181832636 -0.5000000000000000
0.0020625550342377 -0.4870356900958424 -0.5000000000000000
-0.5000000000000000 0.3569823737522522 -0.4001387849351775
-0.5000000000000000 0.3569378257680899 -0.4002140249099786
-0.5000000000000000 0.3572397617668606 -0.4004177957272230
-0.5000000000000000 0.3570071821550179 -0.4006648931339441
-0.5000000000000000 0.3568659450414523 -0.4000748468821644
-0.1521344548875012 -0.5000000000000000 0.1475168541883298
0.1054829084282825 -0.4942253240587534 0.3927294488697949
0.0148945706230490 -0.5000000000000000 0.3792403784538457
0.0801032873775841 -0.5000000000000000 0.4527313345409738
0.5000000000000000 0.2671726458519700 0.2638606399619308
0.5000000000000000 0.3450537854977052 0.2307409960474990
0.5000000000000000 0.3308962239205984 0.0740514099818985
-0.3615805489393652 -0.3281324957592722 -0.5000000000000000
-0.2977074338713952 -0.1583228735138939 -0.5000000000000000
-0.2528551201313075 -0.2697533366167781 -0.5000000000000000
-0.4099963138166928 -0.1543913220451916 -0.5000000000000000
0.3257990572469448 -0.3138229525878866 0.5000000000000000
0.3022367687834554 -0.2995976128969374 0.5000000000000000
-0.5000000000000000 -0.1552442984304391 -0.2711716922651777
-0.5000000000000000 -0.1171307980974642 -0.2314184890948514
-0.4779975644179171 -0.1237212270519951 -0.4994273471480739
0.2837293995607020 -0.5000000000000000 -0.4325933196782807
0.2696284442438770 -0.5000000000000000 -0.3496131322164687
0.5000000000000000 0.0503165061773862 -0.1495942084719021
0.5000000000000000 0.0993787796404257 -0.2861102230530205
-0.0750588997125211 0.1985292505289036 -0.5000000000000000
0.0033896221304804 0.2479647149114550 -0.5000000000000000
0.1105527395782096 0.0797169654622984 -0.5000000000000000
0.0677824241126135 0.1190635297614879 -0.5000000000000000
-0.1992094352037512 0.5000000000000000 0.1868077288602467
-0.0576412957440948 -0.1804757976018567 -0.5000000000000000
-0.0594510012248039 -0.1578074924624435 -0.5000000000000000
-0.0086273171452403 -0.1601824798893707 -0.5000000000000000
-0.4802978764570234 0.3087655976347793 -0.5000000000000000
-0.4704593994362052 0.1583698914374845 -0.5000000000000000
0.5000000000000000 -0.1919610924151294 -0.0940659361944196
0.5000000000000000 -0.1777698696776499 -0.0854943176885346
0.5000000000000000 -0.1748447216587187 -0.1355653112626696
0.5000000000000000 -0.2180716751892929 -0.0819172108045915
0.5000000000000000 -0.2302439846483284 -0.1053459126270160
0.5000000000000000 -0.1840116617784347 -0.0464695829477962
-0.1737342996661958 -0.4957751372599792 0.1170097176634747
-0.2262593126956024 -0.5000000000000000 0.1558255374488036
-0.1710619607990793 -0.5000000000000000 0.1918466395453524
-0.2008738396066371 -0.5000000000000000 0.1851898562687294
-0.2345263124103267 -0.5000000000000000 0.1638106636877680
-0.2360156771947497 -0.5000000000000000 0.1319799363493781
-0.2195536641550647 -0.5000000000000000 0.1318682256441362
-0.2237139003483300 -0.5000000000000000 0.1788263352219233
0.4059739666347602 0.0799273523417402 -0.5000000000000000
-0.5000000000000000 0.3813329996117603 -0.2403894695652397
-0.5000000000000000 0.4880152012382128 -0.2051984058408797
-0.3500337177945436 0.5000000000000000 0.0222278094696149
-0.5000000000000000 0.3775507354219402 -0.1296022883652313
-0.5000000000000000 0.4625856972979913 0.1183947530354296
-0.5000000000000000 0.3074405306668947 -0.1041466258105284
0.5000000000000000 0.0074974644484881 0.4971577318052337
0.5000000000000000 0.0483971343748523 0.3466355266608609
0.4476824705202463 0.0552610791258268 0.5000000000000000
0.3528260276503154 -0.0320187239232259 0.5000000000000000
0.5000000000000000 0.0741218858140122 0.4856815850815631
-0.2131882435535641 -0.1799053077016537 0.5000000000000000
-0.0218533050169049 -0.2147909358812422 0.5000000000000000
-0.0361258273092301 -0.3215587688280644 0.5000000000000000
0.2915100552906953 0.5000000000000000 0.0983789983948117
0.1345167057591445 0.2664319633633404 0.5000000000000000
0.1526142065153972 0.2867198109189630 0.5000000000000000
0.1662441100666321 0.2700312233828134 0.5000000000000000
0.1001520421745344 0.2035868571168397 0.5000000000000000
-0.3664045176984678 -0.3384281753614696 -0.5000000000000000
-0.3697460118557154 -0.3307065659236386 -0.5000000000000000
-0.3639109998984534 -0.3422769554896820 -0.5000000000000000
-0.3773905225026250 -0.3522448438317575 -0.5000000000000000
-0.3219740098734614 -0.2927033788419570 -0.5000000000000000
-0.0522716000446491 -0.5000000000000000 -0.3348979240239794
-0.1114532891115762 -0.4282315331633530 -0.5000000000000000
-0.1575096912318286 -0.4978956333081798 -0.5000000000000000
-0.0781661589710630 -0.4633018835054050 -0.5000000000000000
0.5000000000000000 -0.2998084429264982 0.2173062153381675
0.5000000000000000 0.4250079478855674 -0.1327227868493302
-0.1181950898900922 0.0965462876070922 0.5000000000000000
0.5000000000000000 -0.1972789937487894 -0.1414402333583353
0.2303242761485273 0.0847251637675892 0.5000000000000000
0.2389860229891094 0.0266642082043521 0.5000000000000000
0.2049221787923926 0.0897660621492456 0.5000000000000000
0.2674356980631247 0.0103678967925596 0.5000000000000000
0.1421425878259638 0.1097331554710444 0.5000000000000000
0.2184160622967599 0.0719502230551996 0.5000000000000000
0.2113152026488487 0.0681587643555237 0.5000000000000000
0.5000000000000000 0.3580477443210617 -0.3644570355798401
0.5000000000000000 0.3788709067622230 -0.2719574681283363
0.5000000000000000 0.3689466032402592 -0.3659405451411003
0.2324159514277746 0.5000000000000000 -0.2543536570771966
0.0689193536679839 -0.2803661545460088 -0.5000000000000000
-0.0679323116621853 0.0693411400575366 -0.5000000000000000
-0.1517545882361034 0.2246582695135208 -0.5000000000000000
-0.1518571307644793 0.2468258577326176 -0.5000000000000000
-0.2039950592755573 0.1576219414265246 -0.5000000000000000
-0.1706027615359390 0.1829717059151164 -0.5000000000000000
-0.1487931237028269 0.2576244638345922 -0.5000000000000000
-0.1419159560639077 0.2328361549041424 -0.5000000000000000
-0.2439699210433652 0.0616263595000345 0.5000000000000000
-0.2350666151839047 0.0232979396807487 0.5000000000000000
-0.2279542771497812 0.0229471094970904 0.5000000000000000
-0.2478676418806000 0.0459753081304045 0.5000000000000000
-0.1933603852549965 0.0559064139649100 0.5000000000000000
-0.2627960208187645 0.0413802628320160 0.5000000000000000
-0.2727422429807247 0.0085665482089350 0.5000000000000000
-0.2242778143794867 0.0392580644051667 0.5000000000000000
0.0302877982956832 -0.5000000000000000 0.0585482910072087
-0.1978273576191740 0.3321587948215308 0.5000000000000000
-0.1490232720631739 0.3597161082650253 0.5000000000000000
-0.5000000000000000 0.3374335795138282 0.2225978061929337
-0.5000000000000000 0.4078368704458720 0.3016792309877304
0.0141569380760206 -0.5000000000000000 -0.1782338380642645
0.0804129371398819 -0.5000000000000000 -0.0865515730856030
-0.4552105523653010 0.5000000000000000 0.4701991789748365
0.3331091285248866 0.4658725162118562 -0.5000000000000000
-0.5000000000000000 0.4386672150538106 -0.2844180457194451
-0.5000000000000000 0.4006150828371945 -0.3879560795772700
-0.5000000000000000 -0.0294748823580378 -0.1519776610461590
-0.5000000000000000 0.0720859089887343 -0.1038291554081489
-0.5000000000000000 -0.0085912846822341 -0.2884307423736100
-0.5000000000000000 0.0230426663715528 -0.0328570977054665
-0.5000000000000000 -0.0581863163548704 -0.1431653524092590
-0.3446899103477000 -0.3813158690772283 0.5000000000000000
-0.3103150741142439 -0.3129780163258611 0.5000000000000000
-0.2760791617858358 -0.3514897564851075 0.5000000000000000
-0.2850683851695479 -0.3619767832015280 0.5000000000000000
0.3448351125758198 -0.1513577353898679 0.5000000000000000
0.4673956854326572 -0.0426606792145492 0.5000000000000000
0.3334600735986278 -0.0596169587118412 0.5000000000000000
-0.3923923759641383 -0.4287785528748531 -0.5000000000000000
-0.4928842843567414 -0.3496995160267946 -0.5000000000000000
-0.3787458578366533 -0.4155298234562873 -0.5000000000000000
-0.2659823660820123 0.5000000000000000 0.1245170240815201
-0.2341874818019399 0.2007842631315712 -0.5000000000000000
-0.2656697103031531 0.1204010468566639 -0.5000000000000000
-0.3701491653154896 0.2685610345884730 -0.5000000000000000
-0.0432798545681202 -0.5000000000000000 -0.2686038108196016
-0.0864270261458842 -0.5000000000000000 -0.3632552165973746
-0.4343050749494513 0.0363982204549205 -0.5000000000000000
-0.3969929540558106 0.0538481131019568 -0.5000000000000000
-0.2612478103169528 0.1014947966487779 -0.5000000000000000
-0.2227922099791994 0.0316993395838668 -0.5000000000000000
-0.3422879065592125 0.0533316041709906 -0.5000000000000000
-0.3622563006963699 0.2521121325837361 -0.5000000000000000
0.5000000000000000 0.0133296564208919 -0.1386000579355803
0.5000000000000000 -0.0759411235347629 -0.1738338207653089
0.5000000000000000 0.0170783128191091 -0.0340973088196360
0.5000000000000000 -0.1212054932543157 -0.0606490388723208
0.1510002162036899 -0.5000000000000000 0.4344265119600655
0.1859051910610860 -0.5000000000000000 0.3126031753791787
0.2913095502833462 -0.5000000000000000 0.4684704698150969
0.1882912616997706 -0.5000000000000000 0.2789340281162688
0.3710762298067068 -0.3877202987799194 0.5000000000000000
0.1250415064296288 -0.5000000000000000 0.3120678682307664
0.2980288103628497 -0.5000000000000000 0.2608049479708129
0.2592303298054524 -0.4759498420219065 0.5000000000000000
0.1874435917900048 -0.4257033003836403 0.5000000000000000
0.3081994217294354 -0.4484172713564599 0.5000000000000000
-0.4807569241390371 0.3095144881728132 -0.5000000000000000
-0.5000000000000000 0.3694433671584751 -0.2558977591209786
0.5000000000000000 0.4197142177477456 0.4238411906538249
-0.5000000000000000 -0.3372968609872978 -0.4847233598078015
-0.4200076400322346 -0.1486639112150816 -0.5000000000000000
0.3626212390861224 0.3667681134463553 0.5000000000000000
0.2780052362201606 0.3146440911337889 0.5000000000000000
0.3650852322478696 0.2716235740764694 0.5000000000000000
0.3141771520710644 0.3377378788476696 0.5000000000000000
0.0200844531097439 -0.1751973558622499 -0.5000000000000000
0.0460657852587385 -0.2522378133882005 -0.5000000000000000
-0.0380839682879422 -0.2420417434605742 -0.5000000000000000
-0.1197443817541732 -0.1858332987118568 -0.5000000000000000
0.5000000000000000 0.2124848808485336 -0.1005523097581464
0.5000000000000000 0.1681747586246879 -0.1562731273839101
0.5000000000000000 0.1937738849961757 -0.1078832508905132
0.5000000000000000 0.1938172837233997 -0.0910012371887358
0.5000000000000000 0.1976911500905084 -0.1032941147441294
0.5000000000000000 0.1871073355097118 -0.0999412512762746
0.0480596778779411 -0.1524167515688598 -0.5000000000000000
0.0695378998573989 -0.1743430723791718 -0.5000000000000000
0.1046522878712726 -0.2130213918448298 -0.5000000000000000
0.0335773437512741 -0.1642782947768038 -0.5000000000000000
0.4566178821561430 -0.5000000000000000 0.3731774128683905
-0.2209035933185824 0.3676963142899137 0.5000000000000000
-0.2313793108745547 0.3167478522442525 0.5000000000000000
-0.0313982468525052 0.2107347040755180 0.5000000000000000
-0.2377319712585063 0.2645015122718083 0.5000000000000000
-0.2037132311340582 0.2963142694738113 0.5000000000000000
0.2934874960453234 -0.0969121786942911 0.5000000000000000
0.2749102468205895 -0.0519466766562352 0.5000000000000000
0.2964335216996963 -0.0570401885032445 0.5000000000000000
0.2621786682581739 -0.0667231890615357 0.5000000000000000
-0.2249742124892953 -0.1677339477861567 0.5000000000000000
-0.2644137506780932 -0.2109285739271081 0.5000000000000000
-0.2148992109040488 -0.1651531589207901 0.5000000000000000
-0.2317657676766068 -0.2010888016856407 0.5000000000000000
-0.2051241169580349 -0.5000000000000000 0.0810865726282524
-0.1807919977869840 -0.5000000000000000 0.0889104527418823
-0.1560154306043950 -0.5000000000000000 0.1290547949146330
0.0200455077204181 -0.3717093887205008 -0.5000000000000000
-0.5000000000000000 -0.3071559663603933 -0.4377128845230321
-0.5000000000000000 -0.1970261324444868 -0.0920150725324004
-0.5000000000000000 -0.1115700771380076 -0.1484516727439323
-0.5000000000000000 -0.1629047467936864 -0.2218363465686912
-0.2441587293086878 -0.2069036900893062 -0.5000000000000000
0.3414930008103180 -0.5000000000000000 0.0738213727064355
0.2767525587566801 -0.5000000000000000 -0.0027598007817331
0.2930532644026481 -0.5000000000000000 -0.1882156756772072
0.3441738002089361 -0.5000000000000000 0.0104982384125379
0.2609903115081627 -0.5000000000000000 -0.1755801127064381
0.3255574786630628 0.4956225822824478 -0.0381361598661938
-0.4007051794289226 0.5000000000000000 -0.2117982178902311
0.5000000000000000 0.1550235168702335 -0.3417254331843199
0.5000000000000000 0.2615739175156668 -0.4239085168597689
0.5000000000000000 0.3296012101071205 -0.4242283370281023
0.5000000000000000 0.2209144211203544 -0.4139623984853969
0.5000000000000000 0.2882949554764163 -0.4250114000137856
-0.5000000000000000 0.2060510504290431 0.1204876891813318
-0.5000000000000000 0.3008938626806713 0.1556917221706585
-0.2861154964664682 0.3952316845677709 -0.5000000000000000
0.0696709960531622 0.1570289277429496 0.5000000000000000
-0.3320333935384604 0.5000000000000000 -0.2010872009732155
-0.0837633518828397 0.5000000000000000 0.2710773763910058
-0.2491750692306262 0.5000000000000000 0.0793143126653910
0.4686410407257057 0.5000000000000000 -0.2573953841329079
0.4639625253886061 0.5000000000000000 -0.3200390119613475
-0.0769761785831790 0.5000000000000000 -0.1815281495197998
-0.1602695481881823 0.5000000000000000 -0.2818031675335903
-0.0764266955862377 0.5000000000000000 0.2685908369552379
0.3780846153658050 0.5000000000000000 -0.0249896933012820
0.4399195971520847 0.5000000000000000 -0.0226894502253246
0.4434272316773427 0.5000000000000000 -0.0061949872022388
0.4326009888108475 0.5000000000000000 -0.0205832785599591
0.3645847499053303 0.5000000000000000 0.0339383263708149
-0.2844094976370675 0.0779001778058281 0.5000000000000000
-0.2401411378573957 0.1556879340726133 0.4985475797034916
-0.3008760248614048 0.1375769053222436 0.5000000000000000
-0.3178653400269295 0.0450072772150101 0.5000000000000000
-0.3471841728177399 0.0862150604893060 0.5000000000000000
-0.5000000000000000 0.4090490578867667 -0.4242099332119582
-0.4587475903695532 0.3941944660968643 -0.5000000000000000
-0.0176776079831026 -0.5000000000000000 -0.1705567490126627
0.0680831530899118 -0.5000000000000000 0.0544843591528280
-0.0431589887274519 -0.0071644603903880 -0.5000000000000000
0.1468014179374882 -0.0567287098880730 -0.5000000000000000
0.0856790524471622 -0.1245972192312967 -0.5000000000000000
0.0800995088946927 -0.1587208797047576 -0.5000000000000000
-0.2078260077947341 -0.5000000000000000 -0.3116568488342625
-0.2368342618170563 -0.3450994266965083 -0.5000000000000000
-0.2232715915125562 -0.4860247448312491 -0.5000000000000000
0.3537449011230868 0.1208596390011216 -0.5000000000000000
0.3827168228435188 0.0854481961037571 -0.5000000000000000
0.3157484602495738 0.1890788525707797 -0.5000000000000000
0.2413125332016312 0.1480760987934440 0.5000000000000000
0.3319602883586164 0.1687208953824947 0.5000000000000000
-0.0605623549222469 0.0281741401735513 -0.5000000000000000
-0.2366495307156755 0.1039947750004027 -0.5000000000000000
-0.2038351779294308 0.1119366485831342 -0.5000000000000000
-0.1502807238257582 0.0135959648050194 -0.5000000000000000
0.5000000000000000 -0.3906065282773126 0.1571890104200657
0.5000000000000000 -0.3441287873834520 0.1866171179347021
-0.0466478367311067 -0.0007392177478503 -0.5000000000000000
-0.0357598605251465 0.0290720110649849 -0.5000000000000000
-0.0509953229050842 0.0330287851699211 -0.5000000000000000
-0.0504651878721011 0.0254304600083630 -0.5000000000000000
-0.0437046006540899 0.0350578672048178 -0.5000000000000000
-0.0679577228315078 0.0163178170349968 -0.5000000000000000
-0.0709248139366082 -0.0044450801981073 -0.5000000000000000
-0.5000000000000000 -0.4564433596911869 0.3477301909517423
-0.4860608236608829 -0.5000000000000000 0.1851578359301684
-0.4167250945662838 -0.4723933221819334 0.5000000000000000
-0.3961140373773789 -0.3892623025670949 0.5000000000000000
-0.3865819102481694 -0.4246589577648871 0.5000000000000000
-0.3326235423131115 -0.5000000000000000 0.4531144772369065
-0.3035411669674495 -0.4362291811539025 0.5000000000000000
-0.4036922474223658 -0.2914687412103262 0.5000000000000000
-0.5000000000000000 -0.3473970698092662 0.3889167110123349
-0.4305182747084696 -0.5000000000000000 0.4261152930777130
-0.5000000000000000 -0.4406855840420198 0.3335672397165887
-0.5000000000000000 -0.3819916700281295 -0.1695148769017077
0.5000000000000000 0.0481337256997609 -0.1481516478829522
0.5000000000000000 0.0242149990068186 -0.1723613540654883
0.5000000000000000 0.0240145062007721 -0.0790078052584435
0.5000000000000000 0.0457071107039713 -0.1259217818976670
0.2721914265055853 0.5000000000000000 -0.0671058053945892
0.5000000000000000 0.4140416210142462 0.2193730049857393
-0.5000000000000000 0.1622357323256012 0.0292004317565975
-0.5000000000000000 0.2339083197869748 0.0619239368993795
-0.5000000000000000 0.0771652231829783 0.1069025158546806
-0.5000000000000000 0.2062798615002431 -0.0713342977842300
-0.1912274235359482 0.2752614586130651 -0.5000000000000000
-0.2619005536696656 0.3603066101788547 -0.5000000000000000
-0.1890319772238195 0.2951317712399787 -0.5000000000000000
0.1115782143035939 -0.2769753958772664 -0.5000000000000000
0.0554845570841161 -0.2226704458427017 -0.5000000000000000
0.0449483194509699 -0.3140848004956804 -0.5000000000000000
-0.5000000000000000 -0.0508191081202652 -0.2647094973907238
-0.5000000000000000 -0.0941096409986669 -0.1556572645703404
-0.5000000000000000 -0.1214969330424450 -0.2013959103180847
0.3255384979744651 0.5000000000000000 0.1611169385602218
0.3152249943091635 0.4967966195829892 0.0633135302047226
0.4762371477421467 0.4579229479903229 0.5000000000000000
0.5000000000000000 0.4458969897766514 0.4651761661064270
-0.4900830696196553 0.0591452449439029 0.1424542903625804
-0.4709222036898435 0.3062407651460743 -0.5000000000000000
-0.4771772685178125 0.3169545076185969 -0.5000000000000000
-0.5000000000000000 0.1019346316017388 -0.0461926336213093
0.2914060277074012 -0.3629640411374879 -0.5000000000000000
0.5000000000000000 -0.3865577472485531 -0.1623443596084943
0.3791546782648958 -0.5000000000000000 -0.3428740184158421
0.3858758299144495 -0.4380051549471187 -0.5000000000000000
0.4498701863793566 -0.5000000000000000 -0.1408611274664185
0.2055664325966696 -0.4001203605675118 -0.5000000000000000
0.5000000000000000 -0.4001376367999239 -0.0802537481181612
-0.5000000000000000 0.3935394011964173 -0.2741108612785841
-0.5000000000000000 0.3896021358684757 -0.3723998740859362
-0.5000000000000000 0.3492408830272241 -0.2270895485806777
-0.0429970229569860 -0.5000000000000000 -0.2416740675562744
0.5000000000000000 -0.1539981573809420 0.1535518353958354
0.5000000000000000 -0.1601428337537363 0.1566197656201353
0.5000000000000000 -0.1522427850818366 0.1517197725983349
0.5000000000000000 0.0541367660791889 0.3280921335132064
0.5000000000000000 0.2169524051167641 0.3384200476359374
0.5000000000000000 0.1467546714995497 0.3710611113990581
0.5000000000000000 0.0746592003000751 0.4855759411479320
-0.2174373384442825 0.1552502688600942 0.5000000000000000
0.3685134375058227 -0.1528068470297666 0.5000000000000000
0.3562720092552643 -0.2165656285138295 0.5000000000000000
0.0125798205809983 0.5000000000000000 -0.1938308141618977
-0.2586336589646458 0.5000000000000000 -0.3978953156055889
-0.5000000000000000 0.4979878358893584 -0.2353480304581174
-0.3668822297202715 0.5000000000000000 -0.3078696973719665
-0.5000000000000000 0.4611082896502765 -0.3317623154327715
-0.3266115641509233 0.5000000000000000 -0.2645500391917361
-0.3481879993516315 0.5000000000000000 -0.0387583084108342
0.4810960899742528 -0.4678813150742659 0.5000000000000000
0.4568104064386275 -0.3758310017280890 0.5000000000000000
0.4744893492169380 -0.5000000000000000 0.2327460176434443
0.3467764403319287 -0.5000000000000000 0.2179025437435304
0.4042865350988040 -0.5000000000000000 0.1142210566157161
0.0168863387603768 0.5000000000000000 -0.3362481825842220
0.0365409711074292 0.4957789015281614 -0.1772806255133255
0.0847429858946758 0.5000000000000000 -0.3728184286333773
0.2666067953896384 -0.5000000000000000 -0.2832665140885791
0.2314944810373349 -0.5000000000000000 -0.2894253447119499
-0.3971666086061688 -0.4365652043661222 -0.5000000000000000
-0.3904211262550827 -0.4306673166575915 -0.5000000000000000
-0.3995182094563885 -0.4364241155292493 -0.5000000000000000
0.3199415270865725 -0.2852476670262026 -0.5000000000000000
0.2614651769894479 -0.3147535791936138 -0.5000000000000000
0.2847498748494888 -0.3157838711273946 -0.5000000000000000
-0.0317307192044554 0.3423812268155638 -0.5000000000000000
-0.0620918083604124 0.3969209120291549 -0.5000000000000000
0.2411974081102868 0.5000000000000000 -0.0884617730029635
-0.0456815064416410 0.4447272414895336 -0.5000000000000000
0.5000000000000000 0.4651696796700051 -0.0790402436095746
-0.1297215847011861 -0.1846085838679644 -0.5000000000000000
-0.1186590011792775 -0.1153036445472993 -0.5000000000000000
0.5000000000000000 0.0989307216593756 -0.0151529598761896
0.2310045911515669 0.0012382042893390 0.5000000000000000
0.5000000000000000 -0.1785365580300116 0.2284612057615547
-0.4580352695561625 -0.5000000000000000 0.0252775781498870
-0.3724354877169394 -0.5000000000000000 -0.0709820330170626
-0.2782066497394365 -0.5000000000000000 0.3653151356972191
-0.0613880391703736 0.3104614562495667 -0.5000000000000000
0.0188202512296674 0.3508327072287720 -0.5000000000000000
-0.0895275902335220 0.2929412603860812 -0.5000000000000000
-0.0807248577378238 0.2698753175309521 -0.5000000000000000
0.0142771620575279 0.2914271682715799 -0.5000000000000000
-0.5000000000000000 0.4283924097777549 -0.3539170843751960
0.5000000000000000 -0.3092963155405542 0.2629609632936068
-0.2404118661045712 0.2403620576960056 -0.5000000000000000
-0.5000000000000000 -0.0646780999697273 0.0877169543476283
-0.5000000000000000 0.0462991858850061 0.1294433967237347
-0.5000000000000000 -0.1043872860981570 0.2728038770481750
0.1247370929780875 -0.5000000000000000 0.4185747490070202
0.4074892189260614 0.1509332461916391 -0.5000000000000000
0.3709741394357067 0.1479002626961143 -0.5000000000000000
0.4003863052839696 0.1201517712540804 -0.5000000000000000
0.3356409304263061 0.2109472012363511 -0.5000000000000000
0.0713677877130219 0.1461232967607237 0.4999999999999999
-0.3711375627998678 -0.5000000000000000 -0.3183043264686918
-0.1909251976990995 -0.5000000000000000 -0.4775350602080694
-0.1212696507713801 -0.5000000000000000 -0.4132158712159516
-0.5000000000000000 -0.0911712145588812 0.0801343540765888
-0.5000000000000000 0.0039696743483936 0.0376201091157153
-0.1011771333827884 -0.0343694024505911 0.5000000000000000
-0.5000000000000000 -0.1864170262845636 0.0126263940197692
-0.5000000000000000 -0.0977604968329707 -0.0436236818305953
-0.5000000000000000 -0.1160894587332629 0.1265335054544045
-0.2465469271451410 -0.1418202861586872 0.5000000000000000
0.2893262836259756 -0.5000000000000000 -0.2421486318730818
0.2562702536675401 -0.5000000000000000 -0.2403925454671124
-0.4905563106630586 -0.5000000000000000 0.0474731754937001
-0.3820926485328458 -0.5000000000000000 -0.4594904193015001
-0.4049936655826433 -0.4905613738371626 -0.5000000000000000
0.0270487462077612 0.3451926301506611 0.5000000000000000
0.2886161750675503 0.5000000000000000 0.3002210293497848
0.4587179308738187 0.3400325891523704 0.5000000000000000
0.4101390287556749 0.3949829426842988 0.5000000000000000
0.4809313078138240 0.3503738396983390 0.5000000000000000
0.3198456635810494 -0.5000000000000000 0.1943643773256433
0.2454978488587223 -0.5000000000000000 -0.0352063509145994
0.5000000000000000 -0.4519961814347335 -0.1821125220394219
0.4253001702556838 -0.5000000000000000 -0.2936816962339097
0.4194418525917323 -0.4453564565508937 -0.5000000000000000
0.4683446161986919 -0.5000000000000000 -0.1390240923554725
0.5000000000000000 -0.4551351397299603 -0.1569388217773685
0.5000000000000000 -0.4765831914801907 -0.2087998286750349
0.5000000000000000 -0.4691774090794429 -0.1944741337776526
0.2571048089747092 0.5000000000000000 -0.4720854991503244
0.2738871021812426 0.5000000000000000 -0.4315661181262734
0.2667908039234057 0.5000000000000000 -0.4680882820522506
0.2182171717802828 0.5000000000000000 -0.4613236214708661
-0.0534596135436937 -0.0970347746531996 0.5000000000000000
-0.0920957345312959 -0.0353716188691405 0.5000000000000000
-0.2442116954097667 -0.1424951749427572 0.5000000000000000
-0.4355515518470151 0.5000000000000000 -0.4454856365629748
-0.3532611416112262 0.5000000000000000 -0.4599065482099818
-0.4193722232629147 0.5000000000000000 -0.4786465087173884
-0.4088162892624969 0.4896543406775589 0.5000000000000000
0.3343980391787277 0.3230705139071518 -0.5000000000000000
0.3500736351963450 0.3789854572420780 -0.5000000000000000
0.2275690838269749 0.3649343064758776 -0.5000000000000000
0.3260540444419535 0.3494265096843095 -0.5000000000000000
0.5000000000000000 0.2285559691111088 -0.2549544828344714
-0.5000000000000000 0.0475782831779318 0.1695857925621802
-0.4988076575382186 0.0302211317924596 0.2492337211780379
-0.5000000000000000 -0.0680012494352651 0.2785355664098549
-0.1543093773394387 0.2778271223807275 -0.5000000000000000
-0.1503679991993998 0.2940440460753621 -0.5000000000000000
-0.0118477176374703 -0.4674969179592694 0.5000000000000000
-0.0505432139878349 -0.4571158923995350 0.5000000000000000
0.0628034147498033 -0.4535841881142350 0.5000000000000000
0.5000000000000000 -0.2298488028309189 0.2378229561395246
-0.2598465605229416 0.1096962438179042 -0.5000000000000000
0.5000000000000000 0.4015308991934949 0.4069857837904552
0.2963470175550682 0.5000000000000000 0.3046721095120079
0.5000000000000000 0.4157284932884373 0.3799042800614975
0.4712597272923659 0.4125917945430689 0.5000000000000000
0.5000000000000000 0.4038553396138529 0.4463081697177506
0.5000000000000000 0.4277893211440433 0.4252976480673355
0.5000000000000000 0.3046562401384317 0.3397717393286098
0.2868768584482286 0.5000000000000000 0.2955171679994270
0.2502226827444428 0.5000000000000000 -0.0749492054317697
0.5000000000000000 0.3857186713933255 0.2732036424619498
0.4978625691808106 0.3350399372770665 0.5000000000000000
-0.4116647025757433 0.4247854408686788 0.4999999999999999
-0.5000000000000000 -0.2848702941762140 -0.0333611813548957
-0.5000000000000000 -0.2899307010489098 0.0543117496947675
-0.5000000000000000 0.2854414599702040 0.3597411659421575
-0.5000000000000000 0.3191923315534729 0.1464366190906519
-0.3625339754655293 0.5000000000000000 0.0732266854999694
-0.3777928585026541 0.2839691894523417 0.5000000000000000
-0.3439129870881625 0.3187928575932223 0.5000000000000000
-0.5000000000000000 0.4353269159500712 0.1885090170785872
-0.3709541062182643 0.5000000000000000 0.1439275276067594
-0.3014878133344360 0.2214068414258182 0.5000000000000000
-0.5000000000000000 0.2894956262033670 0.0506118912921160
0.3442058642512307 0.3250130353684271 -0.5000000000000000
0.2275633056010837 0.2698887373312042 -0.4990635146697116
0.3283364078265722 0.2782666743535630 -0.5000000000000000
0.0216123491278963 -0.3504963498336712 -0.5000000000000000
-0.2916086065138555 -0.5000000000000000 -0.2903643759834197
-0.2537573212664778 -0.5000000000000000 -0.3532031651147730
0.2018820366809740 0.1724000909965985 0.5000000000000000
0.0557138622454838 0.2836965605545265 0.5000000000000000
-0.0481440721858784 -0.0062843366753661 -0.5000000000000000
-0.0409260103450585 -0.0049046962692266 -0.5000000000000000
-0.0414640816457909 -0.0159087526038253 -0.5000000000000000
-0.0455291365889978 -0.0067254186792092 -0.5000000000000000
0.5000000000000000 0.3776019754253460 -0.1183409437053470
0.5000000000000000 0.3916362005035073 -0.1330574238060885
0.4374602743046988 0.5000000000000000 -0.1332004937701022
0.5000000000000000 0.3729592087196812 -0.0285956687328995
0.5000000000000000 0.2479729078089909 -0.2300480004958606
0.5000000000000000 0.4425524395436882 -0.1988915902482186
0.1877730750209816 -0.1394781362394358 -0.5000000000000000
0.1254359124486173 -0.1753944623836164 -0.5000000000000000
0.1091851227376778 -0.1913286680366177 -0.5000000000000000
-0.5000000000000000 0.4107654489165671 0.4105769571725916
-0.5000000000000000 0.4061716757317672 -0.4002741485328692
-0.1612639987323208 -0.4381926384123319 -0.5000000000000000
-0.1843923164845763 -0.4008150059323130 -0.5000000000000000
-0.1991392632694042 -0.4702625311186461 -0.5000000000000000
-0.1671591724693317 -0.4920859561384202 -0.5000000000000000
0.5000000000000000 0.0690173806071426 -0.2946607252065173
0.4280139885543759 0.1177168235062358 -0.5000000000000000
0.5000000000000000 0.0933396017454679 -0.2934257913781553
0.5000000000000000 0.1516120935098434 -0.2752078181087969
0.3004816225924964 0.1071642803651534 -0.5000000000000000
0.5000000000000000 0.2023978815564626 -0.2573832870717869
0.3499818529554953 0.1472653175910671 -0.5000000000000000
0.1272468698371063 -0.3075308882466220 0.5000000000000000
0.1028823219529814 -0.2749437650530887 0.5000000000000000
0.2122829825395740 0.2609914947524259 0.5000000000000000
-0.3331239866909139 0.1828492334845449 0.5000000000000000
-0.5000000000000000 0.2559483391489255 0.3898456849412761
-0.3393003261927048 0.2023116616135715 0.5000000000000000
-0.3067844397620185 0.1389373634473222 0.5000000000000000
-0.3021305491922351 0.1792542674810059 0.5000000000000000
0.0911147557118993 0.1673854802088309 -0.5000000000000000
0.5000000000000000 0.0658514185745977 0.1963569283833065
0.4971834587877489 -0.1422183564436945 0.5000000000000000
0.3537363123249047 -0.0816041093895118 0.5000000000000000
0.5000000000000000 -0.1671217428353676 -0.2629527392812425
0.5000000000000000 -0.0564665193090196 -0.2775495588700524
0.5000000000000000 -0.0007480396019252 -0.3118129511167612
-0.0940097068892181 0.3687568009182558 -0.5000000000000000
-0.1155202952147011 0.3391976315872600 -0.5000000000000000
0.3851672361836299 0.3997031766011875 -0.5000000000000000
0.4047433227649494 0.4088129932305026 -0.5000000000000000
0.3809368604886093 0.4175520057101295 -0.5000000000000000
0.4586370163102123 0.3790944804539832 -0.5000000000000000
0.5000000000000000 0.2385246109156720 -0.2607036761558973
0.5000000000000000 0.4403641685829835 -0.3225045415239558
0.1036907171597275 0.5000000000000000 0.0357174183231647
-0.1117221520719315 -0.3682904549705495 -0.5000000000000000
-0.0016355579023910 -0.3491727552711723 -0.5000000000000000
-0.1457124809766807 0.0619424608796176 0.5000000000000000
0.2207581603595491 0.2481551925206431 0.5000000000000000
0.4192235466629661 -0.2364973968911617 -0.5000000000000000
0.5000000000000000 0.2482063598492570 0.4075737724721173
0.5000000000000000 0.1961299822137521 0.0281429843918366
0.0067257563972945 -0.5000000000000000 0.2917581970430811
-0.0977359105198849 -0.5000000000000000 0.3044349233392484
-0.5000000000000000 0.0153496787316968 -0.4485761709286341
-0.4742157367009038 0.0358154872776276 -0.5000000000000000
-0.2934469986637893 0.5000000000000000 -0.3946472709591184
-0.3607771975865329 0.5000000000000000 -0.4150031456035476
-0.4440591110690349 0.1673178915326146 0.5000000000000000
0.4127567580644002 0.0936048793832526 -0.5000000000000000
0.1855920169155994 0.5000000000000000 -0.1090232076397703
0.0539210570729107 0.5000000000000000 -0.1299323989458762
0.0636527839602300 0.5000000000000000 -0.1253699102225473
-0.5000000000000000 0.0816738627023547 -0.1865377809146009
-0.5000000000000000 0.0188698089409294 -0.4118094289538707
-0.4894282147054005 0.0903683751075761 -0.5000000000000000
-0.4760599638382538 0.0487554342215131 -0.5000000000000000
0.2154206093485704 0.2139261630223275 0.5000000000000000
0.1228745146823200 0.1511845078359680 0.5000000000000000
-0.5000000000000000 0.0710723081973141 0.0634542421892527
-0.5000000000000000 0.0844424299708656 -0.0879387715726916
-0.5000000000000000 0.1204434371959506 -0.0953922006112617
-0.0001387562220753 -0.3524312628673361 0.5000000000000000
-0.4232726799607353 -0.4552327334336749 -0.5000000000000000
-0.5000000000000000 0.4314787501451908 0.3454987958338318
-0.5000000000000000 -0.0914086796495616 -0.4816817031527790
-0.5000000000000000 0.0038191916968724 -0.3731654492364909
-0.2275567274854836 0.2717618723697430 -0.5000000000000000
-0.2410659647489492 -0.1445805137600678 0.5000000000000000
0.5000000000000000 -0.2602655124124771 -0.1676377383063671
0.5000000000000000 -0.2821667963883042 -0.2094180376731830
0.3312951826755756 -0.1623668179985370 -0.5000000000000000
0.5000000000000000 -0.2332387649295024 -0.2872180999858819
0.4101270252289665 -0.3639746573611272 -0.5000000000000000
0.3470516927970863 -0.2299134465050831 -0.5000000000000000
0.5000000000000000 -0.2687470374362738 -0.2402948567303003
0.4001292055366959 -0.2213662685893107 -0.5000000000000000
0.5000000000000000 0.1937139316335890 0.4615299513308915
0.2705282161458524 0.2471333847261001 0.5000000000000000
0.4407659287339809 0.2493950329927770 0.5000000000000000
0.5000000000000000 0.0753933698436180 0.4867351685629264
0.4028783467235879 0.2974252985418169 0.5000000000000000
0.4606215130397140 0.2672321264746967 0.5000000000000000
-0.3894603375120554 -0.5000000000000000 -0.1121829750980613
-0.3492652382064462 -0.5000000000000000 -0.0913074208417638
-0.3542830552636785 -0.5000000000000000 -0.1389737733298838
0.5000000000000000 -0.3105766626310997 -0.0796674477052105
-0.5000000000000000 0.0562102286780839 0.1119403641361873
-0.3789885181895918 0.2695910599056775 -0.5000000000000000
-0.3232811679638804 0.5000000000000000 0.1090182872156053
-0.2859079179392046 0.5000000000000000 0.0956772256286373
0.2839338554635797 0.5000000000000000 0.2964827897023670
0.2886443158009259 0.5000000000000000 0.2800522575262991
0.2811848999769875 0.5000000000000000 0.2905260873898031
0.5000000000000000 0.0378864973790546 0.0824044687913676
0.5000000000000000 -0.0787095113667537 0.1857842039975408
-0.3194949200173297 0.1235886723122138 -0.5000000000000000
-0.2678209872483361 0.1442843213114851 -0.5000000000000000
-0.3358558097527723 0.0905806592431132 -0.5000000000000000
-0.2381842216991590 0.0749103863640865 -0.5000000000000000
-0.0594195580609950 0.0487772896131283 0.5000000000000000
-0.0808301553881511 0.0104212293196915 0.5000000000000000
-0.1328841604917210 0.0928108489777510 0.5000000000000000
0.0447879008884835 0.1361568685059604 0.5000000000000000
-0.1316366349578004 0.1103707860203374 0.5000000000000000
-0.2988012536956305 -0.5000000000000000 -0.2492702497228033
-0.2857555416840655 -0.5000000000000000 -0.1875824632526870
0.5000000000000000 -0.3362943647692147 -0.1508901123932417
0.1261545778227805 -0.3385722925913641 0.5000000000000000
0.3463867949068872 -0.5000000000000000 -0.3040289094520657
0.4192461581595293 -0.5000000000000000 -0.1463799671572816
0.1973976718972806 -0.4013631638239364 -0.5000000000000000
0.3217206795671328 -0.5000000000000000 -0.1901999508852832
-0.2851327628400442 -0.1383017138576437 -0.5000000000000000
-0.2764403031718819 -0.1684404326416030 -0.5000000000000000
-0.1633109438903199 0.3752018305585378 0.5000000000000000
-0.3464896263236782 0.4714089036428239 0.5000000000000000
0.2066118190142406 -0.3375976838150749 -0.5000000000000000
0.0616584855865291 -0.3552126310518924 -0.5000000000000000
-0.5000000000000000 0.3783313747731921 -0.4396201704874472
0.1398977758284175 -0.5000000000000000 0.4467924788295091
0.2495941144389073 0.5000000000000000 -0.0819419443904679
0.2531537481115744 0.5000000000000000 -0.0649635505868895
0.2509849188732073 0.5000000000000000 -0.0820882899040948
0.2469701798398898 0.5000000000000000 -0.0780547058215555
0.2451070529221589 0.5000000000000000 -0.0889067537397784
0.2725130300310322 0.5000000000000000 -0.0290552324745106
0.5000000000000000 -0.1577952862691581 0.0031951204296537
0.3362183899354678 -0.1147688710959364 -0.5000000000000000
0.5000000000000000 -0.0179415799308725 -0.2650511084630748
0.1387792610295108 -0.5000000000000000 0.1810495128860794
-0.5000000000000000 -0.4908168067652394 -0.2888087668328648
-0.5000000000000000 -0.4815150730534842 -0.2713226068800015
-0.5000000000000000 -0.4903837896757857 -0.2839276166659995
-0.5000000000000000 -0.4886800702345641 -0.2986623250380291
0.1279180501259324 0.5000000000000000 0.0652293287550566
-0.4904121897056420 -0.1132481098325994 0.3063800977428525
-0.3335638959446406 -0.2832135219839484 0.5000000000000000
-0.3776520684365040 -0.2560553446770641 0.5000000000000000
-0.3186356692202297 -0.2814360486883538 0.5000000000000000
0.1767689776128731 0.0309867165313131 0.5000000000000000
0.1519457691963470 0.3624054798409147 -0.5000000000000000
0.1404127693800981 -0.0011033334136733 -0.5000000000000000
0.1986486062262147 -0.0685494002787321 -0.5000000000000000
-0.0166489261843910 -0.1694205969816763 0.5000000000000000
-0.0712682331237405 -0.0433250995670755 0.5000000000000000
-0.2351463377655804 -0.1433929411755259 0.5000000000000000
0.5000000000000000 0.2543309318980359 -0.0195681380283854
-0.4579179953011316 0.3731118728230994 -0.5000000000000000
-0.4618891319182691 0.0221663468549485 0.5000000000000000
-0.3352964112141995 0.0329855717379878 0.5000000000000000
0.5000000000000000 0.4599871015552863 0.2321694976091025
0.1429751471473204 -0.5000000000000000 0.1565199521030675
-0.1228968395191451 -0.1771602010124822 -0.5000000000000000
-0.1069024977868913 -0.0984387274655152 -0.5000000000000000
-0.1145991390598029 -0.4142715095824481 -0.5000000000000000
0.5000000000000000 0.4065824549340064 0.2625831336248576
0.5000000000000000 0.4131905132039511 0.2453249802684182
-0.3862318523925881 0.2607802118180931 -0.5000000000000000
0.0319672384966719 0.4349400734764360 -0.5000000000000000
-0.1358134861678064 -0.3590319656613103 -0.5000000000000000
-0.1257349691054087 -0.2386967830359226 -0.5000000000000000
-0.4997849433142523 0.1351270550308691 0.3456895947717606
-0.3025068365070669 -0.5000000000000000 0.3924023008774594
-0.2717277268524480 -0.5000000000000000 0.4315622859923643
-0.2692041915676328 -0.4354044402080086 0.5000000000000000
-0.2621986279644528 -0.4311362490400525 0.5000000000000000
-0.2692455158025391 -0.4259028874651837 0.5000000000000000
0.1271049461464188 0.3789076257880782 -0.5000000000000000
0.1469970295162523 0.3485445533927328 -0.5000000000000000
0.0741038136493561 0.1521390258864179 0.5000000000000000
0.4411184568306019 -0.3495695674456765 0.5000000000000000
0.4706853306886720 -0.3510648494091742 0.5000000000000000
0.4225735690034071 -0.3235182105739558 0.5000000000000000
0.5000000000000000 0.0899880247173507 0.0248232790333927
-0.5000000000000000 -0.1388437384905851 0.2787710962860935
-0.5000000000000000 -0.2706249107516767 0.2114256595259742
-0.5000000000000000 -0.2819281405910880 0.0979305687512136
0.0926802830982661 -0.0696397385810194 -0.5000000000000000
0.1166763554962338 -0.1369016962918466 -0.5000000000000000
-0.4879427060588536 -0.2898184008822282 0.0827546551689995
-0.2926810723168914 -0.3564064167950511 -0.5000000000000000
-0.2264484678074159 -0.2186629826441471 -0.5000000000000000
0.3197132082664354 -0.0472007534984314 0.5000000000000000
0.1128167618442059 0.0433129902680610 -0.5000000000000000
0.2658785444198719 0.1700223484561840 -0.5000000000000000
-0.4216164719180726 0.2094207073818785 0.5000000000000000
-0.4634161093902218 0.1124488498334971 0.5000000000000000
-0.4619954206364486 0.0229190447130331 0.5000000000000000
-0.3654441952652602 0.0819800279773825 0.5000000000000000
-0.3383182662478187 0.1687321766081717 0.5000000000000000
-0.1552096421749506 -0.5000000000000000 0.3122523313167005
0.4561336297963342 -0.5000000000000000 -0.0961988465180141
0.4956602165886891 -0.5000000000000000 0.1845608484667035
0.5000000000000000 -0.3971919711379673 0.0548411219950604
0.4167764051505777 -0.5000000000000000 0.0446188067935733
0.0937973333844001 -0.5000000000000000 0.2110636475734162
-0.1302837574879755 -0.5000000000000000 -0.0593792457583192
-0.4281052645543039 0.2887502176711721 0.5000000000000000
0.1260320419271982 -0.2268800503457870 -0.4920815469698216
0.0485653045646893 -0.1726787518155191 -0.5000000000000000
-0.1676195884931865 -0.0351453169671993 -0.5000000000000000
-0.1249998286094483 -0.0638095062779903 -0.5000000000000000
0.0946383440293603 0.4150355404561230 -0.5000000000000000
-0.5000000000000000 -0.2167755414376155 -0.0390972156178252
-0.5000000000000000 -0.1196869290285644 -0.1023101198116793
-0.2085593584452295 -0.5000000000000000 0.3226333767739322
-0.4078441992782244 -0.2237917143151446 0.5000000000000000
-0.4618825697612390 0.0213768923100107 0.5000000000000000
-0.3468394938580214 -0.0270346346925476 0.5000000000000000
-0.5000000000000000 -0.1150243386157838 0.2820899516676192
-0.2596599028872417 -0.1415739299514394 0.5000000000000000
-0.5000000000000000 -0.1115748834817025 0.2870135677488929
0.2296582421949756 0.5000000000000000 0.3999297941530373
0.1935038737770896 0.5000000000000000 0.1771749803791639
-0.0586888747618762 0.2709953552773389 0.5000000000000000
-0.5000000000000000 0.4643559587667430 0.1756869873422356
-0.3017451625916927 0.5000000000000000 0.2023117811500199
-0.1450021976325647 0.3556544978320688 0.5000000000000000
-0.1513019184965154 0.3439201443359132 0.5000000000000000
0.0829126781230470 0.0697584946610614 -0.5000000000000000
0.1134853582415821 0.5000000000000000 -0.3760617577690302
-0.4017418440861107 -0.2455631283376229 0.5000000000000000
-0.4992706878691932 0.3165257182937256 0.3740998113070548
0.0367684944561855 -0.2307375576107638 0.5000000000000000
0.2422257980980580 -0.5000000000000000 -0.2081599079919784
-0.4243066343811249 -0.5000000000000000 0.3767836488650900
0.1801601875187514 0.0123969782767123 0.5000000000000000
0.1169175928556686 0.1070097427980272 0.5000000000000000
0.1842543275340009 0.0423786861785838 0.5000000000000000
-0.5000000000000000 -0.3519923615877058 -0.4354831484328472
-0.5000000000000000 -0.3597958491031623 -0.4811933004128973
-0.5000000000000000 -0.3472332382494362 -0.4915231134272291
-0.5000000000000000 -0.3657811966859117 -0.4992940131748638
0.1993776179456245 -0.3860831383206809 -0.5000000000000000
0.2032411706720064 -0.3885975137263137 -0.5000000000000000
0.1383138749384823 -0.3820382788865961 -0.5000000000000000
0.2485428144443911 0.5000000000000000 0.1340808237197830
0.1855755495829183 0.5000000000000000 0.1133940627379112
0.2989859862112711 0.5000000000000000 0.0719828967893493
0.3326563507878660 -0.5000000000000000 0.2265937683705752
0.2747789643634371 -0.5000000000000000 0.2111328982872506
0.3384200622619620 -0.5000000000000000 0.2496129699438420
-0.5000000000000000 0.0349723952316645 0.0050769318938405
-0.2480284405799618 -0.4723007585523291 -0.5000000000000000
0.4819021372009427 -0.2609726267757368 0.5000000000000000
0.5000000000000000 0.0622172858078844 -0.3146708879605200
-0.5000000000000000 -0.3130304155954746 -0.2202626035908532
-0.2878382527504217 0.3539545854461589 -0.5000000000000000
-0.4223033541933474 -0.1369448845095694 -0.5000000000000000
-0.3918300319395924 0.4127014867866716 0.5000000000000000
-0.3904830570623459 0.3985080967804976 0.5000000000000000
-0.5000000000000000 0.4602019383606635 0.2398804654891216
-0.3742124909890344 -0.4204438568355696 -0.5000000000000000
-0.5000000000000000 0.2256364171101837 -0.1584495197360934
-0.3695080821445222 0.2757522876372289 -0.5000000000000000
-0.4404618837539894 0.3819000715367557 -0.4881273155899117
-0.0847072141934186 -0.0193239931888328 0.5000000000000000
0.4858629718907148 -0.2611870892331183 0.5000000000000000
-0.1405961887241115 -0.4972055387557227 -0.0798949148805301
-0.5000000000000000 -0.2795055838460052 0.3011485334374125
0.3062617862463715 0.2258696390650687 -0.5000000000000000
0.5000000000000000 -0.3528839825152228 -0.0666491671683902
0.4989375000564345 0.3773096508541370 0.0627834115118127
0.5000000000000000 0.3362376238303773 0.0484695444863716
-0.4179009831855940 0.3181592000351482 0.5000000000000000
-0.0594512627068320 0.5000000000000000 0.3268319693432575
0.0101176673024727 0.4976158134880536 0.5000000000000000
-0.3891615155337082 0.2362823688831641 -0.5000000000000000
0.0603459964325578 0.1844799933420596 0.5000000000000000
-0.0123855404459779 0.3349102628331400 0.5000000000000000
-0.0438311560582306 0.2845779342455451 0.5000000000000000
-0.0745747343968361 0.4966839204161169 0.2896743802201681
-0.2402166514287739 0.5000000000000000 0.1179526944783325
-0.3869892866909121 0.2773488199508307 -0.5000000000000000
-0.4531244168313304 0.3738502341477145 -0.5000000000000000
0.0090437749940240 0.0464496748132487 0.4964510143132036
0.0958108683231138 -0.2231352923657462 0.5000000000000000
0.0128632811127175 -0.3470261307990500 -0.5000000000000000
0.0843629400497705 0.4888864349973833 0.5000000000000000
-0.5000000000000000 -0.2687446017328677 -0.0330115793374988
-0.5000000000000000 -0.2845082735372526 0.0580073514434414
0.0892371449721216 0.2109772805249530 -0.5000000000000000
-0.0674869855845843 -0.2575824405800822 -0.5000000000000000
-0.1788793439512097 -0.1938805659167929 -0.5000000000000000
0.1301234699867110 -0.3637579732820834 0.5000000000000000
0.2148842740409505 -0.3310527527817175 0.4985125262588075
0.1313790532718271 -0.4310901100785514 0.5000000000000000
0.4175632998765729 -0.0090268035132032 -0.5000000000000000
0.0470111313531329 -0.3326295303795819 0.5000000000000000
0.0595780911321927 -0.3992023986045167 0.5000000000000000
0.0104846609450389 -0.3199288020556527 0.5000000000000000
-0.2369381016981072 0.5000000000000000 0.1348679018384436
-0.5000000000000000 -0.2638270317937080 -0.1007375038966550
-0.5000000000000000 -0.2662456934222291 0.0852319964174832
0.0201355288354617 0.0621304050462641 0.5000000000000000
0.0795673223726854 0.1419126280125808 0.5000000000000000
-0.2679562940495641 0.5000000000000000 0.1258355844777638
0.5000000000000000 0.2130168521730718 -0.2512931712247066
0.3130273121541490 0.2134748447802614 -0.5000000000000000
-0.5000000000000000 -0.2916774767172445 0.0635822327600920
-0.0554547166629041 -0.1175915386681543 -0.5000000000000000
0.4757733942677972 -0.2617128747917796 0.5000000000000000
0.1826586327917126 0.5000000000000000 0.1506596042707410
-0.1188948215907625 -0.1029497877945583 -0.5000000000000000
-0.0996113033890962 -0.0677663472018093 -0.5000000000000000
-0.1877211896210563 -0.1603272052444260 -0.5000000000000000
-0.5000000000000000 0.2700431555773477 -0.0919095933829107
0 4
0 13
0 19
0 28
0 61
0 68
0 200
0 76
0 79
0 201
0 145
0 156
0 178
0 192
202 9
203 29
204 115
1 205
1 206
1 526
1 63
1 80
1 106
1 111
1 207
1 132
1 133
1 147
1 149
1 1228
208 77
209 828
210 148
211 162
212 190
2 5
2 10
2 44
2 213
2 60
2 98
2 104
2 214
2 128
2 137
2 215
2 216
2 159
2 163
2 185
2 199
217 4
218 11
219 21
220 30
221 36
222 66
223 167
224 1255
225 182
226 195
227 23
228 26
229 156
230 16
3 231
3 232
3 233
3 65
3 122
3 234
3 1105
3 235
3 158
236 1105
4 11
4 13
4 19
4 36
4 66
4 68
4 237
4 238
4 101
4 145
4 156
4 178
4 182
4 239
240 57
241 92
242 138
243 34
244 72
245 125
5 10
5 15
5 44
5 246
5 247
5 102
5 248
5 249
5 159
5 250
251 12
252 1105
253 15
254 138
255 1241
256 173
257 180
258 21
259 58
260 53
6 40
6 54
6 60
6 74
6 102
6 138
6 173
6 176
6 180
6 197
261 65
262 143
263 158
264 77
265 828
266 187
267 191
268 77
269 187
270 16
271 20
272 24
273 108
274 116
275 135
276 140
277 153
278 168
7 23
7 25
7 33
7 48
7 279
7 68
7 79
7 86
7 94
7 119
7 134
7 141
7 145
7 1168
7 150
7 157
7 179
280 95
281 160
8 14
8 282
8 283
8 697
8 284
8 89
8 93
8 285
8 123
8 286
8 287
8 288
8 183
8 187
9 289
9 290
9 291
9 292
9 43
9 293
9 294
9 80
9 295
9 296
9 297
9 132
9 133
9 298
9 166
9 299
9 170
300 43
301 122
302 124
303 166
304 165
10 15
10 32
10 305
10 60
10 102
10 104
10 306
10 128
10 137
10 307
10 308
10 309
10 159
10 1241
10 163
10 176
10 180
10 185
10 310
311 90
312 164
11 21
11 30
11 36
11 51
11 58
11 66
11 73
11 313
11 76
11 101
11 142
11 153
11 178
12 43
12 314
12 84
12 88
12 113
12 122
12 315
12 136
12 1105
12 316
12 158
12 166
12 169
12 317
12 318
12 1149
13 19
13 319
13 320
13 321
13 101
13 322
13 323
13 324
13 178
13 325
326 65
14 327
14 89
14 93
14 100
14 947
14 123
14 125
14 328
14 329
14 1232
14 175
14 183
14 184
14 187
14 196
330 62
331 83
332 95
333 129
334 160
335 43
336 106
337 111
338 133
339 181
340 181
341 75
342 134
343 156
344 115
345 97
346 121
347 139
348 165
349 192
350 194
15 351
15 352
15 102
15 138
15 353
15 354
15 355
15 159
15 1241
15 356
15 180
15 357
358 80
359 143
360 146
361 169
362 1149
16 50
16 363
16 59
16 69
16 108
16 109
16 364
16 505
16 365
16 366
16 161
16 168
16 367
17 368
17 38
17 50
17 54
17 369
17 370
17 82
17 109
17 371
17 372
17 373
17 374
17 155
17 168
17 172
17 197
17 375
376 87
18 377
18 378
18 379
18 138
18 152
18 380
381 31
382 39
383 94
384 114
385 121
386 1168
387 192
388 77
389 187
19 390
19 28
19 41
19 51
19 391
19 392
19 393
19 394
19 101
19 395
19 396
19 397
19 178
20 27
20 38
20 81
20 116
20 130
20 135
20 140
20 142
20 153
20 163
20 168
20 171
20 198
398 34
399 72
400 125
401 131
402 51
403 101
21 30
21 47
21 58
21 404
21 405
21 124
21 140
21 406
21 144
21 407
21 408
21 161
21 1245
21 195
21 198
409 36
410 53
411 182
412 67
413 96
414 125
415 131
416 194
22 417
22 33
22 45
22 48
22 49
22 418
22 419
22 83
22 86
22 118
22 420
22 127
22 141
22 179
22 421
422 96
423 129
424 174
23 25
23 26
23 425
23 71
23 426
23 79
23 427
23 119
23 134
23 141
23 150
23 156
23 157
23 428
24 35
24 55
24 66
24 429
24 135
24 430
24 153
24 168
24 186
24 191
431 71
25 432
25 75
25 79
25 86
25 134
25 145
25 156
26 31
26 39
26 433
26 434
26 435
26 79
26 94
26 114
26 436
26 437
26 438
26 150
26 157
26 439
26 192
440 526
441 129
442 146
443 149
27 38
27 81
27 82
27 128
27 130
27 140
27 163
27 198
28 37
28 41
28 51
28 61
28 444
28 72
28 76
28 100
28 445
28 446
28 131
28 139
28 142
28 171
28 171
28 178
28 188
28 192
29 41
29 46
29 447
29 72
29 105
29 110
29 115
29 448
29 449
29 142
29 450
29 451
29 171
29 171
29 199
452 89
453 103
454 87
30 47
30 55
30 58
30 66
30 140
30 142
30 144
30 153
30 195
30 198
455 75
456 122
457 33
458 127
459 179
460 120
31 39
31 461
31 94
31 114
31 462
31 463
31 464
31 1168
31 150
31 157
31 192
465 67
32 38
32 54
32 60
32 466
32 467
32 468
32 74
32 104
32 469
32 828
32 470
32 128
32 471
32 148
32 472
32 1241
32 163
32 172
32 173
32 176
32 1225
473 173
33 474
33 48
33 49
33 475
33 476
33 477
33 478
33 479
33 119
33 480
33 141
33 481
33 150
33 482
33 179
33 483
33 484
485 40
486 54
487 120
488 1225
489 197
490 526
492 106
493 181
34 72
34 90
34 91
34 494
34 115
34 123
34 125
34 495
34 131
34 496
34 1232
34 184
35 497
35 45
35 52
35 55
35 62
35 63
35 66
35 68
35 78
35 107
35 498
35 127
35 499
35 500
35 153
35 154
35 160
35 186
35 191
36 53
36 66
36 501
36 502
36 145
36 151
36 1255
36 182
503 59
504 69
506 71
507 119
508 67
509 96
37 510
37 64
37 72
37 511
37 100
37 947
37 131
37 512
37 139
37 513
37 171
37 171
37 175
37 188
37 193
37 194
37 196
514 173
515 56
516 126
517 177
38 54
38 60
38 518
38 81
38 82
38 109
38 112
38 116
38 519
38 128
38 130
38 140
38 148
38 163
38 168
38 172
38 190
38 197
39 520
39 521
39 94
39 522
39 114
39 523
39 524
39 525
39 121
39 192
527 80
528 106
529 133
530 143
531 146
532 147
533 166
534 165
40 54
40 57
40 535
40 74
40 536
40 92
40 537
40 120
40 138
40 538
40 173
40 539
40 540
40 197
41 51
41 72
41 541
41 542
41 115
41 543
41 544
41 142
41 545
41 171
42 47
42 55
42 59
42 69
42 88
42 113
42 124
42 136
42 161
42 189
43 47
43 55
43 546
43 80
43 107
43 111
43 113
43 124
43 132
43 133
43 136
43 547
43 166
43 548
43 169
43 195
549 164
44 60
44 550
44 98
44 110
44 551
44 128
44 552
44 159
44 553
554 52
555 55
556 160
557 174
558 191
45 49
45 559
45 62
45 68
45 78
45 83
45 95
45 118
45 560
45 127
45 561
45 186
45 562
563 156
564 93
565 117
566 114
46 58
46 567
46 568
46 569
46 105
46 110
46 570
46 142
46 144
46 571
46 572
46 573
46 198
574 89
575 93
576 103
47 55
47 59
47 66
47 107
47 113
47 124
47 140
47 153
47 161
47 168
47 195
577 187
48 56
48 578
48 68
48 79
48 86
48 118
48 141
48 1168
48 177
48 179
579 64
580 81
581 112
582 116
583 130
584 190
585 193
586 70
587 84
588 88
589 790
590 117
591 914
592 1105
593 155
594 151
595 57
596 138
597 92
598 152
49 599
49 68
49 83
49 86
49 118
49 141
49 600
49 151
601 152
602 103
603 74
604 120
50 69
50 84
50 605
50 109
50 606
50 607
50 608
50 155
50 161
50 609
50 168
50 189
610 65
611 122
612 166
613 170
51 58
51 614
51 615
51 101
51 616
51 142
51 178
52 55
52 62
52 617
52 129
52 618
52 149
52 619
52 154
52 160
52 174
620 173
621 81
622 116
623 172
624 83
625 95
626 108
627 109
628 116
629 135
630 168
631 172
632 67
633 121
634 131
635 192
53 63
53 66
53 491
53 86
53 111
53 636
53 637
53 638
53 639
53 640
53 641
53 642
53 145
53 151
53 643
53 644
53 167
53 1255
53 181
53 182
53 645
54 60
54 646
54 647
54 74
54 120
54 172
54 176
54 1225
54 197
648 90
55 59
55 66
55 107
55 113
55 505
55 132
55 136
55 649
55 146
55 147
55 650
55 153
55 154
55 161
55 168
55 169
651 85
652 98
653 115
654 137
56 655
56 656
56 68
56 76
56 78
56 79
56 118
56 126
56 127
56 657
56 658
56 177
56 179
56 186
659 93
660 96
661 97
662 125
663 175
664 194
665 61
666 94
667 1168
668 177
669 75
57 70
57 722
57 92
57 99
57 102
57 117
57 670
57 138
57 152
57 159
57 671
57 672
57 173
57 673
57 674
57 197
58 675
58 676
58 677
58 142
58 144
58 678
679 113
680 122
681 124
682 166
526 106
526 683
526 684
526 133
526 685
526 149
526 1228
686 179
59 69
59 113
59 505
59 136
59 687
59 146
59 161
59 688
59 689
59 169
59 189
59 690
691 191
692 75
693 86
694 119
695 134
696 141
698 74
699 96
700 97
701 103
702 165
703 175
704 70
705 92
706 148
60 82
60 102
60 117
60 128
60 159
60 707
60 176
60 197
708 74
709 1241
710 173
711 93
712 103
713 104
714 148
715 1241
716 697
717 93
718 1232
719 183
720 787
721 70
723 99
724 914
725 1131
726 120
727 1225
728 83
729 151
61 76
61 79
61 730
61 94
61 731
61 126
61 732
61 733
61 139
61 177
61 188
61 192
62 63
62 66
62 68
62 83
62 734
62 95
62 127
62 129
62 735
62 736
62 151
62 154
62 160
62 191
62 1228
737 97
738 165
739 175
740 110
741 115
742 64
743 116
744 130
745 135
746 134
747 156
63 66
63 68
63 106
63 107
63 111
63 147
63 149
63 151
63 154
63 167
63 1228
64 81
64 748
64 116
64 130
64 749
64 135
64 750
64 139
64 751
64 752
64 753
64 171
64 171
64 188
64 193
64 754
65 755
65 756
65 757
65 122
65 758
65 759
65 760
65 761
65 762
65 143
65 763
65 158
65 764
65 170
65 765
66 68
66 73
66 76
66 107
66 145
66 151
66 153
66 167
66 1255
66 178
66 182
66 186
66 195
766 146
67 767
67 96
67 768
67 769
67 121
67 131
67 770
67 165
67 192
67 194
697 91
697 771
697 123
697 772
697 1232
697 183
697 787
773 70
774 92
775 790
776 197
777 112
778 148
779 190
780 150
781 177
782 179
68 73
68 76
68 78
68 79
68 83
68 86
68 118
68 145
68 151
68 178
68 186
69 84
69 88
69 783
69 505
69 136
69 161
69 784
69 168
69 189
69 785
786 164
788 85
789 90
791 172
792 1225
70 722
70 92
70 99
70 793
70 790
70 117
70 914
70 1131
70 155
70 197
71 794
71 87
71 795
71 119
71 796
71 797
71 134
71 798
71 799
71 150
71 157
71 800
801 74
802 120
803 197
804 83
805 79
806 156
807 192
72 100
72 808
72 809
72 115
72 131
72 810
72 142
72 811
72 171
72 171
72 184
72 199
73 76
73 126
73 135
73 142
73 153
73 178
73 186
73 188
722 99
722 117
722 138
722 812
722 197
813 101
814 182
815 828
816 148
74 817
74 818
74 819
74 820
74 821
74 120
74 148
74 1241
74 173
74 176
74 1225
75 822
75 86
75 823
75 134
75 824
75 825
75 145
75 156
75 826
76 79
76 126
76 142
76 171
76 177
76 178
76 186
76 188
827 77
829 187
830 119
831 141
832 129
833 160
834 174
835 114
836 150
837 157
77 838
77 839
77 104
77 828
77 840
77 123
77 841
77 148
77 162
77 185
77 187
77 196
842 93
78 118
78 126
78 127
78 843
78 186
78 191
78 844
845 131
846 144
79 847
79 94
79 145
79 1168
79 150
79 156
79 157
79 177
79 192
80 848
80 849
80 850
80 132
80 133
80 143
80 146
80 147
80 166
80 169
851 162
852 187
853 190
854 193
855 196
856 120
857 156
81 112
81 116
81 130
81 858
81 163
81 171
81 172
81 171
81 193
859 84
860 790
861 1105
491 106
491 862
491 151
491 181
491 1228
863 96
864 97
865 165
866 175
82 117
82 128
82 140
82 155
82 168
82 867
82 1245
82 197
82 198
868 129
83 95
83 118
83 869
83 151
83 870
83 1228
84 88
84 871
84 790
84 914
84 136
84 1105
84 872
84 873
84 155
84 874
84 875
84 169
84 876
84 877
84 1149
84 189
878 119
879 141
880 143
881 129
882 174
883 159
85 90
85 91
85 115
85 884
85 137
85 885
85 164
85 886
85 887
85 185
86 118
86 134
86 141
86 888
86 145
86 151
86 889
87 890
87 891
87 892
87 893
87 894
87 895
87 896
897 89
898 93
899 103
900 187
901 124
88 113
88 124
88 136
88 902
88 155
88 161
88 903
88 189
904 120
905 148
906 1225
907 152
89 908
89 93
89 103
89 947
89 909
89 910
89 911
89 175
89 912
913 790
915 1105
916 112
917 190
918 106
919 133
920 181
921 156
922 116
90 91
90 923
90 924
90 925
90 164
90 926
90 927
90 787
90 928
91 929
91 115
91 930
91 931
91 123
91 932
91 137
91 164
91 1232
91 933
91 183
91 184
91 185
91 787
91 196
934 152
935 169
936 1149
92 99
92 937
92 938
92 939
92 1131
92 940
92 138
92 152
92 1192
92 941
92 173
92 942
92 943
92 944
92 945
92 197
946 103
948 175
949 179
950 129
951 160
952 110
953 159
954 135
955 139
956 177
957 188
93 958
93 103
93 959
93 123
93 960
93 961
93 1232
93 175
93 183
93 962
93 963
94 964
94 965
94 966
94 1168
94 150
94 157
94 177
94 192
967 152
968 120
95 969
95 127
95 970
95 971
95 160
95 972
95 191
96 97
96 973
96 974
96 121
96 975
96 165
96 976
96 194
97 121
97 125
97 977
97 139
97 165
97 175
97 978
97 194
97 979
980 167
981 195
98 105
98 110
98 115
98 128
98 137
98 982
98 163
98 199
99 983
99 984
99 1131
99 985
99 986
99 1192
99 987
100 947
100 125
100 131
100 988
100 171
100 175
100 184
100 193
100 194
100 196
989 131
101 990
101 991
101 178
992 114
993 121
994 165
995 162
996 190
102 138
102 159
102 173
102 176
102 180
102 197
103 997
103 998
103 999
103 1000
103 1001
103 1002
947 139
947 175
947 196
104 828
104 1003
104 148
104 162
104 163
104 185
104 190
104 199
1004 127
1005 179
1006 117
105 110
105 115
105 128
105 137
105 142
105 1007
105 163
105 171
105 171
105 198
105 199
1008 114
1009 115
1010 125
106 111
106 133
106 1011
106 1012
106 151
106 181
106 1228
107 111
107 132
107 147
107 154
107 167
107 195
108 109
108 1013
108 116
108 1014
108 168
1015 148
1016 1225
1017 1131
1018 165
828 1019
828 1020
828 1021
828 148
828 162
828 164
828 185
109 1022
109 1023
109 116
109 1024
109 140
109 1025
109 168
109 172
110 128
110 144
110 1026
110 1027
110 198
1028 790
1029 155
1030 197
111 132
111 133
111 147
111 151
111 1031
111 167
111 181
111 195
1032 174
1033 152
1034 505
1035 168
112 148
112 1036
112 163
112 172
112 190
112 193
113 124
113 136
113 161
113 166
113 169
113 1037
114 1038
114 1039
114 121
114 1040
114 1041
114 1042
114 1043
114 157
114 1044
114 1045
115 137
115 1046
115 1047
115 1048
115 1049
115 1050
115 1051
115 184
115 199
1052 146
1053 147
1054 149
1055 157
790 914
790 1131
790 1056
790 155
1057 172
1058 138
1059 173
1060 137
1061 164
1062 185
1063 131
1064 192
116 1065
116 130
116 135
116 140
116 1066
116 1067
116 1068
116 168
116 172
117 1069
117 124
117 128
117 138
117 140
117 1070
117 155
117 159
117 161
117 1071
117 1072
117 1245
117 1073
117 197
1074 129
1075 149
1076 157
118 127
118 179
1077 167
119 1078
119 134
119 141
119 1079
119 1080
119 150
119 157
119 1081
1082 135
1083 191
1084 138
1085 152
1086 150
1087 179
120 1088
120 1225
1089 181
1090 123
1091 164
1092 183
1093 185
1094 187
1095 787
1096 192
121 1097
121 1098
121 165
121 192
121 194
1099 151
1100 129
1101 146
1102 149
1103 174
1104 185
122 1106
122 1107
122 143
122 158
122 166
122 169
122 170
122 1149
122 1108
1109 144
123 1110
123 164
123 1232
123 183
123 184
123 185
123 187
123 787
123 196
1111 139
1112 192
505 161
505 168
124 1113
124 1114
124 155
124 161
124 1115
124 1245
124 195
125 131
125 1116
125 175
125 184
125 194
1117 1225
914 1131
914 1105
914 1118
914 1119
1120 787
1121 151
126 135
126 1122
126 177
126 186
126 188
126 1123
1124 127
1125 164
1126 787
1127 172
1128 187
127 1129
127 1130
127 179
127 191
1132 143
1133 166
1134 143
1135 166
1136 170
1137 187
1138 196
128 159
128 163
128 1139
128 176
128 198
129 149
129 154
129 160
129 174
129 1228
130 135
130 171
130 172
130 171
130 193
1140 145
1141 156
1142 182
131 139
131 1143
131 184
131 192
131 194
1144 1105
1145 158
1146 1149
1147 139
1148 192
1150 160
1151 191
132 133
132 136
132 146
132 147
132 154
132 166
132 169
132 195
1152 142
1153 139
1154 175
1131 1155
1131 1156
1131 1157
1131 1158
1131 1159
133 1160
133 147
134 141
134 1161
134 1162
134 156
134 1163
134 1164
1165 151
1166 1228
1167 1192
1169 177
135 142
135 153
135 1170
135 171
135 186
135 188
135 191
135 1171
135 198
1172 187
136 146
136 1173
136 1174
136 169
1175 166
1105 1176
1105 1177
1105 1178
1105 158
1105 1179
1105 1180
1105 1181
137 1182
137 184
137 185
137 1183
137 199
138 152
138 159
138 1184
138 173
138 1185
138 1186
138 180
138 1187
138 1188
138 197
139 1189
139 175
139 188
139 192
139 194
1190 187
1191 158
140 153
140 155
140 161
140 168
140 1245
140 198
1193 195
141 150
141 1194
142 144
142 153
142 163
142 171
142 178
142 188
142 198
143 158
143 1195
143 166
143 169
143 170
143 1149
144 1196
144 1197
144 1245
144 1198
144 198
1199 146
1200 149
1201 154
1202 174
1203 150
1204 157
1205 179
1206 164
1207 185
1208 787
1209 145
1210 151
1211 182
1212 155
1213 160
145 151
145 156
145 182
145 1214
1168 150
1168 177
1215 165
146 147
146 149
146 154
146 169
146 1216
147 149
147 154
147 1228
148 1217
148 162
148 163
148 172
148 1225
148 190
149 154
149 174
149 1228
150 157
150 179
151 167
151 181
151 182
151 1228
1218 168
152 1219
152 1192
152 1220
152 1221
1222 160
153 168
153 186
153 198
1223 197
154 160
154 1228
1224 172
1226 155
155 161
155 168
155 189
155 197
156 1227
1229 158
1230 175
157 1231
1233 184
1192 1234
1235 1241
1236 180
158 170
158 1149
1237 172
159 1238
159 180
159 1239
159 1240
159 197
1242 173
1243 172
1244 1225
1246 195
160 174
1247 179
1241 1248
1241 173
1241 176
1241 180
161 168
161 1245
161 189
162 163
162 185
162 190
162 193
162 196
162 199
1249 169
1250 1149
1251 196
163 171
163 171
163 190
163 193
163 198
163 199
164 185
164 787
1252 179
1253 191
1254 167
1256 181
165 1257
165 194
166 169
166 170
1232 183
1232 184
1258 167
1259 181
1260 195
167 1255
167 181
167 195
1261 173
169 1149
169 1262
171 184
171 188
171 193
171 196
171 199
1263 1149
1255 181
172 1225
1264 1245
1265 198
173 176
173 1266
173 180
171 188
171 193
171 198
171 199
175 1267
175 194
175 1268
176 180
1149 1269
177 188
177 1270
1245 198
182 1271
184 185
184 196
184 199
185 193
185 196
185 1272
185 199
186 191
186 1273
187 196
188 1274
190 193
191 1275
192 194
193 196
193 199
1276 197
196 199
