1328 2635 0
0.4598561394315995 -0.1919565029943876 -0.1559311638497747
-0.3997462307526329 -0.3723444053110792 0.4501413691233944
-0.1142599420477807 -0.3570559455679288 -0.4103233061889714
-0.1505798651511353 -0.4273225447032367 0.2689066509519670
-0.1650092630208707 -0.1159693167021127 -0.1015393306415447
-0.1024597293560982 -0.3695032045774972 0.4459271971104054
-0.2714100012872597 0.4913890538094048 -0.0240286710521095
0.4335263085565862 0.4702436225948211 -0.4520858203955667
-0.2387425639593649 0.1723813221762684 0.3841350021014913
-0.2918379980032459 0.0836534962802028 -0.0695889642374617
-0.1970108135012285 -0.2753283791696020 0.4942524873417869
-0.4930646932605359 -0.3578921874274462 0.0182479088823345
-0.4443587540877423 0.3251742406039712 -0.2489084529953783
-0.3592889245523067 0.1017877759158657 -0.3670597354086954
-0.0238363348478018 -0.1144485400944877 -0.0819120902552229
-0.2954551963431140 0.3150158636703394 0.3798804020609245
0.0442684402072240 -0.3022519258708159 -0.4928897892421943
0.1139975098062445 0.4793502512266107 -0.4579548128503030
0.2052656372264588 -0.0547792418741205 0.0282579620355631
-0.1673362131162266 0.0928568656134709 0.1612397293706470
-0.3889306607000910 -0.2698640964254602 -0.1418644366581757
-0.4461750700201829 0.4649249717227463 -0.2654077068287017
0.0788165866739974 0.0519637608542088 0.3824696265232906
-0.3874510255416289 -0.4239862095934683 0.2729731699358502
0.2272178291437373 0.2803693741101420 0.0003072189677063
0.2889066103053773 0.0465603369118641 0.4460895766924937
-0.1207579071551652 0.3429687481278397 -0.1790501071723721
-0.2609503966027046 0.3734109759318693 -0.1609351322872176
0.3029953740185296 0.0753511392839886 -0.3543876873835825
0.0266039464165872 -0.2412314999236569 0.4890121293695548
0.0224864617215435 -0.2402739915002781 -0.1071720910709762
0.1754839196669126 -0.0709858027860639 -0.4573774834344729
0.1014377275837700 -0.2369839650583608 0.0120820188067442
0.2757944015000933 0.0179310397123498 -0.1727530271051461
0.2335662332312083 0.4278385267582107 0.0027722623181224
0.3445902579633877 -0.2719620235019087 0.0695988054483844
0.3552469057857435 0.3504381366583290 -0.2378869666456301
0.3316999839874394 0.2346886884930598 0.3827518944701683
0.0237588870160425 -0.4109350840349415 0.2260737986303666
-0.0649183387936735 0.4798890855555468 -0.1577167083697152
-0.3535053036376830 -0.1515962894207946 -0.3907332986076636
0.4119468282577307 0.4144987847691632 0.2214960533279422
0.0646814940849831 -0.3407237342651663 0.3793473359157477
-0.1705611365624115 -0.0730477237105535 0.1350970785389876
-0.2104457055828190 -0.2524148091437023 -0.0081964352560960
0.2254012801268850 -0.4513856247300048 -0.1322645830197874
0.3917142100404596 -0.1382589169541406 0.0913521285007598
-0.0244731547532172 -0.3710594563167400 0.2719191043959123
0.3676362649520544 -0.0068247635544484 -0.2723958561122223
-0.1355809592433775 -0.0936417619234273 0.4326219441665125
0.4636844439696707 -0.2953390022432373 0.4779835295464446
-0.2419718989353476 -0.4541563682560615 0.0809247378419170
0.0616341069191196 -0.4155919465167818 0.3536918474545440
-0.4174490980687374 -0.4235431531943307 -0.0674640946199123
-0.1581171098315787 0.0685757116248477 0.1980831172956980
0.4320714188970760 0.3072162760173747 -0.4572072760942677
-0.4171553448904587 -0.3234401154160729 0.1193102258162395
-0.2372900410935628 0.1698436424114816 0.1859966226633648
-0.0018442516624277 -0.2172226081890301 -0.2039586634457152
-0.0912525239705470 0.3790382674582300 -0.0773804001521791
-0.0319289427300609 -0.0977916530470268 0.0695515045232482
0.0031435158198884 0.0838588621358963 0.3474982993438562
0.3142020570794182 0.1628214285783978 0.0810421394957936
-0.1305425422607209 0.0752080389956577 -0.2075935447025038
0.1919634874466860 0.3422900441659557 -0.4458478487744330
0.2964398227514727 -0.4231194358883223 -0.1973239703571971
0.1916376778810608 -0.1934920093703166 0.3537518513360980
0.2358781705474848 -0.2562925665741405 -0.4984305088310785
0.3632780883744950 0.3258656749965590 -0.1565412601685202
0.0778112209612326 0.2809655217985945 0.0145652217297989
0.4352281665732829 0.3028493723276918 -0.4732883001286139
-0.1837746688595071 0.1865669499908297 0.4422612674977099
0.2589101500271416 -0.2361903934058664 -0.3217193371191652
-0.3250275149108532 -0.2071722278490269 -0.3320985682338254
0.2072623842459939 -0.3817847055527857 -0.2561821911368973
0.0376567932405302 0.1697646725135474 0.3660434546009870
0.1609387302286140 -0.3659286897580606 0.4833671682116752
0.4426197670889511 -0.1620942121463301 0.0554611183149902
0.1777768595188212 0.0997841577897908 -0.0225288178146196
0.2352648318101939 0.0040121484086629 -0.1325898514562191
0.4111131417992431 -0.3992001311549599 -0.4843625167256122
-0.2379887481608339 0.3046313600607093 -0.4761766551837339
-0.1926928975079668 0.2697599984269871 -0.2514203221486103
0.2973229848836416 -0.2413201049360696 -0.3339077581977669
-0.3627305924110153 0.4489213221812939 0.3005953500939579
-0.2559537589365127 0.2166927471821986 0.4064779684446146
0.4441646075380336 0.2769806192057502 0.2612136644612575
-0.3257725786985144 0.1349227191368134 0.2399706388829736
-0.1477572923412110 0.1579734561108411 0.3895942950314589
0.0568652539318934 -0.2489467513277763 -0.3685873426600081
-0.4164042613121471 -0.1446841854128122 -0.4326612991505660
-0.1019380702077998 0.3794059165118722 0.2333292378140735
0.2039885896303799 -0.2771712347674159 -0.0555222572494939
0.4248402855076717 0.4128872018233674 -0.0085110121533396
-0.4846069913442811 -0.1057851719859509 0.1447503038864649
-0.4742778303002467 -0.1373417370629493 0.0888472176995688
0.0713619871374638 0.3237724181109701 0.3168585466807691
0.3973413238804990 -0.1365179297831459 0.4221113901597797
0.2089330237848238 0.1882089172703812 0.0607941715307548
-0.2179526590708533 0.1466765856712745 -0.4316012221860880
-0.1106800469316594 0.3220393088271852 -0.0739862687867157
0.3208096754129946 -0.2929036247989681 -0.4394642985952205
0.3824431482566276 -0.0528218759214021 0.1256377259879925
-0.1882038233351683 0.0178480708170562 -0.2547638913603970
-0.1489801815795169 -0.3733324173666319 -0.2581100330099760
-0.4978062498031903 -0.4253636973758197 -0.1164942379846422
0.0138822887520224 -0.2638592869722879 0.3373907157144527
0.0270747744474992 0.1931602545042384 -0.0687988091016545
0.2135075757527544 -0.2293429505844572 -0.3184890197302419
-0.3961000852527468 0.4683458014298423 0.1570083389196929
0.1293309036133492 -0.0677763774830686 0.0691859929767141
0.4264862521158984 0.2103752248398906 -0.0489107727557579
-0.1443944297699930 0.4364486444422305 0.1233856927018170
-0.3089037736511506 0.2876912717644680 -0.1861068502087359
-0.1528404732722320 0.3808107105321955 0.3435020433042761
0.3565342868628230 0.3061342169885266 -0.3077494872792382
0.0812427505105283 -0.3222681410649432 0.0996490792366437
0.2269242979013714 0.1603504441140860 -0.1090561837403609
0.4648799866173371 -0.2354143548325196 -0.2835016267621519
-0.2132554691421240 0.2782749589552581 -0.2295650450719757
0.3103790006101214 0.1887168943186730 0.3823753755993292
0.0498272490118277 0.4091873630905845 -0.3192631365204062
-0.4937938580416690 0.0846003914664617 -0.2502280497622940
0.1396206297009177 -0.4315490540467701 0.0540807505477103
-0.1285029022882515 -0.3820395743492719 0.1652278513751039
0.3219155173404919 -0.3535384646122834 0.3849493839513525
0.3649921671228123 -0.2721252158271566 0.3955656550750681
0.2036729866058894 -0.1602371103363896 0.0013880726336174
0.2563134080314458 -0.1078087888790983 -0.2015542256788758
-0.2038040980998871 0.2537440422803531 0.0147127753223806
-0.3163980636782435 -0.2723459182603292 0.4765782652762015
-0.4152895432038029 -0.3261000913650878 0.3961808556046169
0.1002618411471176 0.3697749218536405 0.4427439687800357
0.3851834624690255 0.0425174578710247 -0.2651540730144067
-0.2743444957031910 0.2874619664133936 -0.3590998985814620
-0.0805076511811420 -0.4802419167730564 -0.1506787464155348
-0.4195769034234613 -0.1642607353013276 -0.2799135366032964
-0.4546968825950925 0.2153133711611317 0.0368589750632390
-0.0820876133530901 -0.3474434298461873 0.3309316883675474
0.3855769253920449 0.0900988008789459 -0.3277235282341531
-0.0405697496820157 0.4607325184457777 0.1611657490439924
0.0971288491081693 0.4151633338395024 -0.3656076575902915
-0.2864900794076405 -0.1738291079251255 -0.4298882471739728
-0.2889903834570475 -0.0868187814486931 0.2618348166266736
-0.2828253220015693 0.3949342634341389 0.4445225979486423
-0.4101207579182703 0.2581789984410489 -0.0125958614959346
-0.4573712874672137 0.3013267858797085 -0.2800237168481862
0.4159919071071858 -0.4170778187775603 0.2835014862692405
-0.3449032910100958 0.3312922430077099 -0.0373337128799252
0.3618174806383067 -0.3794234349413496 -0.1575217505469516
0.1891871680236884 -0.1713708754083088 0.2178041287066114
0.1523665577162414 -0.4249457824557289 0.3944870487595459
-0.4476712455811909 0.3327894406964051 -0.1872348209981306
0.3441175965976302 0.0084373923942157 -0.3091672111503712
-0.4501114924242743 -0.0910783875829067 0.4703490578694376
0.1200674167860382 0.3942187972556023 -0.3890977372855793
0.1364852490221666 -0.3405107977314129 -0.3113796073722196
0.0077334177852611 0.0948083874732971 0.1555639076321317
-0.0469170078212060 0.3842110089574983 -0.0956955676384002
-0.0827944046567003 0.2346374927045307 0.2329439933149807
0.4694282873260658 -0.1279739510346587 0.0733711024977755
0.2743093850043826 -0.1502380480073284 -0.0352913797651785
0.2318257887964567 -0.2378394546919187 0.0021411977064329
-0.1098593666742827 0.0545195025156653 0.3787613004783398
-0.1950288794134294 -0.1211371987144428 0.1763834030680277
0.4421463086199544 -0.2118115252437221 0.0657315505220969
-0.2774590149839950 -0.3417885461811307 0.3408746366469246
-0.3882672447338477 0.2472064150227605 0.1587261712744737
0.0062085180369752 0.2127711835339718 0.0459000260228778
0.3183304767548729 0.2700444100835552 0.1995355606553365
-0.3848354573835753 0.3487443934478008 -0.4767945886185513
-0.0511915956876865 -0.3100296605045762 0.4835808417797410
0.1014681147219285 0.3797543730437885 0.0697353714120660
-0.0833995665259905 -0.3651283423095888 -0.1523658872364457
-0.1595570457500169 0.3756029033698683 -0.2976422113460960
0.3359566492517226 -0.3223032436658907 -0.1788818800167224
-0.3283242405567180 0.2112801910909681 0.2627609038125414
-0.0353376963762945 0.4311321084553373 -0.0251367816150467
-0.4132639066508498 0.4036634619402401 -0.2412580696196507
0.1477465359746641 -0.0209519351747869 0.2910747717354951
-0.3700815502725405 0.3792372047824575 -0.0617720658636718
-0.0074745284984191 0.2590155579573843 -0.3482426549690371
-0.0334668134742303 -0.1918946932025860 -0.1077538928891783
0.1387454004011858 0.1754546856054431 0.4739281244174208
-0.1158567550683841 0.3917756365526225 -0.2447586005613492
0.1671651736308029 0.2585109135886043 -0.2105731372879804
0.4098110945522817 0.2084231795084924 -0.0741684630115190
0.2739600188138629 0.0739756901591494 -0.2856304926386364
0.2513666872867769 -0.3236448718342488 -0.4073635366125284
0.4346408313974367 -0.1193496912845701 0.2428350884017891
0.1776585160272540 -0.3052163510819607 0.2069229924818154
-0.3808236313933455 -0.3908356063533457 0.3780757219179812
-0.3394862140535247 0.2719926769540902 -0.2105536823547467
-0.3267580396145998 -0.0578069733790015 0.0565718643863118
0.2317083730986762 0.2997919022593261 0.2748770158121636
0.2348346230706496 0.0509907167030930 -0.3336859256822206
0.1111540672884764 0.0843101622268773 -0.4354810046354312
-0.3900818181014611 0.0000194619591583 0.3491488921685907
0.4457284101847779 -0.1004402561795915 -0.2572469176593379
-0.1481861501348231 -0.2159403170067349 -0.2032767357855171
-0.1055168326401266 0.0172188681057414 0.2993640848727419
-0.3970473748807972 -0.3170047970427232 0.1852129744454495
-0.4425032954124031 -0.1602420046295604 -0.0747670345688446
0.0591800790512384 -0.0768730134294117 0.2591299523058956
0.1885122070561188 0.2205042873512388 -0.0299071365370955
0.2342826790006045 0.3957344942043943 -0.2230486834174752
0.3905131936558053 -0.4505356212652568 0.3936773406394817
0.0292026297522341 0.3697677319210150 0.1692267442311249
0.0228430554166196 -0.2479248525016131 -0.4049396365120965
-0.0802876473171028 0.0980462698568896 -0.4640341372031508
-0.1696984357110595 -0.4480314109548708 0.3280959976206873
-0.4185325908638524 0.3216994888197020 0.1766890366285412
-0.3453767012176409 0.4247588121048361 0.4832734479390986
0.2069366581775773 -0.2045335385176971 -0.0640135603813860
-0.2824019013631469 0.4180889087247244 -0.0291444253749221
-0.0056667416296908 -0.0197885624306091 0.1370589668267218
-0.4089932882928733 -0.1946177433327280 -0.4188756528875781
-0.1131613425786187 -0.3185344944287413 0.4264292467736984
-0.1264626813427833 0.3075738271146212 0.1960052223160508
0.1564738782128977 0.3113641566929347 0.3040948252529980
0.3477507546469545 0.1540452307600009 0.0588882819418864
-0.4252769237556214 0.2585523548077535 -0.0253594224541170
-0.0906929026836315 -0.1418245775287512 -0.2698395241309804
0.1194599248998892 -0.0134885990312371 -0.4409188716495229
-0.4309085718336322 0.3954221770488925 0.1606603636699290
0.3693050081254894 0.3469289028267663 -0.4808028702878271
0.0382987541867588 0.4468002963274460 -0.1870120391592526
-0.4134580513118052 -0.1260053641982853 0.4479303653528900
-0.0281338543226127 0.0163989279824420 -0.1150134036917105
0.3969289768685814 -0.0426838400905690 0.3326573403918469
-0.0216844630184412 -0.1413961182083145 -0.0452346656022881
-0.1149739113559568 0.0841627337303968 0.0180796669275211
0.3113220772311668 0.0400510893906978 0.1685286593826802
-0.1896759492211751 0.3083734138123053 0.3786754262374169
-0.3107147023494842 -0.3484642489039986 -0.0459934325641770
0.2462513020813511 -0.0335723089028059 -0.4190271463444725
-0.4391737551870500 -0.4376247136297715 -0.1952387698845001
0.0024166188397911 0.0362455451073750 -0.0772103856925358
-0.4818971222683489 0.4165275022538711 -0.0463548354566280
0.1943978374470906 0.3592911543196978 -0.4291925783323304
0.3697834564615223 -0.1253436629166307 -0.2925464475682581
0.3027530678088134 -0.2249897222761075 -0.3987701294148267
-0.0732668055760973 0.0239548829647445 -0.2740112472598456
-0.3927238718548522 0.2852430306239227 0.2714673856985862
0.0639154405462452 0.0300809503766951 0.2893549651981800
-0.2013928007549585 -0.1387303168473732 -0.2524708944725443
0.3116110141289293 0.3445496578667532 -0.4542462441797612
0.4669039531530832 0.2313210093878580 -0.4737685422991267
-0.4066501170050061 -0.3631343864151313 0.4154066790434153
-0.4582691564863278 -0.3709778478544097 -0.3203736282030440
-0.4794605084272993 0.2552986521726744 -0.2736335838307410
0.4721140896674967 -0.3876732941955798 -0.3602298137356787
0.2672629638733106 0.4683331201113719 -0.1389405004151763
0.3556695293728091 -0.1327371543218236 0.3971307964761283
-0.2657546049492941 -0.1984024450304978 -0.0546913786008685
0.1481891555570155 0.0411764035387236 -0.4163328878492986
-0.3572983616919645 -0.0175808467462449 -0.3165403083094833
-0.3274060940275468 0.1750393628506310 0.3847359640958277
0.1346088384947031 -0.1918910331770872 0.0101541577341807
0.1239110777825816 -0.4519945452685035 -0.0443829395199185
-0.1698359591985188 0.4272767600813138 0.5000000000000000
-0.2540470780594278 0.4160471507402891 0.5000000000000000
-0.3275421035054324 0.4294538417291012 0.5000000000000000
0.5000000000000000 -0.2755182430811831 -0.1896012461262608
0.5000000000000000 -0.1221096364107910 -0.1155567243177706
0.5000000000000000 -0.2129374588338525 -0.1337543636221235
0.5000000000000000 -0.2172268195596042 -0.1288820620244804
0.5000000000000000 -0.1859431583848246 -0.1338243296615529
0.5000000000000000 -0.1943257414819030 -0.1680662331216204
0.5000000000000000 0.0062220972155701 -0.1534267426512743
-0.3831198376431446 -0.4253835918719098 0.5000000000000000
-0.3966441277991408 -0.3557427396992511 0.5000000000000000
-0.4782877862752889 -0.3378457426538563 0.5000000000000000
-0.5000000000000000 -0.3826854055805838 0.4869730244959583
-0.5000000000000000 -0.4028184747884876 0.4662728247142363
-0.5000000000000000 -0.4163654901122920 0.4085796747829445
-0.4294358551429104 -0.4081138585142462 0.5000000000000000
-0.4110862664403225 -0.3956829216545562 0.5000000000000000
-0.3624707034526145 -0.3561213109427123 0.5000000000000000
-0.0545379547850562 0.5000000000000000 -0.1604775224942055
0.0321280710951749 0.5000000000000000 -0.1848555576679954
-0.1061881035953681 -0.3458361220375846 -0.5000000000000000
-0.2315141077193924 -0.3177177081943729 -0.5000000000000000
-0.0281820327932825 -0.4152820652357963 -0.5000000000000000
-0.2905367867144617 -0.4462253118790943 -0.5000000000000000
-0.1432304116211840 -0.5000000000000000 -0.4888371365779405
-0.0418756889423085 -0.3807977343936125 -0.5000000000000000
-0.1052823496717066 -0.2507366781620931 -0.5000000000000000
-0.0643701203988474 -0.3421850664717646 -0.5000000000000000
0.0308515123489297 -0.5000000000000000 -0.4598242632498461
-0.5000000000000000 -0.4328211651831164 0.2916836732163697
-0.5000000000000000 -0.3759586656656432 0.3590629526403516
-0.5000000000000000 -0.4170505139999453 0.3430135113555792
-0.5000000000000000 -0.3988821710510423 0.3674663469662083
-0.1778978345149525 -0.5000000000000000 0.2733720667788277
0.0469655208272959 -0.5000000000000000 0.1929370944509339
-0.1642654870903360 -0.5000000000000000 0.3432345999932072
-0.1917636523267355 -0.5000000000000000 0.1825795285657883
-0.1433696017916874 -0.5000000000000000 0.1052151826722077
-0.1281593590478938 -0.4867837428094912 0.5000000000000000
-0.1380060953081766 -0.3557623352328782 0.5000000000000000
-0.1675128465199477 -0.3951791845249538 0.5000000000000000
-0.0568375249836510 -0.3230074999620167 0.5000000000000000
-0.0903688161868408 -0.4001664208431301 0.5000000000000000
-0.1733627204221157 -0.3164844214204305 0.5000000000000000
-0.1686195383001408 -0.3611149983882240 0.5000000000000000
-0.1972824991688068 -0.3538052142552459 0.5000000000000000
-0.1891816557355330 0.5000000000000000 -0.0853175684990835
-0.2950411157093105 0.5000000000000000 0.0061162675903990
-0.2709533586952384 0.5000000000000000 -0.0553428713488038
0.5000000000000000 -0.1248537942786998 0.0716011282864575
0.5000000000000000 -0.1156694579637584 0.1979220671483252
0.1239176727975222 0.5000000000000000 -0.4608148409542755
0.4369312081916235 0.4241265639224008 -0.5000000000000000
0.5000000000000000 0.4925842635339679 -0.4776856178490553
0.5000000000000000 0.3707566819651905 -0.4288011864363538
0.4490381351281885 0.5000000000000000 -0.4265457297674984
0.4417397437269048 0.5000000000000000 -0.3295795711107193
0.4430284867871462 0.5000000000000000 -0.3849313713109140
0.2993055696319485 0.5000000000000000 -0.4108490783373873
0.4123852753669692 0.4092242496374014 -0.5000000000000000
0.5000000000000000 0.4204854522274016 -0.4463543172453859
0.5000000000000000 0.4666144776358860 -0.3021891672274735
0.4044530773785534 0.4834130118189487 -0.5000000000000000
0.4324583091261935 0.5000000000000000 -0.4370546568674549
0.3696745649557166 0.4486340642952828 -0.5000000000000000
0.4296335261804365 0.5000000000000000 -0.4170049956751535
0.4615322886760964 0.4956300668270635 -0.5000000000000000
0.5000000000000000 0.4397711559485334 -0.4793964016999042
0.4187219198002826 0.5000000000000000 -0.4563151817795815
-0.3123642018577609 0.1849631226420733 0.5000000000000000
-0.3414994096014201 -0.0143785712117706 0.5000000000000000
-0.5000000000000000 0.4614969493522845 0.2424037383008850
-0.5000000000000000 0.4271772037022814 0.1786225035500917
-0.5000000000000000 0.1326199020229164 0.0877204324037956
-0.5000000000000000 0.1573139392764358 -0.1642185742410250
-0.5000000000000000 -0.0415376500729365 -0.0114097476437017
0.0963807674230815 -0.4867420596646117 -0.1125359175230324
0.1117713341729125 -0.5000000000000000 -0.0537577701810541
-0.1433479280467308 -0.2878407262768866 0.5000000000000000
-0.5000000000000000 -0.3754841507560923 0.0435388258180949
-0.5000000000000000 -0.3675238190889278 -0.0098937940401151
-0.5000000000000000 -0.3611994080795665 0.0364961454180720
-0.5000000000000000 -0.3434273944582740 0.0104100737963040
-0.5000000000000000 -0.3124456382755310 0.0511874456706229
0.4694646619025891 -0.0060088549689290 -0.5000000000000000
0.4718603279335859 -0.0079448523011740 -0.5000000000000000
0.4529898017792926 0.0458597947627508 -0.5000000000000000
0.4717132609389266 -0.0060118535360676 -0.5000000000000000
0.4739157949307038 -0.0076121027826738 -0.5000000000000000
0.4711343628410670 -0.0076670521668210 -0.5000000000000000
0.4730673843985702 -0.0092748575364384 -0.5000000000000000
0.4640580823172221 -0.0090219259318718 -0.5000000000000000
0.4717430011364932 -0.0099072186643648 -0.5000000000000000
-0.5000000000000000 0.2949853514021904 -0.1718499805126517
-0.5000000000000000 0.3788010570718924 -0.2339717701413687
-0.2713142784503459 -0.0471838557552083 -0.5000000000000000
-0.3783275775490989 0.1758801512918275 -0.5000000000000000
-0.3668242615706037 0.0807537651004265 -0.5000000000000000
-0.5000000000000000 0.1865762480029329 -0.3788076990915013
-0.5000000000000000 0.0533694237230849 -0.4214287748941523
-0.2375481708991199 0.1058364457002087 -0.5000000000000000
-0.5000000000000000 0.0293504037717673 -0.2739827337836401
-0.2743078214116656 -0.1159007243997175 -0.5000000000000000
-0.3128848265720724 -0.1187064990528753 -0.5000000000000000
-0.2315093439113588 -0.0812109160095488 -0.5000000000000000
-0.2587079837930282 -0.1300424257420487 -0.5000000000000000
-0.2336972100140770 -0.1065604636208754 -0.5000000000000000
-0.2640316039161699 -0.0833646068177682 -0.5000000000000000
0.5000000000000000 0.1493994435132904 -0.4972374818886041
0.5000000000000000 0.1318402059116164 -0.4604056131288148
0.5000000000000000 0.1877904160611432 -0.4863560344739395
0.2777721093347696 0.5000000000000000 0.0597308645530754
0.3278910352269544 0.5000000000000000 0.1213216897089117
0.3308880143531182 0.5000000000000000 0.0598681712768440
0.2995748710609607 0.5000000000000000 0.0983440253906001
0.2565141166099036 0.5000000000000000 0.0814600364607727
0.2881573173171387 0.5000000000000000 0.1103360028779194
0.2769527108907410 0.5000000000000000 0.1158640551419574
0.2821988696191018 0.5000000000000000 -0.0267519895015562
0.3245456657240530 -0.5000000000000000 0.1815781862609669
0.4379879146410430 -0.5000000000000000 0.2414878376657342
0.4330584583908570 -0.5000000000000000 0.2597295232052084
-0.3392225076569577 0.2496481926684920 0.5000000000000000
-0.3060616474321107 0.3151215266112011 0.5000000000000000
-0.4394370205399682 0.3482424372633173 0.5000000000000000
-0.4014872088715579 0.3843965033234321 0.5000000000000000
-0.3676572192644474 0.3071636533999079 0.5000000000000000
-0.5000000000000000 0.4451330741063501 -0.2858397148055092
-0.5000000000000000 0.3221416768606353 -0.2938338717719812
-0.5000000000000000 0.3681226779993983 -0.4161028286470742
-0.5000000000000000 0.2724335324446426 -0.2819818779491564
0.1494639969489268 -0.3688905185289490 0.5000000000000000
0.0318576994129328 -0.3351721879780037 -0.5000000000000000
0.0606965816266708 -0.3036639081324611 -0.5000000000000000
0.0366624967180679 -0.3162866995086766 -0.5000000000000000
0.0296305958692795 -0.2877146027342470 -0.5000000000000000
0.0407812957601645 -0.5000000000000000 -0.4644646056760229
0.1003555430552851 -0.3683526466244647 -0.5000000000000000
0.5000000000000000 0.3858887030591292 -0.0267367705876101
0.1204144131537029 0.5000000000000000 -0.4802362432330882
0.0162135392759397 0.5000000000000000 -0.4761096034562454
0.1428277571360183 0.5000000000000000 -0.4212391251858749
0.0948352151148117 0.4357908237397026 -0.5000000000000000
0.2058888737283630 0.4881221768835597 -0.5000000000000000
0.2142515722643436 0.4544946076981907 -0.5000000000000000
0.1125837139754529 0.4729545289347709 -0.5000000000000000
0.1384763837812381 0.3967117391130679 -0.5000000000000000
0.0585450297262175 0.5000000000000000 -0.3859861983002071
0.1053789533306528 0.5000000000000000 -0.4462864340435024
0.4136151145382763 -0.2923072046463355 0.5000000000000000
0.2420913074655466 -0.1852261741836951 0.4946106095369783
0.1877398072309011 -0.3477694781476445 0.5000000000000000
0.2938318287960661 -0.1787744979941343 0.4993264420768732
0.2950072868598501 -0.3075427003030531 0.5000000000000000
0.3112990434726945 -0.2799476703150935 0.5000000000000000
0.3199771944162336 -0.3430632864633550 0.5000000000000000
-0.4723018338812173 -0.3865944061754898 -0.5000000000000000
-0.2542969211277837 0.1899380348585764 0.5000000000000000
-0.3139149233086442 0.2065113274422250 0.5000000000000000
-0.3811773201905372 0.1181350790462610 0.5000000000000000
-0.3531748284805458 0.1861617073335438 0.5000000000000000
-0.5000000000000000 -0.3735721144811053 -0.1711302730599870
-0.5000000000000000 -0.1822005793751151 -0.3081605628160309
-0.5000000000000000 -0.1962141311560761 -0.1274692958013613
-0.5000000000000000 -0.2222232347850369 0.0843334348984839
0.4976507633830304 0.4236999781470925 -0.1337722527942169
0.5000000000000000 0.4944949332490466 -0.0172871118344466
0.5000000000000000 0.4402867654637878 -0.0008855456036176
-0.4267618030560951 0.5000000000000000 -0.2804207853714422
-0.4155841289356531 0.5000000000000000 -0.2652774189350579
-0.5000000000000000 0.4501951378146245 -0.1119297367531662
-0.4626338288189326 0.5000000000000000 -0.2589121784537228
-0.3956051461826597 0.5000000000000000 -0.2825848784471878
-0.4222706252470639 0.5000000000000000 -0.3335071766323026
-0.4135887381929466 0.5000000000000000 -0.2207990679634691
-0.4664773811435662 0.5000000000000000 -0.2375890659227110
-0.3879992378847986 0.5000000000000000 -0.3091653807416912
-0.5000000000000000 0.4859601968854114 -0.3154278440295329
-0.5000000000000000 0.4888889626701169 -0.3777537776272977
-0.5000000000000000 0.4469795517541852 -0.2423640565571248
-0.3413761042676271 0.1780684700739874 -0.5000000000000000
-0.3669015996859164 0.2017999849365378 -0.5000000000000000
-0.3884791437856612 0.1986584197754181 -0.5000000000000000
-0.3831390828100846 0.2668118438428013 -0.5000000000000000
-0.3902764131684723 0.1942734453339396 -0.5000000000000000
0.4357493994800479 0.3214004859721988 -0.5000000000000000
0.4370772333592748 0.3141446523862824 -0.5000000000000000
0.3835720153836087 0.3470819872980340 -0.5000000000000000
0.1908867264444469 -0.0581026799249554 0.5000000000000000
0.0994214300502286 0.0054824842780370 0.5000000000000000
-0.4519694843251354 -0.5000000000000000 0.3502004956361044
-0.2871226632028376 -0.5000000000000000 0.2753313501925345
-0.4154687882822579 -0.5000000000000000 0.2473962855821249
-0.5000000000000000 -0.4382801376136619 0.1743314204440088
-0.3705528525471330 -0.4676596816023892 0.5000000000000000
-0.3632774065388393 -0.5000000000000000 0.2564356809637302
-0.3831317161390774 -0.5000000000000000 0.3271064828890847
-0.5000000000000000 -0.3136840019208361 0.2756955783396254
-0.2991182657913188 -0.5000000000000000 0.1826261020046950
-0.5000000000000000 -0.4474326348630067 0.3093088808111043
0.2339934484061997 0.3078139419430846 -0.5000000000000000
-0.5000000000000000 -0.1521162111017820 -0.0710987455073596
-0.1234796097907784 -0.0915867068980463 0.5000000000000000
0.0392169337904312 -0.2029279452710701 0.4908891007523306
-0.5000000000000000 -0.0992441610077291 0.1620184683075837
0.2914415184125571 0.0251890670334442 0.5000000000000000
0.2988285018483448 0.0330195350828263 0.5000000000000000
0.2552872243810229 -0.0347534382527541 0.5000000000000000
0.3536702091802889 0.1074862114435286 0.5000000000000000
0.2429943098373542 0.0197412904911898 0.5000000000000000
0.3758945581346991 0.0303666617703996 0.5000000000000000
0.2807570360313048 0.0614031496486006 0.5000000000000000
-0.1107496771184306 0.5000000000000000 -0.1467217630991527
0.5000000000000000 0.2662508068779706 0.2078663079220754
0.0257725605399213 -0.5000000000000000 -0.2687843167656425
-0.1592374496829069 -0.5000000000000000 -0.3494777068081967
0.0721400777921434 -0.5000000000000000 -0.1470858678575435
-0.5000000000000000 -0.1954895652397192 -0.0185288577588929
0.5000000000000000 -0.2974017595693115 -0.2714026188213855
0.5000000000000000 -0.4060845884184043 -0.2175522922540831
0.5000000000000000 -0.3967990840409050 -0.3278529542974083
-0.1208837382814874 0.5000000000000000 -0.1458770169968319
-0.2671973793602266 0.5000000000000000 -0.2584326871406745
-0.2881507930395180 0.5000000000000000 -0.1182837165112478
-0.3008955968150690 0.5000000000000000 -0.3116712094729807
0.2589830059771849 0.0937668042929139 -0.5000000000000000
-0.4035490215837220 -0.0816233763457172 -0.5000000000000000
-0.4655785986398370 -0.0525790306132878 -0.5000000000000000
-0.3672145405014486 0.0238150808796653 -0.5000000000000000
0.1476281313715706 -0.3659461682292183 0.5000000000000000
0.0408505499972490 -0.2420951252443292 0.5000000000000000
-0.0063206651399294 -0.2736347061569464 0.5000000000000000
0.1801875675177538 0.5000000000000000 0.0482903828554418
-0.0186736768478293 0.5000000000000000 0.1578650024895973
0.0862280411868835 0.5000000000000000 0.1028133157442217
0.1807414764855511 -0.0352891375855175 -0.5000000000000000
0.2154115145772313 -0.0805959804429674 -0.5000000000000000
0.2776899751187119 -0.1113415640995192 -0.5000000000000000
0.1815437798707554 -0.1003016272850962 -0.5000000000000000
0.0811633576306918 -0.1001038530557740 -0.5000000000000000
0.5000000000000000 -0.2771140910278809 0.4708781745447267
0.5000000000000000 0.0264089120673034 -0.1535230967371374
0.3156843108879785 0.5000000000000000 -0.0102116674489832
0.1342576533666494 0.5000000000000000 -0.1240122213117069
0.1188007933179085 0.5000000000000000 0.0118711592594997
-0.2797064896529781 -0.5000000000000000 0.0476050950303903
-0.4018244326294450 -0.5000000000000000 -0.0562345611712606
-0.4449237672873032 -0.5000000000000000 0.0537347104632751
-0.4179591085751900 -0.5000000000000000 -0.1413879146108219
-0.2065730221924522 -0.1875179897624573 0.5000000000000000
-0.2921545575303679 -0.2622559261237224 0.5000000000000000
-0.3218384740173545 -0.1923773475086442 0.5000000000000000
0.5000000000000000 -0.3336509422208044 0.1354464455994594
0.5000000000000000 -0.4967027528569375 -0.0792116455296643
0.5000000000000000 -0.2924552136854964 0.0206216872108658
0.5000000000000000 0.3241576617937003 -0.3812862475545784
0.4334472666919101 0.5000000000000000 -0.1998219885758587
0.5000000000000000 0.4519641920826182 -0.2560563836593146
0.5000000000000000 0.3106296451471887 -0.3379606708871117
0.3600173873175949 0.2997117696844905 0.5000000000000000
0.2205241334962663 0.3016903337841512 0.5000000000000000
0.5000000000000000 0.1780069769848947 0.2874123517028301
0.3959124477096794 0.1997680377406246 0.5000000000000000
0.3343090393351695 0.4320797286396353 0.5000000000000000
0.5000000000000000 0.1240977250987395 0.4829038434436741
0.1113210496498862 0.3942974899888535 0.5000000000000000
-0.1073162541487277 -0.5000000000000000 0.2558184890903327
0.0872814530926926 -0.5000000000000000 0.1818925477187100
-0.1078091165032155 -0.5000000000000000 0.3346391233666973
0.0868500763416565 -0.5000000000000000 0.3226353614165725
0.1443455804625333 -0.5000000000000000 0.2572616520565202
0.3907618844418953 0.5000000000000000 -0.0487154252671895
0.4651188339532271 0.5000000000000000 -0.1735885072078995
0.5000000000000000 0.4299393368805285 -0.1508527920232376
0.5000000000000000 0.4153137642170525 -0.1503915441921159
-0.4647809776354674 -0.5000000000000000 0.4328603852156473
-0.3656869662424814 0.5000000000000000 0.2080949631123388
-0.3776713352106029 0.5000000000000000 0.1678027694436757
-0.2651025672456158 0.5000000000000000 0.1034161901407986
0.5000000000000000 0.3141220829170563 -0.4303821893632153
0.5000000000000000 0.3124644013269481 -0.4365094819226416
0.5000000000000000 0.3154287851688331 -0.3948711452181228
0.5000000000000000 0.2730486829746301 -0.4460577301916103
-0.5000000000000000 0.1047697385494355 -0.2716442528422537
-0.5000000000000000 0.2539015169775518 -0.3331571553550983
-0.5000000000000000 0.2454414876390458 -0.4061610145466773
-0.5000000000000000 0.2398174034588934 -0.3108870457257089
-0.0953998522770735 0.5000000000000000 -0.1489550701122446
-0.0375035353047591 0.5000000000000000 -0.2295011976604675
0.3756426612016150 0.3350069265567939 0.5000000000000000
0.5000000000000000 0.4292819360750840 0.2879282030823819
0.2932309557309624 0.5000000000000000 0.3074558946707032
0.3390567329824832 0.5000000000000000 0.4558362821443032
0.4298412896462350 0.5000000000000000 0.1186050273588486
0.5000000000000000 0.3766140476486801 0.1910639177946789
0.3763043170722508 0.5000000000000000 0.2074919477375086
0.3404777473367584 0.4652862398787507 0.5000000000000000
0.4384009224510464 0.5000000000000000 0.2377452873635117
0.5000000000000000 0.4523435754753451 0.2032951454006488
0.5000000000000000 -0.4985606832876455 0.2032241132057652
-0.0336499395172693 -0.3140747720662797 0.5000000000000000
0.2467413637129039 -0.5000000000000000 -0.0342340770009522
0.2276179567511012 -0.5000000000000000 -0.1118417826616543
-0.5000000000000000 0.4320326481915370 0.3144083995067922
0.5000000000000000 -0.4494607022001126 0.2434068371168431
-0.5000000000000000 0.4674264464778893 0.0410052451436401
-0.5000000000000000 0.4439268105025968 0.0547639143754830
-0.5000000000000000 0.4344345737292449 -0.0285022731596541
-0.0888259674717593 0.0552383656525720 -0.5000000000000000
0.0405186145098872 -0.0373439645211050 -0.5000000000000000
0.5000000000000000 0.0205224916047715 -0.1442057952002849
0.5000000000000000 -0.3849921638009678 -0.3894885469024577
0.5000000000000000 -0.0937414394708261 -0.4757388252232396
0.5000000000000000 0.0255566445146372 -0.1567693005117213
-0.0951210868281183 -0.1468638278690851 0.5000000000000000
-0.1779889120251524 -0.0705705760424098 0.5000000000000000
0.4584751768590783 -0.2930842533589881 0.5000000000000000
0.5000000000000000 -0.2810106919951820 0.4851573246356720
0.4636615177346655 -0.2948520401403277 0.5000000000000000
0.5000000000000000 -0.3049703702522518 0.4398940542410057
0.4403478987488907 -0.2758053413792247 0.5000000000000000
0.4308965760673915 -0.3141696542682513 0.5000000000000000
0.4909057852839251 -0.2977209740649694 0.5000000000000000
0.5000000000000000 -0.3084147187756958 0.4672878900586503
0.4065222670992759 -0.3872438506415502 0.5000000000000000
0.5000000000000000 -0.4047275997300830 0.4706569125948947
0.4644839112584101 -0.3060828811419040 0.5000000000000000
0.5000000000000000 -0.2273451374256303 0.4990594890021972
0.5000000000000000 -0.2159229761326831 0.3700991311680107
0.5000000000000000 -0.2994817732964139 0.4819013513629909
-0.2253968090866298 -0.5000000000000000 0.1625894907420537
-0.2684267756676291 -0.5000000000000000 0.3147147996996581
-0.1841709972330504 -0.5000000000000000 0.3054265487179066
-0.2976473101532589 -0.5000000000000000 0.1105416936560275
-0.2355937257090267 -0.5000000000000000 0.0927701068581569
-0.1931260671609759 -0.5000000000000000 0.0377419273588461
-0.2280516521100723 -0.5000000000000000 0.0299728589463361
-0.3149943804466663 -0.2685976825189649 -0.5000000000000000
-0.3613046331702406 -0.2213876425388942 -0.5000000000000000
-0.2997760322058023 -0.2364243212712528 -0.5000000000000000
-0.3532782243347642 -0.2495735947879598 -0.5000000000000000
-0.3486171545809223 -0.3112397582471991 -0.5000000000000000
-0.5000000000000000 -0.0934556143786957 0.4471521418738564
-0.5000000000000000 -0.0662489661999668 0.4011755932158219
0.4632365262203344 0.4951645507049235 -0.0250947483731248
-0.1179940415743945 -0.5000000000000000 0.4975840856593799
-0.0925191811637154 -0.5000000000000000 0.3762993559368537
0.0898819271414310 -0.5000000000000000 0.3333829035989208
-0.0357392745160892 -0.3201100977763638 0.5000000000000000
0.1498953117028693 -0.5000000000000000 0.2794089890910087
-0.0007717894161994 -0.4478916478843979 0.5000000000000000
-0.5000000000000000 -0.4370341439205093 0.0822937807077989
-0.5000000000000000 -0.4985924506444369 -0.0570194904474774
-0.3363988655741673 -0.5000000000000000 -0.1782489689030312
-0.3094199393776836 -0.5000000000000000 -0.0593429804911118
-0.5000000000000000 -0.3056864166388727 0.1462345773829182
0.5000000000000000 0.3699267370086073 -0.4818366444073833
0.5000000000000000 0.3024673841223406 -0.3993625401428339
-0.5000000000000000 -0.2988065849335630 0.2435431979996873
-0.5000000000000000 -0.2887573586816746 0.1871573469782599
-0.5000000000000000 -0.3583453351497600 0.1000205253918817
-0.5000000000000000 -0.2342071188091884 0.1214977661852649
-0.1910185589205021 0.1927062705533735 0.5000000000000000
0.5000000000000000 0.2055177336348712 -0.1602945752518980
0.4992448756417785 0.0122392277048516 -0.3082587607603153
0.5000000000000000 0.2039188442548084 -0.1867464264339874
-0.1089444557942749 0.5000000000000000 -0.1402401130055814
0.4411537282096296 0.5000000000000000 -0.0232381612402551
0.4601344564996175 0.5000000000000000 -0.0526171540511707
0.5000000000000000 0.4760123242624058 -0.0679032289440424
0.5000000000000000 0.4944040137618944 0.0299983870599252
0.3812382591131939 0.3161257945731663 0.5000000000000000
0.1747049125422862 0.2541683089113931 0.5000000000000000
0.3544296329228832 0.2876669392982885 0.5000000000000000
0.4057910459938107 0.4764273756795670 0.5000000000000000
0.2826570290741789 0.3591713945136142 -0.5000000000000000
0.2608005944191035 0.3916572752732174 -0.5000000000000000
0.1788473199352934 0.3203260067091339 -0.5000000000000000
0.2734180313163921 0.3421035991324404 -0.5000000000000000
0.5000000000000000 0.2440209931270526 -0.4474832708788241
0.4825975645055618 -0.5000000000000000 -0.1029026151796506
0.1349092065667014 -0.5000000000000000 -0.2588444920721572
0.2548296481122392 -0.5000000000000000 -0.1318514729360400
0.3656988717451524 -0.5000000000000000 -0.3672064777972354
0.3213052264601691 -0.5000000000000000 -0.2441524970504519
0.4619604695250081 -0.5000000000000000 -0.3424594378370051
0.1496506331779526 0.0929194251266728 -0.5000000000000000
0.2366470076696008 0.0234693477475422 -0.5000000000000000
0.1783608395687597 0.0688786195314205 -0.5000000000000000
0.4721051010959880 -0.4269892805123210 -0.5000000000000000
0.5000000000000000 -0.4070042003554109 -0.3909313803888037
0.2214884601971741 -0.1175470200866309 0.5000000000000000
0.2255026056527748 -0.2883919432983320 -0.5000000000000000
0.5000000000000000 0.3225498734326550 0.2994363085634811
0.5000000000000000 0.4808336949084431 0.4658209531000230
0.2401938664211941 -0.1707819169601731 0.5000000000000000
-0.4137077698706050 -0.1636159694994172 -0.5000000000000000
0.4368239130643130 0.5000000000000000 -0.1856551225923327
0.5000000000000000 0.2083281724545299 -0.3466321065215341
0.5000000000000000 0.3055876623177733 -0.3183692780846710
0.4079745836535805 0.1639408084282468 -0.4937931167912269
0.2794025390397565 -0.0206064510574193 -0.5000000000000000
-0.5000000000000000 0.1641497252820099 0.2735822675076165
-0.5000000000000000 0.2100619190309791 0.2315032723148184
-0.5000000000000000 0.1906029322036524 0.2813507141424630
-0.5000000000000000 0.0978513510857680 0.3176193303258805
-0.5000000000000000 0.2548578061538595 0.2305759011436381
-0.5000000000000000 0.2282837689942251 0.2821498035443370
-0.5000000000000000 0.1779823707553285 0.3237327938776895
-0.5000000000000000 -0.0452769225009061 0.4841133996899653
-0.5000000000000000 0.0297071122848667 0.4304495895870133
-0.5000000000000000 0.1067481850357082 0.4633394066394358
0.3723695624044315 0.5000000000000000 0.4492640783358294
0.2510785298990040 0.5000000000000000 0.3374772601560160
0.2673053126169639 0.5000000000000000 0.3203385633218261
0.2610701883224621 0.5000000000000000 0.3224835767184029
0.2082772932814116 -0.5000000000000000 0.4371100057530940
0.2782621190388204 -0.5000000000000000 0.2573172616327878
0.2107523563268492 -0.5000000000000000 0.4355728522207875
0.2144719004159051 -0.5000000000000000 0.4323471241187367
0.2074302932680356 -0.5000000000000000 0.4351367179908945
0.2168758412008191 -0.5000000000000000 0.4345051017604995
0.3684567969188036 0.5000000000000000 -0.0137520179908409
0.3097047422105798 0.5000000000000000 -0.0751129085086777
0.1108151775886002 0.5000000000000000 -0.1835244203205207
0.1119462823134525 0.5000000000000000 -0.1259835786626566
0.0863369416415370 0.5000000000000000 -0.1280221861083531
0.0161142324818593 0.5000000000000000 -0.1253431980647925
0.1287125574855539 0.5000000000000000 -0.1600174680307887
0.0965735065673368 0.5000000000000000 -0.1588667024459857
0.1633207354814731 0.5000000000000000 -0.1469459040144788
-0.4024979038694783 0.3448663703814197 -0.5000000000000000
0.4196022427351582 0.3175889139328383 -0.5000000000000000
0.4589603171815260 0.2916405804418111 -0.5000000000000000
0.5000000000000000 0.3667350040425038 -0.4883841184698152
0.4344251628144188 0.2988912599275021 -0.5000000000000000
-0.5000000000000000 0.0663835504020433 -0.3448439944029897
-0.5000000000000000 -0.0550265903105124 -0.4411055227655919
-0.5000000000000000 0.0482870014198365 -0.4193226149323570
-0.0815145948803178 0.5000000000000000 -0.4571253931405452
-0.1312497981298582 0.5000000000000000 -0.4627867918629685
0.0657131188915046 0.3934683229060725 0.5000000000000000
-0.1368761052003437 -0.5000000000000000 0.4881724967047981
-0.2233821548266055 0.2380613399152991 -0.5000000000000000
-0.2041372194899634 0.1232761814804873 -0.5000000000000000
-0.1936441463866186 0.0929307307975477 -0.5000000000000000
-0.1299924776760424 0.1020505263797165 -0.5000000000000000
-0.2277390986251537 0.0818839508203580 -0.5000000000000000
-0.0712237502272238 0.1005732599015613 -0.5000000000000000
-0.1060599338189317 0.5000000000000000 0.3923596762713717
0.0016225156091802 0.5000000000000000 0.4357640173165066
0.3055244500397348 0.5000000000000000 -0.1294604468898999
0.4868630403649092 0.4455198374254675 0.5000000000000000
-0.2361873613713559 0.2385005701475881 0.5000000000000000
-0.2067771779844935 0.1186610775093372 0.5000000000000000
-0.2124664597510658 0.1821300791704751 0.5000000000000000
-0.1565684096799005 0.2373725839425216 0.5000000000000000
-0.0401506683423522 -0.4473315111240013 -0.5000000000000000
-0.3099210801199005 -0.4423912679602404 -0.5000000000000000
0.1345625395577451 -0.3473289015708107 0.5000000000000000
-0.0486023848658882 -0.2991920480268087 0.5000000000000000
0.3564240725728857 0.5000000000000000 -0.1643333224086620
0.1028196797076762 0.0912527539522400 -0.5000000000000000
-0.0317485240610195 0.0988956898458651 -0.5000000000000000
0.1082817726845483 0.0315986955817018 -0.5000000000000000
0.1133559699264243 -0.5000000000000000 -0.2701014083698717
0.1452721461957597 -0.5000000000000000 -0.3091988879899665
0.3491712638501441 -0.5000000000000000 -0.4149991225048074
0.2837602511221866 -0.5000000000000000 -0.2857719413133845
0.1755971129072638 -0.4508870656072353 -0.5000000000000000
-0.0350115996832348 0.2611145401981254 0.5000000000000000
-0.5000000000000000 -0.1010064591570333 0.4981716024221942
-0.5000000000000000 -0.1197528256487412 0.4972936868060282
0.1474709432742738 -0.3706504785188549 0.5000000000000000
0.2065059639010098 -0.4453032264279967 0.5000000000000000
0.1667080387776637 -0.3552195015317419 0.5000000000000000
0.0490202191021145 -0.3360766312806915 0.5000000000000000
0.1678371363481375 -0.3704013193853199 0.5000000000000000
0.1371928902480253 -0.3780321580671822 0.5000000000000000
-0.4486909839936801 0.3529813437575696 -0.5000000000000000
0.5000000000000000 -0.1624665301805057 0.0260074465474618
0.5000000000000000 0.0139241977695519 -0.1391909852936312
0.5000000000000000 -0.3978086135897731 0.1673415164497166
0.5000000000000000 -0.3309673553052147 0.2427607731468149
0.5000000000000000 -0.3863060861413216 0.2182572327977548
0.5000000000000000 -0.2798735012305333 0.1108612769473946
-0.5000000000000000 0.3733745685234465 0.2940171566614395
-0.5000000000000000 0.2491374314471081 0.1179549604304519
-0.5000000000000000 0.3212199154699316 0.2285031390833848
-0.5000000000000000 0.3640924386249428 0.2146181539397800
-0.5000000000000000 0.3039510470575700 0.2809549610079575
0.4436786318824478 -0.4533138627359382 -0.5000000000000000
0.4214349972070218 -0.4005654884592855 -0.5000000000000000
0.4453116181574261 -0.3213441266226409 -0.5000000000000000
0.4138848654021852 -0.5000000000000000 -0.4874377847835630
0.4340523883847328 -0.3592896243202693 -0.5000000000000000
0.4434322031760977 -0.3723036640907276 -0.5000000000000000
0.4077377075353747 -0.3989960160764610 -0.5000000000000000
0.4865299706418262 -0.5000000000000000 -0.3915766085128233
0.4096057358043040 -0.3907408307661882 -0.5000000000000000
0.5000000000000000 -0.3435838200160866 -0.4703707945538386
0.2747933545213525 -0.4308107675722498 -0.5000000000000000
-0.2244835281538853 0.2976338369699629 -0.5000000000000000
-0.2337058444362911 0.3423483669088394 -0.5000000000000000
-0.1937464919823467 0.3049348002738891 -0.5000000000000000
-0.2339472714903410 0.3131081415019534 -0.5000000000000000
-0.1817028258854035 0.2724446158780532 -0.5000000000000000
-0.2558074627989673 0.2962825332796925 -0.5000000000000000
-0.2238151411237088 0.3224897193056368 -0.5000000000000000
0.3873992532920825 0.5000000000000000 0.4971106471299002
0.2986596318265083 0.5000000000000000 0.4955421125376445
0.5000000000000000 0.2661071750033830 0.1469939726378869
0.5000000000000000 0.3424565427838450 -0.0316866935449311
0.5000000000000000 0.2252572860018571 -0.0549506073372451
0.5000000000000000 0.2260158026177655 -0.0691376790065327
-0.5000000000000000 0.1424029506793855 0.1518868703161898
-0.5000000000000000 -0.0476270195455318 0.1404335271739507
-0.5000000000000000 0.1819987152487435 0.0789261088259312
-0.5000000000000000 0.1766932919344039 0.1363533076279886
-0.5000000000000000 0.0986437909972302 0.1103685242623120
-0.5000000000000000 0.2126720127618903 0.1455881612922174
-0.4941574564814533 0.5000000000000000 0.1751080201859915
-0.3323764870131866 0.5000000000000000 0.3056155556883389
-0.4160957295814235 0.5000000000000000 0.2981730719795593
-0.3805113724654037 0.5000000000000000 0.3306100408758760
-0.4375476602420821 0.5000000000000000 0.3056709258902415
-0.4598437325530169 0.3678351923876159 0.5000000000000000
-0.3882806095159564 0.5000000000000000 0.4132540402247298
-0.4174829821386112 0.4053378087571242 0.5000000000000000
-0.2861025605480873 0.2682181188345077 0.5000000000000000
0.5000000000000000 0.2185921352087728 0.2581368400041146
0.5000000000000000 0.2693003511632539 0.2629858836100414
0.5000000000000000 0.2870532518214440 0.2278948419068102
0.4340439881964114 0.2010659207885347 0.5000000000000000
0.5000000000000000 0.2150139654934364 0.3370361721834224
0.5000000000000000 0.1366035630409302 0.4626195439491034
0.5000000000000000 0.3535541638734046 0.2335634676829253
-0.5000000000000000 0.0955729800630256 0.2303658597233308
-0.5000000000000000 -0.0250397543071683 0.2958073304705549
0.1439827130005960 0.0682757186502811 -0.5000000000000000
0.1474027651374708 0.0087238866505527 -0.5000000000000000
0.2215706136295925 0.0023137177644870 -0.5000000000000000
0.1688994783187634 0.0427653349669308 -0.5000000000000000
0.4359278906672513 0.1480333299784419 -0.5000000000000000
0.5000000000000000 0.1400701223478880 -0.4327210432947610
0.3751937995462878 0.1828462894508265 -0.5000000000000000
0.5000000000000000 0.1823754345952980 -0.4043209926406265
0.3892915053351229 0.2010900277005397 -0.5000000000000000
0.4105918220171054 0.1779612531564350 -0.5000000000000000
-0.2949520267381713 0.3635043856972848 0.5000000000000000
-0.3401640408104287 0.4067913696270476 0.5000000000000000
-0.2624464574848245 0.3123803732751810 0.5000000000000000
-0.1085348756037000 0.5000000000000000 -0.1392500290738550
-0.1137119890798668 0.5000000000000000 -0.1558024300638102
-0.1106021369104237 0.5000000000000000 -0.1529642449094196
-0.0859860263434149 0.5000000000000000 -0.1270527153201500
-0.1675508715693187 0.5000000000000000 -0.0303526618504699
-0.1284023018582533 0.5000000000000000 -0.1324622897841391
0.4894753726967988 -0.5000000000000000 -0.4820162561548413
-0.4782019914989063 -0.1155269157978029 -0.5000000000000000
-0.5000000000000000 -0.1819062799203076 -0.3088705000782113
-0.5000000000000000 0.0000977309868357 -0.2879146899697049
-0.4458447482497291 -0.1943918721434909 -0.5000000000000000
-0.0562050512353052 0.4902456123796159 -0.1066191191163437
-0.1769706400553819 0.5000000000000000 0.3345733958822699
-0.1114012079367563 0.5000000000000000 0.2615220002140174
0.3267674106585126 -0.5000000000000000 0.1528385799855008
0.4973580080713416 -0.5000000000000000 -0.0948432400768591
0.2554707243897503 -0.4973010926353506 0.5000000000000000
0.2816123873958352 -0.5000000000000000 0.4855235799279425
-0.4595670596105993 -0.5000000000000000 -0.2338962429464030
0.4344657831434836 0.5000000000000000 0.0375336422544987
0.5000000000000000 0.3792163076482110 0.0419350924360031
0.5000000000000000 0.4212552649178702 -0.0821947562295269
0.5000000000000000 0.4481760416126773 0.0708417792762659
0.3435049877893631 -0.0663258820793265 0.5000000000000000
0.3250505833624882 -0.0146033689422688 0.5000000000000000
0.3195326974425643 -0.0556316240739544 0.5000000000000000
-0.5000000000000000 0.4205821723949153 -0.0953149941510580
-0.5000000000000000 0.4397316770396169 -0.0943595844120416
-0.5000000000000000 0.4325830409518364 -0.0584874647346239
0.1601381437856933 0.5000000000000000 -0.3721077072905306
0.1678476735596229 0.5000000000000000 -0.3771336201737579
0.1908488094851606 0.5000000000000000 -0.3435270636803118
0.1327706253131014 0.5000000000000000 -0.3119325486465771
0.1821241688816289 0.5000000000000000 -0.3828603300098181
0.1990034511460231 0.5000000000000000 -0.3858014414461863
0.2196468886511569 0.5000000000000000 -0.2670046767701045
0.3100504568357423 -0.4992807817299419 0.1750264120253111
0.2124496989189635 -0.5000000000000000 0.0664725542623564
0.2992822942885640 -0.5000000000000000 0.0032483471384499
-0.5000000000000000 -0.1423252571763297 0.2708277603358547
-0.5000000000000000 -0.0743536399468334 0.1586370046087887
-0.5000000000000000 -0.0403794345127890 0.2721823556146225
-0.5000000000000000 -0.1016364312030537 0.1464605485759930
-0.5000000000000000 -0.0960979248743512 0.1076958452889292
-0.5000000000000000 -0.1550824508891173 0.1344080076726891
-0.5000000000000000 -0.1059550450287905 0.1186996310112828
0.1589992943364681 -0.4894409706599595 -0.1470052249974195
-0.0623427608273834 0.0921573047228972 -0.5000000000000000
0.1079823169761471 -0.0008082771209902 -0.5000000000000000
-0.5000000000000000 -0.1425983789226266 0.2709675385713752
-0.5000000000000000 -0.1119539702570195 0.0565843533153615
-0.5000000000000000 -0.1821127730427590 0.1081276741744870
-0.5000000000000000 -0.1266720660749263 0.0706962147907618
-0.4859494308951758 -0.5000000000000000 0.1575445691738260
-0.3312105403450979 -0.2676868076885122 0.5000000000000000
-0.4031592787451352 -0.3109105638236349 0.4962841908436540
-0.4314922299074209 -0.1347286785013933 0.5000000000000000
-0.4008283257880088 -0.1757884236211895 0.5000000000000000
-0.0239659020511974 0.5000000000000000 0.3823208870689714
0.1513091555957286 0.5000000000000000 0.3068501375362164
-0.0775944700397688 0.5000000000000000 0.2808404302627440
-0.0322324756050705 0.3353256278559491 0.5000000000000000
0.3851586004847780 -0.1842112664912524 0.5000000000000000
0.4395282375710748 -0.0815588564278350 0.5000000000000000
0.3942383015991851 -0.1321821653002472 0.5000000000000000
0.2874393160646748 -0.1101606377042991 0.5000000000000000
0.3439083009548550 -0.1598234520359975 0.5000000000000000
0.3948642739014291 0.0058326106810597 0.5000000000000000
0.3427042832552646 -0.1776516527698945 0.5000000000000000
0.5000000000000000 -0.1830300930605689 0.4963399386474350
0.5000000000000000 -0.1639720112068556 0.3268564160863683
0.3750944890481731 0.3464757453695461 -0.5000000000000000
-0.1925473119867034 0.1770608131626970 -0.5000000000000000
-0.1145552559780844 0.1555720017371989 -0.5000000000000000
-0.2602083152552787 0.2388658114273594 -0.5000000000000000
0.3057983292501847 -0.3025777333166480 -0.5000000000000000
0.4477473486655156 -0.2194804198856338 -0.5000000000000000
0.3574353338397829 -0.2529392337881045 -0.5000000000000000
0.3544351844261891 -0.2087110541823013 -0.5000000000000000
0.3376274876982084 -0.3240566612501114 -0.5000000000000000
0.3397713376986172 -0.2943743152778014 -0.5000000000000000
0.5000000000000000 0.0238762505203166 -0.1437276827863370
-0.3008942171153415 -0.4580302484481165 -0.5000000000000000
-0.2953347337911168 -0.4596617904534753 -0.5000000000000000
-0.3129773464131306 -0.4550621247070664 -0.5000000000000000
-0.3165142590069940 -0.4513808131448692 -0.5000000000000000
0.0656470138794179 0.4459746326269945 0.5000000000000000
-0.1583106211720233 -0.0586581111042850 -0.5000000000000000
-0.0553302310723919 -0.5000000000000000 -0.2084394924275642
-0.2132129043676199 -0.5000000000000000 -0.2791119908713537
0.0272256335065658 -0.5000000000000000 -0.4486551584856672
-0.1849495286989577 -0.5000000000000000 -0.1273011460372488
0.5000000000000000 -0.3062940125151115 0.3567702167932272
0.5000000000000000 -0.3809130655743761 0.3017241418864824
-0.5000000000000000 -0.4261172110047970 -0.0937522259156941
-0.5000000000000000 -0.4187078611201007 -0.0936707994660995
0.2845028626963682 0.5000000000000000 -0.1242596764344768
0.1550177297508237 0.2478970305677848 0.4971327957786655
0.1409197515380965 0.3476615307462378 0.5000000000000000
0.1849725942658333 0.3239669403717552 0.5000000000000000
0.1713596101583948 0.3256269517674870 0.5000000000000000
-0.5000000000000000 0.3812982961005866 0.1655213450922625
-0.5000000000000000 0.2398716821130446 -0.0283454341160423
-0.5000000000000000 0.2858565642268940 -0.1985699452287421
-0.5000000000000000 0.2996223756014260 -0.1437265841001636
-0.5000000000000000 0.2685167921770161 -0.1277056023696011
-0.5000000000000000 0.2638285846752214 -0.0706685786958134
-0.5000000000000000 0.3773585039876391 -0.0608350871500787
-0.5000000000000000 0.2587869131658969 -0.2240768265720999
-0.3778458821194071 0.5000000000000000 0.1208828235164183
-0.4922439770382567 0.5000000000000000 0.1640643697177310
-0.3237333836469221 0.4941138087172972 0.5000000000000000
0.1330268900367354 -0.5000000000000000 -0.2025484884458484
0.1748683622500608 -0.5000000000000000 -0.1348463430903966
0.1796406340086035 -0.5000000000000000 -0.1640887792814147
0.1651439852521700 -0.5000000000000000 -0.1589130420304447
0.1036491958443270 -0.5000000000000000 -0.2757304184607260
0.0802404448939002 -0.5000000000000000 -0.2590021635890498
0.0982428819519089 -0.5000000000000000 -0.1862220120434195
0.5000000000000000 0.1090803364199672 -0.0449623085875574
0.5000000000000000 0.1813384789056460 0.1219366423965519
0.5000000000000000 0.0363210330692995 -0.1476358083095558
0.4108792271398986 0.4946197956657221 0.4957251981647900
-0.2251814837719212 -0.1352608962700642 -0.5000000000000000
-0.0996474535810329 0.0449077782893640 -0.5000000000000000
-0.1316618724039712 -0.1018231840482527 -0.5000000000000000
-0.1265341327102765 -0.0552399136489463 -0.5000000000000000
-0.1617207538400660 -0.1002084185041486 -0.5000000000000000
-0.1306556202088508 0.5000000000000000 0.1206760309532027
-0.2874039555418909 0.5000000000000000 0.2705568626662861
-0.1792848224984171 0.5000000000000000 0.2821309303539984
-0.0910950496671454 0.5000000000000000 0.0807447393616697
-0.1269577616437520 0.5000000000000000 0.2110272593475551
-0.3030557144990959 0.5000000000000000 0.3114244019566827
-0.1287095001657582 0.5000000000000000 0.3762453999995696
-0.1874608344173096 0.5000000000000000 0.3574276790003268
-0.1084791964070211 0.5000000000000000 0.3847056286369607
-0.1251163522172443 0.5000000000000000 0.2911827082580657
-0.1229599759080397 0.3593413794488184 0.5000000000000000
-0.5000000000000000 -0.1020264185395428 0.4764161371466442
-0.5000000000000000 -0.1208561584583622 0.4685455394969877
-0.3633674094635124 0.5000000000000000 0.0609385498916213
-0.2522984047181723 0.5000000000000000 0.0752167463613307
-0.3417057309555526 0.5000000000000000 0.0592032984371272
-0.3918100273891804 0.5000000000000000 0.0553257555166065
0.5000000000000000 0.2045924781931940 -0.3701306630768651
0.5000000000000000 0.3010856470813629 -0.3529384924480621
0.3716883921741483 -0.2402535495494856 0.5000000000000000
0.5000000000000000 -0.3998254628598035 -0.4960036813611344
0.5000000000000000 -0.1921722577697444 -0.4995710451116445
0.5000000000000000 -0.1323069977167732 -0.4433654505518879
0.5000000000000000 -0.2292642646867564 -0.2701034463229561
0.5000000000000000 -0.2402268072434377 -0.3175736912065927
-0.3460345702394107 -0.4454026141297958 0.5000000000000000
-0.3708931858456911 -0.4524684908617943 0.5000000000000000
-0.3235285500311671 -0.4706180784179631 0.5000000000000000
0.2907321193376701 -0.3830577139614154 0.5000000000000000
0.5000000000000000 0.1656811121124256 0.2845241874349712
0.3884252593683865 0.1834269186489750 0.5000000000000000
0.3869886024941317 0.0413481088411146 0.5000000000000000
0.2881190036662218 0.1606951499777299 0.5000000000000000
0.5000000000000000 0.1220405340338326 0.4833260776303477
-0.2256756474357500 0.5000000000000000 -0.3136655324234464
-0.3383831135331582 0.5000000000000000 -0.2853468423942391
0.5000000000000000 -0.0885981922425561 0.0399887540147582
0.5000000000000000 0.0550981190760110 -0.0082706411787795
-0.3730739955648463 0.3425028469414313 -0.5000000000000000
-0.5000000000000000 0.4971129416459869 0.1647043425618662
-0.4630140560192874 -0.5000000000000000 -0.2268770397634162
0.2740629567523936 -0.0647823632345275 -0.5000000000000000
0.3054161725213573 -0.1632130157775735 -0.5000000000000000
0.0428121783723155 0.3484527014103674 -0.5000000000000000
0.0289073461894406 0.5000000000000000 -0.3410196015063374
-0.0037706421075721 0.5000000000000000 -0.2956347089663354
-0.5000000000000000 0.4187161548457463 0.1200958687829811
-0.5000000000000000 0.4220298011365101 -0.0297956944214345
-0.3693253528482003 0.4895593409321699 -0.5000000000000000
-0.5000000000000000 0.0995275375504949 -0.2380954910501520
-0.5000000000000000 0.0618395375733996 -0.2559148101558778
-0.5000000000000000 0.0623339344527780 -0.2139117677693320
0.1332127928902186 0.1545439718944825 0.5000000000000000
-0.2376333300379605 0.3854989621353701 -0.5000000000000000
-0.3331881177676061 0.3715481808555995 -0.5000000000000000
-0.2122920689101131 0.4108600885816548 -0.5000000000000000
0.1933407046627811 -0.5000000000000000 -0.0332207806551842
0.1102511786840390 -0.5000000000000000 0.1451609415700774
0.1626604104014902 -0.5000000000000000 0.2199433019737654
0.3964898905815509 0.4895431126934821 0.5000000000000000
0.4139743574598018 0.5000000000000000 0.4746354194836446
0.5000000000000000 0.4955467870162177 0.3502799832805946
0.0681071618036893 -0.5000000000000000 0.1709431715972585
-0.1929994883679748 -0.5000000000000000 0.1282716291286475
-0.1352957727391588 -0.5000000000000000 0.0427170135402470
0.3383106150785796 -0.4667093582173160 0.5000000000000000
0.2638307898283470 -0.3770966215119290 0.5000000000000000
-0.5000000000000000 -0.3672641728582218 -0.3637895396239827
-0.5000000000000000 -0.3886489793379589 -0.3460698363146755
0.0664511716207197 0.3588275556254589 -0.5000000000000000
0.0814343183780925 0.3529520940925608 -0.5000000000000000
-0.0373705240547216 0.3328718619612134 -0.5000000000000000
0.0174646042071019 0.2850877744521926 -0.5000000000000000
0.3262407178423425 -0.2259813608231383 0.5000000000000000
0.5000000000000000 -0.1835244502745574 0.3191901557372225
0.2664198900153582 -0.5000000000000000 -0.1104602193113871
0.1276511816933982 -0.5000000000000000 -0.1079022156066865
0.1777381659050029 -0.5000000000000000 -0.0687877445845660
0.2632702895585715 -0.3222866462561726 -0.5000000000000000
-0.3319292630444048 -0.2835092547726873 0.5000000000000000
-0.3278907498329274 -0.2827963877686282 0.5000000000000000
-0.2809835019445841 -0.2749196928345350 0.5000000000000000
-0.3155334929571812 -0.2886524609469486 0.5000000000000000
-0.5000000000000000 -0.1428963798196462 0.2720433981491610
-0.5000000000000000 -0.2992373425594016 0.3007682123666812
-0.5000000000000000 -0.3081134522174171 0.4810809063852020
-0.5000000000000000 -0.3507681033150311 0.4471688464760372
-0.5000000000000000 -0.2887828760860198 0.4450279809606176
0.0775223179172338 0.3878352956175436 0.5000000000000000
-0.0016211758891889 0.5000000000000000 0.4275207454672261
0.1544526247319799 0.5000000000000000 0.3571500680984924
0.1076841741479995 0.3634062527111589 0.5000000000000000
0.0355237170733049 0.3610868141199926 0.5000000000000000
0.5000000000000000 0.1616665827690573 -0.3604192149467417
0.5000000000000000 0.0271174237987030 -0.1570494679347201
-0.3657716105562698 0.5000000000000000 -0.1664680992228371
-0.3394904887073379 0.5000000000000000 -0.0720262555674004
-0.4083415494757821 0.5000000000000000 -0.0614746880840049
0.1318762040532778 0.1771060443320997 0.5000000000000000
-0.2797886461879912 0.2850201684188480 -0.5000000000000000
-0.3078604998339902 0.5000000000000000 -0.3633310067518036
0.5000000000000000 -0.2344105035736307 0.0369667129879603
-0.0589216699881104 -0.5000000000000000 -0.1861802745963942
-0.1151710020898850 -0.5000000000000000 -0.1790952116211870
-0.0965228237358156 -0.5000000000000000 -0.1118795156642812
-0.1070905763091806 -0.5000000000000000 -0.1296436925667591
-0.5000000000000000 -0.1819599620746987 -0.3084329493517156
-0.5000000000000000 -0.0033956458147724 -0.2673966502042269
-0.5000000000000000 -0.1424296156496912 -0.2170373493104729
-0.5000000000000000 0.1897345654238015 -0.0851785284146538
-0.5000000000000000 0.2179298879616463 0.0576426352798878
-0.5000000000000000 0.0720202254691301 0.0187251893096162
-0.5000000000000000 -0.1425908317743371 0.2718529310491379
-0.5000000000000000 -0.1428370862412797 0.2717530834598251
-0.5000000000000000 -0.1425999664760934 0.2721146713013544
-0.5000000000000000 -0.1421801770709570 0.2736207779911313
-0.3541829551361440 0.3490215068906382 -0.5000000000000000
-0.5000000000000000 0.2354588496589939 -0.1830726331622681
-0.5000000000000000 0.1882256781368736 -0.1857250530089324
-0.5000000000000000 0.1982776730037327 -0.1305664773039300
-0.5000000000000000 0.2238503450422787 -0.2392886927657411
0.5000000000000000 0.1191427611917641 -0.3859770775769142
0.5000000000000000 0.1700116140546052 -0.3714301610330888
-0.0541143456876633 0.5000000000000000 0.1508153963472772
-0.0505374932169274 0.5000000000000000 0.2372858712205689
-0.0337131254545212 0.5000000000000000 0.1179233001634870
0.0327991578149398 0.5000000000000000 0.2061443179051494
-0.0755666547898708 0.5000000000000000 0.2132968505817031
0.4889311667911833 -0.1795990171724040 -0.5000000000000000
0.4619330071136858 -0.1947525500764800 -0.5000000000000000
0.4992205164525849 -0.2192642611410921 -0.5000000000000000
0.0349713624276106 0.5000000000000000 -0.3466145466036639
-0.1984412095371951 -0.1651496513891439 -0.5000000000000000
-0.5000000000000000 -0.0285846591840293 0.2962742117562316
-0.3473920092747083 -0.0313211404165764 0.5000000000000000
-0.3177289908885422 0.5000000000000000 0.3251346089828591
-0.2165838592455983 0.5000000000000000 0.3804171191059725
-0.2250177823256886 0.3784727651839868 0.5000000000000000
-0.5000000000000000 -0.2958120165877173 -0.1315725494471693
-0.5000000000000000 -0.4307370723184087 -0.1901158218872344
-0.5000000000000000 -0.3941871216767189 -0.2619539761623543
-0.5000000000000000 0.3587086472094465 -0.2530810880410497
0.0005548710327642 0.1977107218599511 -0.5000000000000000
0.0632806117905760 0.1209826592495287 -0.5000000000000000
-0.0536696729549062 0.1192698795312136 -0.5000000000000000
-0.3426120905544596 0.3225695554884781 -0.5000000000000000
0.5000000000000000 -0.4483766704880553 0.4370885060960698
0.4113744699362741 -0.5000000000000000 0.3463287444143809
0.5000000000000000 -0.3474114486688480 -0.0952006995069224
0.4821596988209702 -0.5000000000000000 -0.3478669777714549
-0.5000000000000000 -0.2793139048989374 0.4939623306110417
0.4991433334123979 -0.0174380953377941 0.0624401730726821
0.5000000000000000 0.1574472313622672 0.2013968124403346
0.5000000000000000 0.0868052288921652 0.2827190481941975
0.5000000000000000 0.1311005240255226 0.2348570400288893
-0.5000000000000000 0.4384315455136461 0.1726590682602033
0.3715783349289171 -0.1222536094657729 -0.5000000000000000
0.3329654248126124 -0.1109669984071694 -0.5000000000000000
0.3762698718091367 -0.1465265843616492 -0.5000000000000000
0.3557609066775189 -0.1724135155261668 -0.5000000000000000
0.0984272974532821 -0.5000000000000000 0.3375819127481383
0.1655562200424155 -0.5000000000000000 0.2888937562380229
0.0604715020008341 -0.4480885678976677 0.5000000000000000
-0.5000000000000000 0.3611472716551603 -0.1360016778677351
-0.5000000000000000 0.3810172115697144 -0.2035130785365509
0.5000000000000000 0.0013663214908491 -0.3246134334876234
0.5000000000000000 0.0147301305116744 -0.2756942235146662
0.1087384100002946 -0.5000000000000000 0.1751931389302233
0.0986266967441752 -0.5000000000000000 0.0048506809097851
0.1082031578684769 -0.5000000000000000 0.1080610103270797
-0.4451141240296393 -0.0838042954051224 0.5000000000000000
-0.5000000000000000 -0.0313212867415755 0.3065082795782632
-0.4697686896136005 -0.1146302529435059 0.5000000000000000
-0.4565951238580315 -0.0894892738274827 0.5000000000000000
-0.3734022823062665 -0.0438185046138814 0.5000000000000000
-0.5000000000000000 -0.0500884283151567 0.4695990448888933
0.1526149956936020 0.3291815553793930 -0.5000000000000000
-0.0046940781094442 0.0608234491998297 0.4958579908447200
0.1237797942279579 0.1761388498414296 0.5000000000000000
0.5000000000000000 -0.1007327262522218 -0.4534259165394317
0.5000000000000000 -0.1026605623924483 -0.4770222873554316
0.3485620889696297 0.3556997083015530 -0.5000000000000000
0.2903152108726950 0.3647753622118957 -0.5000000000000000
0.3189041014714116 0.3590483202890810 -0.5000000000000000
0.5000000000000000 -0.2396491331039672 0.0400600607375676
-0.0367656021924456 -0.5000000000000000 -0.2108609270217673
0.0461085343531220 -0.5000000000000000 -0.4545085557498644
0.1719265308025672 -0.4476025730450387 -0.5000000000000000
0.4464100116184168 -0.0590744962009567 0.5000000000000000
-0.3479990423847283 0.4294024822364421 0.5000000000000000
-0.2552458590774159 0.5000000000000000 0.1541620893464619
-0.3268699270119495 0.5000000000000000 0.3377478962254257
0.5000000000000000 -0.1339714955371001 0.0523228433957063
0.5000000000000000 -0.1043743898166935 0.0502759963376911
0.5000000000000000 -0.1400003594347535 0.0593528713721304
0.5000000000000000 -0.1525893530965858 0.2115448290670101
0.5000000000000000 -0.1734767890078436 0.0892309723806829
0.5000000000000000 0.0082089681353121 -0.1262616618996222
-0.1621946632585616 0.5000000000000000 -0.3371608982028002
-0.1406608818544730 0.5000000000000000 -0.3087928444821025
0.5000000000000000 0.0233945235261776 -0.1510560245070029
-0.3840663394513419 0.3383514264073373 -0.5000000000000000
-0.1821343364720732 0.0138761144307446 0.5000000000000000
-0.5000000000000000 -0.4954342599377711 -0.1297348187137302
-0.2189832985286327 0.4932398568503809 0.0707421055927138
0.4851638150439563 0.2318304735083557 -0.5000000000000000
0.5000000000000000 -0.1983623307877590 0.0332467639058870
0.5000000000000000 -0.2098516751735466 0.0444701519293753
0.5000000000000000 -0.1809313870161094 0.2425284916536172
0.5000000000000000 -0.2511503734926977 0.0932965856284486
0.1359206058033889 0.1833965672621107 0.5000000000000000
-0.3792728411183207 0.3505952988145486 -0.5000000000000000
-0.3026432937532915 -0.3367312169559866 0.5000000000000000
-0.5000000000000000 -0.1819225354070277 -0.3075523251365233
-0.5000000000000000 -0.1731281788237870 -0.3221596654391693
-0.5000000000000000 -0.1820453590209463 -0.3088058113504433
-0.5000000000000000 -0.1830857692091584 -0.3085848305180805
0.0517570508724423 -0.2064786728649343 0.5000000000000000
-0.5000000000000000 0.1463118918481220 0.1991356071774387
0.3518883144390655 0.3729969754546194 -0.5000000000000000
0.2695650018203244 0.4036066800512895 -0.5000000000000000
0.3128346530349732 0.3890803493902059 -0.5000000000000000
0.2955673162763413 0.5000000000000000 -0.1630662633479916
-0.3855681608900880 0.3604673929426110 -0.5000000000000000
-0.3306301529109008 0.5000000000000000 -0.3896343436425332
-0.5000000000000000 0.4388471830052357 -0.4525592159449200
-0.4087303634552372 0.3379435064165712 -0.5000000000000000
-0.4677494598375218 0.4248969410313201 -0.5000000000000000
-0.5000000000000000 0.4041642323602833 -0.3003758232529392
-0.0478705282514583 -0.3105468188677560 0.5000000000000000
0.5000000000000000 -0.0075540887776848 0.0127247059808800
0.0315901155890935 0.5000000000000000 0.0424058566167344
0.1532428150250096 0.5000000000000000 0.2066884689836320
-0.0503070492848804 -0.5000000000000000 -0.2008001173534411
-0.2741675681665922 0.5000000000000000 -0.3467806670661912
0.0097005120163108 0.5000000000000000 -0.3398187444155985
-0.1609596227421366 0.3922056360197279 -0.5000000000000000
-0.0317106283101191 0.5000000000000000 -0.2919339484611945
-0.5000000000000000 0.2636129508213225 -0.2655295647538232
-0.1284459702226347 -0.5000000000000000 -0.2996646322092777
0.0125603088617204 -0.5000000000000000 -0.1660486401714580
-0.5000000000000000 -0.2622594080193510 -0.3967552949513277
-0.5000000000000000 -0.3639898446769220 -0.3337632396998210
-0.5000000000000000 -0.0111208277007816 -0.2301774877815433
-0.5000000000000000 -0.0753527949075874 -0.4209829999147485
-0.5000000000000000 0.0192841264873415 -0.2696486330626165
0.1393749392452099 0.1528431091844359 0.5000000000000000
0.5000000000000000 -0.3571495152801908 -0.4023719648312751
-0.0279253031811591 0.5000000000000000 -0.0038909100212252
-0.3457427449722129 0.5000000000000000 -0.3255869780087859
-0.5000000000000000 0.4197243037151930 -0.2279355623374945
0.2164042019623590 -0.0840170486879070 0.5000000000000000
0.0799489252017161 -0.1809723836091434 0.5000000000000000
0.2655824453387081 -0.1066842889965004 0.5000000000000000
0.1334787023888080 -0.0382395832444276 0.5000000000000000
0.1244249701442199 0.2903523365387669 -0.5000000000000000
-0.5000000000000000 -0.2966378624401518 0.2603237693811732
-0.4993303942653660 -0.4041851263225770 0.1284789738971793
-0.5000000000000000 -0.1583677552608272 0.3415447078967639
-0.5000000000000000 -0.3057280898187912 0.3025652588032943
0.1364169602497758 0.1400486822495022 0.5000000000000000
0.1521469408259889 0.1682278126600358 0.5000000000000000
0.0960969369499606 0.2053566868197134 0.5000000000000000
0.0118777274695166 0.5000000000000000 -0.3339613737516495
-0.0279843098859794 0.5000000000000000 -0.2847588329288037
-0.0527893872295230 0.5000000000000000 -0.0909275527003453
0.5000000000000000 0.1917366866663124 -0.3151220025540927
0.5000000000000000 0.2717442619515937 -0.2762871587273352
0.5000000000000000 0.0345107007457101 -0.1497178552782174
0.5000000000000000 -0.1040975941897887 0.2426886009221903
0.3009965284052371 -0.3526600539477526 -0.5000000000000000
0.1826636872672116 -0.4396907999120832 -0.5000000000000000
0.3510934828026622 -0.4834887297490832 0.5000000000000000
0.5000000000000000 -0.1573317673665705 0.2914655846677897
0.5000000000000000 -0.0631408086620864 0.2683841326481017
0.1694761971555686 -0.5000000000000000 0.2587734365812581
-0.4647691722496969 0.3482664690438376 0.5000000000000000
-0.4446427911468083 0.3200887406678379 0.5000000000000000
-0.5000000000000000 -0.4305809710127936 0.3661930645717023
-0.4434067136966277 -0.4489898849630198 0.5000000000000000
-0.2002952885843479 0.5000000000000000 0.0665371580115087
-0.2014807718161416 0.5000000000000000 0.1037042401945290
0.0865859154100250 -0.2396170651403221 -0.5000000000000000
0.1411418003744423 -0.0655493647382707 -0.5000000000000000
-0.5000000000000000 0.0374494421304778 0.1750088017819429
-0.5000000000000000 -0.0282714887563571 0.2927122331227451
-0.5000000000000000 -0.0660816051980891 0.0123073536479055
0.2623415175642076 0.5000000000000000 -0.1468228884238398
-0.4951559769371101 -0.5000000000000000 -0.2209037314268622
0.3255777624012345 0.4541527308969333 0.5000000000000000
-0.1712260622667801 -0.5000000000000000 0.3606190164211097
-0.2533182127123558 -0.4503906236418226 0.5000000000000000
0.1428952488851472 0.2071954282296984 -0.5000000000000000
-0.5000000000000000 0.0467760399407277 0.2760596129437189
-0.5000000000000000 -0.0270346885730206 0.2981364823103375
-0.3519644353287957 -0.0275055309912259 0.5000000000000000
-0.5000000000000000 0.0143181792338501 0.4135941264843825
-0.4982849826795117 -0.0919597404888588 -0.4475236573178416
0.5000000000000000 -0.0509899945313498 -0.2917776405227850
0.5000000000000000 -0.1278280251628126 -0.2454930778640776
0.5000000000000000 0.0176021101746755 -0.1605142982793519
0.5000000000000000 -0.1457249342594358 -0.3120937887250919
-0.5000000000000000 -0.2299300553597808 0.1316117617534910
0.5000000000000000 0.2060009158335484 -0.4204455725709840
-0.5000000000000000 -0.1082703565307659 -0.0319965903653611
-0.5000000000000000 -0.1439836802002581 -0.0850677295354669
-0.5000000000000000 -0.2011415238584287 0.0741127493700408
-0.5000000000000000 -0.1311270236305897 -0.0145691134049875
-0.2406583047781121 0.5000000000000000 0.3972691285937610
-0.4051808843256804 -0.5000000000000000 -0.2288956812363367
0.0283776664846015 0.5000000000000000 -0.3148926611708965
-0.4763762888323551 -0.1685650696195021 -0.5000000000000000
-0.4454173600874277 -0.2129556718700026 -0.5000000000000000
-0.4611177277125590 -0.2463078211494431 -0.5000000000000000
-0.2933815655158741 -0.0348802222875577 0.4989330887013032
-0.4133128313462912 -0.1069499077606122 0.5000000000000000
0.5000000000000000 -0.4540124512420980 0.4576575496687341
0.4019690888621882 -0.5000000000000000 0.3801123255182515
-0.5000000000000000 -0.0578367123928045 0.3173070578194843
-0.4543645635776610 -0.1519084386389380 0.5000000000000000
0.1266389447319895 0.5000000000000000 0.2500848166727657
-0.5000000000000000 0.4164574116953274 -0.0449042045832595
-0.5000000000000000 -0.3252937265831894 0.4946907497446463
-0.0421240025816661 -0.1977320120573978 -0.5000000000000000
-0.0855095364122173 0.0199215221252926 -0.5000000000000000
-0.0955216689983430 -0.1517092296439780 -0.5000000000000000
0.0278177484399099 -0.0734134719480620 -0.5000000000000000
-0.0909171938396449 -0.1080773384878764 -0.5000000000000000
-0.1228045812436240 -0.1511323620769543 -0.5000000000000000
-0.5000000000000000 -0.4455722654964508 -0.1941004998802525
-0.5000000000000000 -0.4051437731958448 -0.2674780419748702
-0.5000000000000000 0.2843456753778474 0.1534144643405517
-0.5000000000000000 0.2463565927295196 0.0268227264369207
-0.5000000000000000 0.3360007092768307 0.1452866732089232
-0.5000000000000000 0.3929451408100536 -0.0262452149443694
-0.2732954425157504 -0.3661064320309426 0.5000000000000000
0.4959104545192287 -0.5000000000000000 -0.3734228841756850
-0.3699200477306914 0.4701077618373460 0.5000000000000000
-0.3762136451662585 0.4149746299932403 0.5000000000000000
-0.1830571299239212 -0.4941542869915631 -0.3633188321920799
-0.2727602120838448 -0.5000000000000000 -0.2080721639907315
-0.3568345470284994 -0.5000000000000000 -0.2381142061766196
0.0462498748919065 -0.1923637350880751 0.5000000000000000
-0.0900871427985375 -0.5000000000000000 -0.4047939435724128
0.0459329308969051 -0.5000000000000000 -0.0906905062132000
0.4629095672627248 0.2326074148173363 -0.5000000000000000
-0.0025804180166492 -0.5000000000000000 -0.0281617882276261
0.1792127405938949 0.5000000000000000 0.3027084913364443
0.5000000000000000 0.0299241140565421 -0.1475814836338625
-0.1653599340224974 -0.4986140193007539 -0.4114326739786109
0.3946543309089958 0.0224182687901293 0.5000000000000000
0.3905844885544336 0.0108147876199831 0.5000000000000000
0.5000000000000000 -0.4127936417136990 -0.3648840423825782
-0.5000000000000000 -0.4892261772633267 -0.3249200161349835
-0.5000000000000000 -0.4693630230130709 -0.3451613330509978
-0.5000000000000000 -0.3762840819026417 0.4629273938386016
-0.5000000000000000 -0.0562013001809661 -0.0742796089952659
0.3490251398590603 0.3449877094858767 -0.5000000000000000
0.3840458650054296 0.3335470938946787 -0.5000000000000000
-0.0011556769587341 0.5000000000000000 -0.2656236871706610
0.3153922203055104 0.3430012238383167 -0.5000000000000000
-0.5000000000000000 -0.1897300626095142 0.4710633436969465
-0.4309457785027871 -0.1167334340622970 0.5000000000000000
-0.3592113758563502 -0.0436977225136672 0.5000000000000000
0.4371961571816640 -0.0116073378700211 0.5000000000000000
0.5000000000000000 -0.1480034526383487 0.3115501469618839
0.5000000000000000 0.1097152084687455 0.4774509277690729
0.5000000000000000 -0.0002377471120122 0.3286729255177654
-0.4951471098688772 -0.1208240120421994 0.3619703812488743
-0.5000000000000000 -0.3045375521047486 0.4565056146169227
-0.1292586273939518 -0.5000000000000000 -0.4203672201570107
-0.5000000000000000 0.2672121740382888 -0.2744852479867434
-0.1446085379387547 0.3257326073979351 0.5000000000000000
0.5000000000000000 0.2623609716225663 -0.4245985215595655
-0.2400056892260276 -0.5000000000000000 -0.0497387893881899
-0.4764064980704054 -0.5000000000000000 -0.3819372961654161
-0.5000000000000000 0.3042346999766137 -0.2585246787458111
-0.4809890780662336 -0.5000000000000000 -0.4072029991590443
0.5000000000000000 -0.1649138275792582 0.3187157926131243
-0.5000000000000000 0.4107332414808130 -0.0373314209998838
-0.5000000000000000 -0.4091366602815453 0.3897583192399185
-0.3480029151421562 -0.0141109413412520 0.5000000000000000
0.3624173476175028 0.3214339450096825 -0.5000000000000000
0.4568137161420815 0.2484080768255874 -0.5000000000000000
0.5000000000000000 -0.3656784066879212 -0.3753866030252413
-0.3812673690062008 0.2416923849297364 0.5000000000000000
-0.5000000000000000 0.0785179332028006 0.4389462296548659
260 114
261 144
262 212
0 263
0 35
0 46
0 77
0 118
0 264
0 265
0 149
0 266
0 160
0 161
0 162
0 165
0 175
0 267
0 198
0 240
0 268
0 269
1 270
1 130
1 868
1 166
1 191
1 271
1 272
1 273
1 274
1 275
1 276
1 277
1 248
1 278
279 39
280 226
2 16
2 281
2 282
2 283
2 73
2 89
2 284
2 104
2 142
2 156
2 285
2 286
2 199
2 287
2 208
2 1280
2 288
2 222
2 289
2 1290
2 245
2 249
290 23
291 131
292 191
293 248
3 23
3 38
3 47
3 294
3 51
3 124
3 138
3 295
3 166
3 296
3 297
3 210
3 298
4 9
4 14
4 43
4 44
4 63
4 103
4 164
4 182
4 193
4 199
4 222
4 228
4 230
4 231
4 242
4 245
4 254
5 10
5 42
5 47
5 52
5 299
5 138
5 166
5 300
5 171
5 301
5 302
5 210
5 217
5 303
5 304
5 305
5 306
6 27
6 59
6 307
6 59
6 308
6 309
6 180
6 1145
6 214
6 238
310 160
311 189
312 17
7 313
7 36
7 314
7 315
7 55
7 316
7 317
7 318
7 319
7 320
7 115
7 321
7 322
7 323
7 324
7 325
7 326
7 327
7 328
7 205
7 225
7 329
7 246
7 252
8 330
8 54
8 57
8 71
8 85
8 87
8 88
8 159
8 163
8 176
8 197
8 200
8 1255
8 218
8 233
8 331
8 257
332 84
333 224
9 13
9 19
9 57
9 63
9 82
9 334
9 87
9 103
9 113
9 119
9 122
9 129
9 137
9 335
9 145
9 167
9 192
9 193
9 202
9 221
9 336
9 231
9 245
9 256
338 259
10 49
10 130
10 138
10 164
10 166
10 171
10 339
10 217
11 20
11 53
11 56
11 105
11 340
11 341
11 202
11 1198
11 342
11 343
11 234
11 344
345 28
346 48
347 661
348 139
349 625
350 153
351 198
352 235
353 240
12 21
12 354
12 134
12 146
12 152
12 170
12 178
12 192
12 355
12 250
13 356
13 357
13 358
13 359
13 360
13 361
13 99
13 103
13 122
13 134
13 362
13 192
13 250
13 256
363 40
364 90
365 103
366 142
367 245
368 256
369 661
370 139
371 247
14 30
14 31
14 43
14 58
14 60
14 79
14 110
14 128
14 182
14 213
14 222
14 223
14 228
14 230
14 237
14 258
372 34
373 41
374 93
375 169
376 172
377 194
378 219
379 252
380 849
381 147
382 206
15 383
15 84
15 85
15 384
15 112
15 114
15 144
15 176
15 385
15 212
15 218
15 233
15 386
15 243
15 387
15 257
388 21
389 146
390 170
391 250
392 76
16 67
16 393
16 89
16 394
16 156
16 395
16 188
16 396
16 208
16 397
16 398
399 93
17 400
17 64
17 401
17 402
17 121
17 403
17 141
17 404
17 155
17 405
17 406
17 407
17 408
17 239
17 409
410 50
412 76
414 125
415 126
416 206
417 249
418 71
419 85
420 197
421 257
18 33
18 46
18 78
18 79
18 102
18 110
18 127
18 128
18 150
18 161
18 179
18 220
18 232
18 244
19 43
19 54
19 57
19 87
19 129
19 143
19 157
19 159
19 168
19 193
19 231
20 53
20 56
20 73
20 104
20 105
20 136
20 422
20 423
20 199
20 202
20 424
20 234
20 236
20 245
20 249
20 254
20 425
427 605
428 93
21 429
21 430
21 431
21 432
21 433
21 434
21 435
21 146
21 170
21 178
21 436
21 437
21 438
21 439
21 440
21 238
441 99
442 134
443 146
444 170
445 250
446 55
447 70
448 225
22 25
22 61
22 75
22 120
22 1118
22 449
22 179
22 183
22 203
22 450
22 464
22 232
22 244
23 451
23 452
23 51
23 56
23 453
23 454
23 455
23 456
23 131
23 457
23 166
23 458
23 191
23 201
23 1198
23 459
23 210
23 460
23 248
461 64
462 202
463 49
465 94
24 34
24 62
24 68
24 69
24 93
24 98
24 111
24 117
24 169
24 172
24 185
24 186
24 194
24 204
24 205
24 219
25 466
25 120
25 467
25 468
25 179
25 183
25 469
25 470
25 471
25 229
25 472
25 232
25 253
26 27
26 39
26 59
26 63
26 82
26 473
26 100
26 119
26 121
26 129
26 158
26 174
26 181
26 184
26 214
474 86
475 156
476 1280
477 337
478 202
479 118
480 149
481 251
27 59
27 482
27 100
27 113
27 119
27 483
27 129
27 484
27 134
27 148
27 174
27 178
27 180
27 184
27 485
27 214
28 64
28 486
28 661
28 115
28 139
28 153
28 185
28 187
28 195
28 196
28 235
28 246
28 255
487 90
488 1238
489 256
490 76
29 42
29 49
29 66
29 76
29 106
29 491
29 171
29 492
29 464
30 32
30 44
30 58
30 74
30 92
30 108
30 116
30 124
30 128
30 156
30 173
30 182
30 337
30 213
30 230
30 258
30 259
493 34
494 140
495 172
31 58
31 67
31 496
31 89
31 108
31 497
31 128
31 498
31 499
31 500
31 208
31 223
31 235
31 241
31 255
501 50
32 60
32 92
32 106
32 116
32 124
32 150
32 162
32 203
32 213
32 230
32 258
32 259
33 48
33 78
33 79
33 102
33 117
33 128
33 133
33 153
33 161
33 186
33 187
33 195
33 198
33 220
33 502
34 41
34 68
34 503
34 504
34 93
34 169
34 172
34 194
34 205
34 505
34 219
34 252
506 51
507 53
508 1198
509 236
510 49
511 130
512 227
35 46
35 66
35 77
35 513
35 92
35 514
35 849
35 123
35 125
35 126
35 147
35 149
35 150
35 515
35 161
35 162
35 165
35 175
35 189
35 190
36 426
36 516
36 68
36 517
36 115
36 518
36 185
36 205
36 519
36 246
36 252
37 41
37 520
37 86
37 521
37 910
37 120
37 522
37 169
37 523
37 194
37 524
37 525
526 132
38 42
38 47
38 527
38 52
38 106
38 116
38 123
38 124
38 528
38 190
38 529
38 530
38 210
38 531
38 259
426 605
426 68
426 532
426 533
426 93
426 111
426 534
426 186
426 535
426 252
536 191
537 84
538 109
539 1145
540 55
541 70
542 115
543 247
544 122
545 146
546 170
547 250
39 59
39 548
39 59
39 121
39 158
39 184
39 824
39 226
39 549
40 73
40 90
40 136
40 142
40 216
40 245
40 256
41 605
41 550
41 551
41 552
41 553
41 86
41 93
41 935
41 554
41 555
41 169
41 194
41 556
41 557
41 558
41 559
560 147
42 47
42 52
42 66
42 76
42 106
42 138
42 151
42 171
42 190
42 561
43 44
43 54
43 60
43 143
43 164
43 193
43 200
43 215
43 228
43 230
43 231
43 254
44 51
44 56
44 60
44 104
44 124
44 164
44 166
44 173
44 182
44 199
44 201
44 230
44 234
44 254
45 65
45 74
45 92
45 562
45 859
45 123
45 563
45 149
45 175
45 259
564 84
565 147
566 109
567 224
568 238
569 209
570 223
46 66
46 77
46 102
46 150
46 160
46 161
46 165
46 1092
46 189
46 571
572 251
47 52
47 106
47 116
47 124
47 138
47 190
47 210
48 128
48 133
48 625
48 153
48 573
48 198
48 240
48 574
49 61
49 575
49 106
49 130
49 138
49 143
49 163
49 164
49 1118
49 171
49 576
49 200
49 203
49 1255
49 464
49 217
49 244
50 577
50 578
50 579
50 97
50 580
50 581
50 582
50 583
50 125
50 126
50 584
50 147
50 585
50 206
50 586
50 587
50 588
50 589
50 590
591 51
592 191
593 210
51 53
51 56
51 594
51 124
51 135
51 166
51 173
51 201
51 1198
51 595
51 596
51 234
51 597
598 73
599 90
600 142
601 216
602 249
603 154
604 197
52 606
52 76
52 138
52 151
52 171
52 190
52 607
52 608
52 609
52 210
52 610
52 611
53 56
53 104
53 105
53 612
53 613
53 1198
53 614
53 234
53 236
53 615
616 56
54 57
54 87
54 88
54 143
54 157
54 159
54 163
54 197
54 200
54 1255
54 215
54 231
55 70
55 661
55 115
55 617
55 225
55 618
55 246
55 247
56 95
56 619
56 201
56 202
56 1198
56 620
56 621
56 234
56 254
56 622
57 85
57 87
57 88
57 129
57 159
57 167
57 168
57 176
57 218
57 231
57 257
58 89
58 104
58 108
58 128
58 156
58 173
58 182
58 199
58 208
58 222
58 223
623 71
624 111
626 186
59 627
59 100
59 158
59 184
59 214
605 628
605 629
605 93
605 630
605 631
60 106
60 110
60 116
60 124
60 138
60 164
60 203
60 215
60 228
60 230
60 231
60 237
60 258
632 86
633 910
634 120
635 935
61 75
61 88
61 157
61 159
61 163
61 1118
61 200
61 244
62 75
62 78
62 98
62 111
62 117
62 120
62 169
62 186
62 194
62 220
62 232
63 82
63 99
63 100
63 103
63 107
63 119
63 129
63 181
63 209
63 228
63 231
63 242
64 661
64 155
64 636
64 637
64 181
64 185
64 195
64 196
64 638
64 639
64 239
64 246
640 247
65 74
65 80
65 92
65 641
65 101
65 859
65 642
65 643
65 149
65 644
65 175
65 188
65 645
65 646
65 251
647 196
648 235
649 255
650 80
651 251
66 411
66 76
66 106
66 125
66 126
66 150
66 652
66 179
66 189
66 190
66 203
66 464
66 229
66 253
67 89
67 101
67 108
67 156
67 188
67 208
67 241
67 653
654 86
655 935
411 76
411 413
411 125
411 126
411 656
411 464
411 253
657 90
68 658
68 93
68 111
68 115
68 117
68 185
68 186
68 659
68 204
68 205
68 660
68 252
662 235
69 96
69 98
69 100
69 107
69 158
69 168
69 172
69 177
69 185
69 204
69 205
69 207
69 218
69 226
663 87
664 167
665 176
666 197
667 211
668 243
669 257
670 154
671 197
672 257
673 935
674 132
675 194
676 219
677 76
678 849
679 125
680 147
681 151
682 206
683 93
684 252
685 141
686 172
687 177
688 824
689 205
690 226
691 252
692 170
70 661
70 693
70 694
70 695
70 225
70 246
70 247
70 696
697 122
698 1238
699 256
700 121
701 174
702 132
703 210
704 81
705 99
706 103
707 209
708 256
709 209
710 114
711 132
712 252
713 86
71 75
71 85
71 714
71 88
71 163
71 1118
71 715
71 1255
71 716
71 233
71 717
72 74
72 83
72 92
72 108
72 128
72 175
72 188
72 213
72 235
72 240
72 241
718 1290
73 719
73 104
73 136
73 142
73 199
73 202
73 216
73 245
73 249
73 256
720 76
721 171
722 252
723 196
724 209
725 223
74 80
74 83
74 92
74 101
74 108
74 859
74 726
74 727
74 728
74 156
74 175
74 188
74 729
74 337
74 730
74 259
75 88
75 96
75 98
75 910
75 120
75 132
75 157
75 159
75 1118
75 183
75 194
75 219
75 232
75 233
75 244
75 731
732 154
733 227
76 734
76 735
76 125
76 151
76 736
76 190
76 737
76 464
76 738
76 739
740 170
77 160
77 161
77 165
77 189
77 741
77 742
78 79
78 98
78 107
78 110
78 117
78 157
78 168
78 179
78 204
78 215
78 220
78 232
78 237
78 244
743 849
744 126
745 147
746 165
747 84
748 137
749 211
750 224
751 243
79 110
79 117
79 128
79 161
79 187
79 195
79 220
79 228
79 237
80 752
80 101
80 753
80 754
80 755
80 756
80 757
80 188
80 758
80 759
80 760
80 251
80 761
80 762
81 82
81 99
81 763
81 764
81 765
81 134
81 766
81 767
81 768
81 170
81 174
81 181
81 769
770 935
771 132
82 99
82 100
82 103
82 119
82 129
82 134
82 174
82 181
82 192
82 209
772 86
773 93
774 111
775 186
776 87
777 94
778 137
779 167
780 193
781 211
83 101
83 118
83 128
83 175
83 188
83 213
83 240
83 241
83 251
84 109
84 112
84 114
84 782
84 144
84 783
84 784
84 785
84 786
84 787
84 1145
84 211
84 212
84 218
84 224
84 788
84 789
84 243
85 790
85 88
85 159
85 176
85 218
85 233
85 257
86 93
86 111
86 120
86 935
86 791
86 792
86 793
86 169
86 794
86 795
86 220
86 232
86 796
86 797
87 137
87 143
87 167
87 176
87 193
87 197
87 798
87 799
87 257
800 196
801 223
802 235
803 255
661 115
661 139
661 804
661 805
661 196
661 806
661 807
661 225
661 808
661 235
661 246
661 247
661 809
810 144
811 212
812 233
813 59
814 174
815 184
816 824
817 1145
818 214
88 157
88 159
88 163
88 1118
88 200
88 233
89 104
89 108
89 156
89 173
89 208
89 222
89 223
819 251
90 136
90 142
90 820
90 821
90 822
90 823
90 1238
90 216
90 256
91 96
91 112
91 114
91 140
91 159
91 825
91 207
91 218
91 826
92 108
92 116
92 123
92 149
92 156
92 162
92 175
92 213
92 258
92 259
827 849
828 149
829 125
830 206
831 236
93 111
93 832
93 833
93 169
93 834
93 252
93 835
413 97
413 126
413 253
836 97
837 229
838 253
839 152
840 178
841 238
842 141
843 155
844 205
845 226
846 239
847 246
848 252
850 123
851 149
94 95
94 852
94 143
94 193
94 201
94 853
94 854
94 855
94 856
94 857
94 858
849 123
849 125
849 147
849 149
849 151
849 190
849 206
860 209
861 223
95 862
95 143
95 193
95 201
95 202
95 863
95 254
95 864
95 865
866 1198
867 130
869 154
870 227
96 98
96 114
96 910
96 132
96 140
96 157
96 159
96 168
96 207
96 871
96 219
96 872
96 873
96 233
96 874
97 875
97 126
97 876
97 877
97 878
97 189
97 879
97 880
97 881
97 229
97 882
97 883
97 253
884 225
98 117
98 157
98 168
98 169
98 172
98 186
98 194
98 204
98 207
98 219
98 232
98 244
99 103
99 885
99 134
99 886
99 887
99 181
99 192
99 209
99 256
100 107
100 59
100 112
100 119
100 129
100 158
100 168
100 177
100 181
100 214
100 218
101 118
101 888
101 889
101 890
101 891
101 175
101 188
101 892
101 893
101 241
101 251
102 150
102 160
102 161
102 1092
102 179
102 189
102 220
102 229
102 232
102 894
895 1280
896 1290
897 236
898 249
899 132
103 900
103 192
103 193
103 209
103 222
103 242
103 245
103 256
104 135
104 156
104 173
104 901
104 199
104 208
104 902
104 1280
104 903
104 234
104 236
104 904
104 249
905 126
906 147
105 907
105 908
105 236
105 249
909 252
911 132
912 194
913 219
914 224
915 137
916 146
917 152
918 192
919 221
920 238
921 250
106 116
106 124
106 138
106 150
106 164
106 171
106 190
106 203
106 464
106 217
107 117
107 129
107 157
107 158
107 168
107 181
107 185
107 195
107 196
107 204
107 228
107 231
107 237
107 242
108 128
108 156
108 188
108 213
108 235
108 241
109 922
109 923
109 180
109 1145
109 211
109 214
109 224
109 238
110 127
110 128
110 150
110 157
110 179
110 203
110 215
110 230
110 237
110 244
110 258
924 212
859 925
859 926
859 927
859 337
859 928
859 259
59 112
59 158
59 177
59 824
59 1145
59 214
59 218
929 156
930 173
931 337
111 932
111 933
111 169
111 1092
111 186
111 220
111 934
936 142
937 209
938 222
939 242
940 245
112 114
112 129
112 140
112 941
112 942
112 177
112 1145
112 943
112 207
112 944
112 211
112 214
112 218
112 945
112 243
113 119
113 129
113 134
113 145
113 148
113 152
113 178
113 180
113 192
113 221
114 132
114 140
114 144
114 946
114 159
114 947
114 948
114 949
114 218
114 950
114 233
114 951
952 154
953 227
954 180
955 1145
956 214
957 238
910 120
910 132
910 183
910 194
910 219
115 117
115 139
115 185
115 186
115 187
115 958
115 205
115 225
115 959
115 239
115 246
115 247
116 123
116 124
116 150
116 162
116 173
116 190
116 258
116 259
117 133
117 139
117 185
117 186
117 187
117 195
117 204
117 220
117 237
960 126
961 251
118 962
118 149
118 963
118 175
118 198
118 240
118 964
118 241
118 251
118 965
966 166
967 191
968 210
969 125
119 129
119 134
119 148
119 174
119 192
120 970
120 169
120 183
120 971
120 194
120 220
120 972
120 229
120 973
120 232
120 974
975 174
976 178
977 160
978 220
979 170
980 224
981 236
982 235
983 241
121 984
121 141
121 155
121 158
121 174
121 181
121 184
121 185
121 985
121 205
121 226
121 986
987 224
988 238
989 170
122 137
122 990
122 991
122 192
122 992
122 250
122 256
993 183
994 134
995 170
996 174
123 124
123 997
123 149
123 998
123 162
123 190
123 999
123 259
935 1000
935 1001
935 1002
124 135
124 138
124 1003
124 164
124 166
124 173
124 201
124 1004
124 337
124 1005
124 230
124 259
125 126
125 147
125 151
125 1006
125 190
125 206
125 1007
1008 216
1009 249
1010 141
1011 155
1012 174
1013 181
126 147
126 165
126 189
126 190
126 206
126 1014
126 1015
126 253
127 128
127 150
127 161
127 162
127 213
127 258
1016 149
1017 337
1018 259
128 153
128 161
128 175
128 195
128 198
128 213
128 223
128 228
128 235
128 237
128 240
128 241
128 258
129 145
129 148
129 167
129 168
129 176
129 211
129 214
129 218
129 231
129 243
1019 188
130 131
130 143
130 868
130 164
130 166
130 1020
130 1255
130 1021
130 227
130 1022
130 248
130 1023
131 1024
131 143
131 868
131 166
131 1025
131 191
131 201
131 1026
131 1027
131 227
131 1028
131 1309
131 248
132 1029
132 194
132 1030
132 219
132 1031
132 1032
132 1033
133 139
133 625
133 153
133 186
133 187
133 1034
133 1035
1036 178
1037 180
1038 238
1039 183
134 146
134 1040
134 170
134 174
134 178
134 192
134 1041
134 250
1042 165
135 173
135 1043
135 1044
135 1280
135 337
135 1045
135 234
135 1046
136 1047
136 1048
136 202
136 1238
136 216
136 1049
136 245
136 249
136 256
137 1050
137 145
137 167
137 1051
137 211
137 221
137 224
137 1052
137 238
1053 143
1054 201
1055 227
1056 1309
138 164
138 166
138 171
138 210
138 217
1057 170
1058 152
1059 192
1060 221
1061 250
139 625
139 153
139 1062
139 186
139 187
139 1063
139 247
140 1064
140 172
140 177
140 207
140 1065
140 1066
140 1067
140 1068
1069 240
1070 241
1071 251
141 155
141 1072
141 205
141 226
142 1073
142 216
142 245
142 256
143 164
143 166
143 193
143 197
143 200
143 201
143 1074
143 1255
143 227
143 1309
143 1075
144 1076
144 1077
144 212
144 233
144 1078
1079 202
1080 236
1081 249
145 148
145 167
145 180
145 192
145 211
145 221
145 224
145 238
146 152
146 170
146 178
146 192
146 1082
146 250
1083 181
1084 196
1085 209
1086 170
147 165
147 190
147 206
147 1087
147 1088
148 167
148 180
148 211
148 214
148 221
148 224
149 1089
149 162
149 165
149 175
149 1090
149 251
868 227
868 1091
868 248
1093 220
1094 229
1095 232
1096 224
150 161
150 162
150 179
150 189
150 190
150 203
150 229
150 232
150 253
150 258
1097 153
1098 235
1099 240
1100 241
151 190
151 1101
151 1102
151 1103
152 178
152 180
152 192
152 1104
152 221
152 1105
152 238
152 250
625 153
625 1106
625 198
625 1107
1108 190
1109 337
1110 259
153 187
153 195
153 235
153 240
154 197
154 1111
154 1112
154 1113
154 227
154 1309
154 1114
154 1115
154 1116
155 181
155 185
155 1117
155 205
155 239
1119 183
1120 198
1121 240
1122 225
1123 239
1124 246
1125 165
156 173
156 1126
156 188
156 337
156 1127
156 1128
157 159
157 163
157 168
157 200
157 215
157 231
157 237
157 244
1129 229
158 177
158 181
158 184
158 185
158 824
158 226
1130 212
1131 1145
1132 212
159 168
159 207
159 218
159 233
160 165
160 1092
160 189
160 1133
160 1134
160 1135
160 1136
160 1137
160 1138
1139 174
1140 184
161 162
161 175
161 198
161 213
161 240
161 1141
162 175
162 190
162 213
162 258
1142 170
163 1118
163 1143
163 200
163 203
163 1255
163 244
1144 236
164 166
164 193
164 200
164 201
164 203
164 215
164 217
164 230
164 254
1146 247
165 189
165 1147
165 1148
165 1149
165 1150
1151 183
1152 170
166 191
166 201
166 210
166 217
166 248
166 1153
1154 202
1155 1238
1156 216
1157 249
1158 464
1118 183
1118 203
1118 464
1118 244
167 176
167 1159
167 211
167 243
1160 225
1161 239
1162 246
168 177
168 204
168 207
168 218
168 231
168 237
169 194
169 220
169 232
1163 252
170 178
170 1164
170 1165
170 1166
170 1167
170 1168
170 1169
170 250
171 1170
171 217
1092 189
1092 220
1092 229
1092 232
1092 1171
172 177
172 194
172 205
172 207
172 1172
172 219
172 1173
172 226
173 1174
173 182
173 199
173 208
173 337
173 234
173 259
174 178
174 181
174 184
174 1175
174 1176
174 1177
174 1178
1179 250
175 213
175 240
175 251
1180 1280
1181 337
1182 216
1183 249
1184 202
1185 1238
1186 256
1187 183
176 218
176 233
176 243
176 257
1188 251
177 824
177 1145
177 207
177 1189
177 218
177 226
178 180
178 192
178 1190
178 1191
178 238
1192 179
1193 464
1194 253
179 203
179 1195
179 464
179 229
179 232
179 244
179 253
180 192
180 214
180 221
180 224
180 238
181 184
181 185
181 196
181 1196
181 209
181 242
1197 201
1199 1309
1200 248
182 199
182 222
182 230
183 194
183 1201
183 219
183 1202
183 1203
184 1204
184 226
184 1205
185 187
185 195
185 196
185 204
185 205
185 226
185 239
185 246
824 1145
824 1206
824 226
186 1207
186 204
186 220
186 1208
186 1209
1210 189
187 195
188 1211
188 241
188 1212
1213 206
189 229
189 1214
189 253
189 1215
190 1216
190 258
1217 243
1218 257
191 201
191 210
191 1219
191 1220
191 248
1145 1221
1145 211
1145 214
1145 224
1145 1222
192 221
192 250
1223 208
1224 223
193 197
193 201
193 202
193 1225
193 1226
193 1227
193 231
193 245
193 254
1228 252
1229 236
194 219
194 1230
194 232
1231 210
195 196
195 223
195 228
195 235
195 237
195 255
1232 210
196 1233
196 209
196 223
196 228
196 237
196 242
196 255
197 200
197 1234
197 1235
197 1255
197 227
197 1309
197 1236
197 1237
197 257
198 1239
198 240
198 1240
198 1241
198 1242
199 208
199 222
199 234
199 245
199 254
200 203
200 1255
200 215
200 244
201 1198
201 234
201 254
201 1243
1244 247
202 1245
202 1246
202 245
202 254
202 1247
202 256
202 1248
203 215
203 464
203 244
203 258
1249 212
1250 236
1251 226
1252 1238
1253 216
1254 249
1256 227
205 226
205 239
205 246
205 252
1238 256
206 1257
206 1258
1259 1309
1260 227
207 218
207 219
207 1261
1262 238
1263 248
1264 208
1265 209
1266 222
1267 223
1268 242
1269 245
208 222
208 223
1270 236
1271 249
1272 211
1273 221
1274 224
1275 238
209 223
209 242
210 217
210 1276
211 214
211 221
211 224
211 243
1277 251
212 1278
212 1279
1281 234
1282 236
1255 227
1255 257
1283 464
1280 1284
1280 1290
1280 236
1280 249
337 1285
337 259
1286 247
213 258
214 224
215 231
215 237
215 244
1287 259
216 249
218 233
218 243
219 1288
220 232
220 1289
221 224
221 238
222 223
222 228
222 242
222 245
1291 229
1292 253
223 228
223 235
223 242
223 255
1293 251
1294 236
1295 249
1296 248
224 238
224 243
1297 256
225 1298
225 246
225 1299
226 1300
1301 246
227 1302
227 1309
227 1303
227 1304
228 231
228 237
228 242
228 255
229 232
229 1305
229 1306
229 1307
229 253
229 1308
1310 248
230 258
1311 1290
231 237
1312 250
232 244
233 1313
1314 247
234 236
234 1315
234 254
235 240
235 241
235 255
236 1316
236 249
1317 250
1318 249
237 255
1319 253
238 1320
1321 248
239 246
1322 257
240 241
242 255
243 257
245 254
245 256
246 1323
247 1324
251 1325
1326 257
1327 257
