1275 2298 0
0.4700021408057836 -0.2242800136603094 0.4358651389107387
0.1204056928789866 -0.2283177078855589 0.4727856794919433
0.3192591795181750 0.2507625090078512 0.1343702525542662
0.2301944198251863 -0.1502304809947510 0.4473716099971777
0.3370471607169749 0.2648269321040229 0.1259332883681585
0.4353033400860346 -0.2373006340557383 0.4634379950182745
0.3610214397229111 0.4088742223846598 -0.3033236341756437
0.0650135039179376 -0.3935649583854834 0.4986108706417269
0.3798201484363212 0.2619549138431274 -0.2549985214017936
-0.1238436167218151 0.3479519599945961 0.4251293579862672
0.0562869764485884 0.4960014851281594 0.3264908159586942
-0.4002486547513945 -0.0029844474849337 0.2161654289980040
0.3103598365862077 -0.0874791690603803 -0.0351608913744779
-0.3606464566102452 -0.1687758084729550 -0.3316772879919976
0.0213347498034879 -0.2247071785066307 0.4649808611670505
0.0141549787874090 0.3844972488358924 -0.2587778048455833
-0.4699265331195938 -0.1858212217250651 0.4562839155486359
0.1931456100815672 -0.1670112203373871 -0.2841485830766035
-0.1169663285344079 -0.4238147224402046 0.4676908223011965
-0.2913195572940471 -0.0536769240352829 -0.4868943271972634
0.4764422329343881 -0.4370458690498244 0.2676070670978057
-0.1448182041092647 0.2782548654264487 -0.4136258173762596
0.3245579156708047 -0.4882693201792144 -0.4837645049779652
0.4648234683202878 -0.4110640149776303 0.2734263370553821
0.0741467933811790 -0.4118116153740455 -0.1675231514602076
-0.3612514030587289 0.2308212364159608 0.2964227911064501
0.0572266322304072 -0.3348928507660501 0.3870048473538433
0.0060328933854097 0.0867348064751161 0.2616020245894886
-0.3176441498770863 -0.1117559698410542 -0.3322404596130135
0.3904954636217845 0.3296998602730520 -0.3419337428256434
-0.3111856798876665 -0.3086391496446803 -0.4001702059303482
0.1592124386461944 -0.2681401313850466 -0.1839439690654875
-0.3348644971555960 0.2937927501603069 0.2807374497039384
-0.1981907919521561 0.4099689619296792 0.4408809422784748
0.1516936261417768 0.3994108383687453 -0.4321644021004726
0.0228065669254585 0.0315741778435381 -0.1234120451975722
0.0468883122476163 -0.2202754046404888 0.4959577394245646
0.0219422094517647 0.4081057649345571 0.0612618998787639
-0.2652540507007945 -0.3694341764209457 0.1565989740332777
0.4729887131416066 -0.3451799287850642 -0.0369416078337494
0.1138307305142977 0.1688472655886447 -0.0251390333285879
-0.2246985512204581 0.2068860253480228 -0.1678027092169834
0.1264599811588460 0.2580796863565747 0.2279763045420820
-0.4810338671862107 0.4712378976866797 -0.3785899048391797
-0.0335816178972961 0.3211685303323708 0.1686405980329835
-0.2399511711159461 -0.2063166618340439 0.2407051201810650
-0.4498779279442269 -0.1707275762972442 0.1100835741596753
0.3139708194297803 -0.4587731911199680 0.1408445807414793
0.1746089268451868 0.1690514332299526 -0.3968642940924557
0.4640829197209310 -0.0492580949698911 -0.2073424125787672
0.2741967674500926 -0.4599573769955464 0.3997368469955509
-0.0085858653680598 -0.4082812221455058 0.3102266462172135
0.3430426728694428 -0.0287842046597887 0.0891464370995359
-0.4232939567907385 0.0124858575118594 0.1451148942277495
-0.4048203553749710 0.4808054613074105 -0.3501744576779661
0.1264053995126922 -0.2478845691809323 0.3686141271078531
0.2636532733165710 0.0723821458220972 0.1388555624129740
-0.4026055699123067 -0.2968528057138514 -0.4340594943445835
0.4464544917723735 -0.0401035322942062 -0.3731785719527460
-0.0498686511451134 -0.3561911018584448 0.1638556240426719
0.1892378246455361 -0.0546945076857979 0.3204130862630485
0.1798782319041870 -0.4417010667130940 -0.2929202312474281
-0.3156586367747221 0.1198776034304015 -0.3347291986430257
0.2067974047237056 -0.2303577731990192 -0.4690080226388663
0.1704064373003291 -0.2762036825016498 -0.4135074374642239
0.2687645845185763 0.2961278073805541 -0.2922540229156017
0.1701926113765978 0.2331089943082941 -0.3395649785026934
0.4579082701221702 -0.3209498751138259 -0.3142668568519978
-0.4784397072443750 0.2485696849505913 0.0908427505619015
0.0223955253181118 0.4677808404249947 0.3832001988772821
-0.1638480412226075 0.4805186313667458 0.0713794335874843
0.3367602293062996 -0.2434128086840434 0.2148432305180057
-0.4821857644411180 -0.2970228827302289 0.0392602692863779
-0.3589675025628650 -0.4668545283368086 -0.0511310483191106
-0.0130087039648532 0.0170360750006993 0.1369034132809924
0.4091579616993701 0.2415538289999731 -0.4653832084918295
0.2067574450398913 0.4090496694018552 0.3491843875769177
0.1298684700251709 0.2234212130245193 -0.0839426340090475
-0.2805898456867173 0.1892533632448809 0.4249544090622451
-0.1756332147000359 -0.3252996927823094 0.0705722685232393
-0.2345490787794394 0.1080538245480021 0.4285218893165014
-0.4665707907416239 0.4168773365711101 0.3090886305532067
-0.1103102824550921 -0.1346521165306972 0.0326781305691671
-0.2282838591783848 0.4259143732259313 -0.4213812139825303
0.1082718764872690 0.2887222006016825 0.0567433730587746
-0.3984585892952297 -0.3459096420277513 0.0503476272193196
-0.4123764467274156 -0.0562725763153380 -0.3237446761350518
0.0400273194703876 -0.1858549489657312 -0.2058045085362283
0.2324253140917804 -0.3490666655935922 0.2554549484660174
0.1412892947916071 0.0394508528324753 -0.3255124392178150
0.0489208729959417 -0.1378217482964772 0.3254389751611777
-0.1297523791791956 -0.2034149011154435 -0.4379849073349226
-0.4331928221749034 -0.0241454885893045 -0.2232459704098974
0.2466874864357040 -0.1077210501862665 -0.0612449028588675
-0.2265787915833677 0.4699406897739439 0.2498853698723126
0.3328202655819431 -0.3387358693010935 -0.3438524804841194
0.3686481654894780 -0.2879468800157924 0.1682999171558489
0.2486905130018119 0.4622445359729322 -0.4756385706466041
-0.4092248341794611 -0.1202456215468427 0.3493341068723593
0.4309143010160700 -0.3175477532180673 0.4130367163524735
0.4742404932729468 -0.2788503106577461 0.3645555827719903
-0.2948596002431849 0.1358228659038662 0.0361890819600838
0.2231385345824762 -0.3186748501190835 -0.3298317085419534
0.1124305839713331 -0.2627745654787099 -0.2379124450182927
0.1941844380919321 0.3755345417245253 -0.4706505711520970
-0.4000449367337917 -0.3760813749481876 0.4822662260161080
0.4660827973574547 -0.3759048323163193 -0.1460880637197985
0.4583708389098128 -0.4501517090765155 -0.3443494014671175
0.2957048559606724 -0.2455928605802051 0.4093708321274048
0.2915959448378455 -0.3073610623373370 0.2743955659281485
-0.0818473939867044 -0.2345829085790090 -0.4262928455442369
0.2820727940056195 -0.0034563861056348 0.0304182016480348
0.0536430197846688 -0.1012065086405527 0.4169123340917333
0.0187293979039644 0.2346006561448997 -0.2998697355713087
-0.2109465656585664 0.3753713794253226 0.1249642823826661
0.0461357343531371 0.2207106185129045 -0.1980149917711347
-0.2091005136219790 -0.1405005717362760 0.3762502182043875
-0.4306568887251606 0.0020616736646394 -0.0070768656220819
-0.1914998355560379 -0.1249002594190550 -0.3695435273885484
0.2203946397853972 -0.2100095123106264 0.3074490581398645
-0.2011838101648543 -0.3763732623838056 0.1697456618658926
0.2502089313506715 0.4271302648855085 0.0281541292000919
0.1527153405170344 -0.2362632359188765 0.0366955615442754
-0.2668540465152064 -0.1387149981224172 -0.1593283266725569
-0.4671410842088368 -0.4364101611170828 -0.4230551958931121
0.1052252382439908 -0.1843416751868742 0.0010435047369467
-0.0099904449524663 -0.0971815630698084 0.3751898641178798
0.2871968530481663 -0.1132365423202250 -0.0759637998684442
0.2812478821393249 -0.4599377020550005 -0.2192388754414957
-0.4751084874208874 -0.2667148934396980 -0.2794338214501830
-0.2597485402551891 -0.3267589614696776 -0.4585887267721769
-0.0077011614734069 0.0643205622327579 -0.3741917360459388
-0.0203791132797569 -0.0241962130828255 0.2173363871944147
-0.0867543959905678 0.3084932094049875 0.4346513063468942
-0.1466667582470248 -0.4237298814598287 -0.3696973736290489
-0.0891862149777101 -0.4161939037990448 0.3941242386155256
-0.3082177250476096 -0.0520507774045122 -0.0413199025571964
-0.2449336786633730 0.2571661123992964 -0.4696708663154876
0.4855096642351048 0.2685634163005134 0.1731830712565535
0.0189988031249115 0.2762593475679865 -0.1553047151948251
-0.4214513817190399 -0.3440415865956226 -0.2041274507851950
0.4271100152329301 0.3887162440188773 -0.2949708561370739
0.4738609518112541 -0.2345702158489893 -0.3541089875321760
-0.3028844448819392 -0.4171260046644605 -0.0474347713121253
-0.1479411545535164 0.3213909702062503 0.3232943693660957
0.1728901212518432 -0.1020441629256520 -0.2570056237462049
-0.0111502164778420 -0.0142952043833308 -0.3862553517261599
-0.4671830895953102 -0.0490250890756405 0.0440240269261745
-0.1800268326642646 0.2109499312075590 0.4106725804262862
-0.2907108788841562 0.2703893480898649 -0.2582023587942706
0.1719572215665361 -0.4089361316569501 0.4301876352745870
0.2560441661219839 -0.1270732404665804 0.2245793676078980
-0.2351125748276163 0.4265248121058434 0.4600991860750518
-0.3846675922979582 -0.4462792451783978 -0.0360640191119155
0.0025048446272870 0.1112517202696553 0.1061845579487724
0.0418907419695814 -0.2087879615716663 -0.3142879622878048
0.0233713115227473 0.1972197684002454 0.2668299873824896
0.1080081209164974 0.3192574224340034 0.2155030055966833
0.2763028278890814 -0.4350436106475986 -0.1292022867656748
-0.2318170451726381 -0.2325371918317434 0.2902046917880755
-0.4235175966980324 -0.3954730620463121 -0.1414604706708741
-0.1668230837592354 0.0240613472479584 -0.4274633277007849
-0.3324536214795786 -0.1852278902154336 -0.0716766335018349
0.0429296312576263 -0.1472296478129446 0.0525776116785809
-0.1139707586648453 0.3814670039761456 -0.2622467905149276
-0.2688798146595421 0.2462345184116226 0.2887230823022241
0.3578797118119248 -0.1377914389243970 0.1117204894095839
-0.2725301710379612 -0.1818483639473696 0.0582441798194183
0.3402249221436283 0.4485406742878444 0.3712648624080243
-0.3925086357641763 0.3883468119866262 0.0170581224886318
0.2650219080943121 0.4206518326760434 0.0578166515379313
0.2595915849690003 0.4777800391306812 -0.2132195770320504
-0.4119396554921714 0.3211150941322977 -0.4695204699189583
0.1109942507633351 0.0062332134187847 0.1375672884722560
-0.0759677051915974 -0.4302758225066908 -0.3985336597599626
-0.0007565464602957 0.2545437298275663 -0.0104345073843562
0.2430911925402962 0.0071565153985301 -0.0279799865066664
-0.3114509059688387 0.0506662084991966 -0.2365129716104063
0.4703030520357012 -0.2531107881572879 -0.3868222124224149
0.1739018697917696 -0.4239773360642621 -0.2352734303586153
-0.4398496149189126 -0.0747448310017548 -0.2356042914435399
0.0695149272510849 -0.2425213359592265 -0.1128579142833582
0.3661266752497676 -0.2904607293187396 -0.0470212721970729
0.3354721017307074 -0.2019352713608048 -0.1978338354262772
0.0032795410496706 0.2772320944609208 -0.0192715643158866
0.3726427713819135 0.1671542470883887 -0.0589073937447206
0.4731840991124935 0.0767227280159333 0.1524604985998037
0.0466151477804713 -0.0655900229438750 0.2922871275127770
-0.2958614393146527 0.2234059250737627 -0.4526696112028000
0.3477153094861791 -0.1999203522204437 0.3329431859257737
0.1490423606490596 -0.1472881191731787 0.3598674732423126
0.1650466224355479 -0.2502812140036860 -0.2523763260083808
0.1631105859557264 -0.2196943527114795 0.2060885104878676
0.1769201672448009 0.0732681275983915 -0.2642748475531982
-0.4276024838513811 -0.3078038064158466 -0.3275381084805098
0.1156901424219193 -0.2648010577685083 -0.1723882315310648
-0.3220317469590463 0.1360710385718755 0.1776099267239721
-0.1116365789494909 -0.1674493092438966 0.2196718137948472
0.3824604239150299 -0.3505420916759814 0.3884542719773377
0.1833336661528535 -0.0008266963610454 -0.4555323132019545
-0.2745886458783136 0.0933965174931333 -0.1350823718839954
0.3864187081666957 -0.2432892755374617 -0.3585007783255993
-0.3019329937217682 -0.4145279962213305 -0.3769146518491903
-0.2107817265930373 -0.1215691569684941 0.2658531024243661
0.2968735971236485 0.4062113195237567 0.2578407069008826
-0.4263097190511250 0.2860236365595779 0.1565372577116096
0.3190480116536155 -0.0605324982675037 0.0462483660029278
0.4347387445933935 0.3349262939466051 -0.0930308778846210
-0.0442605091924312 -0.0307666102928156 -0.0713645527866792
0.0153896070005084 -0.3711686574232869 0.2062009820408909
-0.4501990465535738 0.0371405579177796 0.3340583711396928
-0.4293308371689258 -0.4556462188705877 -0.2319790415987114
0.0008848975206270 -0.4148652453466775 0.1318514987389535
0.1341153003100128 0.0442131117518637 -0.1540163079139526
-0.1050763832390254 0.4200017488533910 -0.3778684037812982
0.2795360149589829 -0.0613766444037356 0.1446543093761779
0.2133135907767010 0.0589675057659362 -0.3959211769541774
0.1686751553903762 -0.0202513486981731 0.2291045076802440
0.4824808760365977 -0.0722147712241354 -0.3475231653253583
-0.3261545873721416 0.0578043333700266 0.2613064378758249
0.4829180268404712 -0.0762800156985564 -0.3997807727866257
-0.1505224238634293 -0.0606553264292963 -0.1051830448186989
0.2740182788037767 -0.3770407952322201 0.1906027633833043
-0.3127255217625998 -0.3846802917373336 -0.1099110635328208
-0.1167918681449533 0.2393442709537285 -0.5000000000000000
-0.1168291651605890 0.1811356900019105 -0.5000000000000000
-0.0556718636533718 0.3099528839324491 -0.4989883645411239
-0.0289615914081879 0.1977641515416549 -0.5000000000000000
-0.0337894223603148 0.1110588855542079 -0.5000000000000000
0.5000000000000000 -0.2248561169540649 0.4628275634635872
0.5000000000000000 -0.2192070341785929 0.4581582936810557
0.5000000000000000 -0.1652810766141997 0.2731535335604510
0.4565805207463925 -0.2166239472636628 0.5000000000000000
0.5000000000000000 -0.2018184646618219 0.4391881822926914
0.5000000000000000 -0.2550083919589498 0.3305031793349913
0.3905009708396316 -0.1177287479482185 0.5000000000000000
0.5000000000000000 -0.2444656911001807 0.2766036340846555
0.1070653434524732 -0.2175312705016361 0.5000000000000000
0.1316048852319296 -0.2383392156465113 0.5000000000000000
0.0953701523051593 -0.1270346093036372 0.5000000000000000
0.1225411017242072 -0.2329791195110636 0.5000000000000000
0.1093115483527050 -0.2379855844684754 0.5000000000000000
0.1260220815495617 -0.2156959317518274 0.5000000000000000
0.1506676961543881 -0.2318139228762498 0.5000000000000000
0.2319300572778648 0.2702794300828290 0.5000000000000000
0.1644410527031424 0.3178535580055365 0.5000000000000000
0.5000000000000000 0.1436787854223009 0.3075978905622615
0.3095081758401060 0.2187116162979623 0.5000000000000000
0.2532361886178533 0.1552367357341863 0.5000000000000000
0.2860388910876853 -0.2027268317993477 0.5000000000000000
0.2101350031266218 -0.1169275834445172 0.5000000000000000
0.2452811277148890 -0.0946464384256893 0.5000000000000000
0.1023398478332081 -0.1131071766125731 0.5000000000000000
0.2044356255327834 -0.1544325748078005 0.5000000000000000
0.2391070247101135 -0.1838799344391594 0.5000000000000000
0.2297309301067016 -0.1388443004160009 0.5000000000000000
0.3280372060365704 -0.1025152053222314 0.5000000000000000
0.1668070739049681 -0.0756609731715541 0.5000000000000000
-0.2098715990852035 0.2252759663707493 0.5000000000000000
-0.2376859654395896 -0.3387794810818086 -0.5000000000000000
-0.1362846996074517 -0.4163747163773775 -0.5000000000000000
-0.0892210259697597 -0.4219986053304611 -0.5000000000000000
0.2340242902590445 0.2722066235329816 0.5000000000000000
0.3584382347924239 0.3906947388157779 0.5000000000000000
0.5000000000000000 0.1438456843566480 0.3074250069230262
0.3138139005271625 0.2219783241072626 0.5000000000000000
-0.1470643987941677 0.4631795556600111 -0.5000000000000000
-0.1038468338203657 0.4669606836764030 -0.5000000000000000
0.3190955183328651 -0.2152146997475627 0.5000000000000000
0.5000000000000000 -0.2308332180481316 0.4884882330338647
0.4325134270960533 -0.2431824065316461 0.5000000000000000
0.4314750839909168 -0.2307802874249546 0.5000000000000000
0.3847414581162446 -0.2391419970808141 0.5000000000000000
0.3903162860689990 -0.1386362748078723 0.5000000000000000
-0.5000000000000000 0.4728075330326008 -0.3444873702164666
-0.5000000000000000 0.4959297536493518 0.0451820922773596
0.3550942387052516 -0.0811060408025483 -0.5000000000000000
0.3469187782644096 -0.0859094098431821 -0.5000000000000000
0.3649031603382719 -0.0770579014877506 -0.5000000000000000
0.3531515782071671 -0.0817106990328667 -0.5000000000000000
0.3542723093972746 -0.0819045193008179 -0.5000000000000000
0.3468712081610021 -0.0820176393754853 -0.5000000000000000
0.3532739414796133 -0.0785159153117850 -0.5000000000000000
0.3554920421442744 -0.0860142752234452 -0.5000000000000000
0.3166054931798709 -0.0625169854142056 -0.5000000000000000
0.3589471157951077 -0.0948437414739783 -0.5000000000000000
0.3401958205553910 -0.0651067847656836 -0.5000000000000000
0.3711662176159707 -0.0803811664621153 -0.5000000000000000
0.3310740258982331 0.3964616307823819 -0.5000000000000000
0.3559440851214609 0.5000000000000000 -0.4092081583154206
0.3997274847154660 0.3725658888205252 -0.5000000000000000
0.4648634837232032 -0.4101009608378587 -0.5000000000000000
0.4263244017056537 -0.4751312887613518 0.5000000000000000
0.3325692140168789 -0.4758098791584275 0.5000000000000000
0.5000000000000000 -0.3010920693864658 -0.0744070929005865
0.5000000000000000 -0.0807719105081422 -0.2041002446134149
0.5000000000000000 -0.2169567122367201 -0.3178741245172536
0.5000000000000000 -0.1501597465022563 -0.0786064983976948
0.5000000000000000 -0.2103406387612449 -0.1371025316175827
-0.1524830265329329 -0.3017519470820859 -0.5000000000000000
-0.1430165786695453 -0.2639202261888654 -0.5000000000000000
-0.1277867319241204 -0.2782012189003242 -0.5000000000000000
-0.2024489954066515 -0.3127772014001588 -0.5000000000000000
-0.1500170719134088 -0.3276483672473796 -0.5000000000000000
-0.1308509634248480 -0.3351089904984931 -0.5000000000000000
-0.1650565252512156 -0.3075704291989629 -0.5000000000000000
0.0864849061795049 -0.5000000000000000 0.3801879550236413
0.0818206695366162 -0.4050464119823028 0.5000000000000000
0.0304640745276161 0.2112251528650594 0.5000000000000000
0.0370272960300989 0.2212339407079102 0.5000000000000000
0.0095867654706468 0.2360450230745512 0.5000000000000000
0.0011549830169212 0.2179755229123727 0.5000000000000000
0.0314935940684424 0.2178274328329402 0.5000000000000000
0.5000000000000000 0.2663085357029880 -0.3706788427944937
0.5000000000000000 0.1602155065249113 -0.3346945571202830
0.3055528807387666 -0.2193125720081119 0.5000000000000000
0.2944229855461807 -0.2132842723927047 0.5000000000000000
0.2966940969670074 -0.2100326031062364 0.5000000000000000
0.3000718617374393 -0.2196539882654225 0.5000000000000000
-0.0649619188898066 0.5000000000000000 0.2050744364238445
-0.1148408235081783 0.3586469754342500 0.5000000000000000
-0.1615873270675423 0.3630878690379089 0.5000000000000000
0.0815039009189419 0.5000000000000000 0.3554902936549041
0.0753755540401735 0.5000000000000000 0.2871946408158622
0.0559801630703687 0.5000000000000000 0.3635143505731867
0.0622494070912709 0.5000000000000000 0.3052657022194752
0.1300051637396205 0.4600618639024390 0.5000000000000000
-0.1943794570162629 -0.5000000000000000 0.2116038730202348
-0.2979842031502306 -0.3336217910059633 -0.5000000000000000
-0.3686364343722549 -0.3186905790928528 -0.5000000000000000
-0.2622845223848587 -0.3364806145950699 -0.5000000000000000
-0.2905892214313565 -0.4006304929947634 -0.5000000000000000
-0.2532022243404003 0.5000000000000000 0.3189062258680774
-0.2735803831835675 0.5000000000000000 0.4533104233654279
-0.3909715327917663 -0.0917118489952271 0.5000000000000000
-0.5000000000000000 -0.2571192812396578 -0.3291408699180569
-0.4143891075575025 -0.2009007040121952 -0.5000000000000000
-0.5000000000000000 -0.1656702832716878 -0.2413746534700644
-0.3227104874336427 -0.1581267261569779 -0.5000000000000000
-0.3941134844997976 -0.1178803104745312 -0.5000000000000000
-0.3509815754993920 -0.1562618441840073 -0.5000000000000000
-0.3396367685323893 -0.2145156113238244 -0.5000000000000000
-0.5000000000000000 -0.1653296168830904 -0.2358681074483624
-0.0509596171292897 -0.2530574515491198 0.5000000000000000
0.0092536040862564 -0.2249762797987758 0.5000000000000000
0.0443881264903203 -0.1156910671292745 0.5000000000000000
0.0125439139684265 -0.2354880088010387 0.5000000000000000
-0.0003994076165174 -0.2240945510429825 0.5000000000000000
0.2508663873670716 -0.5000000000000000 0.1814613104832308
0.2241585548979702 -0.5000000000000000 0.3627844795854667
0.0473982995160334 -0.5000000000000000 0.2929683866805879
0.1393904412749944 -0.5000000000000000 0.3542906913029444
0.2069168717053598 -0.5000000000000000 0.0349421292978135
0.1487568017936899 -0.5000000000000000 -0.0250279200318231
0.0671925205819405 -0.5000000000000000 0.2458441689958709
0.0502740162877599 -0.5000000000000000 0.1995349967287287
0.3474942024700648 0.5000000000000000 0.4856246602203507
-0.4824204295585498 0.5000000000000000 -0.2644166424917807
0.4705557696264965 0.3998883552965556 -0.5000000000000000
-0.5000000000000000 0.1375023097540352 -0.2922125393641687
-0.5000000000000000 0.0874188955645431 -0.2952712277672095
-0.5000000000000000 0.0867623042297007 -0.2646382891072923
-0.5000000000000000 0.0964551043632959 -0.1962539344005121
-0.5000000000000000 0.1891900226987228 -0.3344702938979158
-0.0180416047476542 0.5000000000000000 -0.1610637465703830
0.1311845997821773 0.4645286442321711 -0.5000000000000000
-0.0399779325728491 0.5000000000000000 -0.3675824766444177
0.0222863349082015 0.5000000000000000 -0.3155623949457892
0.0572516467564939 0.3246708946454004 -0.5000000000000000
0.0929616333432992 0.5000000000000000 -0.2387179555552873
-0.4922351643093213 -0.1810546017561341 0.5000000000000000
-0.4616790656723717 -0.1892010054331476 0.5000000000000000
-0.4115897604566434 -0.1829099795833961 0.5000000000000000
-0.5000000000000000 -0.1744988598169306 0.4984527248345089
-0.4828481887567784 -0.2540608826488649 0.5000000000000000
-0.5000000000000000 -0.1791274343471922 0.4196780953531791
-0.5000000000000000 -0.1933406743540725 0.4289874314594710
-0.4247092986192404 -0.1942986938431997 0.5000000000000000
-0.4257558724561886 -0.1400682700661024 0.5000000000000000
-0.4914986343471242 -0.2151084306783089 0.5000000000000000
0.2756777790694851 -0.1310393251812804 -0.5000000000000000
0.3436280684291433 -0.2172330958351710 -0.5000000000000000
-0.1383846228459179 -0.3827810782365754 0.5000000000000000
-0.1143090759214775 -0.4293390983112506 0.5000000000000000
-0.1058150925730089 -0.5000000000000000 0.4380068645795552
-0.1051742218055928 -0.4050870792989258 0.5000000000000000
-0.1228364754028143 -0.4219777600869131 0.5000000000000000
-0.1120610785288520 -0.4413552957762596 0.5000000000000000
-0.1625296119253676 -0.4382607161572513 0.5000000000000000
0.2858628543344209 0.3418645241963960 -0.5000000000000000
0.2546417567895112 0.4534979122724355 -0.5000000000000000
0.2083962350131169 0.3766925798132730 -0.5000000000000000
0.1788618817749035 0.5000000000000000 -0.3931857290158710
0.2152144138431682 0.5000000000000000 -0.4239946723308274
0.2296696367834625 0.5000000000000000 -0.2827161888234361
-0.2905588104132737 -0.0382052284747499 -0.5000000000000000
-0.3201612063075427 -0.0657535837874459 -0.5000000000000000
-0.2513340865827289 -0.0111904166604217 -0.5000000000000000
-0.3129252426396126 -0.0572297880301068 -0.5000000000000000
-0.2636437993264529 -0.0576589298776055 -0.5000000000000000
0.4359452757554368 -0.4446224494279427 0.5000000000000000
0.4128601497320365 -0.5000000000000000 0.2749204083627091
0.5000000000000000 -0.4367305020168192 0.2585953884372972
0.5000000000000000 -0.4425538874582651 0.1932564656887782
0.5000000000000000 -0.4724901998306927 0.2676895838529433
0.5000000000000000 -0.4187406286669686 0.2140643013276466
0.5000000000000000 -0.4793749329547411 0.3131877287503615
0.5000000000000000 -0.4640928958148611 0.2770184710731209
0.5000000000000000 -0.4270995201336447 0.3101787578559223
0.5000000000000000 -0.4614008123007264 0.2250738467827033
0.5000000000000000 -0.4416210013430857 0.2240151502859724
-0.0406132615701502 -0.2272790945496441 -0.5000000000000000
0.0381427701153904 -0.2116908426869465 -0.5000000000000000
0.4032879544733238 0.4908705531241355 -0.1169687690608706
0.3834116262593661 0.5000000000000000 0.2577722374510503
-0.1575336796521037 0.2505261112313279 -0.5000000000000000
-0.1529074396682303 0.1490128979130840 -0.5000000000000000
-0.2318506736600042 0.3148265371680128 -0.5000000000000000
-0.1198194540720443 0.2954783829378486 -0.5000000000000000
-0.1243558239559300 0.3262371998145605 -0.5000000000000000
0.3218061031733666 -0.4966840104170822 -0.5000000000000000
0.3341359753379533 -0.4876515966812622 -0.5000000000000000
0.3202455143807302 -0.5000000000000000 -0.4033710252210552
0.3185668012256483 -0.4807348308210304 -0.5000000000000000
0.2920135653747694 -0.5000000000000000 -0.4419799967433950
0.3349275560862942 -0.4722073810664086 -0.5000000000000000
0.3050334736970068 -0.4920107196943356 -0.5000000000000000
0.3718077172229524 -0.5000000000000000 -0.4977606720738310
0.4331918435307229 -0.4378271888726897 0.5000000000000000
0.4048793184903654 -0.5000000000000000 0.2767833646529586
0.5000000000000000 -0.3933937219563624 0.1991586715720509
0.5000000000000000 -0.4057040937678558 0.3287537817135753
0.5000000000000000 -0.3630281585000124 0.2289283409950284
-0.4184127174449077 -0.2480099387196758 -0.5000000000000000
-0.4388487003338812 -0.2210271491194236 -0.5000000000000000
-0.4320307661148637 -0.1887472966651113 -0.5000000000000000
0.1635132779821574 -0.0251554631358730 0.5000000000000000
0.0162384374502448 -0.5000000000000000 -0.2673018576899775
-0.0376003900057799 -0.5000000000000000 0.0690478819820277
0.1033514922075103 -0.4242600664721610 -0.5000000000000000
0.0247482227811633 -0.3942866352575046 -0.5000000000000000
-0.0249083850145101 -0.5000000000000000 -0.1527273343232235
0.1209107375605800 -0.5000000000000000 -0.2249266724850449
-0.4092022352721817 -0.3813069410880981 0.5000000000000000
-0.5000000000000000 0.1564844772318438 0.3695657035705097
-0.4007678002224013 0.2813218929444157 0.5000000000000000
-0.5000000000000000 0.2250677741238659 0.4511296758272523
-0.3906601914848435 0.1583235586345482 0.5000000000000000
-0.5000000000000000 0.1386734159572240 0.2245305630464723
-0.0954508770911362 -0.3147032418693279 0.5000000000000000
0.0135463696224314 -0.2778696385087186 0.5000000000000000
0.0419142919424449 -0.3320952810470719 0.5000000000000000
0.0227982288002507 -0.3198163666913032 0.5000000000000000
-0.1603620953532628 0.0881704527731885 0.5000000000000000
-0.1636472719833438 0.0028641021148202 0.5000000000000000
-0.0591663133847597 -0.0071268219079651 0.5000000000000000
0.0725559128963324 0.0910743526023933 0.5000000000000000
0.0977734281105380 0.0014295219253195 0.5000000000000000
-0.5000000000000000 0.4607315141756113 -0.3291854228637097
-0.5000000000000000 0.4808944066350258 0.0465482081941485
0.2805829691967944 -0.5000000000000000 0.4482096781095823
-0.3005860789138967 -0.1287219281635618 -0.5000000000000000
-0.3839485937565860 -0.1044771063732849 -0.5000000000000000
-0.4890729766951585 -0.1411754353444296 0.5000000000000000
-0.5000000000000000 -0.0433757730640903 0.4651808666111180
0.5000000000000000 0.2974441075698231 -0.4061138652131869
0.5000000000000000 0.3268514830368011 -0.3820457808317039
0.4087736862222195 0.3427724239154822 -0.5000000000000000
-0.2470724527961026 0.1468495877157059 -0.5000000000000000
-0.2350280791612429 0.2411311191141439 -0.5000000000000000
-0.2687056004345761 0.2094028839346178 -0.5000000000000000
0.5000000000000000 -0.2644026147737677 0.4680030104151072
0.5000000000000000 -0.2608559641120349 0.4131977521608824
-0.3008740771814749 -0.2506710487683659 -0.5000000000000000
-0.3110474031074081 -0.2992468576954682 -0.5000000000000000
0.2022869468348491 0.2706830249337687 0.5000000000000000
0.2150878333857046 0.3106881979465081 0.5000000000000000
0.2332889635034380 0.2987508538035756 0.5000000000000000
-0.2573430282222593 -0.3281797005126802 -0.5000000000000000
-0.5000000000000000 -0.2658762116929060 -0.2599714946475440
-0.4070308995926745 0.3451644019309335 0.5000000000000000
-0.3979948860159156 0.2892647540282750 0.5000000000000000
-0.3547646559539086 0.5000000000000000 0.3240769424286398
-0.1330672946451929 0.5000000000000000 0.0282596145507337
-0.0622786778747582 0.5000000000000000 -0.1613743112134489
-0.3075906395911350 0.1705563720030981 0.5000000000000000
-0.1227765262642693 0.4161558912208322 0.5000000000000000
-0.0769455285902345 0.5000000000000000 0.2179283199186908
-0.1931041801675994 0.4132927200810939 0.5000000000000000
-0.2177504406666706 0.4422752967055229 0.5000000000000000
-0.1527275718826983 0.5000000000000000 0.3571700612773827
-0.1565468164373548 0.3913410967712410 0.5000000000000000
-0.2131545420081400 0.4087736938416243 0.5000000000000000
0.1608995395734001 0.5000000000000000 -0.3978964245743535
0.1500173265648030 0.4495061946085926 -0.5000000000000000
0.0411362318581519 0.5000000000000000 -0.3384955161622076
0.1217225730881529 0.3597106294563089 -0.5000000000000000
0.0968639098286238 0.5000000000000000 -0.2441096986515496
-0.0300191133375221 0.4362887596442647 0.5000000000000000
0.0712024150840399 -0.1597727703221770 0.5000000000000000
0.0450610715585018 -0.1249251420717860 0.5000000000000000
-0.0503052778935076 0.5000000000000000 0.1719529118595473
0.0204720179254605 0.5000000000000000 0.3262313578084481
0.0926833811307270 0.5000000000000000 -0.2281526107955191
-0.3787233880157390 0.2073388471251352 -0.5000000000000000
-0.4097867991570724 0.2973190785144290 -0.5000000000000000
-0.3403573315436633 0.2316808101957090 -0.5000000000000000
-0.2934626031303612 -0.5000000000000000 -0.0623916364061070
-0.3211483666701698 -0.5000000000000000 0.4095886428793268
-0.2358262144300926 -0.4488386912496550 0.5000000000000000
-0.2550702333440692 -0.2768685201865992 0.5000000000000000
0.5000000000000000 -0.4880568818256691 -0.4063960380887569
0.5000000000000000 -0.3930818592303258 -0.1921218707539654
0.5000000000000000 -0.3456019793315665 -0.0275908618661659
0.5000000000000000 -0.3489943706965680 -0.0688228723717094
0.5000000000000000 -0.3287685002134418 0.0411245998597575
0.5000000000000000 -0.3076728518839367 0.0336689768275558
-0.0583921917315690 0.5000000000000000 0.1857994248136171
-0.0370718548477477 0.5000000000000000 0.2418094969228660
-0.1006458911102166 0.5000000000000000 0.1418298817530017
-0.1089864669403635 0.5000000000000000 0.2054580759954238
-0.0588598906797850 0.5000000000000000 0.2242333342561813
-0.0658646358451608 0.5000000000000000 0.1959060946294741
-0.0003129486594184 0.5000000000000000 0.0518498035196456
0.5000000000000000 -0.0793790584723311 -0.4341266393968217
-0.1702799960134278 0.2340222303980528 -0.5000000000000000
-0.1641955857637921 0.1008343433929535 -0.5000000000000000
-0.4004162745705328 0.4940960489337795 -0.5000000000000000
-0.3726364212237795 0.4984544419229127 -0.5000000000000000
0.3691439812657535 0.5000000000000000 -0.1052577018324142
0.5000000000000000 0.4612578235832340 -0.0043773926829431
0.4415471302561151 0.5000000000000000 -0.0019693561143364
0.3943127664340463 0.5000000000000000 -0.1794416283708397
0.2905496561457974 0.5000000000000000 0.3852495021060060
0.4148093043791611 0.5000000000000000 -0.1528346680660287
-0.4588738756236106 0.3944939647161182 0.5000000000000000
-0.2833993127258002 0.4157909463595119 0.5000000000000000
0.4548805750756971 0.0266972464089601 -0.5000000000000000
0.4351689342024617 0.1325082026955132 -0.5000000000000000
0.4445124279479875 0.0398615254422101 -0.5000000000000000
0.4516387137707506 0.0495295821632887 -0.5000000000000000
0.4040529314344755 0.0455620862692726 -0.5000000000000000
0.4626209078314106 0.0155006718609727 -0.5000000000000000
0.5000000000000000 0.2699640120353554 0.2205293059138361
0.4437333636135124 -0.2486748576823251 -0.5000000000000000
0.4539925963926572 -0.1331404755584904 -0.5000000000000000
-0.1323947608971861 -0.0882520129289812 -0.5000000000000000
-0.1459833869947744 -0.0450442134032117 -0.5000000000000000
-0.1065915523842299 -0.0047445184667427 -0.5000000000000000
-0.1051809370554561 -0.0215765041905765 -0.5000000000000000
-0.1445372384689659 -0.0083092509873692 -0.5000000000000000
-0.1352189565325709 -0.0267766010075192 -0.5000000000000000
0.1569782661798846 0.3173731847378501 0.5000000000000000
0.0187513445872524 0.3161919822152170 0.5000000000000000
0.1075453596874982 0.1374242163824169 0.5000000000000000
0.2214161864864713 0.1609845392194444 0.5000000000000000
-0.4739625440124925 0.4393230435171385 -0.5000000000000000
-0.5000000000000000 0.4366512378949871 -0.2514745885154200
-0.4819826067454105 0.5000000000000000 -0.4033786944827353
-0.5000000000000000 0.4791033509167113 -0.3663729466099368
-0.5000000000000000 0.4123873954746550 -0.4224012289570069
-0.5000000000000000 0.4686740941707325 -0.3593349164501788
-0.5000000000000000 0.4591933373579777 -0.3929489699478371
-0.5000000000000000 0.4687896672723655 -0.4134416143666432
-0.4817872284670925 0.5000000000000000 -0.3846224119002528
-0.4721876543881034 0.5000000000000000 -0.3404182834855929
0.0130227841628999 0.3185567676139668 0.5000000000000000
0.1900300070574168 0.3834445894169728 -0.5000000000000000
-0.3083363991595517 -0.1841345141013451 0.5000000000000000
-0.2902134851312089 0.1756562284322918 0.5000000000000000
-0.2591168530391255 0.1217846936786155 0.5000000000000000
-0.2292290482934320 0.1874594099706258 0.5000000000000000
-0.5000000000000000 -0.1705809940868890 0.1278406485945292
-0.5000000000000000 -0.1654947529644309 0.1613276908210146
-0.5000000000000000 -0.1862771380780957 0.1736561392126692
-0.5000000000000000 -0.1675619655896063 -0.0316544283106568
-0.5000000000000000 -0.2281365838056653 0.4797704320148172
-0.5000000000000000 -0.0571741640233373 -0.2852473981581006
-0.5000000000000000 -0.0383753114883918 -0.2321470556289519
-0.5000000000000000 -0.0236894030883105 -0.1086547848440149
-0.5000000000000000 -0.0514044589633353 -0.0313896777596404
-0.5000000000000000 -0.0682074766584961 -0.2391053023295444
0.3136811754683271 -0.5000000000000000 0.2136728676328170
0.3614880289339337 -0.5000000000000000 0.2276575607160431
0.1802387379975884 -0.4702935182716070 0.5000000000000000
0.3101473759563261 -0.5000000000000000 -0.0197713928586455
0.3144903938927165 -0.5000000000000000 0.0328375777418027
0.3364425536149986 -0.5000000000000000 0.0635885218988444
-0.4772327678325494 0.4973658539503578 0.0514709132991775
-0.4437975290962294 0.5000000000000000 0.2568492922920341
-0.4094255128643307 0.5000000000000000 0.1267302642807241
-0.2361724308340175 0.1005821118760873 0.5000000000000000
-0.3527901466045887 0.0926080114510047 0.4905914805886570
-0.2060348415193224 0.1568457058462400 0.5000000000000000
0.2864175108015190 -0.5000000000000000 0.3897369999423078
0.5000000000000000 0.4462237055571132 0.4562270777749380
0.0134770898720179 0.4434951621711609 0.5000000000000000
0.1463482336340502 0.1549221040286391 -0.5000000000000000
0.2096630720820843 0.1291844024329824 -0.5000000000000000
0.2126973442491054 0.1928139125932412 -0.5000000000000000
-0.0340132643559569 -0.4241039317895700 -0.5000000000000000
-0.0998108344114834 -0.1926446140262357 -0.5000000000000000
-0.0602499765795505 -0.2141703035296466 -0.5000000000000000
-0.0069218821550075 -0.0644796035177305 -0.5000000000000000
0.5000000000000000 -0.0752606721100054 -0.0525233467178935
0.5000000000000000 -0.0897584829635912 -0.2801033101319876
0.5000000000000000 -0.0375724187004585 -0.2173050804691369
0.5000000000000000 0.1096481086545300 -0.3128692282257770
0.5000000000000000 -0.0073728977323947 -0.3441113111075543
0.3567079695946559 -0.4528475786070443 0.5000000000000000
0.3461698636888656 -0.5000000000000000 0.3231281560379562
0.2565251395471078 -0.4397870453867960 0.5000000000000000
0.1861214295708097 -0.4695538212759819 0.5000000000000000
-0.0389831545738453 -0.5000000000000000 0.0767733788747408
-0.0715403710979697 -0.4333541931939235 0.5000000000000000
-0.0531362326991362 -0.5000000000000000 0.3601619299046216
-0.0582924651499388 -0.4697881544821555 0.5000000000000000
0.2999130790478717 0.0320336932374424 0.5000000000000001
0.5000000000000000 -0.0870597814319289 0.0912399000447924
0.3644624007618868 -0.0816455512100418 0.5000000000000000
-0.5000000000000000 0.0978124764381782 0.1970422879175301
-0.4565053358066507 0.4397934007859844 -0.5000000000000000
-0.4199377705053749 0.5000000000000000 -0.3736560822696064
-0.5000000000000000 0.4100171075513991 -0.4239433757479811
-0.3029862875838376 0.4999528185401457 -0.5000000000000000
-0.3838870722504126 0.5000000000000000 -0.3268166527214474
-0.4165506521354775 0.5000000000000000 -0.3586672877954806
-0.2980369374985734 0.3617005216244667 -0.5000000000000000
-0.3937598982316010 0.3298085879687744 -0.5000000000000000
-0.4082102942414418 0.5000000000000000 -0.3266940435386386
0.1626191081649983 0.3279065580998173 0.5000000000000000
0.1561821241087246 0.3203563715093731 0.5000000000000000
0.1660675470333961 0.3250783104480635 0.5000000000000000
0.3874914468791414 0.3882041831049065 0.5000000000000000
0.3542214530936764 0.4300055332280743 0.5000000000000000
0.3463876943509482 0.4151913286809266 0.5000000000000000
0.2792464785962324 0.0581717850132448 0.5000000000000000
0.1360363276141919 0.0884386900136143 0.5000000000000000
0.2454207855022740 0.1299619617620449 0.5000000000000000
0.1305041278428493 -0.0048271125509461 0.5000000000000000
0.5000000000000000 -0.2566140471013739 0.4077793929084394
-0.1594091381517573 -0.3117960352436383 0.5000000000000000
-0.1831442328170761 -0.3151260439384046 0.5000000000000000
-0.1461659127325116 -0.3453165923176629 0.5000000000000000
-0.1916730444835623 -0.2872804832174272 0.5000000000000000
-0.1673413280503189 -0.2787832432389982 0.5000000000000000
-0.2996258315362412 0.1555302456087392 -0.5000000000000000
-0.2473587322478874 0.2536345479818876 -0.5000000000000000
-0.2924240532680751 0.2228310459939793 -0.5000000000000000
0.4911584465573367 0.2366879800434277 0.0522539931644122
0.4913343773274854 0.3103953611101683 -0.0447636806069487
-0.5000000000000000 -0.3275114956204900 -0.4709024983102195
-0.3995947476110192 -0.3194897872490937 -0.5000000000000000
-0.3822447725708081 -0.2925542628888022 -0.5000000000000000
-0.4603113049544901 -0.3221715161538040 -0.5000000000000000
-0.4262868804303867 -0.3329454626397761 -0.5000000000000000
-0.2534448882062564 -0.1165493311862815 0.5000000000000000
-0.2677001074563429 -0.1026198955482029 0.5000000000000000
-0.3074565622211621 -0.0412703148689839 0.5000000000000000
-0.3505400182356704 -0.1610921926528580 0.5000000000000000
-0.2854928807298668 -0.1655367523370294 0.5000000000000000
-0.3033475622180710 -0.1913050382762073 0.5000000000000000
-0.3005940932446673 -0.1662727412124960 0.5000000000000000
-0.5000000000000000 -0.2874533386354647 0.0233529870189045
-0.5000000000000000 -0.2579526335646022 -0.2577432356859639
0.4614301299822370 -0.0405886553690050 -0.5000000000000000
0.5000000000000000 -0.0019870349549943 -0.3863400919715411
-0.0395786457548404 -0.5000000000000000 0.0739360343216794
0.2432867055019119 0.0057400291420102 0.5000000000000000
0.3390914950292402 0.0595683305622690 0.5000000000000000
0.2836532286980125 0.0205296264407721 0.5000000000000000
0.5000000000000000 0.2239426837047732 0.1152430347557104
0.5000000000000000 0.2315301109507711 0.0226896881098118
0.5000000000000000 0.1912330608615213 -0.1578817344308842
0.5000000000000000 -0.0667386333453514 -0.3766697236925298
0.5000000000000000 -0.0704189186786845 -0.4218032971358788
0.0935818569536517 -0.1084675659773115 0.5000000000000000
0.3477238870561978 -0.0812575213908494 0.5000000000000000
0.2290644193413803 0.0908508336513035 0.5000000000000000
0.1290477390744350 -0.0220174883636922 0.5000000000000000
0.5000000000000000 -0.2327276492889311 -0.3856816063639513
0.5000000000000000 -0.2471508068033258 -0.4148679356398058
0.0736333259003875 -0.5000000000000000 -0.3092312114219515
0.1488599507069233 -0.4363652097036822 -0.5000000000000000
0.0438960446305409 -0.3999063284729399 -0.5000000000000000
0.2446896029847744 -0.4424082689292135 -0.5000000000000000
0.1654343591081980 -0.5000000000000000 -0.2774055306425412
0.1976310627468983 -0.4976601361435977 -0.5000000000000000
-0.1937866140931410 0.2140247319790929 -0.5000000000000000
-0.1882860994137099 0.0941412367498825 -0.5000000000000000
-0.5000000000000000 0.1689283362422603 -0.0824531648493756
-0.3885669444132387 -0.0046840561052301 -0.5000000000000000
-0.4809137175840573 0.1019310378398208 -0.5000000000000000
-0.2696136001006120 0.1194252208867989 -0.5000000000000000
0.2223213207924600 -0.2225676114996449 -0.5000000000000000
-0.1050940389277844 -0.2228427913981241 -0.5000000000000000
-0.0712270814692631 -0.2452885812873538 -0.5000000000000000
-0.0656124293972149 -0.3587954143653356 -0.5000000000000000
0.5000000000000000 0.3858342302102348 -0.4311386783699681
0.2193432982800164 0.5000000000000000 0.4834439826459269
0.2309934115489422 -0.2048104095192879 -0.5000000000000000
0.2314368338739081 -0.2365367496806411 -0.5000000000000000
0.1946835856715016 -0.1929780330441407 -0.5000000000000000
0.2230160264573267 -0.2794707704843758 -0.5000000000000000
0.2857976386315539 -0.2274393837391995 -0.5000000000000000
0.1835456553171856 -0.2191201927816173 -0.5000000000000000
0.2059290185440604 -0.2236355395076690 -0.5000000000000000
0.2105917396818932 -0.2222765045601412 -0.5000000000000000
0.1644925142202687 -0.2499899164848902 -0.5000000000000000
0.2114433750960586 -0.2348957373173122 -0.5000000000000000
0.2229644750906968 -0.2294179588438666 -0.5000000000000000
0.1547780080304449 -0.3244979678081107 -0.5000000000000000
0.0650529243956161 -0.3570669415971339 -0.5000000000000000
0.2190220132036489 -0.3522107133398108 -0.5000000000000000
0.1464511994081614 -0.2630206344780626 -0.5000000000000000
0.1887155215939384 -0.2785950020208467 -0.5000000000000000
0.0399452764662227 0.0467055721287361 -0.5000000000000000
0.0341707903599356 -0.0086975306389198 -0.5000000000000000
0.1790479857142892 0.0000353463247855 -0.5000000000000000
-0.1648558845959216 0.5000000000000000 0.0562328609468174
-0.2184293394558528 0.5000000000000000 0.2003995605731082
0.3682748470074987 0.3324846990090574 -0.5000000000000000
0.2690857155856440 0.2570115338177733 -0.5000000000000000
0.2978605773580403 0.2874981861964970 -0.5000000000000000
-0.0189508700600138 -0.1675569850967392 0.5000000000000000
-0.2094761270967104 0.5000000000000000 -0.0468622123921296
-0.4492655971455345 0.5000000000000000 0.0219979137363648
-0.2524768286027985 0.5000000000000000 -0.2311336741792205
-0.2458009544880441 0.5000000000000000 0.0005866761222001
-0.2523551831255201 0.5000000000000000 -0.1323086268741314
-0.2372544216391854 0.5000000000000000 -0.1894510606413217
-0.2807901447950565 0.5000000000000000 -0.1453221895069181
-0.2269437305466071 0.5000000000000000 -0.2187760405371819
0.1129125365777946 0.2730399055420860 -0.5000000000000000
0.2208800330718394 0.2305688394566398 -0.5000000000000000
0.5000000000000000 -0.3330834558554397 -0.2812938217830026
0.5000000000000000 -0.3103671908341091 -0.4432923574890625
0.5000000000000000 -0.3905516902645250 -0.4170677395053366
-0.4365220936448238 0.3652497678842578 -0.5000000000000000
-0.5000000000000000 0.2156496978743490 0.1731485441133739
-0.5000000000000000 0.1152828355752599 0.4257984783759585
-0.5000000000000000 0.0125298999211481 0.1706662446140384
-0.5000000000000000 0.1967892975522187 0.2916122523315260
-0.5000000000000000 0.0768738703529703 0.3645204801329359
-0.0673137566679692 -0.5000000000000000 -0.3413222972138044
-0.0408719951737229 -0.5000000000000000 -0.3542647810627383
-0.5000000000000000 0.4429124618323879 0.4661122116563462
-0.0406149956342234 -0.5000000000000000 0.0729915755847217
-0.0413830566096763 -0.5000000000000000 0.0741546691847313
-0.0403343114103309 -0.5000000000000000 0.0785760870875526
-0.0402303334742142 -0.5000000000000000 0.0632254179467687
-0.0387843384697323 -0.5000000000000000 0.0740159362263424
-0.5000000000000000 0.2722787545002485 0.1004166860666773
-0.5000000000000000 0.2362604832921404 0.0849459267402514
-0.5000000000000000 0.2463368570929657 0.0893621752839477
-0.5000000000000000 0.2529652926232607 0.0398120551798660
-0.5000000000000000 0.1877851810180006 -0.0376618852567705
-0.5000000000000000 0.2533163546284563 0.1305237076418002
-0.5000000000000000 0.2441468353935988 0.1673668443586222
-0.5000000000000000 0.1880066654509258 0.1497599362962568
-0.5000000000000000 0.2391691123868485 0.1166209843563491
0.0414401279433084 0.5000000000000000 0.4548983353042411
0.0151834692254915 0.3309767246142518 0.5000000000000000
0.0207438465035067 0.5000000000000000 0.3551644416180296
0.1139138026214345 0.4557022596677991 0.5000000000000000
-0.1064151157282477 0.5000000000000000 -0.1574767553659795
-0.1535544587648465 0.5000000000000000 0.1612913780906948
-0.2489326324175251 0.5000000000000000 0.1848966592533359
-0.1348775434057745 0.5000000000000000 0.0547675520506768
-0.5000000000000000 0.4501719893849915 0.0726076578284608
-0.5000000000000000 0.3860181096142446 0.2405946571153837
-0.5000000000000000 0.3527385993224675 0.0881808884988716
-0.5000000000000000 0.3132992660151328 0.1388679405271679
-0.4637881267412653 0.5000000000000000 0.0828256334551029
-0.4600085756384976 0.5000000000000000 -0.0038833624567494
-0.5000000000000000 0.4744022477751181 0.1860500248648260
-0.5000000000000000 0.4928062212932095 0.0780769471656188
0.5000000000000000 0.3343215267631376 -0.0285128148295894
0.5000000000000000 0.3066642998232078 -0.0840290786601091
0.5000000000000000 0.3116975689906447 -0.0778412773724683
0.5000000000000000 0.3004002760363474 -0.0643937439986978
0.5000000000000000 0.2306577801267649 -0.1941926067574431
0.5000000000000000 -0.2616687088831737 0.1297951781701479
-0.5000000000000000 -0.3135208045755737 0.0378764795601155
-0.5000000000000000 -0.2838393069021131 0.0541189321705554
-0.4902270537218348 -0.2955585223433690 0.5000000000000000
-0.5000000000000000 -0.2778172207995852 0.0713659805131072
-0.5000000000000000 -0.2872238697348329 0.0765912881098857
-0.5000000000000000 -0.2657787635787794 -0.0159360091792788
-0.5000000000000000 -0.2988073879403514 0.0731026465238050
-0.5000000000000000 -0.3077128169060924 0.0883472350826062
-0.5000000000000000 -0.2533314138518563 0.3925477110610691
-0.5000000000000000 -0.2352859403410559 -0.2565663814448432
-0.5000000000000000 -0.1211341242394082 -0.2197748549077386
0.4259702921129387 -0.3133854254063058 0.5000000000000000
0.3885346884105892 -0.3372787537572299 0.5000000000000000
-0.3201099708697135 -0.5000000000000000 -0.0786488059819447
-0.3891662467776199 -0.5000000000000000 -0.0657518844474587
-0.3504503702260245 -0.5000000000000000 0.1861997361031126
-0.3909799983243820 -0.5000000000000000 0.0145805148959362
0.2216683206801117 -0.3281006456961190 0.5000000000000000
0.2697014570361081 -0.2661972741307056 0.5000000000000000
0.2496941119618007 -0.3093797889195525 0.5000000000000000
0.1826596641612712 -0.3834188194988434 0.5000000000000000
0.3213294324241788 -0.3363339048690035 0.5000000000000000
0.4204760486954975 0.2389594366009722 -0.5000000000000000
0.5000000000000000 0.2553860729876700 -0.4633683131513256
0.3588477014317457 0.1935064251354791 -0.5000000000000000
0.4140520577276404 0.2154113279728994 -0.5000000000000000
0.4264411395333226 0.2237640745263444 -0.5000000000000000
0.5000000000000000 0.1606391590790299 -0.3529325689710879
0.4121212198439646 0.2677254602581632 -0.5000000000000000
0.2487960872488786 0.1475205823661335 -0.5000000000000000
0.3834025578390777 0.2390834338786218 -0.5000000000000000
0.4009355883411627 0.2454481213669872 -0.5000000000000000
-0.2846509328809887 -0.5000000000000000 -0.0590608276924585
-0.2672618924640878 -0.5000000000000000 -0.1498955380082514
-0.2986012169291037 -0.5000000000000000 -0.0857171804855189
-0.2984021204415394 -0.5000000000000000 -0.1463560957276779
-0.3373932151616135 -0.5000000000000000 -0.1360809346379679
0.2470538568017210 0.4148257337457790 0.5000000000000000
0.2253674061322150 0.5000000000000000 0.0723260318947943
0.0272322024627897 0.3244603840631043 0.5000000000000000
0.1616951319964894 0.4416068971286100 0.5000000000000000
0.2741870468772604 0.5000000000000000 0.4517889204327610
0.1799524497123165 0.5000000000000000 0.2731249667691538
0.2725583001346735 -0.1090924240258526 -0.5000000000000000
0.2217247753572336 -0.0324857327547421 -0.5000000000000000
-0.3709248747740779 0.2605661664836459 0.5000000000000000
-0.3266368291554143 0.1610364305094638 0.5000000000000000
-0.2764599867148991 0.2468757095700745 0.5000000000000000
-0.0988853684026670 -0.5000000000000000 -0.0988659484613262
0.1909981703953373 0.0007011417403882 -0.5000000000000000
-0.2516362021037932 0.0723189336264733 0.5000000000000000
-0.2178597870179165 0.0384977025320941 0.5000000000000000
0.5000000000000000 0.0702732881188956 0.1661847359524417
-0.1455445031575242 -0.2429565223481378 -0.5000000000000000
-0.1261519128925604 -0.2596277944852068 -0.5000000000000000
-0.2132525296500940 -0.1982009975746500 -0.5000000000000000
-0.2172481626932720 -0.3063013604720668 -0.5000000000000000
0.2664768328652724 0.4207097239893005 0.5000000000000000
0.2570352700689770 0.4148832580371004 0.5000000000000000
-0.4145583666800914 0.3058452195720084 0.5000000000000000
-0.4680047393564819 0.4990384398262492 0.5000000000000000
-0.5000000000000000 0.4108340646169709 0.3650214173289739
-0.3822827409928594 0.5000000000000000 0.3246469132815828
-0.5000000000000000 0.4504715074594038 0.2710478557132389
-0.4745170832857058 -0.4544838607287878 -0.5000000000000000
-0.2164633802063861 0.4637007906746934 -0.5000000000000000
-0.2966464164605802 0.4967867443724159 -0.5000000000000000
-0.3392029887337867 0.5000000000000000 -0.3276502029726489
-0.2567073784399169 0.3622641038883384 -0.5000000000000000
-0.1682002521259177 0.3999175886261602 -0.5000000000000000
-0.1932126579247157 0.4851458512904459 -0.5000000000000000
-0.3335690712259343 0.3473252056755079 0.5000000000000000
-0.3896142027568729 0.2834480343483737 0.5000000000000000
-0.4080746956617545 0.2884458837017159 0.5000000000000000
-0.0976011784213832 -0.4317876775685785 0.5000000000000000
-0.5000000000000000 -0.4178564556384747 -0.4440683356278818
-0.5000000000000000 -0.2848800323073181 -0.3243576365969313
-0.5000000000000000 -0.3293195498471846 -0.4028698934215625
-0.4146166092138005 -0.3962120322927591 0.5000000000000000
-0.5000000000000000 -0.4359679166378541 0.4220657271541017
0.4263077273511052 -0.3853037135621590 0.5000000000000000
0.4056089088931413 -0.4069973213854617 0.5000000000000000
0.4445540747406514 -0.4137907811408177 0.5000000000000000
-0.0801814093965483 0.3101164153287425 0.5000000000000000
-0.1496006413621966 0.2360465296801308 0.5000000000000000
-0.5000000000000000 -0.3734461938230210 0.0400490299007102
-0.4855514281796793 -0.2982842025456514 0.5000000000000000
0.4734053856387113 -0.5000000000000000 -0.3499841858224216
-0.4062132283330350 -0.0917997379725497 -0.5000000000000000
-0.4714385578068472 -0.0504960422351939 -0.5000000000000000
-0.4248389088039012 -0.0705502193396959 -0.5000000000000000
-0.5000000000000000 0.0448697953104237 -0.4833319124311779
0.4012741054720246 -0.5000000000000000 0.2095927762574603
0.4112997270215371 -0.5000000000000000 0.0769222943735323
0.4069202100056680 -0.5000000000000000 0.2035018871908671
0.3879891546768542 -0.5000000000000000 0.2928721539504590
0.1125925790862516 -0.0827853459096992 -0.5000000000000000
0.2540782444639730 -0.4346925021629928 0.5000000000000000
0.2487373820666383 -0.2730364803313099 0.5000000000000000
0.5000000000000000 -0.1067812492325629 0.0955036403170691
0.5000000000000000 -0.0016735430599933 0.1254209139062661
0.5000000000000000 -0.1175724822627815 0.1351415502929668
-0.5000000000000000 0.0649815499221276 0.0155127778498531
-0.5000000000000000 -0.0006566780074032 0.0460619446194364
-0.4556323052783854 -0.5000000000000000 -0.4088729223452887
-0.4023999878803049 -0.5000000000000000 -0.3928181597055855
-0.4395169003131030 -0.5000000000000000 -0.3211876469710385
-0.5000000000000000 -0.0384642924281015 0.0753797755704151
0.1430522834405714 -0.0049254064723083 -0.5000000000000000
0.2092717074357400 0.1224008467029018 -0.5000000000000000
0.0448401724121394 -0.1137182786687224 0.5000000000000000
-0.1525602251221788 -0.1341200014487827 -0.5000000000000000
-0.1184416870323438 -0.1936519763100826 -0.5000000000000000
0.0891492571270898 -0.1093950755634684 0.5000000000000000
0.0929700224789362 -0.1110443730087118 0.5000000000000000
-0.4847698689434914 -0.0418305877219514 -0.5000000000000000
-0.5000000000000000 0.1542357718870699 -0.0865907320500746
-0.5000000000000000 0.0480655721373042 -0.4287170455565813
-0.2103273669067032 0.2487465431458427 -0.5000000000000000
-0.2333680948410032 0.4703019727289341 0.5000000000000000
-0.1844260864990618 0.5000000000000000 0.2841078572349680
-0.2981535184560459 0.5000000000000000 0.2934075241402714
0.5000000000000000 0.1515285374947318 0.2995088046491463
0.5000000000000000 0.1403774870018623 0.3024398944401472
0.5000000000000000 0.1415366300174636 0.2737961107612870
0.0448944932617354 -0.1135283713845876 0.5000000000000000
0.0445349707652707 -0.1135398001500921 0.5000000000000000
0.0453155230597375 -0.1137852544248634 0.5000000000000000
0.3598839578044478 -0.3124749949779790 -0.5000000000000000
0.3768158785743087 -0.4208698684433240 -0.5000000000000000
0.2991548748685868 -0.4014050210206096 -0.5000000000000000
0.3599692093167614 -0.2435373822761933 -0.5000000000000000
0.5000000000000000 -0.3098352566524801 -0.4593716791173736
0.3861321771910008 -0.3248984168311234 -0.5000000000000000
0.5000000000000000 -0.2694219286887633 0.1241309532170791
-0.5000000000000000 -0.4933582548737779 -0.4423754793169753
-0.2285992047591174 -0.1751004142167055 -0.4871626893481958
0.2091125805069849 0.4680226126467443 -0.5000000000000000
0.2630347580333802 0.4758520203435325 -0.5000000000000000
0.2937807636079562 0.5000000000000000 -0.4719078186866662
0.2797163379545158 0.4424682503346312 -0.5000000000000000
-0.4107287722326443 -0.3738563674136752 0.5000000000000000
-0.5000000000000000 -0.4263297648872053 -0.3031427125767717
-0.5000000000000000 -0.2948471141060509 -0.2130937169844390
-0.5000000000000000 -0.3690859268708637 -0.0956243669845915
-0.5000000000000000 -0.4195028627061390 0.0012028907131867
-0.5000000000000000 -0.3967417820993943 -0.0630443581486591
-0.5000000000000000 -0.4306385843376404 -0.1174801220874364
-0.5000000000000000 -0.1226818420064000 0.4856584376159581
-0.5000000000000000 -0.1348686861696113 0.3184776250914217
-0.3935176754917574 -0.1061595684036920 0.5000000000000000
0.4336826634207751 0.1932253030050529 0.5000000000000000
0.4306711649017957 0.1533169115076962 0.5000000000000000
0.1742245012035041 0.4203642983113990 -0.5000000000000000
0.3010721742703368 -0.3001814458692358 -0.5000000000000000
0.4545912459296103 -0.3153859125202164 0.5000000000000000
0.5000000000000000 -0.3529692915170723 0.4318604962882161
0.3462915467998402 -0.2821048975766415 0.5000000000000000
-0.4102060659101313 -0.0977319821736366 -0.5000000000000000
-0.5000000000000000 0.3028517118617864 -0.4195928882599393
0.5000000000000000 -0.3069940657979509 0.3863572956608955
0.5000000000000000 -0.2870027538961327 0.2945631545310437
0.5000000000000000 -0.2725713927321153 0.2500796398701570
-0.5000000000000000 0.1695497594766882 -0.0708986942320177
-0.5000000000000000 0.1246505864848320 0.1948263133734258
0.5000000000000000 0.0602012956487282 0.1035407470245238
0.2563404980230025 -0.4327905193011763 0.5000000000000000
0.2452015102777740 -0.4345391360811709 0.5000000000000000
0.2646556345874398 -0.4312426646131091 0.5000000000000000
0.2566482374866196 -0.3959612857197956 -0.5000000000000000
0.3433403751246203 -0.2391013717676847 -0.5000000000000000
0.2516582508964381 0.5000000000000000 -0.1969459701451674
0.0308758270446145 -0.3760168852734979 -0.5000000000000000
0.1401078288894496 -0.2606291035202263 -0.5000000000000000
0.2400325246357252 0.5000000000000000 -0.0258026669773803
0.0754554109765664 0.5000000000000000 -0.0466865555311366
0.2448909185768074 0.5000000000000000 -0.0171167040763516
0.2508473029668117 0.5000000000000000 -0.1597846213433596
-0.1497049548642269 -0.5000000000000000 -0.4259383469777522
-0.1049661963195346 -0.5000000000000000 -0.4410757755965528
0.1681135423449113 0.3586559466897359 -0.5000000000000000
0.1987521433330759 0.3737025787564152 -0.5000000000000000
0.2062562148604389 0.3518542087953119 -0.5000000000000000
-0.3988020153618492 -0.3806484617186269 0.5000000000000000
-0.3550055848914538 -0.5000000000000000 0.4898500304761740
-0.3877730397412260 -0.3702110725547531 0.5000000000000000
-0.4037111100632976 -0.3739350663738532 0.5000000000000000
-0.4363605189822328 -0.3437873540996704 0.5000000000000000
-0.3552881829939098 -0.3984273897953444 0.5000000000000000
-0.3569959600160407 -0.3435019119930460 0.5000000000000000
-0.5000000000000000 -0.4033575388873502 0.4526649351365384
-0.3882361923192880 -0.3513799677931282 0.5000000000000000
-0.4437478933103556 -0.4183245745819244 -0.5000000000000000
-0.3395557291925179 -0.3992997638454977 -0.5000000000000000
0.5000000000000000 0.3129112114990014 0.1429871041446247
0.5000000000000000 0.4248242124658853 -0.0843595617734013
0.5000000000000000 0.4479870841657115 0.1221917985561147
0.5000000000000000 0.4400832901522769 0.0885139084324834
0.5000000000000000 0.4008917755755370 -0.0095732066931004
0.4962310841301475 -0.1038626631000591 -0.5000000000000000
0.0342785219914764 0.5000000000000000 -0.0067737931959607
0.5000000000000000 -0.4556358858708332 -0.3117171868443813
0.4926557211815551 -0.5000000000000000 -0.3303422295814495
0.4373760459299627 -0.4745458304018320 -0.5000000000000000
0.3728878442849671 -0.5000000000000000 -0.2464326449089564
0.3976391339720083 -0.5000000000000000 -0.2593340160193181
0.5000000000000000 -0.3284608055650857 -0.4473029820131443
0.4534484526755821 -0.3847405685461230 -0.5000000000000000
0.4760326482533630 -0.5000000000000000 -0.4567221930961174
0.5000000000000000 -0.4467435556546757 -0.4297347524643878
0.4463296584002361 -0.5000000000000000 -0.3059093366965649
0.4977640715351903 -0.3814195516467257 -0.1668527801511464
-0.0914076186367439 -0.5000000000000000 0.3998457039747885
0.2757024598205280 -0.2447449039046276 0.5000000000000000
-0.0582341786679665 0.5000000000000000 -0.3684736158619088
-0.0600380665332836 0.5000000000000000 -0.3843290149825774
0.2657457815918011 -0.2625164146199039 0.5000000000000000
-0.0150196734751339 -0.3389420187926237 -0.5000000000000000
-0.0373354572771710 -0.2113624786474906 -0.5000000000000000
-0.0807207323252499 -0.2157605254731603 -0.5000000000000000
-0.0223894452535180 -0.0588890737391916 0.5000000000000000
0.0935999367067161 -0.0440137583490864 0.5000000000000000
0.5000000000000000 -0.3596531284010931 -0.2556314094560033
0.5000000000000000 -0.3864184923463755 -0.1939843103822647
0.4582893746506551 -0.5000000000000000 -0.1814111679414097
0.2701753073452377 -0.5000000000000000 -0.2700802125783335
0.2327028767240085 -0.5000000000000000 -0.0820552676501213
-0.3329071433944820 0.5000000000000000 0.2953983145303082
-0.2059354031888004 -0.0563252635405828 0.5000000000000000
-0.2059440866775408 -0.1953172159062522 0.5000000000000000
-0.1837089137995033 -0.0798412070011800 0.5000000000000000
-0.2423788364136280 -0.2334747030299963 0.5000000000000000
-0.1737645675477197 -0.1718775018547309 0.5000000000000000
-0.3494571094577104 -0.1112443502260931 0.5000000000000000
-0.5000000000000000 0.1569069573824560 -0.0686612644345033
-0.5000000000000000 0.0931760346593992 0.1578935262333555
-0.1787509525508149 -0.0874176995158528 -0.5000000000000000
0.0355902765944035 0.5000000000000000 -0.1437271255647290
0.0069750106442723 0.5000000000000000 -0.3161559647277542
0.5000000000000000 0.3082268007835733 -0.2438112334263446
0.3546778477525885 0.2244504328369643 0.5000000000000000
0.2125876304797507 0.0375548322543325 -0.5000000000000000
0.2402402126665777 0.0820117409090607 -0.5000000000000000
0.1753463118378161 -0.4618552926389154 0.5000000000000000
0.5000000000000000 -0.1888914184613815 -0.3523163199933424
0.5000000000000000 -0.1304248609503447 -0.2598146845373949
0.5000000000000000 -0.1413369828750007 -0.3235962153470106
0.5000000000000000 -0.0912245568706661 -0.3483413635398751
0.5000000000000000 -0.0936258105447969 -0.3832726714988794
0.2436596481529137 -0.2327746824424855 0.5000000000000000
-0.3634764636189918 0.0390580863435845 0.5000000000000000
-0.2349602651847656 0.4456841108200942 0.5000000000000000
0.5000000000000000 0.0931107301426840 0.1988065249720483
-0.3039154859188334 -0.5000000000000000 0.4095118442997631
-0.1121738571716578 -0.5000000000000000 -0.0576864720360036
-0.2276941887281264 -0.4493424474181053 0.5000000000000000
-0.2451919358958876 -0.5000000000000000 0.1779350306038545
-0.2478085871504007 -0.2780639080940382 0.5000000000000000
-0.2026411537098390 -0.5000000000000000 0.0988900042413437
-0.2572183841967123 -0.0424861362918877 0.5000000000000000
-0.2996286463611093 0.0234990876542682 0.5000000000000000
-0.5000000000000000 -0.4134560077818435 -0.4890742276723278
-0.5000000000000000 -0.4511117757996622 -0.3601307780044145
-0.4722562151185289 -0.4306602562446698 -0.5000000000000000
-0.5000000000000000 -0.4521026988956707 -0.3595755210602037
-0.4310747869746680 -0.4707779486709314 -0.5000000000000000
-0.5000000000000000 -0.4488319094072449 -0.4265975666366402
-0.5000000000000000 0.2645744056614845 -0.1134574064791158
-0.5000000000000000 0.3029802493974769 -0.0483197981774901
-0.5000000000000000 0.2841932938963366 -0.2205065578718737
-0.2163302434765495 -0.1516084174757160 -0.5000000000000000
0.0674430722396301 0.0139159036549660 -0.5000000000000000
0.1542374956191357 -0.0599692262141304 -0.5000000000000000
0.0617858410734600 -0.0252602852033144 -0.5000000000000000
0.1023992438831997 -0.1077374899523931 -0.5000000000000000
0.1733276595152300 -0.0102849886754087 -0.5000000000000000
0.5000000000000000 -0.0575668771104967 -0.4422574073386170
-0.4140539827329735 -0.5000000000000000 -0.0623971861157887
-0.4380340685311594 -0.5000000000000000 -0.1784324132737948
-0.0956113877988688 -0.0604656338598188 0.5000000000000000
-0.0376758114654132 -0.1365786986673608 0.5000000000000000
-0.0544323563199642 -0.0509345701283157 0.5000000000000000
-0.0634137783623522 -0.1480544703339929 0.5000000000000000
-0.0460953279539417 -0.1563289870943914 0.5000000000000000
0.2941265936974163 -0.5000000000000000 -0.1944194318769249
0.2952677308677771 -0.5000000000000000 -0.1550604337447206
-0.5000000000000000 -0.0084689727116124 0.4303052964934929
-0.3270083600384321 -0.5000000000000000 0.3086724840087788
-0.3891944214374820 -0.5000000000000000 0.4529597674229900
0.5000000000000000 0.3617072441896671 -0.3469539292799179
0.5000000000000000 0.3307280586583330 -0.2208926600009029
0.3778877545407434 0.5000000000000000 0.3404690385811785
-0.5000000000000000 0.4090761219488281 -0.4206310643024745
-0.5000000000000000 0.4082754401470157 -0.4252274214055989
0.2277188095457418 -0.5000000000000000 -0.2369200230713172
-0.5000000000000000 -0.0703393820418832 0.0683555162975909
0.5000000000000000 -0.0139265551800232 -0.2054830982924481
0.5000000000000000 0.0036897355640038 -0.0957765458442337
0.5000000000000000 -0.0501863654679710 -0.2761756704154570
-0.5000000000000000 -0.2947994836581544 -0.3736711628910163
-0.5000000000000000 -0.3259980326144983 -0.2674372180170592
-0.5000000000000000 -0.2358725204704465 -0.2543856916390762
-0.2674805265015158 -0.3192809550161079 -0.5000000000000000
-0.2524453352294356 -0.3743817240605365 -0.5000000000000000
0.0166066050439342 0.0807085376135019 -0.5000000000000000
-0.1201545059551304 0.0820116060453834 -0.5000000000000000
0.1993835492977174 0.1225025774789025 -0.5000000000000000
0.0065557142697033 0.0653800096653459 -0.5000000000000000
0.0125062769210955 0.0238228128548377 -0.5000000000000000
0.0592861333518482 0.2674407154329570 -0.4992606877375140
-0.1734167607482818 -0.0184742929562625 0.5000000000000000
-0.1263614757543170 -0.0295227395992145 0.5000000000000000
-0.0656604026875315 -0.0287679381274872 0.5000000000000000
-0.0760455400317309 0.3152930470469850 0.5000000000000000
0.0003022782203528 0.3170712691029360 0.5000000000000000
-0.0960741181929174 0.3373351761785444 0.5000000000000000
-0.1191263251948021 -0.4055124623837343 -0.5000000000000000
-0.1043527068856436 -0.5000000000000000 -0.2309258061693317
-0.1940324968448125 -0.4647491904769125 -0.5000000000000000
-0.0700204647656116 -0.3727436692385870 0.5000000000000000
-0.0905980806438369 -0.4591643501903739 0.5000000000000000
-0.1865629655712883 -0.4462560936693719 0.5000000000000000
0.0421863385260139 0.4931221702088742 -0.0447383577401212
0.2416370094310579 0.5000000000000000 -0.1964845014068799
0.5000000000000000 0.2426691391462152 0.2139440272898959
0.5000000000000000 0.1417135600870979 0.1453807685268771
-0.1109631932724855 0.5000000000000000 0.3719475044576735
-0.1674295790766216 0.5000000000000000 0.3684077200693280
-0.0749638171456066 -0.4127430802710197 -0.5000000000000000
0.0229853476461513 -0.3613426933678119 -0.5000000000000000
-0.0066110867744374 -0.4025849630258149 -0.5000000000000000
-0.0437795048883352 -0.4551926746647108 -0.5000000000000000
-0.3271405104796712 -0.5000000000000000 -0.3348327010760361
-0.4143581524406729 -0.5000000000000000 -0.2404876489090902
-0.0501422480360970 0.4093586864185165 0.4951752576602287
-0.2562552089141470 0.2897646912658454 -0.5000000000000000
0.5000000000000000 0.2626682297033833 0.1570400095119603
0.5000000000000000 0.2462783986923123 0.3035748102159835
0.5000000000000000 0.2929973719160397 0.1848159451587679
-0.1598176644241425 -0.5000000000000000 -0.1093902401082422
-0.0772296280606587 -0.5000000000000000 -0.2474042920741332
-0.1603777741060949 0.0647866815636129 -0.5000000000000000
-0.1686261535691735 0.0883350462926569 -0.5000000000000000
-0.4168731958463353 -0.5000000000000000 0.0463179518968348
-0.4749268474279830 -0.5000000000000000 0.2482454345495414
-0.0263176899678766 0.3763918632181142 0.5000000000000000
0.0149116037457143 0.3131641159413402 0.5000000000000000
0.0179053597687121 0.3185010066230864 0.5000000000000000
-0.2057106377189668 -0.0378258343413217 0.5000000000000000
-0.2280427639352703 -0.0027607491487122 0.5000000000000000
-0.5000000000000000 -0.4186299350427324 -0.2217504105799313
0.5000000000000000 -0.2598070784531302 -0.3234489573468074
0.3760093219385439 0.5000000000000000 -0.4138626800175357
0.4757343379321132 0.5000000000000000 -0.3871073793528473
0.4235806174555859 0.3649238672291733 -0.5000000000000000
0.2098238513830001 -0.5000000000000000 -0.1998957669955828
0.1642367594706035 -0.5000000000000000 -0.2511623148388864
0.0908100412220204 -0.5000000000000000 -0.1037851692755882
0.4866714124947770 -0.0679149272515047 -0.5000000000000000
0.5000000000000000 0.0748536008683440 0.0737222184809804
-0.5000000000000000 0.3202862132967762 -0.3868235073345034
-0.5000000000000000 0.3271786469505298 0.3134300963740388
0.0148482101066316 0.5000000000000000 0.3598773219532140
0.0305410955049098 0.5000000000000000 0.1661052528302311
0.3845215896360417 -0.2262744840983935 -0.5000000000000000
0.5000000000000000 -0.2934182493036983 -0.4414284463576992
0.5000000000000000 -0.2387416458374009 -0.4155848507980669
0.5000000000000000 -0.2486187467241828 -0.1387710349653598
0.3880842463808898 -0.2306861409178192 -0.5000000000000000
0.3625955765522894 -0.2223853635436352 -0.5000000000000000
0.3691989372687354 -0.2278959710071840 -0.5000000000000000
0.3933176037687804 -0.1892866492097458 -0.5000000000000000
-0.2021407470615796 0.3598762879058092 0.5000000000000000
-0.5000000000000000 -0.4412972838412201 -0.1928234133410668
-0.5000000000000000 -0.4683888766144220 -0.2342155534674285
0.0185616035013562 -0.0741466346709551 -0.5000000000000000
0.0028823587277847 0.0053407728504695 -0.5000000000000000
-0.4963514987652295 -0.4088838665095771 0.3680611222313547
-0.3263772175402259 0.5000000000000000 0.3622756716838230
-0.3635768649588812 0.5000000000000000 0.2725772452953045
-0.5000000000000000 -0.0570052109785955 0.0375311901540420
-0.5000000000000000 -0.0721531954509962 0.0961248064707287
-0.5000000000000000 -0.0904911347566433 -0.0425962427368403
-0.5000000000000000 0.0523480389021591 0.1431429210791426
-0.1390258169424178 0.2987065449122170 0.5000000000000000
-0.2058240399210882 0.2696401638363187 0.5000000000000000
-0.5000000000000000 0.1733872523567316 -0.0793130975577780
-0.2733750110202204 0.3227802890669745 -0.5000000000000000
-0.3911324334723715 0.3232212448527786 -0.5000000000000000
0.1566250550520762 -0.4004923710816808 0.5000000000000000
0.1411805803918966 -0.3955352588528944 0.5000000000000000
0.3580477272462032 -0.0871603266187937 0.5000000000000000
0.5000000000000000 0.0112144852058967 0.2367584030020286
-0.2399983531868550 0.4229623745524413 0.5000000000000000
-0.5000000000000000 -0.4827321318595815 -0.0563971988699171
-0.2118982802156226 -0.2330793900644571 0.5000000000000000
-0.1821788392017127 -0.2178760346513064 0.5000000000000000
-0.3687324668998247 0.5000000000000000 -0.2625601476427198
-0.5000000000000000 0.1803258550085685 -0.0997523679143583
-0.5000000000000000 0.1667904803686755 -0.0791887067259107
-0.5000000000000000 0.1720908978331631 -0.0850939820108549
-0.5000000000000000 0.1685177731234923 -0.0756992253415164
0.0521545423043461 -0.1828007119452565 -0.5000000000000000
0.1336648829071477 -0.2562552963504042 -0.5000000000000000
0.5000000000000000 0.0801891748953858 0.1416176763470333
0.0773347408160153 0.1242952100320210 0.5000000000000000
0.0812290572819234 0.5000000000000000 -0.1871842031893875
0.1491735167412063 -0.1562352796890746 0.5000000000000000
0.0767592576170942 0.2513431480461390 -0.5000000000000000
0.4964346769931206 0.1351709370218793 0.1217113764378475
0.3132274294652349 -0.2926011645058364 0.5000000000000000
-0.2501044194253392 -0.2598721416721988 0.5000000000000000
-0.2933058125557924 -0.2195996668166372 0.5000000000000000
-0.5000000000000000 -0.4640454491871017 -0.0855880876560082
0.5000000000000000 0.1531487728849243 -0.3212911812942423
0.5000000000000000 0.1322337158135873 -0.2110164326324588
0.5000000000000000 0.1407923768918352 -0.0324773509362495
-0.4886539319408110 0.0553448711889314 0.5000000000000000
-0.1704440330420942 -0.0296167688445705 -0.5000000000000000
0.5000000000000000 0.0201370239218167 -0.3611224742676014
0.5000000000000000 -0.0252968656871390 -0.3724120310845948
0.5000000000000000 -0.0274419591265150 -0.3935666806023888
0.3890084347246044 0.5000000000000000 0.4297270556721435
-0.5000000000000000 0.2605423306236245 0.3209791063587819
-0.3494695571702247 0.3255360009625394 -0.5000000000000000
-0.2819360280560783 0.2828206661311650 -0.5000000000000000
-0.5000000000000000 0.0170856432908429 0.4213789479874593
-0.2669909565480090 0.3265362629088860 0.5000000000000000
0.3651365806045409 -0.0868821251992151 0.5000000000000000
0.5000000000000000 -0.2425064054746458 0.1134480033413006
-0.0728461152390801 -0.4671621782063087 -0.5000000000000000
0.4635185737866744 0.5000000000000000 0.2448938682828885
0.2770560005347553 0.5000000000000000 0.4511701640367193
0.5000000000000000 0.4341786303433318 0.2886253938102243
-0.0073374538049485 0.3545689131476947 -0.5000000000000000
-0.4339479182376048 -0.0774720070335321 -0.5000000000000000
-0.5000000000000000 0.4550743727860663 0.2333090416373708
-0.2654416125126443 -0.4593814917219700 -0.5000000000000000
0.2750825809132962 0.5000000000000000 0.4462988647080538
0.2884914938925625 0.5000000000000000 -0.2915902298680210
0.1157172516625608 0.5000000000000000 -0.2350431418859031
-0.3961466774486228 0.3239035076065644 -0.5000000000000000
-0.4741728229469906 0.3525162267841392 -0.5000000000000000
0.1028275648779138 0.0741041522493570 0.5000000000000000
0.1141151540909595 -0.0119360957770279 0.5000000000000000
-0.4283468375506413 0.0769679655599507 0.5000000000000000
-0.0615552397763426 -0.5000000000000000 -0.4465588696460739
-0.3834254616430688 0.3141016215832802 -0.5000000000000000
0.5000000000000000 -0.2983485466449528 -0.4497101557462358
0.5000000000000000 -0.3049859967697198 -0.4581119666193744
0.4616069122232280 -0.2746172668529356 -0.5000000000000000
0.5000000000000000 -0.2536844434246433 -0.4477102940636609
0.2755978703380904 0.5000000000000000 0.4504404966637847
-0.5000000000000000 -0.1200950878198994 -0.2154210732950401
0.5000000000000000 -0.2698241178210899 0.0838476565844843
0.5000000000000000 0.1342974888970921 0.1029369409192127
-0.4914378020289575 -0.3145511098840227 0.5000000000000000
-0.5000000000000000 -0.0203301350451754 0.3175363097746843
0.3714160615152129 -0.0754148565420918 0.5000000000000000
0.2764042947793869 0.1302820070070644 0.5000000000000000
-0.0485742939943188 -0.0374582945974066 0.5000000000000000
0.1027500348049305 -0.0230167903322653 0.5000000000000000
0.4133705970833074 -0.2721288080446917 -0.5000000000000000
-0.2993404511478664 0.2367209540366096 -0.5000000000000000
0.5000000000000000 -0.1010800651342438 -0.4365876954162061
0.3635969664548263 -0.0966948347139415 0.5000000000000000
0.5000000000000000 -0.2541741780501863 0.1505449330812901
-0.5000000000000000 -0.4086265279673086 0.3871342875695575
-0.5000000000000000 -0.4199188296473817 0.3122370540074040
0.2111937063460161 0.1244339651994536 -0.5000000000000000
0.2079765751188208 0.1070497655463810 -0.5000000000000000
0.2124065731197534 0.1214197930504974 -0.5000000000000000
0.2771083559328077 0.1389320730996624 0.5000000000000000
-0.5000000000000000 -0.4696156082285948 -0.2355440906061540
0.5000000000000000 -0.0847147877503601 -0.4449086078845774
-0.5000000000000000 0.1248483546535499 0.2086068528227433
-0.1232180679438026 -0.1955730948879371 0.5000000000000000
-0.0944453359335093 -0.2037997546418304 0.5000000000000000
0.3608978612570701 -0.0830118039338946 0.5000000000000000
-0.3178927610774306 -0.4700066298466729 -0.5000000000000000
-0.3661946228063727 -0.1053046740509534 0.5000000000000000
-0.5000000000000000 0.1620829007438415 0.1992737659976905
-0.5000000000000000 0.0961462009062538 0.2509817818497442
-0.1048279722138035 0.3916950148508931 -0.5000000000000000
-0.5000000000000000 -0.4812457136249444 -0.1152451907974105
-0.4004703334269870 -0.0781216224747816 0.5000000000000000
0.4984262250916597 -0.3344567753572072 0.3115010863815545
0.1189799672677375 0.0623092455637517 0.5000000000000000
0.4639350216669649 -0.0825380744580482 -0.5000000000000000
-0.1834933514519249 0.4869770168322588 -0.5000000000000000
-0.3815517539958808 -0.0819961447088957 0.5000000000000000
0.1219771653633933 -0.0149618617204737 0.5000000000000000
224 21
225 41
227 113
228 131
0 5
0 229
0 230
0 231
0 100
0 232
0 233
0 189
0 234
0 235
0 236
1 3
1 7
1 26
1 36
1 237
1 55
1 238
1 88
1 239
1 240
1 108
1 119
1 241
1 150
1 242
1 243
1 190
2 4
2 8
2 244
2 40
2 42
2 245
2 56
2 65
2 76
2 77
2 84
2 246
2 247
2 157
2 170
2 185
2 186
2 1192
2 204
2 248
3 249
3 250
3 251
3 60
3 252
3 108
3 119
3 151
3 253
3 254
3 255
3 189
3 190
3 256
3 215
3 257
258 148
259 130
260 134
261 174
4 8
4 262
4 263
4 649
4 65
4 650
4 264
4 265
4 138
4 170
4 185
4 1192
4 204
4 207
266 83
267 214
5 268
5 269
5 270
5 99
5 100
5 108
5 271
5 272
5 189
5 273
274 43
275 588
276 12
277 17
278 58
279 93
280 127
281 145
282 176
283 183
284 199
285 201
286 216
287 220
6 8
6 288
6 29
6 413
6 65
6 97
6 121
6 141
6 170
6 171
6 289
6 290
6 207
291 107
292 20
293 50
294 39
295 49
296 142
297 166
298 182
299 79
300 91
301 110
302 130
303 134
304 174
305 223
7 306
7 26
7 51
7 55
7 307
7 135
7 150
7 209
308 27
309 42
310 133
311 148
312 156
8 29
8 48
8 65
8 650
8 75
8 313
8 314
8 170
8 185
8 193
8 207
8 216
315 99
316 108
317 189
318 198
9 33
9 319
9 44
9 133
9 1117
9 144
9 148
9 320
9 321
10 37
10 322
10 69
10 76
10 323
10 121
10 324
10 325
10 326
10 1105
10 157
327 120
328 30
329 57
330 130
331 202
332 94
333 152
11 46
11 53
11 98
11 136
11 147
11 203
11 210
11 334
11 219
12 49
12 58
12 93
12 111
12 127
12 151
12 166
12 176
12 183
12 206
12 215
12 218
335 129
13 336
13 28
13 30
13 46
13 57
13 337
13 86
13 338
13 339
13 340
13 123
13 919
13 129
13 341
13 140
13 162
13 180
13 194
13 342
14 26
14 36
14 55
14 343
14 59
14 344
14 90
14 345
14 122
14 125
14 126
14 346
14 163
14 192
14 197
14 209
14 347
348 47
349 50
350 51
351 150
352 158
353 179
354 209
355 212
356 168
357 43
358 141
359 62
360 86
361 92
362 117
363 172
15 364
15 34
15 37
15 44
15 70
15 226
15 84
15 365
15 366
15 113
15 367
15 139
15 1105
15 1092
15 164
15 368
15 184
15 369
15 214
16 370
16 371
16 45
16 46
16 372
16 72
16 85
16 98
16 105
16 373
16 159
16 167
16 374
16 375
16 376
16 377
16 378
16 379
17 31
17 63
17 380
17 87
17 93
17 102
17 103
17 122
17 125
17 127
17 381
17 145
17 155
17 181
17 183
17 191
18 382
18 383
18 384
18 120
18 135
18 385
18 386
18 387
18 388
389 65
390 97
391 104
392 34
393 97
394 171
19 28
19 395
19 62
19 86
19 396
19 118
19 919
19 397
19 161
19 398
19 177
19 399
20 23
20 39
20 47
20 400
20 401
20 402
20 106
20 403
20 994
20 404
20 405
20 406
20 407
20 408
20 409
20 410
20 1269
411 110
412 155
414 168
21 41
21 226
21 83
21 415
21 113
21 131
21 137
21 416
21 149
21 417
21 164
21 418
21 419
21 214
22 420
22 61
22 95
22 107
22 421
22 422
22 128
22 423
22 424
22 425
22 426
22 427
23 39
23 47
23 428
23 429
23 96
23 99
23 430
23 431
23 432
23 198
23 1269
433 57
434 129
435 180
436 60
24 31
24 59
24 61
24 64
24 437
24 438
24 79
24 439
24 103
24 440
24 441
24 442
24 155
24 174
24 179
24 181
24 179
24 195
24 209
24 212
443 105
25 32
25 41
25 444
25 68
25 78
25 445
25 101
25 592
25 446
25 165
25 447
25 196
25 205
25 448
25 210
26 36
26 51
26 55
26 449
26 59
26 450
26 88
26 451
26 122
26 135
26 452
26 150
26 192
26 209
27 40
27 453
27 56
27 74
27 80
27 132
27 454
27 148
27 154
27 156
27 173
27 187
27 455
27 456
27 457
458 43
459 588
460 50
28 86
28 92
28 461
28 462
28 118
28 123
28 919
28 136
28 162
28 177
28 180
463 98
464 210
29 65
29 75
29 465
29 466
29 141
29 170
29 467
29 207
468 62
469 137
470 188
471 99
472 100
30 57
30 473
30 123
30 919
30 130
30 474
30 140
30 162
30 194
30 202
30 223
475 42
476 76
477 204
478 130
31 64
31 102
31 103
31 122
31 125
31 158
31 182
31 183
31 179
31 191
31 195
31 209
479 129
32 41
32 480
32 81
32 481
32 94
32 101
32 114
32 482
32 149
32 152
32 165
32 169
32 205
483 70
484 164
485 78
33 486
33 487
33 488
33 70
33 94
33 114
33 489
33 490
33 1117
33 144
33 148
33 152
33 165
33 491
33 492
34 37
34 493
34 65
34 66
34 84
34 97
34 494
34 104
34 495
34 139
34 1092
34 496
34 171
34 497
35 40
35 41
35 74
35 89
35 115
35 131
35 145
35 146
35 154
35 163
35 173
35 208
35 213
498 69
36 55
36 90
36 499
36 500
36 190
37 501
37 44
37 69
37 70
37 84
37 114
37 121
37 139
37 1117
37 502
37 1105
37 157
37 164
37 171
37 184
37 503
504 62
505 172
506 188
38 45
38 73
38 507
38 79
38 85
38 105
38 120
38 508
38 143
38 153
38 159
38 167
38 509
38 1160
38 510
38 223
511 107
512 994
39 47
39 67
39 96
39 106
39 994
39 513
39 514
39 142
39 182
39 515
39 516
39 1269
39 222
517 44
518 69
519 70
520 94
521 1117
522 144
523 1105
524 220
40 42
40 48
40 56
40 77
40 84
40 115
40 154
40 156
40 173
40 175
40 176
40 185
40 193
40 213
41 62
41 525
41 101
41 113
41 114
41 131
41 137
41 139
41 526
41 148
41 149
41 154
41 161
41 164
41 165
41 175
41 188
41 200
41 205
41 208
527 43
528 54
413 529
413 530
413 121
413 141
413 168
413 170
413 171
413 531
413 532
413 533
413 534
413 204
413 207
535 81
536 152
537 58
538 75
539 176
540 185
541 216
542 220
543 138
544 178
545 220
546 91
547 118
548 131
549 146
550 161
551 221
42 552
42 56
42 76
42 77
42 84
42 553
42 156
42 157
42 170
42 554
42 555
43 54
43 556
43 557
43 588
43 558
43 559
43 560
43 561
43 562
43 563
43 564
43 169
43 565
44 69
44 70
44 84
44 114
44 133
44 566
44 1117
44 144
44 148
44 156
44 157
44 164
44 175
44 184
567 104
45 568
45 79
45 82
45 85
45 98
45 105
45 116
45 159
45 167
45 197
45 203
569 78
570 80
571 148
46 72
46 85
46 98
46 572
46 129
46 136
46 147
46 162
46 167
46 180
46 573
46 574
46 575
46 576
577 86
578 92
579 117
580 147
581 180
47 582
47 50
47 583
47 96
47 106
47 107
47 584
47 585
47 150
47 158
47 586
47 182
47 198
47 587
47 222
589 81
590 169
591 80
593 148
594 50
595 168
596 69
48 65
48 66
48 75
48 77
48 89
48 113
48 115
48 131
48 597
48 1092
48 193
48 598
48 599
48 216
600 174
601 91
602 110
603 146
49 52
49 58
49 604
49 111
49 605
49 606
49 142
49 607
49 608
49 166
49 183
49 185
49 186
49 206
49 218
50 609
50 610
50 88
50 611
50 109
50 612
50 150
50 198
50 222
51 59
51 613
51 614
51 615
51 135
51 150
51 616
51 209
51 212
52 56
52 617
52 618
52 111
52 166
52 185
52 186
52 619
52 206
52 215
53 101
53 117
53 136
53 147
53 196
53 200
53 620
53 210
53 219
54 621
54 588
54 83
54 622
54 623
54 624
54 149
54 625
54 626
54 627
54 169
54 172
54 628
54 629
630 76
631 157
632 204
633 138
634 168
635 204
55 88
55 90
55 119
55 122
55 150
55 190
55 192
56 636
56 60
56 111
56 156
56 173
56 176
56 185
56 186
56 193
56 637
56 638
56 215
56 217
56 639
640 100
641 59
642 120
643 135
644 159
645 197
646 62
647 137
648 188
57 651
57 652
57 124
57 129
57 653
57 654
57 655
57 194
57 202
656 116
657 203
658 219
659 98
660 116
661 159
662 203
663 72
664 129
58 111
58 127
58 665
58 666
58 176
58 183
58 185
58 216
58 218
58 220
59 667
59 79
59 82
59 120
59 135
59 159
59 163
59 174
59 181
59 197
59 209
59 212
668 60
669 186
670 215
649 650
649 671
649 138
649 672
649 673
649 185
649 1192
649 207
674 218
675 220
60 676
60 112
60 151
60 187
60 190
60 677
60 678
60 215
60 217
60 679
680 142
681 178
61 64
61 682
61 683
61 95
61 102
61 128
61 684
61 685
61 686
61 179
61 179
61 687
62 86
62 92
62 688
62 101
62 137
62 689
62 149
62 690
62 161
62 691
62 692
62 177
62 188
62 693
62 200
694 63
695 91
696 110
697 174
698 141
699 76
63 64
63 700
63 701
63 102
63 103
63 702
63 703
63 704
63 145
63 155
63 705
63 706
63 707
63 183
63 708
63 191
63 709
63 710
64 711
64 102
64 103
64 712
64 713
64 155
64 714
64 179
64 191
64 715
716 131
717 146
718 199
719 70
720 94
65 66
65 75
65 77
65 84
65 97
65 104
65 121
65 170
65 171
65 185
65 721
65 193
65 722
65 723
724 126
725 70
726 588
727 83
728 94
729 114
730 164
731 169
732 214
66 77
66 84
66 104
66 113
66 115
66 139
66 1092
66 733
66 193
66 734
67 95
67 106
67 107
67 994
67 735
67 142
67 736
67 178
67 182
67 201
67 737
738 172
739 68
740 592
741 147
742 205
743 210
744 134
745 174
746 81
747 79
748 120
749 135
750 174
751 212
68 752
68 753
68 101
68 754
68 755
68 149
68 756
68 757
68 758
68 169
68 196
68 205
68 759
68 760
69 76
69 761
69 762
69 1117
69 763
69 764
69 157
70 94
70 765
70 114
70 766
70 144
70 767
70 1105
70 164
70 214
70 768
769 588
770 81
771 169
772 205
588 81
588 773
588 774
588 169
588 775
588 776
650 777
650 778
650 779
650 138
650 141
650 780
650 781
650 168
650 185
650 204
650 207
71 96
71 108
71 109
71 119
71 127
71 151
71 166
71 182
71 183
71 189
71 192
71 782
72 85
72 783
72 784
72 129
72 140
72 160
72 162
72 785
72 786
72 1160
72 787
72 788
72 789
72 790
72 791
792 129
793 180
794 99
795 198
73 796
73 105
73 797
73 798
73 799
73 143
73 153
73 1160
73 202
73 211
73 223
226 113
226 1092
226 164
226 214
800 88
801 108
802 109
803 150
804 198
74 80
74 132
74 154
74 163
74 173
74 203
74 208
74 213
74 221
75 805
75 806
75 807
75 808
75 809
75 810
75 185
75 811
75 812
75 813
75 814
75 216
815 120
816 134
817 143
818 202
819 211
76 820
76 821
76 121
76 822
76 823
76 157
76 170
76 824
76 825
76 204
77 84
77 115
77 139
77 175
77 184
77 185
77 193
826 145
827 199
78 80
78 828
78 592
78 148
78 165
78 829
78 196
78 830
78 219
79 82
79 87
79 91
79 110
79 120
79 134
79 831
79 143
79 155
79 159
79 167
79 174
79 181
79 197
79 223
832 199
80 101
80 592
80 833
80 132
80 834
80 148
80 154
80 165
80 196
80 203
80 208
80 219
80 221
835 186
836 91
837 110
838 919
839 130
840 168
841 204
81 842
81 843
81 844
81 845
81 169
81 846
81 205
82 87
82 91
82 110
82 118
82 123
82 132
82 163
82 167
82 181
82 197
82 203
82 208
82 221
847 124
83 114
83 137
83 848
83 849
83 149
83 850
83 851
83 164
83 169
83 852
83 214
83 853
84 121
84 139
84 156
84 157
84 170
84 171
84 175
84 184
854 152
855 165
856 205
857 135
858 124
859 129
860 194
861 105
862 1160
863 99
864 198
865 1269
866 133
867 148
85 868
85 105
85 140
85 143
85 153
85 160
85 162
85 167
85 869
85 1160
85 223
870 107
86 92
86 871
86 872
86 873
86 874
86 177
86 180
875 106
876 107
877 994
878 198
87 103
87 110
87 879
87 125
87 145
87 146
87 155
87 163
87 181
87 208
87 221
88 880
88 108
88 109
88 119
88 122
88 150
88 881
88 158
88 182
88 179
88 192
88 209
88 222
882 166
883 186
884 189
885 117
886 147
887 124
888 202
889 211
890 147
89 115
89 891
89 131
89 145
89 146
89 193
89 892
89 199
89 213
89 216
90 893
90 112
90 122
90 125
90 126
90 163
90 187
90 190
90 192
90 197
90 217
91 110
91 118
91 123
91 919
91 130
91 146
91 162
91 167
91 894
91 895
91 221
91 223
896 112
897 190
92 117
92 136
92 147
92 898
92 899
92 900
92 177
92 180
901 137
93 111
93 122
93 125
93 127
93 145
93 151
93 173
93 176
93 183
93 190
93 192
93 215
93 217
94 114
94 902
94 903
94 904
94 152
94 169
905 138
906 186
907 1192
908 112
909 126
910 190
95 911
95 102
95 106
95 107
95 912
95 128
95 913
95 914
95 158
95 915
95 182
95 183
95 916
95 201
96 99
96 100
96 108
96 109
96 166
96 182
96 189
96 198
96 917
96 1269
96 222
918 124
97 920
97 921
97 104
97 171
97 922
97 923
924 105
925 124
926 129
927 140
928 153
929 160
930 211
98 931
98 136
98 147
98 162
98 167
98 932
98 203
98 210
98 933
98 219
934 138
935 186
936 104
937 102
99 100
99 938
99 108
99 939
99 940
99 189
99 198
99 1269
941 180
942 172
100 943
100 189
100 944
100 945
100 1269
101 117
101 148
101 149
101 154
101 946
101 165
101 196
101 200
101 205
101 947
101 208
101 219
101 221
948 186
949 109
950 150
951 198
102 103
102 128
102 952
102 953
102 158
102 179
102 182
102 183
102 179
102 191
102 201
954 171
103 955
103 155
103 181
103 956
103 179
103 191
103 195
957 121
958 1105
959 170
960 171
961 134
962 174
104 1092
104 963
104 171
104 964
104 965
105 966
105 120
105 967
105 153
105 968
105 159
105 969
105 970
105 971
105 1160
105 972
105 973
105 974
975 124
976 202
977 138
978 141
979 168
980 204
981 207
982 220
983 1105
106 107
106 994
106 158
106 182
107 984
107 994
107 985
107 986
107 987
107 128
107 158
107 988
107 989
107 990
107 991
107 992
107 993
995 135
108 109
108 119
108 996
108 189
108 198
997 164
998 214
109 119
109 150
109 999
109 182
109 192
109 198
109 222
110 134
110 1000
110 146
110 155
110 1001
110 167
110 174
110 1002
110 221
111 176
111 185
111 206
111 215
111 217
112 126
112 187
112 1003
112 190
112 217
112 1004
113 115
113 131
113 139
113 154
113 1092
113 164
113 175
994 1005
994 1006
994 1007
1008 128
1009 158
114 144
114 1010
114 149
114 152
114 164
114 165
114 169
114 175
114 184
115 131
115 139
115 154
115 175
115 184
115 193
115 213
116 126
116 132
116 1011
116 1012
116 1013
116 159
116 1014
116 197
116 203
116 1015
116 1016
117 136
117 147
117 1017
117 177
117 180
117 200
117 1018
118 123
118 919
118 136
118 146
118 161
118 177
118 1019
118 221
1020 1105
1021 164
1022 207
1023 138
1024 199
1025 216
1026 150
1027 142
1028 166
1029 183
1030 218
1031 220
119 127
119 151
119 1032
119 183
119 189
119 190
119 192
592 196
592 210
592 1033
592 219
1034 152
1035 186
120 1036
120 134
120 135
120 1037
120 143
120 159
120 1038
120 1039
120 1040
120 1041
121 1105
121 157
121 170
121 171
122 125
122 127
122 158
122 181
122 182
122 183
122 179
122 192
122 195
122 209
122 222
1042 203
1043 219
123 919
123 130
123 136
123 162
123 167
123 221
124 129
124 1044
124 140
124 1045
124 160
124 1046
124 194
124 1047
124 1048
124 202
124 211
124 1049
1050 149
1051 169
1052 172
919 130
919 162
919 1053
1054 131
1055 145
1056 146
1057 155
1058 199
1059 220
125 145
125 163
125 173
125 181
125 187
125 190
125 191
125 192
125 195
125 209
125 217
1060 153
1061 211
126 132
126 1062
126 1063
126 163
126 187
126 1064
126 197
126 1065
126 1066
127 145
127 151
127 166
127 176
127 183
127 192
1067 128
1068 158
1069 210
1070 143
1071 1160
1072 141
1073 207
1074 168
1075 169
1076 172
128 1077
128 158
128 179
1078 147
1079 185
1080 186
1081 218
129 1082
129 140
129 1083
129 162
129 194
129 1084
130 134
130 1085
130 162
130 1086
130 202
130 223
131 1087
131 1088
131 146
131 154
131 1092
131 161
131 1089
131 1090
131 200
131 208
131 221
1091 146
132 1093
132 1094
132 163
132 173
132 187
132 1095
132 197
132 203
132 208
133 1096
133 1097
133 1117
133 144
133 148
133 156
133 1098
134 1099
134 1100
134 143
134 1101
134 174
134 202
134 223
135 1102
135 1103
135 1104
135 212
1106 171
1107 138
1108 1192
1109 1117
1110 152
1111 174
1112 155
1113 174
136 147
136 161
136 162
136 167
136 177
136 180
136 200
136 203
136 219
136 221
1114 174
1115 202
1116 211
137 149
137 1118
137 188
138 1119
138 168
138 1120
138 1121
138 1192
138 204
138 207
139 1092
139 164
139 175
139 184
1122 143
1123 174
1124 161
1125 200
1126 153
1127 1160
1128 1117
1129 156
1130 157
1131 203
1132 219
140 1133
140 160
140 162
140 194
140 202
140 211
140 223
1134 142
141 1135
141 1136
141 1137
141 207
1138 158
1139 179
1140 212
1141 220
1142 186
1143 172
1144 205
1117 1145
1117 157
1146 1105
142 1147
142 166
142 1148
142 178
142 182
142 183
142 1149
142 201
142 1150
142 218
142 220
143 153
143 202
143 223
1151 178
1152 183
1153 201
1154 220
144 148
144 165
144 175
144 184
144 1155
145 146
145 155
145 163
145 173
145 176
145 193
145 199
145 208
145 213
145 216
1156 160
1157 211
146 155
146 1158
146 161
146 1159
146 199
146 208
146 221
1161 152
1162 169
147 162
147 1163
147 180
147 1164
147 1165
147 1166
147 210
148 154
148 156
148 165
148 175
148 1167
148 1168
149 1169
149 1170
149 164
149 169
149 172
149 1171
149 188
149 200
149 205
150 158
150 1172
150 1173
150 209
150 212
150 222
151 166
151 183
151 189
151 190
151 192
151 1174
151 206
151 215
151 217
1175 186
152 165
152 1176
153 160
153 1160
153 202
153 1177
153 211
153 223
1178 159
1179 197
154 156
154 173
154 175
154 208
154 213
1180 169
1181 172
1182 177
1183 188
1184 200
155 1185
155 174
155 181
155 1186
155 221
1187 186
156 157
156 173
156 175
156 1188
1105 171
1105 1189
1190 190
157 170
1092 1191
1193 198
158 179
158 182
158 179
158 209
158 212
158 222
159 1194
159 197
159 1195
160 202
160 1196
160 211
160 223
1197 185
1198 186
1199 1192
1200 210
161 177
161 1201
161 200
161 221
162 167
162 180
162 223
1202 185
1203 218
1204 220
1205 168
1206 205
1207 172
1208 188
163 173
163 181
163 187
163 197
163 208
163 209
163 213
164 175
164 184
164 214
1209 210
165 175
165 196
165 1210
166 182
166 183
166 189
166 1211
166 206
166 1212
166 215
167 203
167 221
167 223
1213 174
168 1214
168 1215
168 1216
168 204
168 207
1217 214
1218 180
169 172
169 1219
169 205
1220 202
170 1221
170 204
170 207
171 1222
171 1223
172 1224
172 188
172 1225
173 176
173 187
173 213
173 1226
173 217
173 1227
1228 210
174 1229
175 184
176 185
176 193
176 213
176 215
176 216
176 217
1230 188
1231 178
1232 201
177 200
178 1233
178 1234
178 201
178 220
179 212
1235 204
180 1236
181 191
181 195
181 197
181 209
182 183
182 192
182 201
182 1237
182 222
1238 1192
183 191
183 192
183 201
183 218
183 220
1239 1160
185 186
185 193
185 1192
185 207
185 216
1240 210
186 1192
186 1241
186 1242
187 1243
187 190
187 217
187 1244
1245 201
188 1246
1247 220
179 195
179 209
179 212
189 198
189 1248
189 1249
1160 1250
1160 1251
190 192
190 217
191 195
193 1252
193 213
193 216
194 202
1253 199
1254 216
1192 1255
1256 211
1257 220
195 209
196 205
196 1258
196 210
196 219
197 203
197 1259
197 1260
198 1269
198 222
199 216
200 208
200 219
200 221
201 220
1261 215
1262 202
202 211
202 223
203 208
203 1263
203 219
203 221
204 207
205 1264
206 215
1265 210
208 221
1266 214
1267 211
209 212
210 1268
210 219
1270 217
1271 220
214 1272
215 217
1273 219
217 1274
218 220
219 221
