1312 2343 0
-0.4086938152151250 0.3854615662395671 -0.4572269970291557
0.0550283497657960 0.1126598921692643 -0.0090486481269322
-0.0148742484272423 0.4874343094020875 -0.0800503407696733
-0.2435221835783465 -0.0643399258107182 0.4944769907401067
-0.0676210111328987 -0.4827112247260506 -0.4421823254451586
-0.4779977998146647 -0.4182011519841148 0.0590526071133513
-0.2817821955727292 -0.1197257421294877 -0.4311085525329068
0.1711058637830262 0.1937340177150855 -0.3168908691207576
0.1717586285372302 0.0341264456158846 0.0114950498223225
-0.2290329945898812 0.0486689361997349 0.4027760278552159
-0.3740801972784625 -0.1064129858805653 0.2240510625592394
-0.2086617066362505 -0.2050532677041790 -0.2510099038521391
-0.3922421028042327 0.2790581453771170 0.3857122048436406
0.0232104180771506 -0.3673943558862754 -0.4827590454361059
-0.0532471739139671 -0.3042696329706337 -0.4030260048769871
0.3652655745564907 0.3793790261102254 0.3453104170741021
-0.1358080336302468 -0.0327175966883317 -0.2676451934911165
-0.2820355022795963 -0.2798021660833143 0.4883846504356012
0.3925438517012692 0.2370433267449966 -0.4160026684614435
-0.3727388394634750 0.3914212004902221 -0.2375662256330541
-0.1660097774583384 -0.2699301164666431 0.0638908183703302
0.2543898589847285 0.0258485691745930 0.0959711432102504
0.3614278090355111 0.4535107540019205 0.0826196548644353
0.4288539935797278 0.0327395120922063 -0.4751406415052162
-0.0214977406112597 -0.3801750591540639 -0.1979053419719174
0.4739900032757119 0.3265428041729455 0.2754231793105567
-0.0651400492903121 -0.1265044693185302 -0.2466935607772613
0.3659391302856020 0.4625308491092769 0.2311378874971824
0.0645333431566305 -0.2262866662868511 -0.3864627279889473
0.2435748120344861 0.1371698804174940 -0.1261023910759400
0.1142321018793361 0.1448790432670677 -0.0215387256645792
-0.3958968894204679 -0.1025475523470495 0.0565473517733376
0.3602297585937985 -0.1537379419913868 -0.1392759509339085
0.2795485817330748 0.2997013652694726 0.0119720953248108
-0.0274243766727376 0.3898936432270472 0.4762422638746056
-0.2029962904755576 0.2601678522025121 0.1042607713811611
0.3336819742990701 -0.2213056501749793 -0.3577132087902224
-0.4118802366594395 0.0210968698619942 0.1157129581485011
0.1778060292765588 0.1810625515036571 -0.4735507814410892
-0.2547347030417669 -0.0034970684636551 0.0790718885401351
0.2344135971188221 0.1163610036769268 -0.1801503555669189
0.3469964389063723 0.0459670085312522 0.1732909537432839
0.1670147699055026 0.0805369978738968 0.1913514012983429
-0.2898701337866222 -0.3907132863055822 -0.1651284558033624
-0.1450783654407734 -0.0283724905970604 -0.0470354170870526
-0.3984129560055850 0.3760156164289349 0.4022472386230873
0.0517443150828853 0.3456390618112610 0.4568676514285436
0.1053228135538033 -0.3796862079426470 0.2696587777530052
0.3872571446304384 -0.1730031614295064 -0.2085745472047937
0.3971345326642694 0.1365889158948154 0.1128522144549606
0.1574499984618826 -0.1340587976378273 -0.0575894116223830
0.0483027408489762 0.1550591355492881 -0.0251335109743648
0.4412029903913738 -0.4240662694256576 -0.3502642286197959
-0.3966120133633007 -0.4074874141761425 0.4943088692102711
0.2326372877872584 -0.0396503186830571 -0.1300875836454190
-0.0578396039706969 0.1110133517928290 -0.0316013194252396
0.4600171566552237 -0.0833443930602082 0.1407122530471142
-0.1323656065574061 -0.1732389624777306 0.3318738300056037
0.4613708902826426 0.0005109420689675 -0.2623754703690685
0.1843631082800994 -0.4443687737854581 0.3494086325719036
-0.0643584033737164 0.1251870567855676 -0.2632613122217348
0.2142268378860571 -0.4285052761421086 -0.0864269329346096
0.4271635230726336 -0.0989779995120483 -0.2020310502256412
-0.0368590548580610 -0.3726069960260857 -0.2195148261331053
0.0687798294947331 -0.1836106581274589 -0.0003945603819347
-0.4627853056019250 0.2842382558471546 -0.3100073609182640
0.1693871134121501 -0.4419413732371099 -0.1531790584408375
0.3694729325055885 0.0185273472016177 -0.4381849156945211
0.3070059840313936 0.2952131326637986 -0.2267236462224017
-0.1175738244824716 0.3342016239060103 -0.1606111348300794
0.3163224308551796 -0.2307068444144563 0.3272549555613093
-0.1818911733023959 -0.0965280050506202 0.1502808785990618
0.2151015998658584 0.4217588067694327 -0.1102327443466350
0.1154257386850600 -0.4773893665011861 -0.0131980400667596
0.1232963848599795 0.0307302861311206 0.2075431498651646
-0.1145318522194096 0.3745494140352292 0.2683119931466237
0.1151656550395322 -0.0473764172909870 0.0335687496452007
-0.3300351438800058 0.2657854659276662 -0.1824557303454261
-0.1782903300955663 0.2791007378762916 -0.4531832393339323
0.4488630830955467 0.3092139823348592 0.2979397317566472
0.3116848523811165 -0.1634101448830328 0.2040128698684683
0.1222272544076657 0.4453651884609082 -0.3779438312236957
-0.3262552996432446 -0.0774377777346134 -0.1408433534669262
-0.3001502152515670 0.4826056180080572 -0.4735870251394035
-0.3584977921870989 -0.4598909548304205 -0.3963656093358792
0.4700764884946089 0.1981821610408766 0.1634539897298271
-0.2613712045845087 -0.3952803754834983 -0.3669628435120866
0.1238124652432986 -0.0220524011775242 -0.2496177479734860
0.4343052391787134 0.0345065864910206 0.3147542537819349
-0.2987951820394771 0.2221822397254518 0.4377835718033929
0.3129469135213839 0.2583325609079120 0.1360398500360646
0.0126219761405092 0.0986183462866888 0.3768541755126371
-0.1732563343777191 0.3881201253846019 -0.0011332176370596
-0.1473738614532752 -0.0882200741861556 0.0476863008077047
-0.3338578445496346 -0.0636770117580085 -0.0981605924639980
-0.3852688052455006 -0.3071209076021902 -0.4205900992458800
0.0001073413474429 -0.2775858550753054 -0.0213598331484727
0.3041709883373311 0.2313470226545298 0.1222808998851760
-0.4804705260968732 -0.3643007273893619 -0.2482938879006608
-0.2243863759955369 -0.2078971815217730 -0.4173318193430823
-0.0187098954967157 0.0557351509322668 -0.3797800002887221
0.3088411656610234 0.3828300085812282 -0.2216176556760548
0.2479153727684405 -0.1989366872872361 0.2851605220598141
0.3724382375765494 0.3555325625244068 -0.4144730003085677
-0.1939375860300398 0.4162190849889307 0.0953287240376498
-0.4332343328875038 -0.1282227455649524 -0.2538513073427706
-0.1414634448969791 0.0855601026187951 0.1693259560622778
-0.0475558861891507 0.2965608894269368 -0.3589014793980725
0.2789571637513822 0.1232428871402139 -0.4741739178326733
-0.4431235931239844 0.2497562636040977 -0.0113192075087782
0.2762964834464641 0.2365312967750167 0.2423661910974857
-0.0461551046460797 0.3564390789563670 0.0078443151707265
0.1636975670153853 0.1328320800523131 -0.0166605847134933
-0.3944361609781711 -0.1681045751541200 -0.0086671535046847
0.3952022829150737 0.2377122308128673 -0.1204903197446767
0.1101306690319852 -0.3105794752916810 -0.1377074488237537
0.1758298612664947 -0.2277798487157411 0.1727588183484026
0.1158435038230471 -0.1459277358310778 0.2573417008890415
-0.0868905171729684 -0.3297777923300788 0.4829277887696730
0.2485556962073006 -0.2356490197553422 -0.4316290405198243
0.1800964725063465 0.0749275344726925 0.1565017872122105
-0.1249396407791688 -0.3576002607071868 0.0910930068698052
0.1979663151969609 0.4677893053286393 0.1990417999109459
0.1093580287504962 -0.3631525108022656 -0.3206242792013624
0.0386205813797830 -0.0593794426765066 0.1336818431403732
0.3935880136840267 -0.2704765596316960 -0.1926509234917773
-0.4666944649181035 -0.1525357916675148 -0.1843196419388496
-0.3703318031732273 -0.2846052044457407 -0.1368067335446511
-0.3177249702912376 -0.4235738559912861 -0.2308584621310767
-0.2973285865121864 -0.2523212688843732 -0.0435042199874430
0.0460686543749157 -0.4562143351777659 -0.1311975668362061
0.3995796958059914 -0.4819108643346786 0.3978228177166339
0.3362883313966086 -0.1420581929072302 -0.2085658275636611
0.1141474399153673 -0.4552898489614448 -0.3179760080045579
-0.2888307591858989 0.4537524671905075 0.0184373854011765
0.0516768654739249 -0.0847607617341128 0.3526216331453688
-0.2738353524397149 0.0677636635153697 0.3965898909367442
0.1217408766445255 -0.4605436530167904 -0.3554204663243060
-0.0401187831577700 -0.1863356874731008 0.2246235642905589
0.1949309021374704 -0.0410777143481377 -0.0344516722181961
0.2345942776310464 0.3673472491576313 -0.3087332081609159
-0.3973672722357219 0.4552613433621018 -0.2066477210768413
-0.0857819743689277 -0.2369145591912257 0.0769031661672287
-0.4204774978325900 -0.1234729001854561 -0.0764597837443841
0.0911692041340904 0.0378036588320062 0.2660336202892700
-0.3693467555010869 0.1992809236280005 -0.4311634955029450
0.4090803789293067 0.0284495968808165 -0.4138673676761769
0.0165513365937780 -0.4348021562446925 -0.3839088583429167
0.0088901628948498 -0.4791012109419634 0.3622358107024837
-0.0008197725318975 -0.3429637076409250 0.1206131349267671
-0.3601426980238793 -0.4799969193669371 -0.3581305182858186
-0.0719067587419160 0.2099649055197335 0.3978816583450432
-0.3496989533712466 -0.2325299297915032 0.4584754269685051
-0.4158768761461329 -0.3114300380641674 -0.4014036035668301
-0.0826814836826628 -0.0937869206291243 -0.2422875721123408
-0.4357245493042889 0.0448242218617787 -0.4335437958416902
-0.3283649419898420 0.3844250566034932 0.0980501002011844
0.4225264856325388 -0.4821042834963315 0.3545277561482936
0.1264251257060024 0.0090958819524352 -0.3394760713282671
-0.1192510621420043 0.2352364087926958 -0.2824696599262949
0.2705361519701541 -0.1645762852334479 -0.1214005694390809
-0.1492400281654475 -0.3001555337904669 0.2635081719780153
-0.3847479124098304 -0.1910027000580571 -0.3980731152918454
0.0507513946663954 0.4681596123464755 -0.0256977439905002
0.3722368295725098 -0.4357634381422714 0.0525054154724607
-0.3267308211440203 -0.0756857231180295 0.2866010333740449
-0.0327474371174582 0.1128621336300711 -0.4365909556857321
0.3800063762575086 -0.0724091319307379 -0.0896600367442973
0.3482969916011233 -0.3813806188446697 -0.2666334330509805
0.1518198124619702 -0.1741604651585461 0.2189100626633096
-0.3227003956444957 0.2773937792771513 -0.0561764689329340
-0.4303825541572164 -0.0101140853379749 -0.0539808275935887
-0.2117954728963544 -0.3098395393093298 -0.3137999188273612
-0.3341031383478222 0.1292654277070844 -0.4403798916231563
0.0941872403291800 -0.1972732801093342 0.1132102656241036
-0.0300488126767438 -0.4797818565586180 -0.4073576888335420
0.2466448409471743 -0.0376273765010806 0.2304115266393798
0.0395108949603994 0.1141042867799393 0.1978511013727749
0.1102956247350857 -0.4431896380314401 -0.1642354906674233
0.3297439965364074 0.1764755896096608 0.1297084570258165
-0.2280946286385567 0.1081760339626166 -0.3384097896273000
0.4423611213084453 -0.1296671912825312 -0.2508324929761115
-0.4307752992056587 0.3867382993167631 0.3903764839859660
-0.3733096462818912 -0.0734589878531008 -0.3123622316830938
0.4203926750507128 0.3765021949279644 0.1487793254541397
-0.4113298320982726 0.4849268173441590 -0.4143993697881668
0.2763170311649160 0.0458801525639431 0.4258076022928085
0.0401703592239656 -0.3228534471437562 0.2448345851826582
0.3715256375597127 0.1360734923420628 0.1426188107962933
0.3942201737618155 -0.0535486384524174 -0.0989668843419642
0.1220409745662830 0.4838601844749023 0.3006006831662690
0.1478074025408015 0.1340652485034127 -0.1137423220064734
0.2538834821385267 0.3976305633184431 0.1803027154763287
0.0083658854615459 -0.2333046646606620 0.4166885487524672
-0.3005871722886420 0.2808251914717207 -0.2406416140708366
-0.4590722174438215 0.3123581974327602 -0.4622691663063461
-0.4096099916818573 0.0653745922155463 0.2069645954953910
0.1604437799281765 -0.1147473135212599 -0.1166471115467809
-0.0880037187229554 0.2703022074560237 -0.1603355019623530
0.2836917058393109 -0.1201832942370268 0.3869783555902902
-0.0921165083125736 -0.2474428663802818 0.3746039387468078
0.0322938162656280 -0.4797478396584778 -0.4577550174568286
0.2727264507821175 0.2056432756397051 0.3659557164729015
0.1174677683385082 -0.4424203960256969 -0.4793028953174914
-0.2764619225011536 0.3879136038320199 -0.4792466513087453
0.4355916193487752 -0.4425157403794912 -0.4261046294783374
0.1019233473647139 0.2087397035883462 0.4209912525657665
-0.2752621558317702 -0.3466321809814238 -0.0211930366027313
0.2417483471358822 0.2292177428469329 0.1337395874627139
-0.4164307785896812 -0.3017315968239577 0.2371123320347142
-0.0187094363374296 -0.4695396330060301 -0.0415072161486627
-0.1299153982456765 0.0565147456052633 0.1369997688271951
-0.3135064602449211 -0.3949334743329545 0.1268911848472627
-0.1874767403043616 -0.4001348932020986 0.3423705891127574
0.0037433897568841 0.3635131243041251 0.0696289096320743
-0.3735981212881231 0.3080889204480352 -0.4239076247980809
-0.4081781645700153 0.3019644545601940 0.2644159955860900
-0.4082559423006765 0.3847514750461059 -0.5000000000000000
-0.3937360148360536 0.3786325799356436 -0.5000000000000000
-0.5000000000000000 0.4982905668318244 -0.4152814262692215
-0.4405918303525648 0.3891390260845760 -0.5000000000000000
-0.4620178069106216 0.4283070860773736 -0.5000000000000000
-0.4172749597882198 0.3866320710512708 -0.5000000000000000
-0.5000000000000000 0.3892461010637756 -0.3735207329152496
-0.4340073274645636 0.3823602555281382 -0.5000000000000000
-0.1969819704797930 0.0498789347219488 -0.5000000000000000
-0.1893505907102267 0.0671904796683276 -0.5000000000000000
-0.1945558425658582 0.1435822407141303 -0.5000000000000000
-0.1686213653859611 0.0592779102827486 -0.5000000000000000
-0.1945876296514143 0.0806197870542606 -0.5000000000000000
-0.1508664840667437 0.0766103512885310 -0.5000000000000000
-0.2467931045698490 0.0826630922076476 -0.5000000000000000
-0.2081338068240902 0.0674022882996700 -0.5000000000000000
0.5000000000000000 -0.2231166188279471 -0.1129005468747136
0.5000000000000000 -0.2641832684396166 -0.1083230447449194
0.5000000000000000 -0.1833776816829216 -0.1650540310708342
-0.0216026233632142 0.5000000000000000 -0.1950911494370883
-0.0222676231543761 0.5000000000000000 -0.0495504326051390
-0.0067403682834046 0.5000000000000000 0.0126241912252731
-0.0191651402944216 0.5000000000000000 -0.1141142925078729
-0.1014120115804834 0.4129577869557486 -0.5000000000000000
-0.0385722245662546 0.5000000000000000 -0.1301552194859080
-0.3245930472575754 -0.0543380929460727 0.5000000000000000
-0.1353801086575541 -0.0439775033005120 0.5000000000000000
-0.0634382357716912 -0.5000000000000000 -0.3840969342519536
-0.1006078878734135 -0.4953935162563227 -0.5000000000000000
-0.0784621268909632 -0.5000000000000000 -0.4509055872672021
-0.1295412390905225 -0.4734680281313845 -0.5000000000000000
-0.0871983097882898 -0.4781514777873580 -0.5000000000000000
-0.0818721873623099 -0.5000000000000000 -0.4865922694846820
-0.0972759957240511 -0.4619807856468371 -0.5000000000000000
-0.0759026188667764 -0.4426981760586950 -0.5000000000000000
-0.0981810630333887 -0.5000000000000000 -0.4090874981250632
-0.0557647292301647 -0.4837763073529865 -0.5000000000000000
-0.3227106294237252 -0.5000000000000000 0.0584749341200667
-0.0247927719550399 -0.5000000000000000 0.3515898749513023
-0.1853215242842830 -0.5000000000000000 0.3217839573004071
-0.0021351228205817 0.3605343840459769 0.5000000000000000
0.0568993263355110 0.3201906900287492 0.5000000000000000
0.0126412986267397 0.2554834842494833 0.5000000000000000
0.0809499920234793 0.2503939359500832 0.5000000000000000
-0.5000000000000000 -0.4147076912634252 0.0297048939357793
-0.5000000000000000 -0.4181057717178460 0.0466072856037746
-0.5000000000000000 -0.4115682231012516 0.2760196256221705
-0.5000000000000000 -0.4103287192522834 0.0493705001572873
-0.4199456164936919 -0.5000000000000000 0.1979028302028604
-0.5000000000000000 -0.3345419910400125 -0.0663744116937540
-0.5000000000000000 -0.4391264303920860 0.1063956464815195
-0.3194965014148776 -0.3544513643314097 0.5000000000000000
-0.4172029321252275 -0.5000000000000000 0.0804490708624951
0.1522054978075943 0.4125363803417184 -0.5000000000000000
0.1838653561689156 0.3888872345013453 -0.5000000000000000
0.1138411501207892 0.3301161352822977 -0.5000000000000000
-0.3033094417442670 -0.1128148758526889 -0.5000000000000000
-0.2895871822087218 -0.1306799377663893 -0.5000000000000000
-0.2915406747715193 -0.1757607596755202 -0.5000000000000000
-0.2783144110788595 -0.0936458079212205 -0.5000000000000000
-0.3369231325501901 -0.1272838766517246 -0.5000000000000000
-0.3081219126507005 0.4747585878910840 -0.5000000000000000
-0.4533802318611428 0.3194141940018823 -0.5000000000000000
-0.2842681928815749 0.3873979148515890 -0.5000000000000000
-0.3796115006346435 0.3217621092867708 -0.5000000000000000
-0.0026793559033204 0.1499457339250071 -0.5000000000000000
0.2371390726503970 -0.0570684357813674 0.5000000000000000
0.4034980234482483 -0.0386139611807657 0.5000000000000000
0.2286914524347948 -0.1079688953391803 0.5000000000000000
0.2383717113975650 -0.2680995739707300 0.5000000000000000
0.2780002814925501 -0.0086322296642964 0.5000000000000000
0.2820995112357561 -0.1052550733904103 0.5000000000000000
-0.1985876676500820 0.0324932307688321 0.5000000000000000
-0.1045172697064917 0.0400095761990468 0.5000000000000000
-0.2048792700473184 0.0830155605889842 0.5000000000000000
-0.2241932025680497 0.0757114725049527 0.5000000000000000
-0.0800223203896618 -0.0291339077275475 0.5000000000000000
-0.1950173315161950 0.0669046598288499 0.5000000000000000
0.1934089123944532 0.0554859218049855 0.5000000000000000
0.2777928264782571 0.0525602291019704 0.5000000000000000
0.1524459897836077 0.1699930191107041 0.5000000000000000
-0.5000000000000000 -0.1076386100884050 0.0134093177579157
-0.3698716109927877 -0.0501773339848744 0.5000000000000000
-0.4813195809007296 -0.1020293910376241 0.5000000000000000
-0.5000000000000000 -0.0962612140378686 0.1034955709200470
-0.5000000000000000 -0.1185509894103595 0.0620821509552620
-0.2341739673915539 -0.1799602496356172 0.5000000000000000
-0.5000000000000000 -0.1281248914947360 0.1113307636111045
0.3158716989988830 -0.1768008111337780 -0.5000000000000000
0.2758470691106618 -0.2180078054627478 -0.5000000000000000
0.1144931783115643 -0.1771883887715257 -0.4924877456125941
0.2403126245179796 -0.2283662056467373 -0.5000000000000000
0.1094516062742623 -0.3769051436672721 -0.5000000000000000
0.2081398438267089 -0.4310332102548536 -0.5000000000000000
0.3242174761779411 -0.4287149314209778 -0.5000000000000000
-0.3008277849207068 0.5000000000000000 -0.4542679851560432
-0.2411439912719385 0.5000000000000000 -0.1745818897998954
-0.2431645064815972 0.5000000000000000 -0.0966651781088237
-0.2937475732420024 0.5000000000000000 -0.0903312640744716
-0.3970656736807735 0.5000000000000000 -0.4043112356624113
0.2371582993599112 -0.5000000000000000 -0.1521463930767218
0.2014288766565631 -0.5000000000000000 -0.2354065311938759
0.2000024145752185 -0.5000000000000000 -0.2606628472627724
0.2159187050799942 -0.5000000000000000 -0.4191905916664140
-0.0186243656916311 0.4328689368328950 -0.5000000000000000
0.0161447487068350 0.4029502738754478 -0.5000000000000000
-0.0429508336159482 0.3536583648129068 -0.5000000000000000
-0.5000000000000000 -0.1254194941014524 -0.4363633985549165
-0.4707112056162093 0.0170994384563445 -0.5000000000000000
-0.4715899093741672 -0.0902076337661253 -0.5000000000000000
0.5000000000000000 -0.4328261972680207 -0.4573670809602811
0.5000000000000000 -0.4365695902281323 -0.4740720538772089
0.1830150518599219 0.5000000000000000 0.1657312497375587
0.0561129123549291 0.5000000000000000 -0.0278945934273338
-0.5000000000000000 0.2392206815464356 0.3574976868044291
-0.4150864379107301 0.2704695398828331 0.5000000000000000
-0.4708984659081892 0.3237353427417547 0.5000000000000000
-0.5000000000000000 0.2408223032905383 0.2894529331665593
-0.5000000000000000 0.1578709428765854 0.1367158779175897
-0.3688146418444655 0.1602688557284068 0.5000000000000000
-0.5000000000000000 0.3398301192792899 0.3576522856474413
-0.3771477326432494 0.2821419820116027 0.5000000000000000
-0.4510095633940039 0.2116848771370858 0.5000000000000000
0.1663134644394823 0.1706743111101404 -0.5000000000000000
0.2594786216019756 0.1177865551550010 -0.5000000000000000
0.0956180231635495 0.0258340342692979 -0.5000000000000000
-0.0418125600767813 -0.5000000000000000 -0.2045895746779523
-0.0466737723757248 -0.5000000000000000 -0.2110242106515636
0.0654475573864584 -0.5000000000000000 -0.0716512837269958
0.0020788390596524 -0.5000000000000000 -0.1658852009036336
-0.0357924392287151 -0.5000000000000000 -0.3518395952465851
0.0266550719099246 -0.5000000000000000 -0.1867201978185962
-0.0304557161494042 -0.5000000000000000 -0.1024206291978429
-0.5000000000000000 -0.4827134406704660 -0.0436177857474359
-0.5000000000000000 -0.3672759875986362 -0.2398169922087455
-0.5000000000000000 -0.3331628249144281 0.0916738964996268
0.3399737401186144 0.5000000000000000 0.0527525935067829
0.3454822738308113 0.5000000000000000 0.1507516485382092
0.2667991502982812 0.5000000000000000 -0.0441828157889277
0.2077794663343600 0.5000000000000000 -0.2006872503330626
0.2349718853601866 0.5000000000000000 0.1368194616912103
0.0239969258503669 -0.3738316842792881 -0.5000000000000000
0.0235838649408121 -0.3613405829994986 -0.5000000000000000
0.0087986886496736 -0.3662423093956348 -0.5000000000000000
0.0192006379142006 -0.3673174280756007 -0.5000000000000000
-0.1265328953633043 0.1473597973867247 -0.5000000000000000
-0.1801631744539137 0.2613353442800643 -0.5000000000000000
-0.1000966288123193 0.2497843367223663 -0.5000000000000000
-0.1527274062339007 0.2042440225425915 -0.5000000000000000
0.4949014133310141 0.3299906886292335 0.5000000000000000
0.5000000000000000 0.3220938438430654 0.4019511314303665
0.5000000000000000 0.3426136454138198 0.4860059390578204
0.5000000000000000 0.3143779825872230 0.4535937375282616
0.4945393930933339 0.3064118218498883 0.5000000000000000
0.4696914250796235 0.2916287225371733 0.5000000000000000
0.5000000000000000 0.2082486126661567 0.3261107169345761
-0.0783419752397816 -0.2742213738834651 -0.5000000000000000
-0.0232416908223486 -0.3042447799457813 -0.5000000000000000
-0.1004078800423103 -0.3564000347600489 -0.5000000000000000
-0.0710141154571699 -0.3280652422390783 -0.5000000000000000
-0.0847329743235266 -0.2969695973986478 -0.5000000000000000
-0.1804865330357269 -0.2783228226140058 -0.5000000000000000
0.4048290382698460 0.5000000000000000 0.3280021450937959
0.4096381918710433 0.4300198984884764 0.5000000000000000
0.3942615469332778 0.3894544711405102 0.5000000000000000
0.3388790906764355 0.5000000000000000 0.4510800743917172
0.3819609300025565 0.3791360397146524 0.5000000000000000
0.3228845436887781 0.5000000000000000 0.3416017661806776
0.4460225140666818 0.3491805916009037 0.5000000000000000
0.4483462046639104 0.3679083171680422 0.5000000000000000
0.2183301680611442 0.3382821471718023 0.5000000000000000
-0.1904759372910265 0.0045959998288242 -0.5000000000000000
-0.2537118679816635 -0.0698908829027420 -0.5000000000000000
-0.1481353012293953 -0.0670211428659144 -0.5000000000000000
-0.5000000000000000 -0.1066270514236863 -0.0190893402090123
-0.5000000000000000 -0.0717762977993459 0.0007599016638610
-0.5000000000000000 -0.1227337682251064 -0.0353584493697207
-0.5000000000000000 -0.1305963748658476 -0.1152575686853363
-0.5000000000000000 -0.1126479480176912 -0.0538198432008807
-0.5000000000000000 -0.0756449237920124 -0.0473254295191575
-0.2243038051465390 -0.0256759158788274 0.4935068450825617
-0.2312048868649955 0.0462397344925136 0.5000000000000000
0.0074672725795845 0.4963032008625692 -0.4224608907963473
0.0038532283456101 0.5000000000000000 -0.2344227232863207
-0.3172307794738036 -0.0407155217270657 0.5000000000000000
-0.3702936556741991 -0.0484308110840407 0.5000000000000000
-0.3657665390263803 -0.0443311450544555 0.5000000000000000
-0.3678211267155172 -0.0673146969204311 0.5000000000000000
-0.3689051728914836 -0.0498027979724222 0.5000000000000000
-0.3704096731378143 -0.0475034444510099 0.5000000000000000
-0.2702533067111826 -0.2703361797325547 0.5000000000000000
-0.2990137588314045 -0.3171262015858940 0.5000000000000000
0.4275021420634243 -0.5000000000000000 0.3572166656736440
0.3353250594313268 0.2014059557321999 0.5000000000000000
-0.4581653857264427 -0.1280622519676435 0.5000000000000000
0.5000000000000000 -0.0790403991878591 0.2209546203633280
0.4942664115767865 -0.0409139760317080 0.5000000000000000
-0.2990251982376343 0.4805154721626607 -0.5000000000000000
-0.2781171187415934 0.3964772238149743 -0.5000000000000000
0.5000000000000000 0.1579146581850032 -0.4459534033034937
0.5000000000000000 0.1621382293189120 -0.1439514296511163
0.5000000000000000 0.2361776064463875 -0.2861325984070403
0.5000000000000000 0.2074779789787604 -0.3839690126945138
0.5000000000000000 0.2632476746642324 -0.3750686266056303
0.3596229457350781 0.2042894484238294 -0.5000000000000000
0.3117553476189353 0.2659490370147621 -0.5000000000000000
0.3812921713006481 0.2210177325579361 -0.5000000000000000
0.5000000000000000 0.1907872391333535 -0.3932831844754004
0.4007142705591920 0.2543036538914807 -0.5000000000000000
0.5000000000000000 0.2910428264662002 -0.3149059191404802
-0.4622299188396325 -0.2091232987920674 -0.5000000000000000
0.5000000000000000 -0.1455787151771054 -0.4440458039672087
-0.5000000000000000 0.3735719332441296 -0.2277401163647672
-0.4006050982189319 0.5000000000000000 -0.2434896429440636
-0.5000000000000000 0.3909781134053723 -0.3147891190687037
-0.5000000000000000 0.1303343765334644 0.2659809573071268
-0.4259191787149674 -0.4430549528100354 -0.5000000000000000
-0.4330498572045648 -0.3466728388906158 -0.5000000000000000
-0.4393653969493961 -0.4500998783807765 -0.5000000000000000
-0.4582050269848066 -0.3549472171042705 -0.5000000000000000
0.5000000000000000 0.0504790583834838 -0.4756112464871919
0.4840811941124486 -0.5000000000000000 0.3829959664102611
0.4093338656178338 -0.5000000000000000 0.4224046716904317
0.4291433812313696 -0.5000000000000000 0.3846302922657927
-0.5000000000000000 -0.1364300473405358 -0.2097371711658693
-0.0229366424479686 -0.4908394135378624 -0.5000000000000000
0.2690130982971856 0.1180073568172119 -0.5000000000000000
0.1774362466413241 0.1837735588419898 -0.5000000000000000
0.2707938020656244 0.1303544848464905 -0.5000000000000000
0.5000000000000000 0.3178499352747233 0.3147322119939979
0.5000000000000000 0.2992644740247802 0.3584323064069388
0.5000000000000000 0.2119840129791328 0.2281455053900922
0.5000000000000000 0.1705595701110623 0.2574105406782021
0.5000000000000000 -0.1195283067139977 -0.2165856405159299
0.5000000000000000 -0.1256462921028505 -0.2135861370140550
0.5000000000000000 -0.1294217251273546 -0.2135028690956326
0.5000000000000000 -0.1265828468720279 -0.2153153948900433
-0.0363630569574911 -0.5000000000000000 -0.0769973672547307
-0.0798670715493392 -0.3258054097376389 0.5000000000000000
0.3936497113176273 0.5000000000000000 0.2279132336392872
0.3985544664571987 0.5000000000000000 0.0724149920838607
0.3781126359698399 0.5000000000000000 -0.0007989970509514
0.5000000000000000 0.4960856761910190 0.2327096912719650
0.4146189104296207 0.5000000000000000 -0.0582328219504011
-0.4316179979935967 0.4635476901942744 0.5000000000000000
-0.4390478761601971 0.4679067043775544 0.5000000000000000
0.1950182003752175 -0.5000000000000000 0.3995872253521621
0.1794905293187622 -0.4986114906661684 0.5000000000000000
0.1831065457545643 -0.5000000000000000 0.4994539368306721
0.1535533691668403 -0.5000000000000000 0.4857758261661040
0.0515261183958882 -0.2521569301392134 0.5000000000000000
0.4227952135340699 0.0370317086538012 -0.5000000000000000
0.4322772638681291 0.0293746496694611 -0.5000000000000000
0.5000000000000000 0.0156673119585089 -0.3670430003749448
0.5000000000000000 0.1005587591694729 -0.1959230868696661
0.3657329669306115 -0.0537016255784559 -0.5000000000000000
0.4203292310607508 0.0268150387310215 -0.5000000000000000
0.5000000000000000 0.0381631734391013 -0.4423629112858122
0.5000000000000000 -0.0293696158706540 -0.4089495217374164
0.4125992106892353 0.0428852491407547 -0.5000000000000000
0.4028443250858401 0.0340348135497592 -0.5000000000000000
0.4220755790615651 0.0430451112065346 -0.5000000000000000
0.5000000000000000 0.0612604617306456 -0.4391525452278799
0.4264336630463267 0.0721205440152067 -0.5000000000000000
0.2443424233914288 0.4102054314711006 -0.5000000000000000
0.2966316579463978 0.3878649791830517 -0.5000000000000000
0.2284164377960355 0.4031208840311063 -0.5000000000000000
0.4119789446769825 -0.5000000000000000 -0.3242343803815033
0.3430173147359625 -0.5000000000000000 -0.4325722476438228
0.5000000000000000 -0.2587955669498483 0.4762852999981764
0.5000000000000000 -0.4621093795549117 0.3869597134748864
0.5000000000000000 -0.2347703877991292 0.4331764369439841
0.5000000000000000 -0.3480381637850703 0.3309052049627182
0.5000000000000000 0.3328482775750733 0.2528612128294882
0.5000000000000000 0.3275836130376392 0.1796625958751259
0.5000000000000000 0.3035781555489817 0.2383141246931929
0.5000000000000000 0.4261843884663581 0.2633808876403264
0.5000000000000000 0.3329011851836744 0.3022420305880892
0.5000000000000000 0.3301723933602772 0.3247269242368036
-0.1000641491983346 -0.1803561956329173 -0.5000000000000000
-0.1338932083351277 -0.0868579118240061 -0.5000000000000000
0.3928669882949017 0.5000000000000000 0.2820244945172921
0.5000000000000000 0.4970697129500145 0.2512240256567955
0.3424138696985485 0.5000000000000000 0.2686737808352776
0.4707559964792138 0.3949062065617002 0.5000000000000000
-0.3592276019495438 0.2419833289508539 0.5000000000000000
-0.0087967335011447 -0.2232913256955461 -0.5000000000000000
0.0155060888898614 -0.2104156612952106 -0.5000000000000000
0.0491526946371675 -0.2583083759125367 -0.5000000000000000
-0.0727401962261567 -0.1312453363334383 -0.5000000000000000
0.3432518016828369 -0.4698551537835249 -0.5000000000000000
0.4260557584947737 -0.4956972681841900 -0.5000000000000000
0.5000000000000000 -0.1770388723953928 0.0533215963780259
0.5000000000000000 -0.1088060587190164 -0.0895098858151101
-0.2379930127413681 -0.0140774276269050 0.5000000000000000
-0.1286149659012419 -0.0302162227374402 0.5000000000000000
0.0086341384668502 0.4815473171322994 -0.5000000000000000
0.0418821831727796 0.4648176138810776 -0.5000000000000000
-0.4342051401480005 0.0275866837042017 -0.5000000000000000
-0.3901820665656069 -0.0735237729740034 -0.5000000000000000
0.4212920800019495 -0.0316580859912009 0.4857449023593103
0.0137219978546695 0.0605041264349533 0.5000000000000000
-0.0196861749037843 0.0435425306816067 0.5000000000000000
0.0289128545520149 -0.0133313400553135 0.5000000000000000
-0.0880090161157211 0.1755192556694946 0.5000000000000000
0.0176127698678362 0.5000000000000000 0.3233570814013277
-0.0160476442195608 0.5000000000000000 0.3652373749863784
0.0608543581811142 0.4297288632945455 0.5000000000000000
-0.0299421342976150 0.3816695264284036 0.5000000000000000
-0.0294760531363669 0.3991604888317243 0.5000000000000000
-0.0213167746613557 0.3996647896220822 0.5000000000000000
0.0011097454159262 0.3994746268683148 0.5000000000000000
0.0684409702706534 0.4220226772464359 0.5000000000000000
-0.0187436589045402 0.3865633041401940 0.5000000000000000
-0.0491708543927248 0.3965521383311919 0.5000000000000000
-0.1075966753309766 0.5000000000000000 0.4950689796168611
-0.1105666411469549 0.5000000000000000 0.4339439323008583
0.2459174092086546 0.4769105636287203 0.5000000000000000
0.2061138978974918 -0.4970976804000503 0.2980761836800278
0.2803998998031181 -0.5000000000000000 0.3630656021208575
0.2977450433214154 -0.5000000000000000 0.2321973809450529
0.3754693190800394 -0.5000000000000000 0.3878418323994097
0.3901944048286162 -0.5000000000000000 0.3604355322174875
0.3383722828565050 -0.0997762207877370 -0.5000000000000000
0.5000000000000000 -0.2681518995514954 -0.2798710843056706
0.3893440724676772 -0.2952039761684875 -0.5000000000000000
0.5000000000000000 0.4515831140677214 0.1614473236456546
-0.5000000000000000 -0.0341787968538624 0.0675076194838141
-0.5000000000000000 0.0757254520956086 -0.0129702434568762
-0.5000000000000000 0.0667506167763056 0.0499431841483478
-0.5000000000000000 0.0139086432196060 0.0319901107095327
-0.5000000000000000 0.0258963883463994 0.1628269973051940
0.1697397703092919 0.1841567585083810 -0.5000000000000000
0.1675379543248733 0.1789776394021690 -0.5000000000000000
0.1740727407759872 0.1944521777724351 -0.5000000000000000
0.2025002762304410 0.2140013015609558 -0.5000000000000000
0.1555830847554359 0.1714669419750047 -0.5000000000000000
0.1041789954252708 0.1669953021792088 -0.5000000000000000
-0.0749011703327174 -0.0325217904683128 0.5000000000000000
0.5000000000000000 0.1524053021461169 0.2602954121626854
-0.0810311374186496 -0.3329489479989904 0.5000000000000000
0.5000000000000000 0.1336926932550485 -0.0655793985877656
0.2235545171571367 -0.5000000000000000 0.2644019365970209
0.2753140802250366 -0.4369400925268860 0.5000000000000000
-0.4961088965163262 0.0328746428142888 -0.5000000000000000
-0.4881418880758251 -0.4914148093043393 -0.0324111555492567
-0.4707186124340222 0.3268598182968396 0.5000000000000000
-0.4719900822305944 0.3270067154051930 0.5000000000000000
0.1527618275384747 -0.5000000000000000 -0.0656038156186355
0.1191061729790208 -0.5000000000000000 0.0008548321975355
0.0775042803025438 -0.5000000000000000 -0.0653183592380235
0.1205585525914279 -0.5000000000000000 -0.1814287877590038
0.0042351855898568 -0.5000000000000000 -0.3107252815021129
0.1193545796030259 -0.5000000000000000 -0.0729635441706390
0.0246457210452537 -0.5000000000000000 -0.0158040016701450
-0.5000000000000000 -0.4920158296474454 -0.0616711275457469
-0.5000000000000000 -0.3816085679413850 -0.2661681476886300
-0.0010461845001856 -0.1473650449893932 0.5000000000000000
0.0321871944778154 -0.1304777200901317 0.5000000000000000
0.0194976726110192 -0.1469672055591986 0.5000000000000000
0.0215965445775745 -0.1695924110072297 0.5000000000000000
0.0004997905117334 -0.1655336215839044 0.5000000000000000
0.2204554066734520 0.4977421196334333 0.3507181268809999
-0.2083028723617932 0.2930370904243673 -0.5000000000000000
-0.2816347589567715 0.3840045301535180 -0.5000000000000000
-0.3605006496768349 0.3198421355668831 -0.5000000000000000
0.3779885074858774 0.0451907539061481 0.5000000000000000
-0.0418447016154050 -0.2538982358900493 0.5000000000000000
-0.0466052415879266 -0.2650607058541159 0.5000000000000000
-0.0389528007359885 -0.2544876339850206 0.5000000000000000
-0.0414926221411572 -0.2549948155902015 0.5000000000000000
0.2067447692553393 -0.5000000000000000 -0.4812764090714017
0.3302681411504381 -0.4666976410499433 -0.5000000000000000
-0.5000000000000000 0.2328404077275519 0.0399524240339595
-0.5000000000000000 0.1150679660617644 0.1905363396961560
-0.5000000000000000 0.2580224092432120 0.2249783049692454
-0.2603145471517743 -0.5000000000000000 -0.0483460968924114
-0.2181243661106239 -0.5000000000000000 -0.2678607857025369
0.3612880484237943 -0.2371321334046203 0.5000000000000000
-0.5000000000000000 0.4926110549626724 0.1480315316499617
-0.4163275857669279 0.4056330544848326 0.5000000000000000
-0.3776912508628603 0.3880064897120667 0.5000000000000000
-0.3690079016369127 0.5000000000000000 0.4514499479918977
-0.3608709963733363 0.5000000000000000 0.3482335891752052
-0.3382126931227422 0.4010719098951854 0.5000000000000000
-0.3817625186495433 0.3354508428374149 0.5000000000000000
0.0281221412186298 0.5000000000000000 0.3146247119248820
0.0568643721142174 0.3421993333035165 0.5000000000000000
0.0789007903371241 0.5000000000000000 0.3396739863549947
0.0962242007741439 0.3359342140483932 0.5000000000000000
0.0721270337112850 0.3742111091314686 0.5000000000000000
0.1037294687811052 0.4179738882933383 0.5000000000000000
0.0502242411392243 0.3490034647452397 0.5000000000000000
0.1575392217412637 0.3370806583581494 0.5000000000000000
-0.4572062873400496 0.5000000000000000 0.0724148998968975
-0.4865071434377800 0.5000000000000000 0.0079099621312385
-0.4961232887776405 0.5000000000000000 0.0938141895956741
-0.5000000000000000 0.4862555790829882 0.1646567826133259
-0.5000000000000000 0.4761764633822217 0.1261735628144091
-0.1948076644517478 -0.2091854245637025 -0.5000000000000000
0.0723446995946807 -0.5000000000000000 0.2217768190873379
0.1683291721503558 -0.3555717469890669 0.5000000000000000
0.0936662017926941 -0.4040057162233436 0.5000000000000000
-0.0519106164671274 0.0969969775456430 -0.5000000000000000
-0.4825924053015334 0.5000000000000000 -0.2393396262414778
0.3404321301296543 -0.0935892770904615 -0.5000000000000000
0.5000000000000000 -0.1794033272549176 0.0362538371537149
0.5000000000000000 -0.1106802053579704 -0.0948011759263259
0.5000000000000000 -0.2191082733283216 -0.0212170023473772
0.4860585444896780 -0.4897693772757483 0.3627143004212987
0.5000000000000000 0.1362504841835226 -0.0062714065933875
0.5000000000000000 0.0654277488034241 0.0860348625402316
-0.0500768893473394 -0.5000000000000000 -0.4244177539950617
-0.0006008338205423 -0.5000000000000000 -0.4644582600637765
0.5000000000000000 -0.0005422242470147 -0.2586336955121716
-0.2728992585089270 -0.4214904248240667 -0.5000000000000000
-0.2531626750943064 -0.3885879128286100 -0.5000000000000000
-0.3496208196315396 0.1402771998415894 -0.5000000000000000
-0.4581674698875915 0.3032264999557596 -0.5000000000000000
-0.2098586521833083 0.2775717158080670 -0.5000000000000000
-0.3604654530340206 0.2186622085953714 -0.5000000000000000
-0.4384997065757053 0.3055044326622154 -0.5000000000000000
-0.2824232385545243 0.3763063324621901 -0.5000000000000000
-0.3628235806653348 0.2975110615352730 -0.5000000000000000
0.5000000000000000 -0.4107009382495670 -0.3301564365277985
0.5000000000000000 -0.4418306518950439 -0.1114535748567673
0.3589005757829817 -0.5000000000000000 -0.1724911821659225
0.5000000000000000 -0.4479054720590002 -0.2792923336110947
0.4113068191104485 -0.5000000000000000 -0.3856365406606769
0.5000000000000000 -0.4263926461684143 -0.2392732464380544
0.5000000000000000 -0.3692215584497711 -0.3049951600775767
0.5000000000000000 -0.4551892521534875 -0.2420155620501179
0.4348572827747206 -0.3803614146937890 -0.5000000000000000
0.5000000000000000 -0.3827828349844597 -0.1638334025884155
0.5000000000000000 -0.4903696237337458 0.3849523841546615
-0.5000000000000000 -0.4093585400972783 0.3523821543886921
-0.4055114966251396 -0.4235083793305843 0.5000000000000000
-0.4070594932029316 -0.5000000000000000 0.2638842902309166
-0.5000000000000000 -0.4603344350070381 0.3036072684748792
-0.4105652686988437 -0.3869868879794688 0.5000000000000000
-0.3663216287455132 -0.3863806817276141 0.5000000000000000
-0.4176823758248789 -0.5000000000000000 0.4564291558787961
-0.4363311409821070 0.4139264911839553 0.5000000000000000
0.4272795528152122 -0.0234474067778602 0.5000000000000000
0.3043692776908919 -0.4888316202410181 -0.1069464764640505
0.2300018497921160 -0.5000000000000000 -0.3843139170943008
0.3985796629840330 0.3923218285350679 -0.5000000000000000
0.5000000000000000 -0.1123582750889393 0.2070085592499497
0.5000000000000000 -0.0646643594218408 0.1236810002811346
0.5000000000000000 0.0197327399702126 0.3615575542299325
0.5000000000000000 -0.1465995570666463 0.1031573627902882
0.4608205683520553 -0.1810526363539177 0.5000000000000000
0.5000000000000000 -0.0522335354094323 0.1155474046331095
0.5000000000000000 -0.1023502261334504 -0.0483201576499171
-0.0863537730244983 -0.3340130514924120 0.5000000000000000
-0.1496798600139576 -0.4033046572575887 0.5000000000000000
0.1463503553264377 -0.0870605349114887 0.5000000000000000
0.1449677015508104 -0.1060899553339619 0.5000000000000000
0.1309433377193182 -0.0976450480759153 0.5000000000000000
0.1417410980507705 -0.0832174478188450 0.5000000000000000
0.2144123067938471 -0.2413279488797567 0.5000000000000000
0.1086091774948941 -0.1386962830450667 0.5000000000000000
0.1798387460292086 -0.1050683206559619 0.5000000000000000
-0.3847093785028165 -0.3127095816233063 -0.5000000000000000
-0.1116370046111222 -0.1424968685245777 0.5000000000000000
-0.1668772950475675 -0.1936638199433514 0.5000000000000000
-0.0843485212793112 -0.1792723414867855 0.5000000000000000
-0.0745159738448719 -0.0366061835871082 0.5000000000000000
-0.4248693398096501 -0.2927735046761013 -0.5000000000000000
-0.4330185291136185 -0.2013070260495590 -0.5000000000000000
0.5000000000000000 0.0694938106393568 -0.1540853619753940
0.3439781559210523 -0.0867827317637975 -0.5000000000000000
0.5000000000000000 -0.0098447455250055 -0.1414564831747798
0.5000000000000000 0.0059609257479941 -0.1877263638231273
0.5000000000000000 -0.0309482995693032 -0.3339533264897525
0.5000000000000000 0.0036164868418119 -0.1557609671689421
0.5000000000000000 -0.0877002474872985 -0.1170958213894103
0.1264003119506567 -0.5000000000000000 0.2807045939237479
0.1966913924541760 -0.3917675443619908 0.5000000000000000
0.1181911424809236 -0.4206150128925226 0.5000000000000000
0.2569612851467249 -0.4196999699787451 0.5000000000000000
-0.3219543002315403 -0.4774122229334079 -0.5000000000000000
-0.2950867422821777 -0.4625057214940723 -0.5000000000000000
-0.3346056742750942 -0.4212129834134692 -0.5000000000000000
-0.1831490953534471 0.0210988434110074 -0.5000000000000000
-0.0592222541993373 0.1338787224118491 -0.5000000000000000
0.2996183182166315 -0.5000000000000000 0.0291573610696845
0.3417714452669838 -0.0909761982533076 -0.5000000000000000
0.5000000000000000 -0.1054784320402807 -0.0981773384571939
-0.1219594044403181 -0.4057955233350048 -0.5000000000000000
-0.1440204190772310 -0.5000000000000000 -0.2878365048130472
-0.1184075438144357 0.5000000000000000 0.0855305621204254
-0.1367941954134193 0.5000000000000000 0.1253896112782119
-0.2180735715030276 0.5000000000000000 0.0644377499644884
-0.5000000000000000 -0.4505696958422409 -0.2017065330690996
-0.4575661715489031 -0.5000000000000000 0.0649571451495733
-0.5000000000000000 -0.4894229439382479 0.0166363845061038
-0.4687789120218181 -0.5000000000000000 -0.1293663237266766
-0.4741999402639907 -0.5000000000000000 -0.0555794133643556
-0.4960768371921835 -0.5000000000000000 -0.0479878831503574
-0.5000000000000000 -0.4946422302480592 -0.0519077483896384
-0.4201478362966727 -0.5000000000000000 0.0752726201358777
-0.5000000000000000 0.2466328357579222 -0.3508465539139362
-0.5000000000000000 0.3231042439118359 -0.2701164542363703
-0.5000000000000000 0.3366025752565649 -0.3238460036174232
-0.4579465708564613 0.2000983184868927 -0.5000000000000000
0.5000000000000000 -0.4824926024012947 0.3173855948763416
0.5000000000000000 -0.4522364966236220 0.1069636796279514
0.5000000000000000 -0.4376842597237668 0.0193218222888291
-0.5000000000000000 0.2116514056403142 -0.3550201293370837
-0.5000000000000000 0.2213155423492183 -0.2217629208992212
-0.5000000000000000 0.1972757724153874 -0.4123981281699933
-0.5000000000000000 0.1304456655501291 -0.4175872684898597
-0.5000000000000000 0.2599836413463133 -0.4365010931881188
0.4553681486459512 -0.4630031746591278 -0.5000000000000000
0.2825305044388832 -0.5000000000000000 0.0043274884854785
0.1519304991021750 -0.5000000000000000 -0.2163370416562343
0.0229895391155967 -0.4227164590836964 -0.5000000000000000
0.0312345448005642 -0.4599757680067254 -0.5000000000000000
0.1025348745448787 -0.4373145911758313 -0.5000000000000000
0.3432376675861185 -0.0746551030304726 -0.5000000000000000
0.3483841848478345 0.0272102290294857 -0.5000000000000000
0.3414927251620336 0.0057827059432512 -0.5000000000000000
-0.2924813218122883 0.5000000000000000 -0.4591506377201758
-0.2287473275887459 0.5000000000000000 -0.2508501477463001
-0.2781701098117575 0.5000000000000000 -0.1519930535754803
0.0071279920544596 0.5000000000000000 0.2936223990734549
-0.0147331207338300 0.5000000000000000 0.2605267654692482
0.0772039404567319 0.5000000000000000 0.2991154326813570
0.0226682088170919 0.5000000000000000 0.2699518923242134
-0.2725686599929101 0.2220416174866696 0.5000000000000000
-0.2390960727163495 0.0998450804362934 0.5000000000000000
0.0017000094568123 -0.4766849447361480 -0.5000000000000000
-0.0386920528827343 0.2039695276348886 0.5000000000000000
-0.5000000000000000 0.2773309978033954 -0.0114497308673775
-0.5000000000000000 0.3242429981699653 0.1755561486318723
-0.5000000000000000 -0.3444602090969076 0.2967528047817707
0.0123074444244544 0.1359076856152405 0.5000000000000000
-0.0423321518768771 0.2038097262897862 0.5000000000000000
-0.1637709218596957 0.0177074170590454 -0.5000000000000000
-0.2014735870785868 0.0234295928053522 -0.5000000000000000
-0.2738605051001356 0.5000000000000000 0.0148414798318537
0.2651458420024163 0.2874270535786274 -0.5000000000000000
-0.0448119584942143 0.5000000000000000 0.2900995492236820
-0.0890628543694997 0.5000000000000000 0.2123440554220061
0.5000000000000000 0.1705652253312278 0.0686878753429977
0.5000000000000000 0.1342667990059863 -0.1108196769094386
0.5000000000000000 0.1628004311084492 -0.0681269196842949
0.5000000000000000 0.1047952088261868 -0.1555124546592516
0.5000000000000000 0.0866668390027415 -0.0623864064804026
0.5000000000000000 0.1549006495008254 0.1635019432516956
0.0646654107252905 0.4155656164993168 -0.5000000000000000
-0.0656985357738567 0.4393922483238728 -0.5000000000000000
0.0428345991128469 0.5000000000000000 -0.3946083518723510
-0.2707184645887115 0.5000000000000000 0.0312489823398502
-0.1121473469990322 0.3957737449274707 -0.5000000000000000
-0.1339404853177527 0.5000000000000000 -0.2949293408819186
-0.2853060716221785 0.2156855359862696 0.5000000000000000
-0.2588830868842200 0.0919400982093903 0.5000000000000000
-0.3372707928117457 -0.4908271719076264 0.0331893189482841
-0.2010889979008865 -0.5000000000000000 0.0509749614922097
-0.2783335769912959 -0.5000000000000000 -0.0978026861883668
-0.0462732192785257 -0.5000000000000000 0.2887806317593626
-0.3345457853091794 -0.5000000000000000 -0.2750917635939523
-0.0836376263918121 -0.5000000000000000 -0.0204924789937131
-0.2179661137270722 -0.5000000000000000 0.1626344020162852
0.5000000000000000 -0.2141930976112875 0.3789237638751550
0.3671181018747449 -0.1528120603474625 0.5000000000000000
0.5000000000000000 -0.1858736702974538 0.1085631242201269
0.4512037882476498 -0.3598748897061114 0.5000000000000000
0.4150334046342675 -0.2117545796449304 0.5000000000000000
0.3189906346225322 -0.3252069659761131 0.5000000000000000
-0.0743465654354327 -0.0336738708022771 0.5000000000000000
0.3212346662451939 -0.5000000000000000 -0.1188279635091271
0.3476455737585064 -0.5000000000000000 -0.0974314779940106
0.3423098527635827 -0.5000000000000000 -0.1506083527427415
0.2482472045210296 -0.5000000000000000 -0.3574227471332772
0.3402400769656538 -0.5000000000000000 -0.2280376297314601
0.5000000000000000 0.2004627123015692 0.1833137462312753
0.3471761527946145 0.5000000000000000 -0.0580785967694095
0.0786089215423524 0.5000000000000000 -0.3595197233358130
0.2046990317237080 0.5000000000000000 -0.1177696779880273
0.1373334267808152 -0.5000000000000000 -0.3566312878142250
0.1002621005796185 -0.5000000000000000 0.0371112711711081
0.2209551425166333 -0.5000000000000000 0.0262542010043623
-0.2454887366647183 0.2250397879504927 0.5000000000000000
-0.5000000000000000 -0.4050367751081552 -0.4194671665981720
-0.5000000000000000 -0.3830460385529499 -0.3429952302101733
-0.5000000000000000 -0.4007535467352948 -0.4064135366764819
-0.5000000000000000 -0.4072043679466957 -0.4154437512156152
-0.5000000000000000 -0.3845293456218650 -0.4187636944110297
0.1323681410060154 0.4615011154150143 0.5000000000000000
0.1225820185926601 0.4596240581732763 0.5000000000000000
0.2161019721134327 -0.0057250506898216 0.5000000000000000
-0.5000000000000000 -0.1415261999602812 -0.0173624409573677
-0.5000000000000000 -0.2029290402234337 0.0918807725003457
-0.0117733789639565 0.5000000000000000 0.1712338658556427
-0.0780029119865444 0.3432173562220737 0.5000000000000000
-0.1737288515589901 0.4158268477372630 0.5000000000000000
-0.1383426989167893 0.5000000000000000 0.4308407284503084
-0.1501216798832344 0.5000000000000000 0.3482462322748640
-0.0230586586841208 0.5000000000000000 0.1293920404460135
-0.0350132030554869 0.5000000000000000 0.1424265781243109
-0.0009073188175021 0.5000000000000000 0.1353908650466565
0.0829098948554111 0.5000000000000000 0.1723895792389218
0.0240029723677754 0.5000000000000000 0.0817701573956476
0.0723178966280358 0.5000000000000000 0.2380776515462488
0.0055960923932352 0.5000000000000000 0.1429626208717669
-0.5000000000000000 0.0824306461941676 -0.3065499962191967
-0.2947832018825810 0.4826219142976946 -0.5000000000000000
-0.2748451897730229 0.3988515358046368 -0.5000000000000000
0.2845618011026428 0.4578067833575851 0.5000000000000000
0.1265484989209212 0.4433188453745419 0.5000000000000000
0.2033864101987304 0.3508746505573974 0.5000000000000000
-0.5000000000000000 0.0731209673797761 -0.4858138458671084
-0.3444556700049076 -0.5000000000000000 0.0152242173297339
-0.2922259069488343 -0.5000000000000000 0.1299293019361994
-0.3651132588964736 -0.5000000000000000 0.1081427584465267
-0.3689844084739848 -0.5000000000000000 -0.0886783807152811
-0.3394371580034124 -0.5000000000000000 0.0025880774748215
-0.4132899723203182 -0.5000000000000000 0.0784607946896770
-0.4817884422596211 -0.2931734528343961 -0.5000000000000000
-0.5000000000000000 -0.3251379656724521 -0.3927540721516287
-0.5000000000000000 -0.2530852468913304 -0.4700699457483238
-0.5000000000000000 -0.2393778427016213 -0.4063414585717758
-0.4944589831929745 -0.2933941275978910 -0.5000000000000000
-0.4879374049487279 -0.2656728885459100 -0.5000000000000000
0.0799969234696588 -0.1636242084692049 -0.5000000000000000
0.5000000000000000 -0.4755815376602940 0.3848067428855427
0.4802858439973944 -0.5000000000000000 0.3393060754852438
0.4303725551711869 -0.5000000000000000 0.2598747486577119
0.5000000000000000 -0.4961560911692862 0.3804781994806182
0.4773390298961631 -0.4025632778881099 0.5000000000000000
0.5000000000000000 -0.4854933685421407 0.3728162869589460
-0.0833385800768344 -0.3321722100773858 0.5000000000000000
-0.1694876554402911 0.2816600839679986 -0.5000000000000000
-0.1453818949541529 0.3407951151042332 -0.5000000000000000
-0.2069580912243601 0.2591947059401684 -0.5000000000000000
-0.2083091881589049 0.2655182180297126 -0.5000000000000000
-0.1246691342333668 0.2153410496553174 -0.5000000000000000
0.1901428883622434 -0.4916438135373183 -0.5000000000000000
0.1132588443886752 -0.4442184850199923 -0.5000000000000000
0.4913733286296139 0.1958255306000731 0.5000000000000000
0.0718917191460793 0.3480132554650703 -0.4999830175630801
-0.0263491372182077 0.3435468821361792 -0.5000000000000000
0.0839681084043127 0.3240623893569389 -0.5000000000000000
0.5000000000000000 -0.1871957517074858 0.3303074247767053
0.3708091535719040 -0.1384610369038984 0.5000000000000000
0.5000000000000000 -0.1788597793411759 0.0953649323910929
0.4290918405899963 -0.1944838722306250 0.5000000000000000
0.0649888545138320 0.4153554765568814 -0.5000000000000000
0.3075255962708092 0.5000000000000000 -0.1427573824037532
0.0752251668643409 0.5000000000000000 -0.3721204478396786
0.1100474079719814 0.5000000000000000 -0.4051577654066437
0.1771096329608656 0.4941595640211183 -0.5000000000000000
0.1414854900790228 0.5000000000000000 -0.3047544398667715
-0.3162122556084108 0.5000000000000000 -0.4921433418657855
-0.3043243203007113 0.4914477067084372 -0.5000000000000000
-0.3126292456643107 0.4771197985409507 -0.5000000000000000
-0.2645342203022291 0.5000000000000000 -0.4448271683038176
-0.3137691146988912 0.4914736821607302 -0.5000000000000000
-0.3057306598205775 0.5000000000000000 -0.4681753015522814
-0.3898235459677387 0.5000000000000000 -0.2694404705755670
-0.3232063104906953 0.5000000000000000 -0.4582844805236524
-0.3769296887519246 -0.4684543179983001 -0.5000000000000000
-0.4068603342690032 -0.5000000000000000 -0.3487946307340358
-0.3599583526142683 -0.5000000000000000 -0.4352249722112027
-0.2811093806172071 -0.5000000000000000 -0.3596569533421192
-0.5000000000000000 0.1535512231586330 -0.0432417914038095
-0.5000000000000000 0.0618120181766598 -0.0594799824953047
-0.5000000000000000 0.0881245030827213 0.0108958881251570
0.5000000000000000 0.2484669839147712 0.1016731441446489
0.5000000000000000 0.2031906185567151 0.1487891078977144
-0.2875696802988262 0.5000000000000000 0.0918879725343515
-0.5000000000000000 -0.4014060234919342 0.3351114781895699
-0.2063946385468896 -0.4082502656082556 -0.5000000000000000
-0.2868262267541163 -0.3121933075249391 -0.5000000000000000
-0.2884078575425967 -0.3849697486225233 -0.5000000000000000
-0.2099417277932930 -0.5000000000000000 -0.3312476656573738
0.5000000000000000 -0.4607080902483904 -0.3219585312550970
0.0189977326103963 -0.5000000000000000 0.3236713914959840
0.0029610059510723 -0.5000000000000000 0.0295426357531171
0.1029896671638869 -0.1195950357071669 -0.5000000000000000
-0.0049245815872812 0.0160262961509470 -0.5000000000000000
-0.0946815636703228 -0.0653671480170062 -0.5000000000000000
0.3126276072238510 -0.5000000000000000 -0.0417723964933353
0.5000000000000000 0.0043699293266009 0.2103779366488653
0.4830681065733390 0.0740737752335905 0.5000000000000000
0.5000000000000000 0.0440949215508397 0.4033739623289824
0.5000000000000000 0.0234833548184605 0.2022499697149961
0.3781880843489816 0.0451607069096258 0.5000000000000000
-0.2353011608404034 0.2467067998458943 0.5000000000000000
-0.3250048145360588 0.1588114469338991 0.5000000000000000
-0.2797487361334078 0.2785210902197240 0.5000000000000000
-0.3200363483337000 0.2436931191817320 0.5000000000000000
-0.4134622473284842 0.5000000000000000 -0.4389550834776949
0.1830396308256716 -0.2559310269546445 -0.5000000000000000
0.0662317859038916 -0.3322432745062098 -0.5000000000000000
0.0942767785725640 -0.3966062932219868 -0.4872754092504364
0.1719055814324601 -0.4587778593791427 -0.5000000000000000
0.1072718041695997 -0.4268242085473006 -0.5000000000000000
-0.0698204267783110 -0.0280750258869987 0.5000000000000000
0.0722070406000680 0.1008628371862461 0.5000000000000000
-0.1020998417953717 -0.3107034993996352 0.5000000000000000
-0.2998023551199994 -0.2241679951601190 0.5000000000000000
-0.1987951640991616 -0.3241135192470332 0.5000000000000000
-0.2293754749302750 -0.1654147566197509 0.5000000000000000
-0.1458131876353796 -0.2233186787006220 0.5000000000000000
-0.1131025457882720 0.5000000000000000 -0.0224350965078533
-0.1516809045855758 0.5000000000000000 -0.2233621226616609
-0.5000000000000000 -0.0342315900837789 -0.2457856589423465
-0.3939769213234676 -0.3509953565868474 -0.5000000000000000
-0.3486883322199720 -0.2824333674391636 -0.5000000000000000
-0.4140177561418572 -0.3248385470827836 -0.5000000000000000
-0.4015538658870968 -0.3020230543691671 -0.5000000000000000
-0.3787090547272424 -0.3178400764474985 -0.5000000000000000
-0.0632516775063551 0.3470127134480525 -0.5000000000000000
-0.3739037359817798 -0.2200340309900854 0.5000000000000000
-0.4886146441121920 0.5000000000000000 0.3184579166421584
0.2844980941136927 0.0881595466474234 0.5000000000000000
0.2861496984989291 0.1945663495622267 0.5000000000000000
0.1673786886271860 0.1997158363932936 0.5000000000000000
-0.5000000000000000 -0.1579712725731229 -0.1681172344732069
-0.5000000000000000 -0.2494462301865105 0.0910157232230570
-0.0637759533422853 0.2489573511870287 0.5000000000000000
-0.1363471590815392 0.3391144421944480 0.5000000000000000
-0.3768642651121160 0.5000000000000000 0.4478203739267438
0.1469070074584099 -0.3337570390906022 0.5000000000000000
-0.5000000000000000 -0.3617427699191362 -0.2576093419921725
-0.5000000000000000 -0.3096138523918343 -0.2306542991878023
-0.4370395095428287 -0.5000000000000000 -0.3155353091947014
-0.5000000000000000 -0.3539093581340597 -0.2838737515785918
0.1653701890844291 0.5000000000000000 0.2467466175532841
0.1162536020059715 0.5000000000000000 0.3107601270748045
0.0646485982180569 0.4150632503326465 -0.5000000000000000
-0.2050951320704133 -0.2257972323659689 -0.5000000000000000
-0.2479383546665456 -0.1950860843315226 -0.5000000000000000
-0.2607002669984413 -0.2265643368431664 -0.5000000000000000
-0.2574001925446152 -0.1236628805497247 -0.5000000000000000
-0.1851667467649205 -0.1356042947387575 -0.5000000000000000
0.0978968445543343 0.5000000000000000 0.3184687405868815
0.0749702611965580 0.5000000000000000 0.3109575756701206
-0.0472736618728998 0.0485128666490969 -0.5000000000000000
-0.1048589652919917 -0.0300894234034561 -0.5000000000000000
0.3736016492775817 0.5000000000000000 -0.0722374983668045
0.5000000000000000 0.4810427353683059 -0.2125076183322633
0.2367114661549821 0.4941501242077087 -0.5000000000000000
0.4148859167445164 0.5000000000000000 -0.0631265793723332
0.3584830859721878 -0.1449904197532467 0.5000000000000000
0.5000000000000000 0.4778858321839126 -0.2228189812916624
0.3030682892228909 0.3138659449886984 -0.5000000000000000
0.2930150209433781 0.4423827353305583 -0.5000000000000000
0.3885988401751457 0.3264271708519816 -0.5000000000000000
0.5000000000000000 0.3594060782904092 -0.3040366164195966
0.4155632238191966 0.5000000000000000 -0.0643226173262751
0.3461358449355862 0.3730055483054643 -0.5000000000000000
-0.1673248686897031 0.5000000000000000 0.3388358272502676
-0.1839392877092245 0.5000000000000000 0.2484038319112356
-0.0535442395844779 -0.4112166669059568 0.5000000000000000
0.0009499446998546 -0.5000000000000000 0.4390093319973156
-0.0413961158213054 -0.5000000000000000 0.4895592490726703
-0.5000000000000000 -0.1452212106726344 -0.3876747098597285
-0.5000000000000000 -0.2096251071103197 -0.2205814001489953
-0.5000000000000000 -0.0598106049866347 -0.2667667687391109
-0.4909219253136831 -0.1419545759331660 -0.5000000000000000
0.3265830127764558 -0.1102074317471022 -0.5000000000000000
0.3386372007950327 -0.0924994583106933 -0.5000000000000000
0.3464570310886558 -0.0775939640620941 -0.5000000000000000
0.3255288147695869 -0.0844888953422581 -0.5000000000000000
0.3429663282068680 -0.0922864045250364 -0.5000000000000000
0.3401569798010233 -0.0897307895147956 -0.5000000000000000
-0.4871357496410321 0.5000000000000000 -0.3674498156277092
-0.4688332161976150 0.5000000000000000 -0.4120842958254972
0.4999712056320722 0.3406228297558180 -0.1254757951580100
0.5000000000000000 0.3719965368987360 0.1451935291515515
0.4262097941421706 -0.4572463235371477 -0.5000000000000000
-0.4837796070285256 0.3100814558353433 -0.5000000000000000
-0.0814957367957258 -0.3235813109247421 0.5000000000000000
-0.4813774947504957 0.3248025567696522 -0.5000000000000000
-0.4430046327559353 0.0397311071555962 -0.5000000000000000
-0.3537397095803930 0.1138190560903048 -0.5000000000000000
-0.4093945812444730 -0.0475229399783987 -0.5000000000000000
-0.5000000000000000 -0.1579612029933972 -0.2774906771790661
-0.4813944535936891 -0.1870445427432317 -0.5000000000000000
0.0024204600423316 -0.4975975778318967 -0.5000000000000000
-0.5000000000000000 -0.1931716341947887 0.2609053703932068
-0.5000000000000000 -0.2478918727507488 0.1765333271982258
-0.0738689160197639 -0.0312053504176143 0.5000000000000000
0.2623526912625750 0.1069004239588396 -0.5000000000000000
0.1165937613332991 -0.0146287952351543 -0.5000000000000000
-0.0496722619428205 -0.5000000000000000 0.3954342784511813
-0.1537701249025150 -0.5000000000000000 0.4554862507584611
-0.1548825241829042 -0.5000000000000000 0.4220301078079872
0.5000000000000000 0.1596621221269052 0.2599165478483443
-0.0729959226537093 0.2963580936673915 -0.5000000000000000
-0.0950787050321914 0.3769771854235716 -0.5000000000000000
-0.0549190909053999 0.1829255146794511 -0.5000000000000000
0.1828363776083823 -0.2010455115678319 -0.5000000000000000
0.1527091936553879 -0.1519385087092198 -0.5000000000000000
0.1066369623476961 -0.0956713025711758 -0.5000000000000000
0.4360992568004468 0.2968810701245980 -0.5000000000000000
0.4164813249944832 0.5000000000000000 -0.0620603701221557
-0.0699336008814435 -0.4273250619843992 -0.5000000000000000
-0.1786681225194938 -0.3771470938997568 -0.5000000000000000
0.5000000000000000 -0.0396369663098599 0.0130035547786004
0.2606209150493276 0.1259419190370933 -0.5000000000000000
0.2791157553847993 0.1234901367408704 -0.5000000000000000
0.2719517538594877 0.1735361138127584 -0.5000000000000000
0.2897518152300585 0.1018968951846683 -0.5000000000000000
0.2762552642341629 0.1043395296812752 -0.5000000000000000
0.5000000000000000 0.3005806911213198 -0.0365380196756123
0.5000000000000000 0.3472410688988284 0.0574367574150309
-0.5000000000000000 0.1716564614377955 -0.0012639489982618
-0.5000000000000000 0.0840364544403212 0.0840012283819149
-0.5000000000000000 0.1732467916851888 0.1049037097852605
-0.5000000000000000 0.2328065240322560 -0.0923062275135886
0.4304226388324970 0.1564728715056924 0.5000000000000000
0.4664275143252102 0.1281490576388864 0.5000000000000000
0.4777330538147394 0.1163239781870172 0.5000000000000000
0.3885948617975716 0.1605294844947187 0.5000000000000000
0.5000000000000000 0.1432078132433661 0.3752117454717749
0.0276981206760560 0.5000000000000000 -0.0296901544605797
-0.5000000000000000 0.1268128450153408 -0.2011073716713947
-0.5000000000000000 0.3171310173633916 -0.1331762243655080
-0.5000000000000000 0.2128920365179271 -0.0420279261325692
-0.2269044779150295 0.3929079742102982 -0.5000000000000000
0.2062195615177421 0.3272451518218868 0.5000000000000000
0.2020138017120783 -0.4978416392377336 -0.5000000000000000
0.3363306620655619 -0.4566073978061457 -0.4870860411712682
0.1232656679312992 -0.4496950895204481 -0.5000000000000000
-0.5000000000000000 -0.2262522676555364 -0.1701352181605599
-0.0370050408239199 -0.3974333361911941 -0.5000000000000000
0.0000155058890158 -0.4485056605522890 -0.5000000000000000
0.5000000000000000 0.2280243130375727 -0.0041557530398755
0.0139009951537716 -0.5000000000000000 0.3645743200723891
0.3436535943308072 -0.5000000000000000 -0.4733340586233100
0.4124333290771816 -0.5000000000000000 -0.4314797729643937
-0.3451795392734435 0.1989281540599235 -0.5000000000000000
-0.2250389979719959 0.2129148279473288 -0.5000000000000000
-0.3225680515204277 0.1495001703208937 -0.5000000000000000
-0.2634338438021891 0.1558580126868795 -0.5000000000000000
0.4087534072673283 -0.0610903628471915 0.5000000000000000
0.5000000000000000 0.0369227495488125 0.4244559866229076
0.4409009528619126 -0.0364020042691059 0.5000000000000000
0.4274505031835686 -0.0593893540570135 0.5000000000000000
0.4418638772537707 -0.0388896633960776 0.5000000000000000
0.4331832293495990 -0.0294823446832438 0.5000000000000000
0.3793582598181057 0.0428298217298269 0.5000000000000000
0.1106298671705361 0.2002174818238193 0.5000000000000000
0.2644975687543485 -0.2534003444776378 0.5000000000000000
0.3542065980624535 -0.1313086068099561 0.5000000000000000
-0.0675581089663993 -0.3287535479874253 0.5000000000000000
0.2347370371869715 -0.2849056431792158 0.4923735218017543
0.0975816509472612 -0.3199241597702798 0.5000000000000000
0.0492400691414586 -0.2598489746136332 0.5000000000000000
-0.0833551746666550 -0.3269300924252175 0.5000000000000000
-0.0729297979761822 -0.3236369719021041 0.5000000000000000
-0.0491110002524531 -0.3470072460975395 0.5000000000000000
-0.0849888741920784 -0.3463267694711217 0.5000000000000000
-0.0904489851907677 -0.3308164315902409 0.5000000000000000
-0.0662577089639112 -0.3320623678933006 0.5000000000000000
0.2390692460215889 0.2631120121944568 0.5000000000000000
0.1472263060152271 0.2511192022791175 0.5000000000000000
-0.5000000000000000 -0.3086452820624616 0.1602082611404939
-0.1131240825654951 -0.5000000000000000 0.0829352046927087
0.2081489220731511 0.5000000000000000 0.2378279853514956
0.2293189606341769 0.5000000000000000 0.2430125445007421
0.1958681492798176 0.5000000000000000 0.1337283018704759
0.2011698926690623 0.3410587732854711 0.5000000000000000
0.5000000000000000 -0.3922297313507938 0.0786989399190074
0.4896883961836493 0.1610462248377758 0.2331450370718005
0.5000000000000000 0.1676907078393712 0.2185901849711385
0.0696603210703679 0.5000000000000000 -0.3345876148309910
0.5000000000000000 -0.2823258660706686 -0.2197368250085390
0.5000000000000000 -0.1957308265183876 0.0366196369106918
0.4210345737435733 -0.3295473113041209 -0.5000000000000000
0.5000000000000000 -0.2438215360625275 -0.0198097816283534
0.5000000000000000 -0.3417778092265314 -0.0961745375950064
-0.5000000000000000 -0.2025778896115974 -0.1979813138816581
-0.5000000000000000 -0.0876693429512271 -0.2306328794740554
0.1981349905050344 -0.0006334402296122 0.5000000000000000
0.2535695496856669 -0.0268668994646941 0.5000000000000000
0.2691974943755708 0.0211255124021244 0.5000000000000000
0.2711384967766802 -0.0741099508137708 0.5000000000000000
-0.5000000000000000 -0.2471419836771611 -0.1966958970970125
-0.4074807004005512 -0.5000000000000000 -0.3059123616253120
-0.3369288545201548 -0.5000000000000000 -0.2412040388466150
-0.2375487528105187 -0.5000000000000000 -0.2815525525369968
-0.3961664151619332 -0.5000000000000000 0.2120037623084971
-0.3783036865691783 -0.5000000000000000 0.2410056802398103
-0.3219355395478734 0.0795706385989374 0.5000000000000000
-0.3651003575891690 0.0832827375188305 0.5000000000000000
-0.5000000000000000 0.0415090540972810 -0.3736697374177780
-0.5000000000000000 0.0212248078276567 -0.2323992180062072
0.3672074750847933 -0.5000000000000000 0.2503891430755800
0.4148989164040379 -0.4844283397804516 0.5000000000000000
0.4293503421083711 -0.4788602964761301 0.5000000000000000
0.4577844208541872 -0.4062521157082653 0.5000000000000000
0.3966736463423442 -0.5000000000000000 0.4319443277166855
0.3654477367708697 -0.4454102259634010 0.5000000000000000
0.5000000000000000 -0.1959252648851629 -0.2467764968470483
-0.0072487335778219 -0.5000000000000000 0.3208721020055947
-0.0353243007686530 -0.5000000000000000 -0.0183351076614522
-0.5000000000000000 -0.0035875052616960 -0.0576150201749138
-0.5000000000000000 0.0370450303899412 0.0787401784158106
-0.4882507327559042 0.4946881387158440 -0.5000000000000000
0.1120708271090897 -0.5000000000000000 -0.3332686006845629
-0.4669311281598044 0.3005253515857266 -0.5000000000000000
-0.3486750682948319 -0.2212929406421926 0.5000000000000000
-0.5000000000000000 0.3999627982063254 0.4713457860729339
-0.3960666023851835 0.5000000000000000 -0.2317054205129725
-0.3078000941666132 0.5000000000000000 0.1323919138717752
-0.2263471684027670 0.5000000000000000 0.2360695283894366
-0.2480019991327442 0.5000000000000000 0.1546244001160344
-0.1993011367064165 -0.3407092335676764 0.4901921642641230
-0.1566304112411283 -0.4425965416265911 0.5000000000000000
0.0330777386187880 -0.2382913437476810 0.5000000000000000
0.4241045903765150 -0.5000000000000000 0.3224099203011856
0.3948118008345968 -0.5000000000000000 0.0781987878632435
-0.0691245913851791 -0.0344235584304864 0.5000000000000000
0.0806056989446751 0.0706062548965611 0.5000000000000000
-0.3508273529935132 0.2056366192543249 -0.5000000000000000
-0.3270986913909211 0.1543131702341020 -0.5000000000000000
-0.3523746659466620 0.2793102156261500 -0.5000000000000000
0.3802197662286986 -0.5000000000000000 0.2270835835754468
0.3385502034814475 -0.5000000000000000 0.0623168076204334
-0.4264004393867901 0.4680474567265513 -0.5000000000000000
-0.4622351091407710 0.3199285491203433 -0.5000000000000000
-0.1879799255221781 0.5000000000000000 -0.3917313544941131
0.5000000000000000 -0.0342965912299616 -0.3907362388717030
0.5000000000000000 -0.0773495242603357 -0.3414971960109436
-0.0736401221056894 -0.0317152120853913 0.5000000000000000
0.0874140451065191 -0.5000000000000000 -0.4791365972570996
0.1183325077945886 -0.5000000000000000 -0.3617488875126971
0.2034704067721615 -0.4938047408307591 -0.4644249578955329
-0.3627223819028625 -0.1831314904119191 -0.5000000000000000
0.5000000000000000 0.0521039484613486 0.3970488810550931
0.5000000000000000 0.0974645550414203 0.3345155785255561
-0.4511983810460892 0.0529967418848935 -0.5000000000000000
-0.3601752872044028 0.1267235805473563 -0.5000000000000000
-0.0057013425565422 -0.5000000000000000 0.3636739243754159
0.5000000000000000 -0.1792490031918269 0.0654446325227382
0.5000000000000000 -0.2173843194424000 0.0785693770932030
0.5000000000000000 -0.1641766260623524 0.0567207806615275
0.1016135804436932 0.3155939864641730 -0.4900504952883185
0.2512861646526038 0.3046726191749435 -0.5000000000000000
0.2209301326177639 0.4787829925622213 -0.5000000000000000
-0.5000000000000000 0.3933115863702122 -0.2192285181430849
-0.4009916527257877 0.5000000000000000 -0.2418766253291418
-0.5000000000000000 0.4084326619917006 -0.3022664718948148
0.3160901643739357 0.2583985399264761 0.5000000000000000
0.0648514748212872 -0.4321587008168727 0.5000000000000000
0.0805036781455577 -0.3932606746552211 0.5000000000000000
0.0550946165766149 -0.3342426887514703 0.5000000000000000
-0.4287638352994130 0.1726725854194044 -0.5000000000000000
-0.4580038041634687 0.1028780920622479 -0.5000000000000000
-0.4079592998028134 0.1406689002309176 -0.5000000000000000
-0.5000000000000000 -0.0549073405546692 -0.2186390229098741
0.5000000000000000 0.4771097534706610 0.2331672606151165
-0.5000000000000000 0.0096183938782351 -0.1891199184646274
0.5000000000000000 -0.4678997693107910 -0.2808890691918324
0.1311727952697520 0.3103813708738903 -0.5000000000000000
0.0868745843745515 0.0943380211778903 0.5000000000000000
-0.4208544028597506 0.5000000000000000 -0.4717461099012548
-0.4284537212844406 0.1898806910669510 -0.5000000000000000
0.3631872637892486 0.0335160607947655 -0.5000000000000000
-0.0201256396257555 -0.5000000000000000 0.3375661810762285
-0.5000000000000000 -0.2911741928905247 0.2727619981660060
-0.3956248229478068 -0.5000000000000000 -0.3416408847963006
-0.3597786071513762 -0.5000000000000000 -0.3380030377670029
-0.3603409122984387 -0.5000000000000000 -0.4110351874008011
-0.3099060483361133 -0.5000000000000000 -0.3455331394919523
0.0511455833419541 0.1255404904887279 0.5000000000000000
-0.5000000000000000 -0.1840787180398555 0.2026109747103403
-0.4140391722599191 -0.2814598202711620 0.5000000000000000
-0.3230680713981641 -0.3245425547365686 0.5000000000000000
-0.3266206429229815 -0.2550302734074751 0.5000000000000000
-0.3457989681726038 -0.2337804369435769 0.5000000000000000
-0.5000000000000000 -0.2562671750517369 -0.2522823433369147
-0.5000000000000000 -0.2312646245286881 -0.2418951247221625
-0.5000000000000000 -0.2541257731496831 -0.1060387794011080
-0.1010639476518829 0.1950497819594153 0.4912117724419078
-0.2478282619232312 -0.0794085948150647 -0.5000000000000000
-0.1376774414824927 -0.0801109240644618 -0.5000000000000000
-0.3989654878703977 0.0393648154744837 -0.5000000000000000
-0.3397772324042399 -0.0283678625931756 -0.5000000000000000
-0.4964567788325315 0.0529965235789760 -0.5000000000000000
-0.5000000000000000 -0.0053294891461144 -0.3240328654454541
-0.4499542772767908 0.1383695195108268 -0.5000000000000000
-0.4590777902515133 0.0051772065735811 -0.5000000000000000
-0.5000000000000000 0.3709430931225517 -0.1603198584013302
-0.3344273149636135 0.5000000000000000 0.2304999967585884
-0.2559628022910377 0.4286761423784108 0.5000000000000000
-0.2084440549236865 0.5000000000000000 0.3702982626879951
-0.2388869479869180 0.5000000000000000 0.2739828749935183
0.4661840272737831 -0.4006302591086842 0.5000000000000000
0.1864964687840449 -0.0102609182955941 -0.5000000000000000
0.0189068197924207 0.0245612928500652 -0.5000000000000000
0.0573667989093096 0.0393750080948656 -0.5000000000000000
-0.0712719367441442 -0.0518768918992062 -0.5000000000000000
-0.0088682597478590 0.1022256135351910 -0.5000000000000000
-0.2586377315359151 -0.3466948447411137 0.5000000000000000
-0.1908549211227742 -0.3527574685342207 0.5000000000000000
0.1189520661208848 0.4415336141552562 0.5000000000000000
-0.0709038614047719 0.1569727244265939 -0.5000000000000000
-0.3434365934653305 -0.2230777625205970 -0.5000000000000000
-0.2735251581518185 -0.2721441935921860 -0.5000000000000000
-0.2633744089717184 -0.2316489916408484 -0.5000000000000000
-0.4310618705462140 -0.1817716005831213 -0.5000000000000000
0.0775966970906445 0.5000000000000000 -0.0462521444325614
0.4688110300798173 -0.3866004842957894 0.5000000000000000
0.5000000000000000 -0.2800959386031525 0.0436576468993130
0.5000000000000000 -0.3758210699192734 -0.0460339006440025
-0.5000000000000000 0.3501214571115530 -0.1918505291665947
-0.5000000000000000 0.3467962938186631 -0.0695173754319492
0.1261368771099559 0.5000000000000000 0.3205035938254368
0.4049329548197625 -0.3595444939631925 -0.5000000000000000
0.4339515244507147 -0.2844949349454316 -0.5000000000000000
0.3490143246196805 -0.4419687138130210 -0.5000000000000000
0.4334503778542529 -0.4041799757654047 -0.5000000000000000
0.5000000000000000 -0.4918770288438246 -0.4177454690846965
-0.0476551745692833 0.0913244682982449 -0.5000000000000000
-0.0354559681639573 0.1069385517192847 -0.5000000000000000
-0.0458880997365648 0.1249310787240435 -0.5000000000000000
0.5000000000000000 -0.1040641549666365 -0.0868170747070677
-0.4023790058383681 0.5000000000000000 -0.2640284429954858
0.5000000000000000 -0.3650230805233851 -0.1015921222275358
-0.5000000000000000 0.3552936677249692 0.3602967350682051
-0.5000000000000000 0.3418055302418087 0.3410264950065464
-0.5000000000000000 -0.0232058172865751 -0.2064843849956172
-0.0321200446069779 -0.5000000000000000 -0.4133232710385152
0.0230802217187596 -0.5000000000000000 -0.4579581477286537
-0.5000000000000000 -0.2362433066787653 0.1406423899372281
-0.4535205419935980 -0.3132630351258404 0.5000000000000000
-0.5000000000000000 0.0488976594788639 0.2107269294339364
-0.3269532305189188 0.1019285307572291 -0.5000000000000000
-0.2669978307519050 0.0675261157335180 -0.5000000000000000
0.3879691307394588 0.2538240126506954 0.5000000000000000
-0.3007614317280773 0.0107408593904420 -0.5000000000000000
-0.4129699814536250 0.1652124857357966 -0.5000000000000000
-0.0224395241794184 -0.5000000000000000 -0.4047654009724265
-0.0146473244035580 -0.5000000000000000 -0.4050205271219970
-0.3196085913350966 -0.3502795193359782 0.5000000000000000
-0.3148947237727010 -0.3540092739415845 0.5000000000000000
-0.3054580520028261 -0.3561547758715553 0.5000000000000000
0.3777920334370116 0.0450357246768884 0.5000000000000000
-0.1288671530784763 -0.4530682788764372 0.5000000000000000
-0.2658013605070877 -0.0372507668123900 -0.5000000000000000
-0.2945973987730152 -0.0762836517109495 -0.5000000000000000
0.5000000000000000 -0.0173448885461253 -0.0055361920641362
0.5000000000000000 0.1409957239521915 0.2111791442533493
0.0822110797769793 0.1025153409558594 0.5000000000000000
0.1698850782507240 -0.4915128827629486 -0.5000000000000000
0.1858716269122067 -0.5000000000000000 -0.4880711824749662
0.0944535256162037 -0.5000000000000000 -0.2168052056449832
0.1088309388775808 -0.5000000000000000 -0.2234560757303689
0.3779707577617785 0.0453672005733132 0.5000000000000000
-0.5000000000000000 0.4189932584630991 -0.3613379382945050
-0.5000000000000000 0.3527757810146619 -0.3983676379595337
-0.4765865532992559 0.3170124764035742 -0.5000000000000000
0.5000000000000000 -0.1090934560395155 -0.1068622761554648
0.5000000000000000 -0.1931545872205400 -0.0739478698345014
0.5000000000000000 -0.1024555776789436 -0.0875031591830800
0.5000000000000000 0.1619957307088211 0.2531998714293937
-0.3976572501923981 0.3384875889635111 0.5000000000000000
-0.5000000000000000 -0.0374590789798402 -0.2802552842193098
-0.4473414539711137 -0.1076121830445474 -0.5000000000000000
0.4159368516442889 0.5000000000000000 -0.0597307441463888
-0.5000000000000000 -0.2780408909666036 0.1445152408184775
0.5000000000000000 0.1622755555797173 0.2908529235349956
-0.5000000000000000 -0.2708498935893074 0.1095215902502253
0.1399997211261630 0.0857144157479193 0.5000000000000000
0.0905446551321150 0.1303661452472114 0.5000000000000000
0.3773528700992922 0.0451942004405400 0.5000000000000000
0.1017689653672817 -0.3421635082634503 0.5000000000000000
0.3780269733161227 0.0453169699734609 0.5000000000000000
0.1948376705510612 0.3458968737967728 0.5000000000000000
-0.0823177022819764 -0.5000000000000000 -0.1454804604536694
0.0335590043066500 -0.5000000000000000 -0.4500209935580407
0.0726283230615962 0.2826458446566138 -0.5000000000000000
0.2041398892447039 0.3369279661759489 0.5000000000000000
-0.4580238637049829 0.2449349383382025 -0.5000000000000000
-0.5000000000000000 0.0531464948207600 0.2734430969696136
-0.4724569011613614 0.1490673249284692 0.5000000000000000
0.2097532461335128 0.3184946832214998 0.5000000000000000
0.1830218613283728 0.3105207323323335 0.5000000000000000
0.1934835303329582 0.3347305483639190 0.5000000000000000
0.0237947903724593 -0.4811027657194852 -0.5000000000000000
0.1047483600488427 -0.4467181143405315 -0.5000000000000000
0.0310689954411461 -0.4955303849052521 -0.5000000000000000
0.0405867027893866 -0.5000000000000000 -0.4496492797351003
0.3776434115429354 0.0457878769354022 0.5000000000000000
0.1089459574373025 -0.4543424318339004 -0.5000000000000000
-0.4316483128634364 0.2227410724162953 -0.5000000000000000
-0.4163821390627887 -0.5000000000000000 0.0807828561125403
0 217
0 19
0 218
0 83
0 219
0 220
0 221
0 222
0 141
0 223
0 224
0 185
0 195
0 204
0 215
1 8
1 16
1 30
1 42
1 51
1 55
1 60
1 74
1 76
1 100
1 120
1 124
1 144
1 177
1 191
225 16
226 60
227 78
228 100
229 159
230 166
231 173
232 180
233 48
234 125
235 181
2 236
2 237
2 399
2 69
2 238
2 83
2 92
2 239
2 107
2 240
2 111
2 241
2 163
2 214
3 242
3 397
3 57
3 71
3 243
3 152
3 165
4 244
4 14
4 245
4 24
4 246
4 247
4 63
4 248
4 86
4 249
4 250
4 251
4 130
4 147
4 175
4 252
4 253
4 201
254 776
255 148
256 213
257 34
258 46
259 151
260 206
5 261
5 53
5 562
5 776
5 262
5 263
5 98
5 264
5 127
5 265
5 266
5 267
5 268
5 209
5 212
5 269
270 81
271 140
272 1161
6 11
6 16
6 273
6 44
6 82
6 93
6 99
6 274
6 154
6 275
6 162
6 276
6 180
6 183
6 99
6 277
278 83
279 195
280 204
281 215
7 29
7 33
7 38
7 40
7 68
7 107
7 114
7 140
7 158
7 166
7 191
7 1161
7 282
8 21
8 29
8 30
8 40
8 54
8 74
8 76
8 87
8 100
8 112
8 120
8 139
8 176
8 191
283 74
284 517
285 117
286 1069
287 186
288 199
9 289
9 397
9 290
9 35
9 37
9 39
9 291
9 292
9 106
9 136
9 293
9 294
9 165
9 1198
295 144
296 186
297 206
10 298
10 299
10 17
10 300
10 31
10 37
10 57
10 301
10 302
10 303
10 113
10 152
10 165
10 304
10 209
305 36
306 36
308 119
309 915
310 1151
311 1045
312 83
313 92
314 104
315 134
316 185
317 66
318 133
319 137
320 1151
11 16
11 20
11 26
11 44
11 82
11 93
11 95
11 96
11 99
11 129
11 142
11 154
11 162
11 172
11 183
11 99
321 399
322 81
323 107
324 105
325 155
326 183
327 52
328 205
329 122
330 163
12 331
12 332
12 333
12 334
12 45
12 89
12 335
12 336
12 337
12 182
12 196
12 338
12 339
12 216
340 38
341 108
342 158
343 24
344 63
345 73
346 130
347 175
348 178
349 210
350 562
351 98
352 209
353 22
354 27
355 72
356 81
357 122
13 14
13 28
13 358
13 359
13 360
13 123
13 915
13 147
13 361
13 201
362 60
363 78
364 107
365 159
366 15
367 25
368 27
369 79
370 110
371 202
372 1087
14 24
14 26
14 28
14 373
14 63
14 64
14 374
14 96
14 99
14 375
14 376
14 115
14 123
14 377
14 147
14 378
14 172
14 99
15 25
15 27
15 33
15 579
15 379
15 79
15 90
15 380
15 381
15 110
15 382
15 383
15 384
15 385
15 184
15 386
15 192
15 387
15 202
16 44
16 55
16 60
16 388
16 76
16 100
16 124
16 154
16 389
16 180
16 183
16 390
391 31
392 37
393 113
394 126
395 143
396 171
398 136
400 163
401 397
402 37
403 136
404 152
405 165
406 196
17 57
17 407
17 113
17 129
17 152
17 1131
17 161
17 408
17 209
17 212
409 157
410 202
411 152
412 56
413 517
414 83
415 204
18 416
18 23
18 68
18 417
18 418
18 419
18 103
18 990
18 108
18 420
18 114
18 421
18 422
18 146
18 423
18 424
18 425
18 426
427 162
428 181
19 65
19 77
19 83
19 92
19 104
19 134
19 141
19 156
19 429
19 430
19 170
19 431
19 185
19 194
19 195
19 204
19 215
432 196
433 84
434 95
435 150
436 153
437 23
438 626
439 131
440 157
441 126
442 201
20 43
20 57
20 71
20 93
20 121
20 129
20 138
20 142
20 161
20 172
20 200
20 207
21 29
21 40
21 41
21 54
21 80
21 112
21 120
21 139
21 176
21 179
21 186
21 188
443 108
444 38
445 108
446 25
447 79
448 85
449 1087
450 58
451 62
452 125
453 181
454 210
455 118
22 27
22 33
22 72
22 456
22 101
22 457
22 458
22 459
22 184
22 192
22 460
461 45
462 182
463 535
464 47
465 59
466 148
467 193
23 468
23 469
23 470
23 58
23 67
23 471
23 472
23 108
23 473
23 474
23 475
23 476
23 146
23 477
23 478
23 479
23 480
481 101
482 103
483 140
24 47
24 63
24 96
24 115
24 123
24 130
24 147
24 149
24 175
24 178
24 210
484 52
485 1045
486 70
487 626
488 80
489 164
25 27
25 79
25 85
25 90
25 490
25 491
25 114
25 492
25 493
25 494
25 495
25 184
26 28
26 496
26 50
26 64
26 76
26 87
26 96
26 99
26 100
26 124
26 142
26 154
26 99
26 197
26 497
27 72
27 579
27 498
27 122
27 499
27 500
27 184
27 501
27 192
502 89
28 503
28 50
28 64
28 307
28 504
28 87
28 505
28 115
28 119
28 123
28 160
28 197
28 506
29 33
29 40
29 41
29 49
29 68
29 97
29 112
29 114
29 179
29 188
29 191
29 208
30 42
30 51
30 60
30 100
30 107
30 112
30 120
30 191
30 202
30 208
31 37
31 39
31 71
31 94
31 113
31 143
31 165
31 171
507 1045
508 205
32 36
32 48
32 56
32 62
32 80
32 119
32 125
32 132
32 509
32 160
32 167
32 510
397 39
397 57
397 71
397 511
397 136
397 512
397 165
33 68
33 72
33 85
33 90
33 97
33 101
33 107
33 114
33 140
33 184
33 191
33 1161
33 192
33 208
513 399
514 81
515 155
516 183
518 91
519 106
520 135
521 1198
34 46
34 522
34 523
34 524
34 75
34 525
34 526
34 527
34 528
34 151
34 529
34 530
34 531
34 532
34 533
534 579
536 59
537 61
538 131
539 157
35 55
35 69
35 75
35 77
35 77
35 89
35 92
35 104
35 106
35 109
35 111
35 136
35 151
35 156
35 170
35 177
35 180
35 1198
35 194
35 196
35 198
36 48
36 52
36 540
36 119
36 125
36 132
36 541
36 160
36 542
36 168
36 181
36 1045
543 184
37 39
37 544
37 545
37 546
37 109
37 547
37 136
37 165
37 171
37 548
37 196
38 40
38 549
38 68
38 108
38 114
38 550
38 551
38 552
38 158
38 166
38 553
38 1161
38 554
39 44
39 71
39 77
39 82
39 93
39 94
39 106
39 109
39 136
39 555
39 155
39 165
39 170
39 171
39 173
39 180
39 196
39 211
556 1087
557 118
40 41
40 49
40 54
40 58
40 558
40 87
40 108
40 114
40 158
40 189
40 191
535 59
535 61
535 73
535 131
535 559
535 560
535 210
561 155
563 45
564 182
565 66
566 73
567 130
568 133
569 175
570 178
571 210
572 562
573 98
574 57
575 135
576 138
577 193
578 200
580 78
581 204
582 215
41 49
41 54
41 56
41 80
41 88
41 517
41 120
41 167
41 176
41 179
41 186
41 188
41 189
41 202
41 583
42 51
42 74
42 112
42 120
42 144
42 176
42 177
42 186
42 202
42 206
42 208
584 57
585 118
586 193
587 200
588 1151
589 1045
590 109
591 196
592 216
43 593
43 776
43 86
43 95
43 98
43 121
43 127
43 128
43 129
43 153
43 172
43 594
43 207
43 210
43 212
44 55
44 82
44 93
44 124
44 154
44 180
44 183
44 211
595 70
45 596
45 597
45 598
45 89
45 599
45 156
45 600
45 182
45 601
45 602
45 216
46 603
46 604
46 75
46 605
46 111
46 606
46 607
46 151
46 608
46 609
46 190
46 610
46 206
46 214
611 134
612 141
613 156
614 182
615 216
616 99
47 59
47 61
47 73
47 617
47 96
47 618
47 115
47 116
47 130
47 619
47 148
47 149
47 1069
47 187
47 210
620 166
621 141
48 62
48 622
48 125
48 132
48 623
48 181
48 624
48 625
49 56
49 58
49 627
49 85
49 88
49 114
49 628
49 179
49 188
49 189
49 1087
629 175
630 201
50 64
50 76
50 80
50 102
50 115
50 116
50 139
50 160
50 169
50 176
50 197
631 58
632 86
633 172
634 173
635 195
636 78
637 145
638 195
639 204
640 215
51 55
51 60
51 107
51 159
51 177
51 198
51 202
51 206
51 208
51 214
52 641
52 642
52 643
52 644
52 645
52 125
52 646
52 647
52 648
52 649
52 168
52 1045
52 205
52 650
651 626
53 652
53 653
53 654
53 655
53 656
53 657
53 658
53 209
659 182
660 517
54 56
54 67
54 307
54 80
54 87
54 108
54 132
54 139
54 158
54 160
54 167
54 189
54 197
55 60
55 74
55 106
55 124
55 144
55 151
55 159
55 177
55 180
55 194
55 198
55 211
662 1151
663 103
56 80
56 664
56 88
56 665
56 517
56 666
56 667
56 160
56 167
56 668
56 669
56 670
56 189
671 118
672 213
673 74
674 117
675 135
676 144
677 1069
678 193
679 199
680 95
57 681
57 71
57 682
57 113
57 129
57 135
57 683
57 684
57 138
57 1131
57 161
57 165
57 193
57 200
685 95
686 162
58 62
58 67
58 687
58 688
58 689
58 108
58 690
58 691
58 146
58 692
58 181
58 693
58 189
59 61
59 70
59 73
59 694
59 695
59 115
59 116
59 131
59 696
59 148
59 1069
59 697
59 210
698 84
699 86
700 95
60 701
60 100
60 107
60 159
60 166
60 180
60 191
60 702
61 66
61 70
61 73
61 661
61 115
61 116
61 123
61 125
61 131
61 703
61 137
61 160
61 164
61 168
61 178
62 67
62 704
62 132
62 167
62 181
62 705
62 189
63 86
63 96
63 706
63 115
63 121
63 147
63 149
63 172
63 175
63 707
63 210
708 92
709 104
710 134
562 711
562 776
562 98
562 712
562 713
562 714
562 715
562 716
562 717
562 718
64 76
64 96
64 115
64 116
64 117
64 124
64 138
64 142
64 169
64 174
65 719
65 77
65 77
65 109
65 145
65 720
65 170
65 721
65 195
65 722
65 215
723 626
724 164
725 168
726 77
727 109
728 145
729 155
730 195
731 205
66 73
66 661
66 115
66 123
66 133
66 732
66 137
66 178
66 733
734 147
735 201
736 203
67 737
67 108
67 132
67 146
67 738
67 158
67 739
67 189
740 83
741 92
742 134
743 75
744 104
745 190
746 214
747 89
748 136
749 201
750 151
751 109
752 216
753 209
754 91
755 151
756 100
757 180
758 134
68 101
68 103
68 990
68 108
68 114
68 140
68 759
68 184
68 1161
760 75
761 104
762 85
763 108
764 114
765 146
766 189
767 1087
399 81
399 768
399 107
399 769
399 770
399 163
771 134
69 78
69 83
69 92
69 107
69 772
69 111
69 773
69 159
69 163
69 194
69 198
69 204
774 89
775 136
777 121
778 128
779 148
780 150
781 210
782 213
70 80
70 783
70 102
70 115
70 784
70 116
70 131
70 785
70 1069
70 160
70 164
70 786
70 787
70 199
70 788
71 82
71 93
71 94
71 113
71 129
71 135
71 789
71 138
71 142
71 165
71 211
790 661
791 164
792 168
793 1151
794 1045
795 85
72 81
72 860
72 101
72 107
72 796
72 122
72 797
72 140
72 163
72 798
72 1161
72 192
72 208
72 214
799 137
73 800
73 115
73 130
73 801
73 178
73 210
802 89
803 84
804 98
805 128
806 150
807 153
808 579
809 190
74 76
74 117
74 120
74 124
74 810
74 135
74 144
74 176
74 177
74 186
74 199
811 113
812 209
75 813
75 89
75 92
75 814
75 104
75 111
75 151
75 156
75 815
75 1198
75 816
75 817
75 214
76 87
76 100
76 117
76 120
76 124
76 139
76 154
76 169
76 176
76 197
818 92
819 104
820 111
821 122
822 163
823 190
824 214
77 106
77 109
77 825
77 145
77 155
77 170
77 171
77 173
77 180
77 194
77 215
826 83
827 204
579 122
579 828
579 829
579 190
579 192
579 830
831 155
776 98
776 832
776 833
776 121
776 128
776 834
776 835
776 836
776 207
776 212
776 213
776 837
77 92
77 170
77 194
77 215
838 95
839 98
840 105
841 126
842 153
843 162
307 87
307 119
307 132
307 158
307 160
307 197
307 844
626 845
626 131
626 846
626 847
626 157
626 164
626 848
626 849
626 850
851 118
78 107
78 852
78 853
78 854
78 855
78 145
78 159
78 180
78 194
78 198
78 204
78 856
78 215
857 1151
858 203
79 85
79 90
79 859
79 110
79 179
79 184
79 202
79 1087
861 107
862 1161
80 863
80 88
80 102
80 517
80 115
80 864
80 116
80 125
80 865
80 139
80 160
80 164
80 169
80 866
80 176
80 197
80 199
81 860
81 867
81 101
81 107
81 868
81 869
81 870
81 140
81 871
81 163
81 872
82 93
82 94
82 105
82 113
82 129
82 143
82 155
82 162
82 180
82 183
83 873
83 92
83 874
83 134
83 875
83 876
83 877
83 878
83 879
83 185
83 880
83 204
84 86
84 95
84 128
84 150
84 153
84 881
84 882
84 883
84 884
885 109
886 171
887 196
85 90
85 97
85 888
85 114
85 889
85 179
85 184
85 188
85 1087
890 134
891 209
86 95
86 892
86 121
86 128
86 150
86 893
86 172
86 894
86 895
86 210
896 205
897 148
898 210
87 100
87 899
87 139
87 154
87 158
87 900
87 191
87 197
87 901
661 902
661 137
661 164
661 168
661 1151
88 903
88 904
88 517
88 905
88 906
88 188
88 1087
88 907
89 908
89 109
89 909
89 136
89 156
89 170
89 910
89 1198
89 196
89 911
89 216
90 97
90 110
90 114
90 179
90 184
90 192
90 208
912 185
913 119
914 123
916 1151
917 203
91 106
91 135
91 918
91 144
91 151
91 177
91 919
91 1198
91 206
91 211
920 118
921 152
922 1131
923 165
924 200
92 104
92 925
92 111
92 134
92 926
92 170
92 194
92 204
93 124
93 129
93 135
93 138
93 142
93 154
93 211
94 105
94 113
94 143
94 155
94 171
94 183
94 927
95 127
95 128
95 129
95 153
95 928
95 929
95 162
95 930
95 172
95 931
95 932
95 99
933 107
934 152
935 182
96 115
96 116
96 121
96 142
96 149
96 172
96 174
96 99
96 187
936 186
937 202
938 206
939 126
940 209
860 107
860 140
860 1161
941 151
942 156
97 110
97 114
97 179
97 208
943 182
944 187
98 945
98 127
98 128
98 946
98 153
98 947
98 948
98 207
98 209
98 212
949 122
950 190
951 107
99 952
99 953
99 154
99 954
99 162
99 955
99 956
957 190
958 214
100 154
100 158
100 166
100 959
100 191
100 960
101 103
101 990
101 114
101 961
101 962
101 140
101 963
101 184
101 964
102 965
102 116
102 1069
102 169
102 176
102 199
103 990
103 114
103 966
103 140
103 967
103 968
103 969
103 970
103 971
103 972
104 134
104 156
104 170
104 973
104 974
975 118
976 148
977 213
105 978
105 113
105 126
105 127
105 129
105 143
105 979
105 162
105 171
105 183
105 980
105 981
982 119
983 132
984 146
985 158
986 181
987 189
988 141
989 185
991 184
992 205
993 195
994 118
995 195
996 155
997 173
998 183
999 126
1000 162
1001 201
1002 152
1003 209
106 136
106 1004
106 151
106 170
106 173
106 177
106 180
106 1198
106 196
106 211
1005 108
1006 158
1007 148
1008 1131
1009 213
1010 1087
107 1011
107 1012
107 111
107 159
107 163
107 166
107 191
107 1161
107 198
107 208
107 214
107 1013
1014 119
1015 132
1016 158
990 114
990 184
990 1017
990 1018
1019 147
1020 172
1021 189
108 114
108 1022
108 1023
108 1024
108 146
108 1025
108 158
108 1026
108 189
1027 114
1028 184
1029 109
1030 196
1031 216
1032 109
1033 110
1034 179
1035 188
1036 202
1037 1087
1038 163
109 1039
109 136
109 156
109 1040
109 170
109 171
109 196
109 1041
109 216
1042 204
110 179
110 192
110 1043
110 202
110 208
110 214
1044 1151
1046 203
111 151
111 163
111 177
111 198
111 206
111 214
112 120
112 179
112 191
112 208
113 126
113 127
113 129
113 143
113 1047
113 161
113 165
113 209
1048 147
1049 201
114 1050
114 179
114 184
1051 148
1052 1045
1053 205
1054 145
1055 159
1056 173
1057 180
517 1058
517 1059
517 1060
517 1061
517 176
517 186
517 1062
517 199
517 1063
517 1064
115 116
115 123
115 130
115 160
115 178
1065 206
1066 1069
1067 199
116 1069
116 160
116 169
116 174
116 187
1068 118
1070 187
1071 193
117 124
117 135
117 138
117 1069
117 169
117 174
117 176
117 187
117 193
117 199
118 121
118 1072
118 1073
118 1074
118 148
118 1131
118 161
118 1075
118 1076
118 187
118 193
118 200
118 1077
118 213
119 123
119 125
119 132
119 915
119 160
119 168
119 1151
119 1045
120 176
120 179
120 186
120 202
120 208
1078 202
1079 206
1080 209
121 1081
121 142
121 148
121 149
121 161
121 172
121 187
121 207
121 210
121 213
122 1082
122 1083
122 163
122 1084
122 190
122 192
122 1085
122 214
123 125
123 133
123 915
123 137
123 147
123 160
123 168
123 178
123 203
124 135
124 138
124 142
124 144
124 154
124 174
124 211
1086 164
1088 1087
1089 163
125 1090
125 1091
125 160
125 164
125 1092
125 168
125 181
125 1093
125 1094
126 127
126 143
126 1095
126 1096
1097 144
1098 176
1099 186
1100 199
127 129
127 1101
127 153
127 162
127 207
127 209
127 212
128 150
128 153
128 1102
128 1103
128 1104
129 161
129 162
129 172
129 207
129 209
129 212
130 147
130 149
130 175
130 178
130 210
1105 212
1106 213
1107 136
1108 196
1109 155
1110 171
131 1111
131 1112
131 1113
131 157
131 164
131 1114
131 1115
131 1116
132 158
132 160
132 167
132 181
132 189
1117 181
1118 148
1119 210
1120 171
1121 196
1122 185
133 915
133 137
133 147
133 175
133 178
133 201
133 1123
1124 195
1125 152
1126 182
134 141
134 156
134 1127
134 170
134 1128
134 1129
134 1130
1132 213
1133 193
1134 157
1135 164
135 1136
135 138
135 144
135 1137
135 193
135 211
1138 145
1139 173
1140 215
136 165
136 1198
136 196
1141 157
1142 164
1143 185
1144 195
1145 204
915 137
915 147
915 168
915 1151
915 1045
915 201
915 203
1146 146
1147 181
1148 211
137 168
137 1151
137 201
137 203
137 1149
137 1150
1152 162
138 142
138 174
138 187
138 193
138 200
1153 188
1154 1087
1155 155
1156 173
1157 148
1158 160
1159 164
1160 167
139 160
139 176
139 197
140 1162
140 1163
140 1161
141 156
141 1164
141 1165
141 1166
141 185
1167 202
1168 148
1169 187
1170 193
1171 145
1172 155
1173 173
142 149
142 154
142 161
142 172
142 174
142 187
142 193
142 200
143 171
143 1174
1175 184
1176 171
1177 205
1178 1161
144 177
144 1179
144 186
144 206
144 211
1180 185
145 155
145 159
145 173
145 180
145 194
145 195
145 1181
145 215
146 1182
147 175
147 178
147 201
148 149
148 187
148 1183
148 210
148 213
1184 209
149 172
149 187
149 210
150 1185
150 1186
150 1187
150 1188
151 177
151 1189
151 1198
151 206
152 165
152 1190
152 1191
152 1192
152 1193
152 1194
152 209
1195 153
1196 162
1197 209
153 162
154 1199
154 1200
155 171
155 1201
155 173
155 1202
155 180
155 183
155 1203
155 1204
155 1205
155 1206
1069 169
1069 187
1069 193
1069 199
156 1207
156 170
156 1208
156 1209
156 1210
156 1211
156 216
157 164
157 1212
158 166
158 1213
158 1214
158 1215
158 191
158 1216
158 1217
1131 161
1131 1218
1131 1219
1131 200
1131 209
1131 212
1131 213
1220 190
159 166
159 180
159 194
159 198
159 1221
1222 162
1223 172
1224 99
160 164
160 167
160 197
161 187
161 193
161 200
161 207
161 209
161 212
161 213
162 183
162 99
162 1225
163 1226
163 190
163 192
163 214
164 168
164 1227
164 1228
164 1229
1230 170
1231 216
1232 190
165 196
1233 168
1234 181
1235 1045
1236 205
1237 205
166 1238
166 1239
166 191
166 1240
167 1241
167 189
1242 185
168 1151
168 1045
168 203
168 1243
169 174
169 176
169 187
169 199
1244 182
1245 216
170 171
170 194
170 196
170 216
171 183
171 1246
1247 175
1248 201
1249 209
172 99
172 207
1250 209
1251 196
1252 173
1253 180
1254 202
173 1255
173 180
173 1256
174 187
175 178
175 1257
175 201
175 1258
1259 209
1260 212
1261 213
176 186
176 199
176 1262
1263 213
1264 180
1265 183
1266 189
1267 1087
177 1268
177 198
177 202
177 206
177 211
177 214
1151 1045
1151 1269
1151 201
1151 203
1151 1270
178 1271
178 1272
179 188
179 202
179 208
179 1087
179 1273
1274 185
1275 195
1276 195
180 183
180 194
180 198
180 211
181 1277
181 1278
1279 189
1280 1087
182 1281
182 216
183 1282
183 1283
184 192
184 1284
1045 205
1285 209
1286 1087
1287 209
1288 186
1289 206
186 199
186 202
186 206
186 1290
187 193
187 1291
188 202
188 1087
188 1292
190 1293
190 214
1294 210
191 208
1295 201
1161 1296
192 1297
192 208
192 214
193 200
194 198
194 204
194 215
195 1298
195 215
196 1299
196 1300
196 216
1301 202
1302 206
1303 214
1304 201
1305 203
198 214
201 203
201 1306
201 1307
202 206
202 208
202 1308
202 214
203 1309
204 215
206 208
206 214
207 212
207 213
208 214
1310 215
209 212
212 213
212 1311
