1337 2304 0
0.0039262686922383 -0.3512161182306332 -0.3421624077966693
-0.2264689255533857 0.0822309943130935 -0.0118025681247598
0.3974664508625784 0.1473247068149846 0.1250560671726317
0.3335426239215393 0.1061376226905128 -0.3726923499735729
-0.2467056777638093 -0.1901874967105779 -0.2641974585488702
0.2827857383221440 0.1507941319820723 0.0439495730910208
0.4133726489394330 -0.4813364182575777 -0.2318541093882863
-0.0100299703038536 0.1523408626847221 0.1797143638580360
-0.4437121252214580 -0.2436700909614321 0.2795548315367958
-0.0380076351864725 0.4057186835985973 0.2637247825279011
0.1327842775382490 0.2838289378012996 -0.3211211649178282
-0.0479754459260544 0.1999773760520705 -0.1354197908526592
-0.3458756082342175 0.4465409960993266 -0.3665061580869481
0.4388679012507406 -0.2606817112576746 0.2798158488601802
0.4728775922156387 0.4340624599010769 0.1443950989140809
-0.2229217401293835 -0.1889340594059838 0.4042568284050085
-0.2235143564348849 0.3125101291242529 0.2253153744994556
0.4019941273611402 -0.4691861632079616 0.1368023234033406
-0.4536237927186395 -0.4208948660236708 0.4686459443514873
0.0074650520114518 0.2237251867126072 0.4514553977243708
-0.0095316882824530 0.1939422875079444 -0.1138069576124405
0.0309924540072046 0.4703012232327950 -0.4481152633884075
0.0753154661320101 0.2104632863649168 -0.0379730895346501
0.2979055386055826 0.4845374151114029 0.4218996111866161
-0.3631834061989354 0.1340144297408322 0.2392785853110034
0.4000530329995157 -0.4072751956777221 -0.1041769262391144
0.3555013758260503 -0.0726962913609222 -0.4101360506521115
0.4728690557045959 -0.2832444226302844 0.3942362838369605
-0.4911126689792658 -0.1783653592746691 0.2837484028261212
-0.3622414884032450 0.0030696722571083 0.0116105395353549
0.3816815362780573 0.3704340084108552 0.4826553518775928
-0.2979486157968437 0.3727581953666241 -0.3258553095992062
0.0922128357839493 0.1421569097607877 -0.1881739831649319
0.0923636732496235 -0.4693144193063356 -0.4153158784789544
-0.4401204250981148 -0.3633847791618611 -0.3605467576102998
0.1143235151316442 0.4624414053129892 -0.0069806320085281
0.4457840164603133 -0.2947702022493051 -0.4144362044720379
0.2099255767303868 -0.2551307452551668 -0.2684768712740907
0.1450735380151259 0.3695201480401884 -0.2364071214643975
-0.4780141236564009 -0.0603059343254340 0.1294865331231912
0.0993991337193557 0.0689407110353111 0.2741385839637426
0.4543475174164469 -0.0344862100145485 0.0444185378675728
-0.0623624179384626 0.2437024327511368 0.3768854047613396
0.1919770574641045 0.3140442039404057 0.1582845164589576
0.1337644501314877 -0.4531476105736068 0.3203437571136900
-0.0557454777666367 0.0763577283263634 0.0108121683711113
0.2945088707846052 0.0399325408796832 0.0931102682051722
-0.0481045687572259 0.0399763786097362 -0.4697986332877997
-0.1851335809150684 -0.0644710055567941 0.3012760035926738
-0.1608277204611137 -0.2028121172449461 -0.3390142387663201
-0.0778463138041157 -0.0260395132991559 0.2575719194835648
0.4151148592283620 -0.2878572853293151 -0.0090830384431865
-0.0230959337098166 -0.4344342142721157 0.4867667589832146
-0.0939738018087580 -0.1634248972446667 0.2955597066723823
0.2297141650159038 -0.1422901788332590 0.3781020786738731
0.4123534216181856 -0.0066336511358688 -0.0835303589716818
-0.4370534195727570 -0.1655807141482205 0.1168357871152892
-0.2686430934683406 0.3089252141926785 -0.2665880578654228
-0.1285754768836455 -0.0626375818658042 -0.0770685028676564
-0.3894685006943344 0.2073600055764154 0.0604088336624816
0.2066865495056996 0.3635804496834323 0.2140771654761049
0.0053967381922887 -0.2917320704921080 -0.1944642967053413
0.4266221057941601 -0.0060654411597239 -0.0976570662975934
-0.0882701512991774 -0.4092138062135025 0.1210608160097855
0.3240961965377944 0.1466789218662350 0.3918023906649291
-0.1866212211490816 -0.1337007175670340 -0.1525756327104995
-0.4339181502695583 0.4025454960416396 0.2263257334996988
-0.4519490075369433 -0.0003876218189798 -0.1712178767822928
-0.3676117960570245 0.4211246905165942 -0.4719802133991666
-0.3253449295011511 -0.3858441796106902 0.4150782263658578
0.4400047484871717 0.2834793947915545 -0.2208760440212925
-0.0750292405208263 -0.3733127929147015 0.3013184078396774
0.1779027025002523 0.2672446132410029 -0.2939688240709787
0.1808387625051439 0.1172256749517972 0.4489833520922923
-0.1036832679582601 -0.4421171436558378 -0.0150071552192238
-0.0318044824889487 0.4160921841776912 -0.2143766661440105
-0.0097958297181278 -0.0618273316734056 0.0999972816152924
0.2104319917760937 -0.2205389236728658 0.0538757532217387
0.2429768452181310 0.4086448385100312 -0.2560774352834891
-0.1816221039977892 -0.3036055900939421 0.2313809085066789
0.2864890513107743 -0.2383032145035320 -0.0294622660917827
-0.3907123340859167 0.0428370719781053 -0.0785590413892023
-0.1534999477885430 -0.4331409831261777 -0.1714474009417981
0.1954159973383404 0.3331878724198341 0.0558095840693746
0.0234006586924918 0.4817372948327481 0.4640902735914710
-0.1958396975869245 -0.3251039718377475 -0.2089212188899693
-0.1477073656279345 -0.3948421906420789 0.4923151814440483
0.3640119498392518 0.1662087095218932 0.1974394855837354
-0.4686958359903513 -0.2208735985773785 -0.0583699153605333
0.2949987707195207 0.1285078240121986 -0.1302220643456599
0.1170680310450492 -0.0471650366854580 0.0239606339330086
-0.1053293763913137 0.2370543373256417 0.0200842093770166
0.0336085681454839 -0.4652639606456105 -0.2073561404507367
-0.2840303400510714 0.3527921998594149 0.1029778742535149
0.3187517830752050 -0.3889063501200137 -0.2422081451783571
0.4008630620037331 -0.1129419668431948 0.2224791106746809
-0.0555883835031031 -0.3309696744097413 -0.1005618729355255
0.2422296442922279 0.2010444889136437 -0.3760514419901936
0.2026841627358290 0.0379946376078784 -0.0671819463561644
0.1840349580819664 0.3626824275560156 0.2464271866591973
-0.4797107182561817 -0.2698572510328233 -0.2867698480901321
-0.4545914816492162 -0.3927870180598493 0.4422572093434264
-0.2432119428403721 -0.4009396058084709 0.4907397746844974
0.1558971257963213 -0.1148848018569647 0.2929125267039909
-0.2868369982405556 -0.1159720274571795 0.0306641275821933
-0.4634752406717196 0.4751325016517340 0.0177120474293208
0.1243288185362132 0.2458420619746092 -0.0133161942739551
0.0134560296263905 -0.1565873968344944 0.1574503902323796
-0.0640843064769361 -0.1762393713347240 0.3539800772335094
0.1401001941252664 0.3297652134769160 -0.4228178522128437
-0.3741318408054404 0.1391051266693117 0.3272247052191173
-0.3115468965950716 0.0378117726291889 0.2773568632520299
0.0505690214360552 0.1844973246718051 -0.4372834780253400
-0.2555461198328544 0.2064216810886412 0.1441081885190614
-0.0238510142688483 0.4635457698077663 -0.3438226064749013
0.4169056493924104 0.2626463439600219 -0.1564919355032472
0.3271831539477238 -0.2190740394820948 -0.4608427260077612
0.3604244611875021 -0.3022033680729003 0.4369517585609994
0.0725949803463211 -0.1348332738172875 -0.4576863340237043
-0.2220623627855098 0.1389031073668109 0.0548140861179189
-0.4076266109500048 0.1706461942059597 0.3702925764186430
-0.3204792540097711 -0.1075910716082156 0.1061466879147254
0.2024769209147073 -0.3136441817705967 -0.3211266999619473
0.0461671834852935 0.3571846647497026 0.0101253848431388
0.4165024964770378 0.2027378525817969 0.0176599492197991
-0.3339500224356857 -0.0928048892242497 0.0957295277108487
0.0366085984689309 0.4405101522008245 -0.0294412108395724
0.2814371248135828 -0.1232514820089411 -0.4826987435292266
0.0137793984873026 0.3863241727986838 0.0799236204147066
0.4338688495070375 -0.2625682765344076 0.0539189695348347
-0.4611734762641720 0.2590764611011405 0.3140865290770186
0.1112940201036175 -0.4643172605620483 -0.3997308170002791
-0.1236059800400413 0.2072384098296143 0.2949393810876877
-0.4326130407163406 0.2908717485762015 -0.1332357490542010
-0.1483468241391424 -0.1945011326070860 0.4368874909458772
-0.4195684335195960 -0.3269761448280434 0.0702656081463218
0.1103133708443698 -0.3251695488573549 -0.1355084778408247
0.0840028406401772 -0.3885609870766227 -0.4305362918227762
0.3109070527386074 -0.2501655732573970 -0.4599071980695056
0.0254078966744641 -0.4076688262357253 0.2327211272653496
-0.2317931977965548 -0.0957232980766950 0.4874919765553528
-0.1740978948167591 -0.0870089538967905 -0.2133751061553908
-0.2494770007622563 -0.1037045184901363 0.3088256856688904
0.3571663114385976 -0.3150069849544940 -0.4141032678663539
-0.0145717600416691 0.4297191408720312 0.0106505476197105
0.0233831542714159 -0.4321145255017828 -0.1215642884309667
-0.4494788659294271 0.0870127520635777 -0.0568998352203913
-0.2960910788342003 -0.1052103401538266 -0.4423483333701772
0.0356579022675019 -0.3628553565433990 0.1728318931438357
0.3017803053920814 0.0397749254024652 -0.0395267389418378
-0.4310976384284319 -0.3316070937945480 0.0347903441624393
0.3581917316738282 0.3079118235945121 0.4120750821906324
0.4457141476826545 0.1284603408849380 -0.4330170942462687
0.2923507015016759 0.3559584926312921 0.4378578260109193
-0.3176490025755329 0.0483127851445888 0.0911264270975672
-0.4563512925024610 0.3602815741429514 0.0379294169936228
-0.0868935699568852 0.4846851385092819 -0.0467308962352942
0.0182204066984881 0.1484030055642995 -0.0834225661897865
0.2354214234035725 -0.1665044797768864 0.3456638809338922
0.3163357959159903 -0.3143308564082310 0.1044650396513443
-0.1585603412833382 -0.3719474359340236 0.2179655720379688
0.4209207263706276 -0.4434192561988248 0.1780301161320988
0.2721784197103771 -0.3693210477208244 -0.3430648591756093
-0.0189374026810528 -0.1956670063688944 0.1119475928530540
0.2264091828269232 -0.0680995231055347 -0.2520924668190564
-0.2542711906243051 -0.2649400227307507 0.1105467259631555
-0.3275030580430900 -0.3140254307483865 -0.0682173767862804
0.3542493980832931 0.2253093891619925 0.4195520281231831
0.4656077242510011 -0.4421902069683088 -0.2865546855498685
0.4503767590731250 0.4478603866922070 0.0553078299433152
-0.3382163484462635 0.2578276913034022 0.2596847887683894
-0.0210732491425601 0.2847547282718820 -0.1198884729324737
-0.3851184440412233 0.0336870493191615 -0.1908847789689233
0.1335328565420098 -0.3380128974750249 0.0059478111653870
-0.2107236428711598 -0.0289500410870943 -0.1563310917760796
-0.1798196048002796 -0.4325255697242893 0.2965357088931300
-0.3411855587181348 -0.3810643992573851 -0.1753846460790332
0.2998556113266197 -0.0326614486903804 -0.0505270141092682
-0.2945697632633210 -0.1271883947135478 0.3906562203856030
0.2410267145580749 -0.2166587401181285 -0.3133175599134839
0.2486201657308118 0.2215701223362286 0.1401613227824176
0.0846062021841271 -0.2408769270082275 -0.3382842362087661
0.3824568365172171 -0.1050938804431907 0.2894054713396972
0.1006490118766968 -0.2179587283796692 -0.3521755211955241
0.1981523245048947 0.0975084855775620 -0.4816265126505567
0.0184454521457573 0.3000379365590862 -0.0830449346336996
0.0970170759239659 0.2972605314525055 -0.0448410110447844
0.0499894006314847 0.3467544393588711 0.4267661201783703
0.3314519281564823 0.1887635452918887 -0.0576259612658876
0.4433755048679015 0.0095731951038604 0.1254389960607390
0.4590860648127014 -0.2831704901105989 -0.0793501009092174
-0.3353754195176408 -0.1753598171182691 0.1679951063739828
-0.2589144265140186 0.3201860602519914 0.4651105882278881
-0.3925552345491130 -0.2625621137001141 0.4252234993743514
0.4811532327404511 -0.2683249535772103 -0.3967723087831339
-0.1370967137158684 -0.3349563373334407 0.1260557637648811
0.3854811505014634 -0.2232768680246087 0.1201381755233475
-0.1987734140112965 0.3457725458364530 0.3734528710824328
-0.1515922105061830 0.0811860295032966 -0.2852477771878366
0.1371881931429201 0.2893252020603121 -0.3646964653869639
0.2480975124197176 0.0751999720777092 -0.2556158577197006
-0.0481571343888490 0.4148068580380833 -0.4445788150684249
0.0665601193470042 0.2810648810407129 -0.0471042302466578
0.1571178620736624 0.3952602614819249 0.0838223551789876
0.2068861510401701 -0.0335348346112859 0.1501906420346688
-0.1689975238831003 -0.3953206192221582 -0.1425163419210849
0.2350366302870702 0.0253165004734483 -0.1657535155465300
0.2334355288327359 0.3987932019392060 -0.0395203221994178
-0.0357491494083008 0.4792339005241800 0.2862701576227156
0.0702368152710531 -0.1889441041265416 -0.1041607333277612
0.0400266367542807 -0.2452949366388631 0.0754381336852051
-0.1868004230074564 0.2081714781200492 0.3332576118909953
-0.0667265469983334 -0.2713969140204390 -0.4192729887163986
-0.3918202668691346 0.4260222603594201 -0.0239411636287714
0.2951551187874531 -0.3543564565149879 0.3241457557238324
-0.1174874636283700 -0.5000000000000000 -0.3642403855327930
-0.0029890077075406 -0.5000000000000000 -0.2774460032744647
-0.2576716342851186 0.5000000000000000 -0.3471874228780576
-0.0721918713432372 0.5000000000000000 -0.3367524403275874
0.0131037843006135 0.5000000000000000 0.0022238938873290
-0.3601948334504535 0.5000000000000000 0.0170450015024057
-0.0817200107992237 0.5000000000000000 0.0134283382091761
-0.0971817760333726 0.5000000000000000 -0.0330635503165562
-0.5000000000000000 0.0858458728489929 -0.0680439330006329
-0.5000000000000000 0.0924023388279972 -0.0685227589569383
0.3737714915297844 0.3682719396608923 0.5000000000000000
-0.5000000000000000 0.3269841337148017 -0.1477242360066546
-0.5000000000000000 0.4470655315004800 -0.2297916000752772
-0.5000000000000000 0.4106414921685776 -0.0941639169713206
-0.5000000000000000 0.2100648646309826 0.0062628847701178
0.5000000000000000 0.1251438501106676 -0.4263590363978966
0.5000000000000000 0.1181398558511585 -0.4938505372907885
-0.3513955315385718 0.4478629239825682 -0.5000000000000000
-0.3550752628759672 -0.0911222201667973 -0.5000000000000000
0.5000000000000000 -0.0358279531899401 0.0792382896931707
0.5000000000000000 -0.0867805401071700 0.2185797074826402
0.5000000000000000 -0.0792023951323592 0.2580663548025968
0.5000000000000000 -0.0028420886999063 0.1466543562065469
0.5000000000000000 0.2168083124188432 0.1446235295090947
0.5000000000000000 0.1056828689243710 0.1547106548000939
0.5000000000000000 0.1064050503004247 0.0780264797974880
0.5000000000000000 0.1008443631470311 0.1201199416970127
0.5000000000000000 0.1934141828474708 0.1097090861435717
0.5000000000000000 0.1367447910901279 0.1287711855692811
0.5000000000000000 0.1684316104709837 0.1421246780104290
0.5000000000000000 -0.0084058231070976 -0.0982170382745566
0.5000000000000000 0.0672201010834152 -0.1176894724210217
0.5000000000000000 0.4618272654356197 -0.3118354218400320
0.5000000000000000 0.4488768595379189 -0.2826226014329221
0.5000000000000000 0.4381499124070364 -0.3129300693551508
0.5000000000000000 -0.0543857931082131 -0.2551129885392124
0.2010088276737819 -0.0051544954175625 -0.5000000000000000
0.2473300037787196 0.0312462369993348 -0.5000000000000000
0.5000000000000000 0.0843495226993645 -0.3836076685403687
0.5000000000000000 0.1250176779776246 -0.3488732897252889
0.4018192156523991 0.0757488298550196 -0.5000000000000000
0.4286596805941768 -0.5000000000000000 0.1075730507817454
0.4325047419954247 -0.5000000000000000 0.0852551224730267
0.4344362461274363 -0.5000000000000000 0.0967736640865453
0.3953722493352755 -0.5000000000000000 0.1020578799072358
0.3735998285907335 -0.5000000000000000 0.0873090180411635
0.4305273781463055 -0.5000000000000000 0.1006496153933295
0.4218377157763105 -0.5000000000000000 0.0963335540095461
-0.1119847801902827 -0.2640153303107265 0.4999735411246524
-0.1714126810602429 -0.2735258644218174 0.5000000000000000
-0.1508923495265379 -0.3287822250071696 0.5000000000000000
-0.1951053105092162 -0.3250193344067348 0.5000000000000000
-0.1535292541041310 -0.2523859263989360 0.5000000000000000
-0.1876296123786060 -0.1899443898285781 0.5000000000000000
-0.1810063242256081 -0.2612128439868155 0.5000000000000000
0.5000000000000000 -0.2733050359866719 0.2668522293297432
0.5000000000000000 -0.1989362415914504 0.2320866846910754
0.5000000000000000 -0.2602307086192048 0.1821054370411574
0.5000000000000000 -0.3170383192426210 0.2717642049993726
0.5000000000000000 0.3728331310186165 -0.2483896221557574
0.5000000000000000 0.4135564493725170 -0.2694292680615398
0.5000000000000000 0.4284032301841773 -0.2650573449859555
0.5000000000000000 0.4175258729994581 -0.2760450384350184
-0.5000000000000000 -0.3939945026249029 0.4744815561458816
-0.5000000000000000 -0.3711348158292459 0.4524816358596543
-0.5000000000000000 -0.1055269626729341 -0.3291214941259121
-0.5000000000000000 -0.1377740046625368 -0.1866734409852572
-0.5000000000000000 -0.1614759834901550 -0.2070224034542257
-0.5000000000000000 -0.1075001218444142 -0.3315566754232269
0.5000000000000000 0.0872918264845446 0.0176078888089786
-0.2284604584188265 -0.0792892907445498 0.5000000000000000
-0.1094201173731814 -0.5000000000000000 -0.4896049864250392
-0.2239662252684579 -0.4937390919345473 -0.5000000000000000
-0.1302159593625600 -0.4846611596471392 -0.5000000000000000
-0.5000000000000000 0.0693083067207362 -0.3964652670766793
-0.5000000000000000 0.0707792737081160 -0.3918004526385552
-0.5000000000000000 0.0818689618890905 -0.3845878027302304
-0.5000000000000000 0.0736271761459041 -0.3908675183243208
-0.5000000000000000 0.0627940529084926 -0.3925567897242881
-0.5000000000000000 0.0683147094953329 -0.3732081169496316
-0.5000000000000000 0.0717845940747557 -0.3868942066305650
0.0207494774094899 0.5000000000000000 0.4804281776254740
0.4943763269619940 -0.5000000000000000 -0.2375695115732634
0.5000000000000000 -0.4551772773479904 -0.2438820711413975
0.2347204099138325 -0.5000000000000000 -0.2467178549947556
0.5000000000000000 -0.4925577729681291 -0.2175998600011504
0.4838574929357342 -0.5000000000000000 -0.1984355317135313
0.4285217837316119 -0.5000000000000000 -0.2437977386319793
0.3749636040375118 -0.5000000000000000 -0.3281528927304787
0.3827291581426069 -0.5000000000000000 -0.2100558268188289
0.5000000000000000 -0.4788852489036743 -0.2227928063564724
0.3475774720332064 -0.5000000000000000 -0.2391084189698207
-0.0333160027759594 0.0528658871987932 -0.5000000000000000
0.1833051353076181 0.1001458024473081 -0.5000000000000000
0.0063221274374557 0.2152747451973483 0.5000000000000000
0.5000000000000000 0.2162260301478787 0.0052867676664077
-0.5000000000000000 -0.2640285577711124 0.3658149176820512
-0.5000000000000000 -0.4180703954577822 0.3588761708803451
-0.5000000000000000 -0.2262879847240552 0.2872193808674184
-0.5000000000000000 -0.2821924957459439 0.2506858758195506
-0.5000000000000000 -0.2321082880165057 0.2222059508642924
-0.5000000000000000 -0.2470075094556269 0.2624768403194751
0.1803948314783962 0.5000000000000000 0.2249026636854053
-0.1295191068519974 0.5000000000000000 0.2221769994692327
0.0923369259187756 0.5000000000000000 0.1387649828348935
-0.0966459440456873 0.5000000000000000 0.2138993572030851
-0.2698813100215628 -0.5000000000000000 0.2677540456445517
-0.1385802355353433 0.0164779704240476 -0.5000000000000000
-0.0941375596694097 -0.0805180735862410 -0.5000000000000000
-0.2869667047913108 -0.0583597748797384 -0.5000000000000000
0.5000000000000000 -0.3180125117668220 -0.4588157967994166
0.5000000000000000 -0.3502115825503863 -0.4987455923075484
0.3183399828880276 -0.3518335858570961 0.4963261506630688
-0.3056396944847290 -0.5000000000000000 0.1581923465376087
-0.2856501537029650 -0.5000000000000000 0.1110238569200450
-0.3779271056550334 -0.5000000000000000 0.1507359017061269
-0.3331393767689557 -0.5000000000000000 0.1775256838712105
-0.3157637583473125 -0.5000000000000000 0.2052060699061450
-0.4998025466538775 0.1298240046236338 0.1637546722109595
-0.5000000000000000 0.1525883735756421 0.0143541334513536
-0.5000000000000000 0.0825643717449620 -0.0542133350726124
-0.5000000000000000 0.0688098245922112 0.0146954107136503
-0.5000000000000000 0.0880604007156894 -0.0526999270157590
0.0926780708987149 -0.4128827099379757 -0.5000000000000000
-0.2486056106837687 0.5000000000000000 -0.4047205549527378
-0.0323038753792484 0.5000000000000000 -0.4466176879542218
-0.2385635504956515 0.5000000000000000 -0.4553796856310345
-0.0738690912654800 0.5000000000000000 -0.3838067451191192
-0.1095409019040363 0.5000000000000000 -0.4441393631007690
-0.5000000000000000 0.1573389579274375 -0.1563668979961054
-0.5000000000000000 0.2177618280956455 0.0019841013478000
-0.5000000000000000 0.1433775983896034 -0.2052296684966861
-0.4804413783894466 -0.2721655029448166 -0.5000000000000000
-0.4229126698843779 -0.2353693074249418 -0.5000000000000000
-0.4906588762457890 -0.2483857979906391 -0.5000000000000000
-0.4088356064500301 -0.1847657450021611 -0.5000000000000000
0.5000000000000000 0.4160197024998524 0.1488063623515628
0.5000000000000000 0.3162660983964266 0.1681717480186538
0.5000000000000000 0.3328687061006015 0.1867528074904809
0.5000000000000000 0.3225279517423909 0.1345727700887214
0.5000000000000000 0.2384887299116168 0.1857189337203151
0.5000000000000000 0.3318240290750312 0.1964142636134766
0.5000000000000000 0.2440103250360637 0.0735815502149402
0.5000000000000000 0.2817958291559397 0.1607711772176610
0.5000000000000000 -0.0895461810448910 -0.2669227486501362
0.5000000000000000 -0.1144914394386899 -0.2311529740203394
0.5000000000000000 -0.0624898594481315 -0.1795359804566882
0.5000000000000000 -0.0909226870944408 -0.2292753312856414
0.5000000000000000 -0.0837878238975139 -0.1957269776796708
0.5000000000000000 -0.1112621643528494 -0.2378954178295717
0.5000000000000000 -0.1894197397216975 -0.1520842113773118
0.5000000000000000 -0.0704084097825358 -0.2300291495574109
0.5000000000000000 -0.0781817673584211 -0.2176870608491109
0.5000000000000000 -0.1027052786157502 -0.2151090085417915
0.5000000000000000 -0.4593824981141890 -0.2797432720540106
0.2357253405262713 -0.2229347773388030 -0.5000000000000000
0.0642870364326483 -0.1680076178123766 -0.5000000000000000
0.2400859523877280 -0.1423542845027497 -0.5000000000000000
0.0675424128606229 -0.3153250025567179 -0.5000000000000000
0.2234203741164663 -0.2437197695911440 -0.5000000000000000
-0.0088755365914885 -0.2510420678548668 -0.5000000000000000
0.4217126947322769 0.1247414285373934 0.5000000000000000
0.4624450752459099 0.1608538464545176 0.5000000000000000
0.3472368208897146 0.1179149861133350 0.5000000000000000
0.4231547476483707 0.1484848657764435 0.5000000000000000
-0.5000000000000000 0.4625800037064680 -0.3357595658043242
-0.5000000000000000 0.3975111613642341 -0.2436535431362297
-0.5000000000000000 0.4101286954552180 -0.3423975301658131
-0.4946029143059911 0.5000000000000000 -0.3649321847297119
-0.3116503479124650 0.5000000000000000 -0.3399135744941143
-0.3236763698764719 0.5000000000000000 -0.4057286620444557
0.5000000000000000 0.4248297624023089 0.3544808563890030
0.5000000000000000 0.3708369548592956 0.2795568196213830
0.5000000000000000 0.4511695032984073 0.3867102795473491
0.5000000000000000 0.3384993758141644 0.3599773105591337
0.5000000000000000 0.3665476487001871 0.3606955231036527
0.5000000000000000 -0.2793049630846241 0.2599117847850574
0.5000000000000000 -0.2471330257639911 0.2868761177993177
0.5000000000000000 -0.2698692735448517 0.2906560234596202
0.5000000000000000 -0.2655140923473392 0.2985716547595108
0.5000000000000000 -0.2539265603416773 0.3262235168191938
0.5000000000000000 -0.2750254771276703 0.2905656319291406
0.5000000000000000 0.4439423639205904 0.1293195941142573
0.4070423973140789 0.5000000000000000 0.1187798176643497
0.5000000000000000 0.4371123682637516 0.1479717369250128
0.3284417778132551 0.5000000000000000 0.1891040060297284
0.5000000000000000 0.4104523664734397 0.1890221926728139
0.3825280570688085 0.5000000000000000 0.1969783466080076
0.2279969787662689 0.5000000000000000 0.1152500710604989
0.5000000000000000 0.4230191507754311 0.1305936631454536
0.5000000000000000 0.4276100705721793 0.1420961403574014
-0.3171697539192120 0.5000000000000000 0.2659003232095456
-0.2425771305131425 0.5000000000000000 0.3077739219762198
-0.1003337424298300 0.5000000000000000 0.2862903993646503
-0.3206673633125644 -0.2200573338614668 0.5000000000000000
-0.5000000000000000 0.3434406200870131 0.2781591895959923
-0.5000000000000000 0.2911674318561227 0.1734281723581660
-0.2553126545152896 -0.0943810882809751 0.5000000000000000
0.4207080719675722 -0.5000000000000000 0.1516345007528548
0.4869778550787634 -0.5000000000000000 0.1487817536787160
0.5000000000000000 -0.4362260616977100 0.1146969004372403
0.5000000000000000 -0.4554818614661629 0.1122597510212421
0.5000000000000000 -0.4073219504120192 0.1469618704785128
0.3092910123511436 -0.5000000000000000 0.1847254233411610
0.3011399365070613 -0.5000000000000000 0.1355571095657846
0.3998654361121948 -0.5000000000000000 0.1448433834568990
0.5000000000000000 -0.4333209924096571 0.1526991011378794
-0.4077028843030664 -0.3313958008866562 0.5000000000000000
-0.5000000000000000 -0.4279358333123929 0.4599416147765744
-0.5000000000000000 -0.3692124761135149 0.4791677059082567
-0.4946593689471542 -0.5000000000000000 0.4801512793888579
-0.4841601654146467 -0.5000000000000000 0.4341827467559345
-0.5000000000000000 -0.4294977499030913 0.3725348460975743
-0.3649427880277815 -0.5000000000000000 0.4686306896736868
-0.5000000000000000 -0.4488868677624287 0.4704338938330276
-0.5000000000000000 -0.4118572904475691 0.4695174867955949
-0.4784513077967140 -0.4164354831351353 0.5000000000000000
-0.5000000000000000 -0.4296023514204715 0.4856598901705493
-0.3831502323797354 -0.4265207116661716 0.5000000000000000
0.1631208887658882 0.4886591856953575 -0.1699493638322137
-0.0533779423633454 0.5000000000000000 -0.0647469061031204
-0.3934781628261692 -0.2923492810917067 0.5000000000000000
-0.2711080717697475 -0.3599669868109843 0.5000000000000000
-0.2821679342889741 -0.2182587614734745 0.5000000000000000
-0.2645925500290398 -0.1314422738335297 0.5000000000000000
-0.3414148652759803 -0.2061523009845730 0.5000000000000000
-0.3679427641107819 -0.2413662420665030 0.5000000000000000
0.2542672458198391 -0.3861625875890967 0.5000000000000000
0.3406996232757404 -0.3554467865255863 0.5000000000000000
0.2899881356818860 -0.3547262211126894 0.5000000000000000
0.5000000000000000 -0.4000677732768608 0.4416685623334899
0.4167764587922493 -0.4367278901031333 0.5000000000000000
0.5000000000000000 -0.2983428027814738 0.4822189547005508
0.5000000000000000 0.2780908926052473 -0.2311595369954209
0.5000000000000000 0.2680348113700501 -0.2609969918648898
0.5000000000000000 0.2197788608151203 -0.2083202990109068
0.5000000000000000 0.2483156570332535 -0.2873457372692146
0.5000000000000000 0.2650930628068000 -0.1968745117600156
0.5000000000000000 0.2731585642075954 -0.2763725094508822
0.0937659430828768 0.1779932729697181 0.5000000000000000
-0.2313684511138238 0.2518826044626717 0.5000000000000000
-0.0536463796077208 0.1539320051702402 0.5000000000000000
-0.0083566699176177 0.2719075288763473 0.5000000000000000
0.0572379152617476 0.2305869379348258 0.5000000000000000
-0.5000000000000000 -0.0044333303317351 -0.1818797556217917
-0.5000000000000000 0.4960221744491800 -0.2841752707250010
-0.2765740982375876 -0.0951447096777575 -0.5000000000000000
-0.3389431637341071 0.0356673086815776 -0.4967082548309152
0.5000000000000000 0.1800860207039251 -0.0972016204871936
0.5000000000000000 0.2494596318363652 -0.1279811620063807
0.5000000000000000 0.2093127885582252 -0.0113075979486645
0.5000000000000000 0.2056684937830136 -0.0637866218754078
0.3164765812980505 0.3637377867294729 0.5000000000000000
0.1715798392606122 0.3458771214916330 0.5000000000000000
0.0339650203755739 0.3401395714873989 0.5000000000000000
0.1601171550031397 -0.4361504220378823 0.5000000000000000
0.0993148504522722 -0.4351082859408656 0.5000000000000000
0.1663164652177445 -0.4323563799140652 0.5000000000000000
0.5000000000000000 0.3734297083946842 -0.4523782289822242
0.0967916272921756 0.5000000000000000 -0.4076306980190355
0.1061951409192237 0.5000000000000000 -0.4333051870696571
-0.0414929161983429 0.4735204062073364 -0.5000000000000000
0.0835963150848536 0.4757410954125400 -0.5000000000000000
0.2244037082186977 0.4019421217213115 -0.5000000000000000
0.0443438670562550 0.5000000000000000 -0.4584089758082335
0.0168728742378508 0.5000000000000000 -0.4157998261936213
0.3059934779097843 0.4382259104277126 -0.5000000000000000
-0.0325084651284404 0.5000000000000000 -0.2058517169505316
0.1428372734350383 0.5000000000000000 -0.1725693289048696
0.5000000000000000 -0.4377625204777187 -0.2158189912735985
0.5000000000000000 -0.4386413466012861 -0.2470924038653769
0.5000000000000000 -0.4445474471736698 -0.2654612958009138
-0.0040405388409357 -0.5000000000000000 -0.3983885044160227
-0.2317111707876698 -0.5000000000000000 -0.3686025193317681
-0.0021745814467180 -0.5000000000000000 -0.3877954841358219
0.5000000000000000 -0.4811805359827103 0.1784371169186549
0.1182480092017761 0.4768287108489855 0.5000000000000000
0.3166587485437605 0.5000000000000000 0.4200488523154370
0.5000000000000000 0.4059804243722495 0.2136792893984291
0.3119794846822878 0.5000000000000000 0.3544199535328280
0.3098248066892005 0.4683313132413107 0.5000000000000000
0.1792221581542668 0.5000000000000000 0.4207398787399246
-0.5000000000000000 0.1653460343242335 0.2606550900559698
-0.5000000000000000 0.1082171995505658 0.2373650688367667
-0.5000000000000000 0.1702110707562945 0.1964132554559641
0.5000000000000000 0.3702814888791697 0.4537035295332219
0.5000000000000000 0.4488732719710026 0.4260594306657836
0.5000000000000000 0.3364535044876995 0.4124257752865632
0.5000000000000000 0.3637776205336861 0.4239911512158983
0.5000000000000000 -0.4085279600888898 -0.0700706320692513
0.5000000000000000 -0.4716791537944310 -0.1288616881904905
0.5000000000000000 -0.3501722885329306 -0.1070273365039690
0.3293491645970830 -0.5000000000000000 -0.1253180704595024
0.5000000000000000 -0.4400460460168593 -0.1554483691983743
0.5000000000000000 -0.4198286094164246 -0.1155318502576756
0.3362192562316929 -0.5000000000000000 -0.0553919886944938
0.5000000000000000 0.2576178961648976 -0.1673231061452499
-0.5000000000000000 -0.3336323748799557 0.0552169978596572
-0.5000000000000000 -0.3365563324278312 0.0287211217021127
-0.5000000000000000 -0.3303904511658287 -0.0394607265886570
0.5000000000000000 -0.0303160314477114 -0.4250422846627877
0.5000000000000000 -0.1199845406220426 -0.4087678457485164
0.2037169230992894 -0.0116470693101192 -0.5000000000000000
0.2562823821772673 0.0015774859628062 -0.5000000000000000
0.5000000000000000 -0.0305574190519312 -0.4071192116514955
0.5000000000000000 -0.0833531137222208 -0.4571423393229544
0.5000000000000000 0.0629559733837250 -0.3627645598576943
0.5000000000000000 -0.0897450005940561 -0.3510522447238654
0.4022889097839181 0.0332403973740127 -0.5000000000000000
0.5000000000000000 -0.3098696282983743 0.3961389340241858
0.5000000000000000 -0.2858085239969139 0.3896480463679557
0.5000000000000000 -0.2830890708180812 0.4230176566753307
0.5000000000000000 -0.2835871501291054 0.3931323564382295
0.5000000000000000 -0.2758699531404896 0.4000984873885312
0.5000000000000000 -0.2881926282659031 0.3884663634441061
-0.5000000000000000 -0.2032976459166545 0.3176892093237727
-0.5000000000000000 -0.1867924326852721 0.2626466183397774
-0.5000000000000000 0.1661486389143171 0.2874459438771426
-0.5000000000000000 0.1754107952717205 0.3078590037660509
-0.5000000000000000 0.2262692684182404 0.2959769641195032
-0.5000000000000000 0.1989731932276566 0.2669653945936211
-0.4402499824975771 -0.5000000000000000 0.2733558231540621
0.2000070468838792 0.5000000000000000 -0.0239569543291566
0.1897765257241832 0.5000000000000000 -0.0359210778075179
0.1932135924444734 0.5000000000000000 -0.1364035955179297
0.0249303596070495 0.5000000000000000 -0.0445914287801278
0.3480237642633985 0.5000000000000000 -0.0016340904039708
0.2677433703676704 0.5000000000000000 -0.0396685598784962
-0.5000000000000000 0.0291140640639557 -0.0150578189814669
-0.5000000000000000 -0.0118007685174365 0.0132335160688452
-0.5000000000000000 -0.3503000790111350 0.4605499908547414
-0.5000000000000000 -0.2091140355055267 0.4649228684438445
-0.5000000000000000 -0.2568912280615508 0.4644980730068110
0.2692050470219687 0.4039076159629922 0.5000000000000000
0.4897956034802313 0.3912123842177992 0.5000000000000000
0.2644516267716942 0.3540524536105817 0.5000000000000000
0.4493283325629367 0.3487329583761503 0.5000000000000000
0.3683734187578500 0.3886441223144598 0.5000000000000000
0.3900754742037232 0.3880604624024000 0.5000000000000000
0.3220434397196135 0.3406936093824275 0.5000000000000000
-0.5000000000000000 0.4569487474115775 -0.4741613114371597
-0.5000000000000000 -0.2938464094673710 0.4168990781054707
-0.5000000000000000 -0.3257307074506617 0.4278774421419101
-0.5000000000000000 -0.2552459588293337 0.4135144661850234
-0.5000000000000000 -0.2729292525286371 0.4191470791151178
-0.5000000000000000 0.1128977019674792 -0.1304652167530166
-0.5000000000000000 0.2174670825174032 -0.1469070625626268
-0.5000000000000000 0.1116079944853683 -0.1009133515057532
-0.5000000000000000 0.1109797588359910 -0.1701005943550798
-0.5000000000000000 0.1186696156885681 -0.1046445466891230
0.5000000000000000 0.4920106068006708 0.4358804380595970
-0.5000000000000000 0.0461346591948770 -0.0569638709318693
-0.5000000000000000 0.0723939836178626 -0.0513423832982002
-0.5000000000000000 0.0489768720912928 0.0111736899676948
-0.5000000000000000 0.0761560637759073 -0.0495666071852756
0.5000000000000000 0.2456634303650186 0.3276761559755290
0.5000000000000000 0.2089790208768485 0.3562654242899834
0.5000000000000000 0.2103969880494813 0.3072802427207411
0.5000000000000000 0.2443318425499479 0.3331496483650769
0.5000000000000000 0.2469988509282941 0.3631886592340239
0.5000000000000000 0.2259480877124084 0.3647164460035448
-0.5000000000000000 0.3917559928809804 -0.2385561742033926
-0.1432197394466037 0.2430269396362515 -0.5000000000000000
-0.5000000000000000 0.3744762563055853 -0.3222274969813835
-0.2862148760832470 0.3323303083162060 -0.5000000000000000
-0.5000000000000000 0.3473083207509837 -0.4131742000055438
-0.5000000000000000 0.3230193287145416 -0.4227287175418211
-0.5000000000000000 0.3475379988158103 -0.3456959362816888
0.0284977563995616 -0.5000000000000000 -0.4401683479868087
0.1219099856984130 -0.5000000000000000 -0.4614639503407287
0.2248761878186903 -0.5000000000000000 -0.4347190694726513
0.0700320427079636 -0.5000000000000000 -0.4070824872161457
-0.5000000000000000 -0.3885240125199146 -0.3411080379936667
-0.5000000000000000 -0.3865851658525827 -0.3945685317851109
-0.1655328582061498 -0.2552934536384556 -0.5000000000000000
-0.0714845443964964 -0.5000000000000000 -0.2811029623560183
-0.4077146042373760 -0.5000000000000000 -0.2915366289101446
-0.5000000000000000 -0.3872050845070840 -0.3808842168167030
-0.5000000000000000 -0.3388679732299225 -0.3316352580410341
-0.5000000000000000 -0.3586357158404598 -0.3682428472998047
-0.5000000000000000 -0.3474404316378931 -0.3483808103468120
0.1618367084317119 -0.5000000000000000 0.3347681512168835
0.0821147655899869 -0.5000000000000000 0.4290371742343251
0.1730815032763119 -0.1812124004646092 0.5000000000000000
0.2740608241846174 -0.2713757873726937 0.5000000000000000
-0.0509308414065715 -0.2025698521401508 0.5000000000000000
-0.1961984277214368 -0.1079335921335143 0.5000000000000000
-0.5000000000000000 0.3935379773406970 0.2316942520287547
-0.5000000000000000 0.2706855330988081 0.3068950439631224
0.2615328444180325 -0.1265811994679393 0.5000000000000000
0.0338747354223968 -0.1611788539633644 0.5000000000000000
-0.1667335853321810 -0.0982056983215846 0.5000000000000000
0.1784085757565745 0.5000000000000000 0.0091871944843792
0.1229934074935561 0.5000000000000000 0.0576664247343735
0.0357185190075693 0.5000000000000000 0.0349521338885572
0.0785111924252290 0.5000000000000000 -0.0081075138917395
0.2598263559955816 0.1745039158130876 -0.5000000000000000
0.1985829602497974 0.1734536690083502 -0.5000000000000000
0.1917358066449139 0.2301587370189653 -0.5000000000000000
0.3168608253360685 0.1568777548644197 -0.5000000000000000
-0.5000000000000000 -0.3112368435596063 0.0918412947892538
0.5000000000000000 -0.2860433661425918 -0.4134115833094176
0.5000000000000000 -0.2792632949220528 -0.4420442387382062
0.5000000000000000 -0.2887019994567150 -0.4497778425544037
0.5000000000000000 -0.3181244634682341 -0.4091506952807191
-0.5000000000000000 -0.4276416994149588 -0.1975733915522934
0.5000000000000000 -0.1798963280019088 -0.2088991560840673
0.5000000000000000 -0.3049574507472035 -0.1364553863732472
0.5000000000000000 -0.2328982872453190 -0.3177122606143037
0.5000000000000000 0.4577739457317866 0.0654301567665476
0.5000000000000000 0.3204594747950534 -0.1638674209023866
-0.5000000000000000 -0.0630947635690415 0.1255336439305458
-0.5000000000000000 -0.0573164092356918 0.1350616525127020
-0.5000000000000000 -0.0581974272533832 0.1194822258611165
-0.5000000000000000 -0.0659487975467123 0.1343772815577751
-0.5000000000000000 -0.0612876404689018 0.1263104920318921
-0.5000000000000000 -0.0709388166879510 0.1599319872319486
-0.5000000000000000 -0.0553106232104294 0.1289381207347350
-0.5000000000000000 -0.0396837866957758 0.1446972856901017
-0.5000000000000000 -0.0667318766069153 0.1225850576733836
-0.5000000000000000 -0.1106963116377086 0.1429350641360300
-0.5000000000000000 -0.0504046186504668 0.1306302479960594
0.5000000000000000 0.0570850270010231 0.2120445391205951
-0.0539149044355725 0.0200410978627086 0.5000000000000000
0.5000000000000000 -0.0568747712086320 0.4081909649966502
-0.5000000000000000 0.3882793754069515 -0.2344618703489757
-0.5000000000000000 0.3937357368961456 -0.2319972930023053
-0.5000000000000000 0.3755266640467803 -0.2154800688774920
-0.5000000000000000 0.4041827971448096 -0.2378665498119661
-0.5000000000000000 0.3960645442186745 -0.2264479568378201
-0.5000000000000000 0.3968363178315079 -0.2086768681167120
-0.5000000000000000 0.4128564215378991 0.2172337154990937
0.5000000000000000 -0.0381875013584791 0.0110109089955822
0.5000000000000000 -0.0758224416137676 0.0586553450216247
0.5000000000000000 -0.0203818857342998 0.0345603178071652
0.5000000000000000 -0.0192910052056751 0.0601397692927337
0.5000000000000000 -0.0539414523607536 0.0447835353641680
0.5000000000000000 -0.0541652123362031 0.0197683438153030
0.5000000000000000 -0.0341857874672035 0.0362153763116425
0.5000000000000000 -0.2323947225161572 -0.0288388217879222
0.5000000000000000 -0.0701136323599161 -0.0796614239447111
0.5000000000000000 -0.1783964858825578 -0.0247237661751670
0.5000000000000000 -0.1879818656373803 -0.0455656131735300
0.5000000000000000 -0.2243578519093588 0.0126954040343983
0.5000000000000000 -0.1177293667603063 -0.0525240677737304
0.5000000000000000 -0.2497570986082399 -0.0721907644236394
0.5000000000000000 -0.1680832304790323 -0.0636161336906948
0.5000000000000000 0.0927988613555445 0.2765807618287855
0.5000000000000000 0.1082622833525284 0.1946687167082617
0.5000000000000000 -0.0407375174815226 0.2092551867624585
0.5000000000000000 -0.0296140125841273 0.2429969978870761
0.5000000000000000 0.0228966710229705 0.1457479833066495
0.5000000000000000 0.0267293413863463 0.1792453708133741
-0.2870480861834884 0.2599444632916737 0.5000000000000000
0.5000000000000000 0.3998741957324938 0.2028369753027894
0.5000000000000000 0.1136687627821765 -0.4362305743804125
0.4020150788198329 0.5000000000000000 0.0705327849574668
0.0934109358667733 -0.5000000000000000 0.3226773888212954
0.3926566395534082 -0.5000000000000000 0.3255420377881194
0.5000000000000000 -0.4379022137723142 0.3833756650597061
0.4628651241238489 -0.4793541486461755 0.5000000000000000
0.1862314112617496 -0.5000000000000000 0.2657921573995411
0.2959058188521247 -0.5000000000000000 0.4867367332074264
0.0429503098075155 -0.5000000000000000 0.2652634667909082
-0.2586209249794322 0.1161489551521764 -0.5000000000000000
-0.5000000000000000 -0.0004481408817181 -0.4848584910272909
-0.5000000000000000 -0.0358989725693923 -0.4071600617839750
-0.5000000000000000 0.0850849903933786 -0.4477837762985420
-0.5000000000000000 -0.0251917051009729 -0.2326214182873589
-0.5000000000000000 -0.0768875445623177 -0.3218830049036682
-0.5000000000000000 -0.0838494914823832 -0.3815155696425225
-0.5000000000000000 -0.0253827972935349 -0.2800317345789965
-0.5000000000000000 -0.0408629665697377 -0.3388115078222863
-0.2217795087080552 -0.5000000000000000 -0.0002062003040018
-0.4298777561135482 -0.5000000000000000 0.0291728681010592
-0.5000000000000000 -0.2271955689366645 -0.0552590513662657
0.2926119517234587 0.5000000000000000 0.0308820364447060
0.2078888847325909 0.5000000000000000 0.0316073231200028
0.2222538072842630 0.5000000000000000 0.0081972988751220
0.4886809409417401 0.2413447194193715 0.4408491007121164
0.0058701824576746 -0.5000000000000000 0.4072747343400238
-0.0724502028588211 -0.5000000000000000 0.3112739896889253
0.3865841557958952 0.4847510291789172 0.5000000000000000
-0.5000000000000000 -0.2803843969833557 -0.1092915438234332
-0.5000000000000000 -0.2363857969573459 -0.0673090639668803
-0.5000000000000000 -0.2699623147377421 -0.2410755957303059
-0.5000000000000000 -0.3008664710255409 -0.0262256236951056
-0.5000000000000000 -0.2827370760689952 -0.0815642400562446
-0.5000000000000000 -0.3036812666704533 -0.1135310700320225
0.5000000000000000 -0.3013917284343169 0.0057678301022564
0.5000000000000000 -0.2786436435561856 0.0538079481668645
0.5000000000000000 -0.3265953672040465 0.0838617631336909
0.5000000000000000 -0.3147520910561194 0.0004565779965010
0.5000000000000000 0.0372654703953278 0.0411613561446128
0.5000000000000000 0.0351375495997258 0.1043815242820982
0.5000000000000000 -0.1607997607824756 -0.4219944759080216
0.5000000000000000 -0.1363932647385359 -0.4245333553340993
0.5000000000000000 -0.1547668988117973 -0.3899982484713463
0.5000000000000000 -0.2382167130411510 -0.3994521091313052
-0.1211816218787879 0.2022666840923760 -0.5000000000000000
0.1669055438387090 -0.0028778731534999 -0.5000000000000000
0.1178778554839453 0.0275430540172297 -0.5000000000000000
-0.0194483206060405 0.0663594273055080 -0.5000000000000000
-0.1213655936150146 0.0556981037501286 -0.5000000000000000
-0.5000000000000000 0.0855036910921242 -0.4472789204697261
-0.0301469844599420 0.0227725858471788 -0.5000000000000000
-0.0572786415047430 0.0184289983705659 0.5000000000000000
-0.5000000000000000 -0.0068158851012162 0.3682515605266269
-0.1648159104112939 -0.2548983908453009 -0.5000000000000000
-0.5000000000000000 -0.1041867230760751 -0.3525539074989075
0.5000000000000000 -0.3039056034530077 -0.0671442126623954
0.5000000000000000 -0.2815385217510618 -0.0108599374217292
0.3335384462584697 -0.5000000000000000 -0.0490871024462362
-0.5000000000000000 0.1839254915132068 -0.2932860170724799
-0.5000000000000000 0.0223658199694885 -0.2037580808614656
-0.5000000000000000 0.0605555107332563 -0.2414851733058302
-0.5000000000000000 0.0926037458834177 -0.3033813765618160
0.0443229134719883 -0.4084737186658452 0.5000000000000000
0.0261090921921691 -0.4560237048973711 0.5000000000000000
-0.1290159087545414 -0.5000000000000000 0.4785347482523433
0.0249217440436200 -0.4463502094370518 0.5000000000000000
-0.0091429318452018 -0.4259291394272435 0.5000000000000000
-0.0312219777974161 -0.4577844855456403 0.5000000000000000
0.1661193787638955 -0.4743467928929381 0.5000000000000000
0.0079412474994350 -0.5000000000000000 0.4524427153189596
0.4198007293286978 -0.3572496410352706 -0.5000000000000000
-0.0498080112323952 0.0161828571948263 0.5000000000000000
0.3287735478687949 -0.1554410555548640 0.5000000000000000
0.3028924807279976 -0.0880189187587391 0.5000000000000000
0.5000000000000000 -0.0668479174909014 0.4117255023767161
0.5000000000000000 -0.2600119563640887 0.4622200790257385
0.5000000000000000 -0.2065521853812672 0.4122864678906919
0.5000000000000000 -0.0251917228912193 -0.0733384410993460
0.5000000000000000 0.0070285058405983 -0.0574309491510823
-0.5000000000000000 0.1573188514537019 0.3895149671209748
-0.5000000000000000 0.2436332770785989 0.3290591740398704
-0.1409453206109320 0.2400305018573610 -0.5000000000000000
-0.1152601382824574 0.2453502111052682 -0.5000000000000000
-0.1192614099526728 0.2329206880631002 -0.5000000000000000
-0.0480986840774651 0.2459162922728611 -0.5000000000000000
-0.0480385896955150 0.2006631252356336 -0.5000000000000000
-0.1244203331969421 0.2404696275112666 -0.5000000000000000
-0.1277353008778502 0.2570293493169591 -0.5000000000000000
-0.5000000000000000 -0.1579902195662066 0.1027306264317669
-0.5000000000000000 -0.1974828515534713 0.1483406327646968
-0.5000000000000000 -0.1923979893455851 0.0866430951743497
0.0290264442130649 0.4777327795198966 0.5000000000000000
0.1294763979379949 0.4303866371693999 0.5000000000000000
0.0397488593685238 0.4317355506246793 0.5000000000000000
-0.1659872494621861 -0.5000000000000000 -0.1518126136391617
-0.0362876127886756 -0.5000000000000000 -0.1149748322220630
0.5000000000000000 0.2278797967983392 -0.3929043645848433
0.5000000000000000 0.2560741087439208 -0.4379464703016129
0.5000000000000000 0.1523874772119240 -0.4280564351692713
0.5000000000000000 0.2657781673371262 -0.3911902731556670
-0.5000000000000000 0.2944701464765969 -0.1307514282953637
-0.1358063798086718 0.5000000000000000 -0.0669536181483015
-0.4131973563935332 0.5000000000000000 -0.0977602716118648
-0.5000000000000000 0.3499101833627460 -0.2991258595240068
-0.4895369984888512 0.1973918924677636 -0.5000000000000000
-0.5000000000000000 0.3142557754319926 -0.2972063438838217
-0.5000000000000000 0.2982012265585710 -0.4069336526659415
-0.5000000000000000 0.3138861498552032 -0.3175793642523031
-0.5000000000000000 0.1609368511634370 -0.2177119093044900
0.5000000000000000 -0.2567807994976545 -0.0944367406211028
0.2932718530000120 -0.1143495071787013 -0.5000000000000000
-0.5000000000000000 0.2639893929993923 0.0721649690806904
-0.5000000000000000 0.2169148054643955 0.0148611946054846
-0.5000000000000000 0.2874232481770648 -0.0167266263753276
-0.5000000000000000 0.1884855051623301 0.0867768561202703
-0.5000000000000000 0.1961422173371276 0.1297669559916291
-0.5000000000000000 0.2477894509382350 0.1105912005866767
-0.5000000000000000 0.1877887999437400 0.0340042575959170
0.2468233226991997 0.5000000000000000 0.2119008046752281
0.5000000000000000 0.4012567942009814 0.2044699278475478
0.3135460852471094 0.5000000000000000 0.2209168132551417
0.1417993291755595 0.5000000000000000 0.1215405500213637
-0.5000000000000000 0.4298410948130008 0.2664971677264518
-0.5000000000000000 0.4188364809966704 0.4509769876251180
-0.5000000000000000 0.4460216222162908 0.3828021988071745
-0.1628241903372572 -0.2540020197168979 -0.5000000000000000
-0.1635433631151469 -0.2557024935759726 -0.5000000000000000
-0.1656384845572871 -0.2540861578806415 -0.5000000000000000
-0.1643897903810499 -0.2550873827631848 -0.5000000000000000
-0.0528993895127024 0.3596850500730530 0.5000000000000000
-0.2279665564587966 0.3367996687309197 0.5000000000000000
0.5000000000000000 0.3691182314006407 -0.4055855793500288
0.5000000000000000 0.3191186241544836 -0.4345694156633902
0.5000000000000000 0.3515943717782114 -0.4475135625389194
0.5000000000000000 0.3388456475902228 -0.4591940766793411
0.5000000000000000 0.3441926473730830 -0.4368656882370913
-0.5000000000000000 0.0099253348723826 -0.1667690571952915
-0.5000000000000000 0.0415745017267887 -0.1115598230508327
-0.5000000000000000 0.0718232597833168 -0.0810653605458985
-0.5000000000000000 0.0365142637931631 -0.1741712735716271
-0.5000000000000000 -0.4024214268049991 0.1264446574588668
-0.5000000000000000 -0.4099499395201639 0.0955043463287200
-0.5000000000000000 -0.3570179864000623 0.0938420941203656
-0.5000000000000000 -0.3572219606355723 0.0694336254216403
-0.5000000000000000 -0.3932407005620954 0.1508505386684547
-0.5000000000000000 -0.3845814019699162 0.1275027609961853
0.5000000000000000 -0.0231261706919915 -0.0824225292433430
0.5000000000000000 0.0058538779088521 -0.0704653947757521
0.5000000000000000 -0.0292893232731648 -0.1069011860345740
0.5000000000000000 -0.0454297845346794 -0.0635292851189494
0.5000000000000000 0.0265291175459118 -0.1271089764944272
0.5000000000000000 -0.0560536203425972 -0.0939624237226852
0.5000000000000000 -0.2799513781763072 0.0880991327545244
0.5000000000000000 -0.3160580755033590 0.1367149491016544
0.5000000000000000 -0.3984351593242366 0.1722115218782004
0.5000000000000000 -0.2652206845275456 0.1386728384534593
0.1435098433542751 -0.5000000000000000 0.2038893421986818
0.0035843728640629 -0.5000000000000000 0.1276843082422080
-0.0693147654945988 -0.5000000000000000 0.1735587847208695
0.5000000000000000 0.0485919398288476 0.3771291972721616
0.5000000000000000 -0.0439362038973422 0.4118964281591526
0.5000000000000000 0.1572019057178995 0.3353378762422282
0.5000000000000000 0.1464501708574058 0.4135797481420444
0.5000000000000000 0.2127858596486604 0.3714942055780930
-0.0444091924844296 0.0241326452432935 0.5000000000000000
-0.0530745865599105 0.0178595175635956 0.5000000000000000
-0.0602634911951718 0.0212260474409961 0.5000000000000000
-0.0585329566312388 0.0196972852262423 0.5000000000000000
-0.0624128733155128 0.0223980453476301 0.5000000000000000
-0.0854147268334167 0.0000170269135341 0.5000000000000000
0.2846778816052276 0.1806759459366856 0.5000000000000000
0.5000000000000000 0.2720439848258429 0.4695730056580707
0.5000000000000000 0.2401333413494567 0.4258924551932345
0.3013581639251912 0.2400645141481224 0.5000000000000000
0.1318597534736126 -0.3660704921481940 0.5000000000000000
-0.0612277286048951 -0.3865091819870826 0.5000000000000000
0.2110183222000185 -0.3482688477093645 0.5000000000000000
0.1722450207108522 -0.3639575516867212 0.5000000000000000
-0.5000000000000000 -0.1372362198290779 -0.1856589560654700
-0.5000000000000000 -0.1530833166595001 -0.1904240963364015
0.1855061989024449 -0.0201361974570235 -0.5000000000000000
0.2131524986933324 -0.0310738092813602 -0.5000000000000000
0.1969349755646246 0.0108933281482328 -0.5000000000000000
-0.1887445403854333 0.5000000000000000 -0.2479536049350628
-0.1344945280557430 0.5000000000000000 -0.3099148886073784
-0.1336529599397583 0.5000000000000000 -0.1011348701817240
-0.5000000000000000 0.3865876294539190 0.1867827620293596
-0.2802720782017890 0.5000000000000000 0.2075179424321100
-0.4568167143997193 0.5000000000000000 0.1671188032456633
-0.5000000000000000 0.4386358431498186 0.2441642634228385
-0.2396631212885051 0.5000000000000000 0.0595567129697485
-0.5000000000000000 0.3683293594249609 0.2634860838941815
-0.4471925974613291 0.5000000000000000 0.2632702514222610
-0.5000000000000000 0.3546235042967421 0.1976077065391478
-0.4742892174779963 0.5000000000000000 0.3377367055438831
-0.2336091723682872 0.5000000000000000 0.2004482648622080
-0.5000000000000000 0.4397353946428086 0.2097111243381617
-0.5000000000000000 -0.3188819681357350 -0.0703000135163774
-0.5000000000000000 -0.3631062149700733 -0.1412950642748573
-0.5000000000000000 -0.0038379609646169 -0.1680474536126819
-0.5000000000000000 -0.1305861334071362 -0.1852018955191976
-0.5000000000000000 -0.0164258852006342 -0.1995887939854358
-0.4203364032166750 0.5000000000000000 -0.4679444667007251
-0.3079038645624007 0.4365727523983403 -0.5000000000000000
-0.5000000000000000 0.3995039445073237 -0.3994339694738915
-0.3225773013553561 0.3699644011517750 -0.5000000000000000
-0.4327226421338851 0.3942860471801786 -0.5000000000000000
-0.5000000000000000 0.4849267250777832 -0.4189951003481736
-0.5000000000000000 0.4167357100371384 -0.4887909114196720
-0.5000000000000000 0.3772423691784394 -0.4739522224821091
-0.3294523943148587 0.5000000000000000 -0.4698440434414753
-0.5000000000000000 0.4572490260161710 -0.4957283112475021
-0.4310079060705717 0.4248412733381783 -0.5000000000000000
-0.4426698026927993 -0.5000000000000000 0.4092925389461071
-0.5000000000000000 -0.4292505029107341 0.3655178075483288
-0.2929393911115839 -0.5000000000000000 0.4456105410524177
-0.5000000000000000 -0.3184997078724172 0.2628567695972778
0.5000000000000000 -0.3167924066677711 0.1712189825361213
0.5000000000000000 -0.3958866890733169 0.1932419454593962
0.5000000000000000 -0.2681173334549465 0.1662138229091269
0.5000000000000000 -0.3323473574047272 0.2589618481824972
-0.3479844244393030 -0.5000000000000000 0.3524446036775234
0.5000000000000000 0.4450629278553849 0.0457653921820829
0.5000000000000000 0.2183000059522782 -0.3505015944757852
0.5000000000000000 0.3012537983234465 -0.2254571174559231
0.5000000000000000 0.2982670931192923 -0.1858018335452301
0.5000000000000000 0.2169409708681325 -0.2729045780367910
0.2838149796931383 0.0450297305019092 -0.5000000000000000
0.2144861950288285 0.0608032620349860 -0.5000000000000000
0.5000000000000000 0.1588509500693491 -0.3297583964250806
0.3744221993870354 -0.2400144689602761 0.5000000000000000
-0.0055543815234288 -0.4009763750746809 -0.5000000000000000
0.1686008360405614 0.1321799847905822 0.5000000000000000
0.0145162945194624 0.1098730835838068 0.5000000000000000
0.2502731070778972 0.0431785789164729 0.5000000000000000
0.5000000000000000 -0.0531785460132465 0.4155768023053357
-0.5000000000000000 -0.1985654883685644 -0.0493882357600388
-0.5000000000000000 -0.0774748025652898 0.0235311662423474
-0.5000000000000000 -0.0689994977100303 0.0620623568975393
-0.5000000000000000 0.0106454009127746 0.0576717939120628
0.2210942318019766 0.1690091014671755 0.5000000000000000
0.0850922830710904 -0.5000000000000000 -0.0756067633106725
-0.1811135812312268 -0.5000000000000000 -0.0095973000085174
-0.5000000000000000 -0.4998012091639305 -0.0865199469582623
-0.0229786926782303 -0.5000000000000000 0.0521633109950544
0.2727717724101048 -0.5000000000000000 -0.0460235213260537
-0.0447416670740940 -0.5000000000000000 -0.2407319373614548
0.0116361428160082 -0.5000000000000000 -0.2418274310287740
0.0550786515850963 -0.5000000000000000 -0.2621191192496561
0.0433600883662287 -0.5000000000000000 -0.3213832409275467
0.0401576959498676 -0.5000000000000000 -0.2788534011626477
0.1374883308707228 -0.5000000000000000 -0.2726107187336432
0.1148050563263601 0.5000000000000000 0.4509679810651037
0.4111858451212890 0.4916897767933476 0.4326480405092301
0.5000000000000000 0.4729864325858043 0.0407946724282581
0.2531020457363441 0.1552788962542354 -0.5000000000000000
0.1983756906029726 0.1569625227302389 -0.5000000000000000
0.3056509654734843 0.1416310288629723 -0.5000000000000000
0.2228270974983461 0.1186374570251379 -0.5000000000000000
-0.5000000000000000 -0.4272482129332915 0.3705957791458705
-0.5000000000000000 -0.4302533283428247 0.3635830810177847
0.5000000000000000 -0.0417398542544805 -0.0580394376328885
-0.0603421750185153 0.5000000000000000 -0.1807571113976862
0.1107824022095449 0.5000000000000000 -0.2385637391170745
-0.0413283563375483 0.5000000000000000 0.2932307083801498
0.2525812393822516 0.5000000000000000 -0.2842430912980551
0.0700975646514298 0.5000000000000000 -0.3316505341881902
-0.5000000000000000 -0.1433660961429763 -0.1766102209713333
-0.5000000000000000 -0.1368868376305029 -0.1861252062079093
-0.5000000000000000 -0.1043323508909946 -0.1674573832741201
-0.5000000000000000 -0.1363490206854302 -0.1856691859917715
0.5000000000000000 -0.2017357935126625 0.0851194972419432
0.5000000000000000 -0.1189636916732734 -0.0074344955325540
0.5000000000000000 0.4560066740422667 -0.1521090909534047
0.5000000000000000 0.3301116124747951 -0.1711407122164060
0.1693812738444048 0.5000000000000000 -0.2475028009717558
0.5000000000000000 0.4810558208591409 -0.2042019587064381
0.2425017335071351 0.5000000000000000 0.2181427853525339
0.2327638496450621 0.5000000000000000 0.1809239435702276
0.0774410361956820 0.5000000000000000 0.2572621990687949
-0.5000000000000000 -0.2169998864715647 -0.0537802424616547
-0.4952499936265006 -0.0180771383118263 -0.1187463564415626
-0.5000000000000000 -0.4059084342124303 0.2379457670418447
-0.5000000000000000 -0.4170453264457349 0.2526758285556868
-0.5000000000000000 -0.3052412963667510 0.2330991645540661
-0.5000000000000000 -0.2329164894794252 0.1804502997290477
0.5000000000000000 -0.1313914318706768 -0.0262351731379741
0.5000000000000000 -0.1912780978066521 -0.0629106976396224
-0.5000000000000000 0.0676126713103760 -0.1115191413752266
-0.2724512262875357 -0.5000000000000000 -0.2144763736539187
-0.3735483579656194 -0.5000000000000000 -0.2279827915630054
-0.1649872197208296 -0.5000000000000000 -0.1744735925954088
-0.2180714608906530 -0.5000000000000000 -0.1026142562814577
-0.5000000000000000 -0.4973099550429984 -0.1091574216445551
-0.1759018913793979 -0.5000000000000000 -0.2110821457927312
0.5000000000000000 0.3290128721747440 -0.0475360237185945
0.5000000000000000 0.3395537099940670 0.0409120499416660
0.5000000000000000 0.3768992632770040 -0.0044469780181566
-0.5000000000000000 -0.3528788890089274 0.0200789638508414
-0.0110216318584465 0.5000000000000000 0.4784315558138229
0.0558111667517354 0.5000000000000000 0.4548304432883142
0.1297652020140166 0.4724201458102611 0.5000000000000000
-0.0106402367366948 0.4742901116015997 0.5000000000000000
-0.0250166117456906 0.5000000000000000 0.4504138283268387
-0.1512504438490798 0.4573916357482712 0.5000000000000000
0.2643783510958457 -0.1922610583854168 -0.5000000000000000
0.0891727824579944 -0.1339591638011744 -0.5000000000000000
0.2554474640445837 -0.1247156989677953 -0.5000000000000000
-0.1297442280177564 -0.1158870771958757 -0.5000000000000000
-0.5000000000000000 -0.1790485631787886 -0.1979391359831048
-0.1282315040488166 -0.3923086213343907 0.5000000000000000
0.5000000000000000 0.1684692438688644 0.2160055766312744
0.5000000000000000 0.1822234660207483 0.2052484506479622
0.5000000000000000 0.1460759073015495 0.1732714968165263
0.5000000000000000 0.1858361205388302 0.1947706683637068
-0.0899900869810459 0.4416417867113318 -0.5000000000000000
-0.5000000000000000 -0.1952524221731633 -0.1128470176646969
-0.5000000000000000 -0.2097660783405184 -0.0445291799980652
-0.5000000000000000 -0.2286567376871043 -0.0521303813781853
0.4918545433224694 -0.5000000000000000 -0.3544246002027424
0.5000000000000000 0.0785657555238037 -0.0629073185079895
0.5000000000000000 0.1429286749116630 -0.1786004807823413
0.5000000000000000 0.1321942144516249 -0.2823232369533776
-0.5000000000000000 0.2192793004954232 0.0080011790129953
-0.5000000000000000 0.3008275720330655 -0.0303076154141565
-0.0047091174600682 -0.5000000000000000 -0.2031420944918470
0.1244007810505872 -0.5000000000000000 -0.1825345640638561
0.0387218255525132 -0.5000000000000000 -0.1978153474485070
-0.0349663224494822 -0.5000000000000000 -0.2230950003819859
0.0457212068459115 -0.5000000000000000 -0.2264851240621207
0.5000000000000000 0.4751022715196331 -0.1280469521242755
0.5000000000000000 0.4566391492019669 -0.0079132258362116
0.5000000000000000 0.4540340944368046 -0.0983879535933733
-0.5000000000000000 0.3496669220661596 0.0952684286169836
-0.4155490091449974 0.5000000000000000 0.1212592374752705
-0.2219842085592272 0.5000000000000000 0.0447577221049582
-0.5000000000000000 0.3051915849256278 0.1388054894566929
-0.1685818810975657 0.5000000000000000 0.1652310490506644
0.5000000000000000 0.4635354468517375 0.4681762814499557
0.5000000000000000 -0.3338812638443040 -0.1423016884308692
0.5000000000000000 -0.3379496915960210 -0.2318578631472143
0.5000000000000000 -0.2806445329602387 -0.3026810949071508
0.5000000000000000 -0.1244138460573675 0.2452677832839028
0.5000000000000000 -0.1200921141886438 0.2990478532036387
0.5000000000000000 -0.1477506794199950 0.1690502532810815
0.5000000000000000 0.4013137402107588 0.2053647185518364
0.1528372658560901 0.2629333648212832 -0.4866744129426308
0.1860779839699676 0.1076332683120249 -0.5000000000000000
0.1395851901282261 -0.4905029759199528 -0.5000000000000000
0.5000000000000000 0.1487895808494138 -0.3466810852360946
-0.3553600308505828 0.3519437055279080 0.4963097056404329
0.4469583525276992 0.1782271943402380 -0.5000000000000000
0.3093946703302174 0.5000000000000000 0.2270442195214373
-0.5000000000000000 -0.2663947041731323 -0.2906519627286905
-0.5000000000000000 -0.2519051983224969 -0.2893272414032300
-0.5000000000000000 -0.2359947670534447 -0.2598252404993241
-0.5000000000000000 -0.2353191410731187 -0.2992261701876859
-0.5000000000000000 -0.2712677456071405 -0.2838437347629391
-0.5000000000000000 -0.2739087276516977 -0.2901361251006215
-0.3305699258898093 0.2511515116938366 0.5000000000000000
-0.3323483317388447 0.2620319388733771 0.5000000000000000
-0.3481447713338982 0.3330707791376882 0.5000000000000000
-0.2991394938501824 0.2820058425408466 0.5000000000000000
-0.5000000000000000 0.4516912424638066 0.0308707214108459
-0.5000000000000000 0.3575375783667860 0.0488336509503830
-0.5000000000000000 -0.3637999496211832 0.4468556811345827
-0.5000000000000000 -0.3871912153309147 0.4461875392552064
-0.2569756112961104 -0.5000000000000000 0.4779896107517222
-0.2716583158295964 -0.4010556443541090 0.5000000000000000
0.5000000000000000 -0.0916311043485642 0.3147482363104086
0.5000000000000000 -0.0646114674056120 0.4081848213667891
-0.5000000000000000 -0.1235147008843427 0.0417277203878690
-0.4657669965717507 0.5000000000000000 0.0493373343706391
-0.2939290551916955 0.5000000000000000 0.0332717336493664
-0.5000000000000000 0.4797069031332636 0.0031202182136754
-0.5000000000000000 0.4434348682276714 0.0158040117286909
-0.4766142232720594 0.5000000000000000 -0.0088683699880395
-0.5000000000000000 0.4820984079158656 0.0167267990020502
-0.3935637572306642 0.5000000000000000 0.0236560435806470
-0.4525900960591461 0.5000000000000000 0.0428782704844568
-0.5000000000000000 0.4860090262913848 0.0433306891337072
0.5000000000000000 0.3143960393913684 -0.0629680175892254
0.1595034804639908 0.3980719903861344 -0.5000000000000000
0.1568120646600674 0.2927181919149663 -0.5000000000000000
0.0350547366362256 0.4403302990921496 -0.5000000000000000
0.4901846973443010 -0.5000000000000000 -0.3023353441232332
-0.2241113359131758 0.5000000000000000 0.3876991105929242
0.5000000000000000 -0.2391867830920561 0.0691787367402444
0.5000000000000000 -0.2092280778164654 0.1102845129913222
-0.5000000000000000 -0.1974672411454645 0.4308462545489030
-0.5000000000000000 -0.2598253408504625 0.4402732620565042
0.3097247488737658 0.3290131891127699 -0.5000000000000000
-0.0110886867389081 0.3255992377358238 -0.5000000000000000
0.3853494075996955 0.3872640407673819 -0.5000000000000000
-0.0405357271084928 0.5000000000000000 -0.3379579636138240
-0.5000000000000000 0.4436225880652306 -0.2998622437041180
0.3950320641974610 0.5000000000000000 0.3852191573398743
0.1115017439847892 0.5000000000000000 0.2611975040117818
0.4325014834170888 0.5000000000000000 0.4771326781458414
0.3644033854751060 0.4728073864560244 0.5000000000000000
0.4462026809456795 0.5000000000000000 0.4515410497421358
0.4179387072462510 0.4761682081278839 0.5000000000000000
-0.5000000000000000 0.0795256692934650 0.3609682412071141
-0.1422365617653432 0.1105863374469831 0.5000000000000000
-0.5000000000000000 0.1086601191545424 0.3260718825617146
-0.5000000000000000 0.1118701504501155 0.2823433305440584
-0.5000000000000000 0.1331181973798012 0.3188381848574853
-0.5000000000000000 0.1232386404323256 0.3412260205760597
-0.5000000000000000 0.1312593393059537 0.2927476885305657
-0.5000000000000000 0.4960496492990980 -0.2717233223645128
0.5000000000000000 -0.4787151179242154 0.2299844401154986
0.5000000000000000 -0.4646139985506776 0.3279378038102957
0.2118862291834720 0.2773332015533441 -0.5000000000000000
0.1913181541509461 0.3717720889701098 -0.5000000000000000
-0.5000000000000000 0.2932602590640990 0.3709506335734850
-0.4304338740240350 0.3592625464153215 0.5000000000000000
0.5000000000000000 0.2557050204173847 -0.1437687511172152
-0.5000000000000000 0.0257123766097228 0.3473668519996320
-0.5000000000000000 0.0385948428528354 0.2957178180549138
-0.5000000000000000 -0.0643088232782955 0.3023897965645947
-0.5000000000000000 0.0647176390938441 0.2527038496265730
0.5000000000000000 0.1493776257870836 0.0107376648822899
0.5000000000000000 0.0372354556591875 -0.0209183736888622
0.5000000000000000 0.1141801490894075 -0.0316767705260281
-0.5000000000000000 0.1073675588883040 0.3809929235397965
-0.5000000000000000 -0.0199102224223031 0.4262575421199771
-0.5000000000000000 -0.0243787325491958 0.3661388473934531
-0.5000000000000000 -0.0391186439458317 0.3940535455668062
-0.5000000000000000 0.0860763775087986 -0.4471401352355780
-0.5000000000000000 0.1928776210329767 0.1674535383739371
-0.5000000000000000 0.2615316328312128 0.1519209356420621
-0.0252458195705862 0.5000000000000000 -0.3348032685476388
0.0823707733298626 0.5000000000000000 -0.2838151430015946
-0.1612245755381690 0.1186245626084726 0.5000000000000000
-0.1118354034491195 0.1224700687027949 0.5000000000000000
-0.5000000000000000 0.2971014816074677 -0.1753719658070895
-0.2188166072086308 -0.5000000000000000 0.3721858840634348
0.5000000000000000 0.2971001301777728 -0.1123726348537983
0.5000000000000000 0.2920635135249935 -0.1538863860177718
0.5000000000000000 0.2420402162373616 -0.1766278965587552
0.3310613313462668 -0.2461330528854201 -0.5000000000000000
0.5000000000000000 -0.1294468053266648 -0.4757450694766281
0.5000000000000000 -0.2444772531414585 -0.4759361294032598
0.5000000000000000 -0.2527276221462789 -0.4998021391676633
-0.0382656686059941 -0.5000000000000000 -0.1387342776870858
0.1014537180565815 0.2729786638783328 -0.5000000000000000
0.1995864581724282 0.2676694253106912 -0.5000000000000000
-0.2139724279293202 0.3531284752740690 -0.5000000000000000
0.5000000000000000 -0.3710016995188822 0.4200613374101456
0.5000000000000000 -0.2880810425840431 0.4671725585748267
0.5000000000000000 -0.2701422089966023 0.4331735462860513
0.2889464013998518 -0.2913953583605066 0.5000000000000000
0.0575273854180030 -0.1017861507120285 -0.5000000000000000
0.5000000000000000 -0.0683898749124544 0.4097449366475480
0.5000000000000000 -0.0675283188497149 0.3982486050027042
0.1054021489931097 0.3310188643771506 0.5000000000000000
0.0042869106148513 0.3260111325889195 0.5000000000000000
-0.1520599795925691 0.3173935040141643 0.5000000000000000
0.5000000000000000 -0.3167272631575498 -0.1123747306862097
0.5000000000000000 -0.2961324577275142 -0.0911758057166878
-0.5000000000000000 0.2136340413639537 0.0103289368175496
0.5000000000000000 -0.4392658130964057 0.2658797385225911
0.5000000000000000 -0.4029827405140795 0.3742830992606396
-0.5000000000000000 0.1589823285816405 0.3541984248815354
-0.5000000000000000 0.1981730102810258 0.4490614804953306
-0.5000000000000000 0.1730601552516663 0.3818720386332220
-0.5000000000000000 0.1515098279602333 0.3723261881767254
-0.3972986150871461 0.1486272857719275 0.5000000000000000
-0.0750256547316315 0.5000000000000000 0.2628483478528773
-0.5000000000000000 0.2337210714955555 -0.0221852487760874
-0.5000000000000000 0.2598482851133021 0.0163439188407789
-0.5000000000000000 0.1859985637938641 -0.0086363586457962
0.1072502679954416 0.5000000000000000 0.0990138476786125
0.0896599244507694 0.5000000000000000 0.0779820762309070
0.2377113894101864 0.5000000000000000 0.0872013592984114
0.1348080241412263 0.5000000000000000 0.0994997984700603
0.0365109917204631 0.5000000000000000 0.2061660592783208
0.5000000000000000 -0.2465496144675775 -0.3304144862672555
-0.5000000000000000 0.2652649987549491 0.3196266902386885
0.5000000000000000 0.2689299153671836 -0.0301527382163870
0.5000000000000000 0.2449815855292796 0.0217722383420148
0.5000000000000000 0.2289860322395676 0.0303404025076663
0.5000000000000000 0.1776862121086456 0.0516469146792647
0.5000000000000000 0.1922081425773535 0.0311879137330463
0.5000000000000000 0.3149326279510933 -0.0023117034953740
0.5000000000000000 0.2081911529088306 0.0567560644294820
0.2409774379408247 -0.5000000000000000 -0.4297804947261392
0.2842309220306635 -0.5000000000000000 -0.4462778203529452
0.3299818721558642 -0.5000000000000000 -0.4455957111028213
0.3182283964315332 -0.5000000000000000 -0.4333419024365743
0.3667672880921413 -0.5000000000000000 -0.4024246279300588
-0.5000000000000000 -0.1093336689583597 0.0774855786170204
0.5000000000000000 -0.0980602034148720 -0.4825189318324582
0.5000000000000000 -0.2205304352943607 -0.4828841763534412
0.4148722144090815 -0.1837652238330597 -0.5000000000000000
-0.1964432529883327 0.5000000000000000 0.0438760511464118
-0.0319712329492396 0.5000000000000000 0.0797282439984742
-0.0843172947187912 0.5000000000000000 0.1536751512746038
-0.1892832184047478 0.5000000000000000 0.0362176741266077
-0.1620483511019018 0.5000000000000000 0.0034531772559639
-0.2402831496061452 0.5000000000000000 0.0318299482687077
0.5000000000000000 -0.4487876390151668 -0.2961242950232517
0.1604761755631581 -0.5000000000000000 -0.1308526174741812
0.5000000000000000 -0.1859337443388903 0.0189022964553426
0.5000000000000000 -0.2637136871372108 0.0364342030324627
0.5000000000000000 -0.2603111286475774 0.0495006647922912
-0.5000000000000000 0.3030722997048582 0.3000271896848622
-0.5000000000000000 0.2669418405803511 0.3126712621307542
-0.5000000000000000 0.2441155902569031 0.3122749695956789
-0.5000000000000000 0.2525177393029146 0.3726761462096643
-0.5000000000000000 0.2669524895681915 0.3050387804558912
-0.5000000000000000 0.2571525830157168 0.3056044610333055
-0.5000000000000000 0.2543859333293427 0.3230781372035152
-0.5000000000000000 0.2660414639760447 0.2689334384296832
0.0785693481669896 -0.5000000000000000 -0.3976340225271609
0.0992315538465624 -0.5000000000000000 -0.3587911856357837
0.5000000000000000 0.2879076805245741 0.4009015177429538
0.5000000000000000 -0.2667814682266521 -0.3976365409329592
-0.5000000000000000 -0.1190156955404628 0.3147940335505509
-0.5000000000000000 -0.1264044160672250 0.3435805519668904
-0.5000000000000000 -0.1962248421083820 0.3729088687740085
-0.3803788437772898 0.4995558670673276 -0.2836682402322226
-0.5000000000000000 0.2711254416670608 -0.1242637641713095
-0.5000000000000000 0.3010712199094704 -0.0594347664019096
-0.5000000000000000 0.2667670681353470 -0.1475432053973358
-0.5000000000000000 0.1901308459573594 -0.1845230812572453
-0.5000000000000000 -0.1071770985317475 0.3913999527218188
-0.0187975638390271 0.5000000000000000 0.2880448073178630
-0.0638744158357197 -0.1846955916546764 0.5000000000000000
-0.5000000000000000 -0.3118128311803048 0.1849137683957337
-0.5000000000000000 -0.2616239695841723 0.1340930706310893
-0.5000000000000000 -0.3087638305462930 0.1046092666587344
-0.5000000000000000 -0.3308553090693533 0.0705470087569913
-0.5000000000000000 -0.3135615164136838 0.0472057759202129
0.1804255356229331 -0.3655671651269349 -0.5000000000000000
0.0697272856391649 -0.3653679871717709 -0.5000000000000000
-0.1135703604021326 -0.5000000000000000 -0.0723497731071609
0.3190119438009479 -0.2697635985544203 -0.5000000000000000
0.5000000000000000 -0.2544610885042605 -0.4760810347429419
0.4960798548712665 -0.2655197947404767 -0.5000000000000000
-0.5000000000000000 -0.0090453647672911 -0.2366699539664970
-0.4028623288002200 -0.1160456264404681 -0.5000000000000000
0.1722159725811308 -0.5000000000000000 0.2314844044264180
0.0530533788625418 -0.5000000000000000 0.1756645462347729
-0.0280976193790947 -0.5000000000000000 0.2142527954851038
-0.5000000000000000 -0.0769923930717344 0.4773135819240536
-0.2019389697775560 -0.1016658945883574 0.5000000000000000
-0.3734862163698665 -0.0907386657471796 0.5000000000000000
-0.5000000000000000 0.4554196557772676 -0.0394076253212961
-0.5000000000000000 0.3781334079015283 0.0265111554885791
-0.5000000000000000 0.4077085749519403 0.0012315479292024
0.1336282591082195 0.5000000000000000 -0.1669152320185554
0.5000000000000000 0.3381410618637173 -0.1546901629263751
0.1589229696009690 0.5000000000000000 -0.1956296159382559
0.5000000000000000 0.4946201455472918 -0.1905697806059844
-0.5000000000000000 -0.0793542713525596 -0.3245660696910772
-0.5000000000000000 -0.3768688664902068 -0.1554454969961554
0.3510101025199919 -0.3200392161821816 -0.5000000000000000
0.5000000000000000 -0.2774239304567089 -0.4581685717073518
0.5000000000000000 -0.2933548730963118 -0.4756772819455604
0.5000000000000000 -0.3546132408247796 -0.4035457179480665
-0.5000000000000000 0.3485815282261885 0.3307234794395732
-0.5000000000000000 0.3301841615893816 0.2806031263760485
-0.5000000000000000 0.3439640223298660 0.3109840707605017
-0.5000000000000000 0.3476201363617912 0.2958917239584347
0.5000000000000000 0.3231966120895143 -0.0684501272405298
0.5000000000000000 0.2853137390061238 -0.0681590362471165
0.5000000000000000 0.3434575806239182 -0.0655420519015535
-0.0359225056957537 0.5000000000000000 0.0546117758078521
0.0348856500588786 -0.5000000000000000 -0.1297156891206673
0.2948667296435649 -0.5000000000000000 -0.0588945945283874
0.0099532489091578 0.5000000000000000 0.3047096818252506
-0.3781405644105931 0.3408956606743430 0.5000000000000000
-0.3202520545259507 0.3642927589062128 0.5000000000000000
-0.1916786071203286 0.5000000000000000 0.4351348839296321
-0.4601590506823289 0.5000000000000000 0.4186133049391312
0.5000000000000000 0.0155208588108070 0.1220119291236108
-0.5000000000000000 -0.0964328964195973 -0.4491038123986354
-0.5000000000000000 0.3243072961578332 -0.0081846593977570
-0.5000000000000000 0.3044726181887248 -0.0355317092941755
-0.5000000000000000 0.3265729374616726 -0.0316512306910968
-0.1426829430265968 0.5000000000000000 -0.0563224874280680
-0.4495680524735090 0.5000000000000000 -0.0645773406711900
-0.5000000000000000 0.0859824454422950 -0.0813957914432552
-0.5000000000000000 -0.0859482083976124 -0.3832076259352302
0.2890735678870389 -0.5000000000000000 0.2127785267471504
0.5000000000000000 -0.4394080763285779 -0.2888513302567055
0.5000000000000000 -0.2772207030513191 -0.3914396803781693
-0.5000000000000000 -0.3114299853500959 0.2318976937324566
-0.5000000000000000 -0.3005044888929843 0.2183900724575153
-0.5000000000000000 -0.3175959729941678 0.2393435717467317
-0.5000000000000000 -0.3079416224762107 0.2241134829074782
0.5000000000000000 0.1151972062585392 -0.4277630117457388
-0.0875678323086187 0.5000000000000000 -0.0606058699571203
-0.5000000000000000 -0.4243546737463340 -0.0345843264658438
-0.5000000000000000 -0.3342352255077879 0.0410886944734976
-0.5000000000000000 -0.3184629737466006 0.0231466943001492
-0.5000000000000000 -0.4568968220719875 -0.0899442562679117
-0.5000000000000000 -0.4726906801307494 -0.1198396825695111
-0.5000000000000000 -0.4908171383799496 -0.1049855475227992
0.4946091936269351 0.3216077076839549 0.5000000000000000
0.5000000000000000 0.2575024257390267 0.3787880323901989
0.2148065924884554 0.2667468522983595 0.5000000000000000
-0.5000000000000000 0.0633767381531322 -0.1727926437919344
-0.5000000000000000 0.0919062539636217 -0.0836912007767391
0.4277362361366280 0.2071336539321147 -0.5000000000000000
0.5000000000000000 0.1305927177433408 -0.3932276700049948
0.4265023825496765 0.0871049020773791 -0.5000000000000000
-0.5000000000000000 -0.3281265736624481 -0.2220320237418085
0.5000000000000000 0.4267149350140361 0.0504526221755961
0.2031849554024637 0.2961083060919938 0.5000000000000000
-0.5000000000000000 0.0958621129783743 0.1126484025741599
-0.5000000000000000 0.0612380892939486 0.1120984400297878
-0.5000000000000000 0.3366425596464450 0.0740388478546637
-0.5000000000000000 -0.2291943706823046 0.1624118914940660
-0.5000000000000000 -0.2114609797415838 0.1716066404983572
0.5000000000000000 0.3278402889319431 -0.1320529295440978
-0.0748242118422698 0.5000000000000000 -0.0413993869341158
0.5000000000000000 -0.2143137073031705 0.4010265428413076
0.0999477513376814 0.0970511773202084 -0.5000000000000000
-0.0959197569138866 0.3758208881751592 -0.5000000000000000
0.5000000000000000 -0.0731323201821141 -0.0324628261019694
0.5000000000000000 -0.1458942440644829 0.0359475922841184
-0.0874384741948722 -0.5000000000000000 0.2079030047227312
0.5000000000000000 -0.4173191293110377 0.2154947491649927
0.5000000000000000 -0.4196120382300482 0.1804636407661936
-0.5000000000000000 -0.3431221534065794 -0.2460757723641996
0.5000000000000000 -0.2670397485369208 -0.3360861758052970
0.5000000000000000 -0.3943839648285082 -0.3640609711974899
0.5000000000000000 -0.2660372651828755 -0.4131485651145962
0.4916043733237760 0.3054135755197017 0.5000000000000000
0.5000000000000000 0.2326755579996833 0.3807243068875788
0.2183085267547077 0.2331733230722719 0.5000000000000000
0.5000000000000000 -0.3831886503151871 -0.2992982776036733
0.5000000000000000 -0.4394540763379601 -0.2991185971916585
0.2983401833633249 -0.5000000000000000 -0.2792455970042688
-0.5000000000000000 0.2099269292054091 0.2002453792017773
0.5000000000000000 0.4167148012944499 0.0210170353083150
-0.5000000000000000 0.2738874186991957 0.1945040155321845
-0.5000000000000000 0.1149572937867840 -0.2060078241657237
0.5000000000000000 0.1152854123792216 -0.2540326777469102
0.3199916927175297 -0.5000000000000000 -0.0478223326100349
0.5000000000000000 0.1201335335230292 -0.3191487031219357
0.5000000000000000 -0.2803708344572508 -0.0681419273133340
0.5000000000000000 -0.1671162176653690 0.3543410951879562
-0.1114096278718364 -0.5000000000000000 0.2442844858928020
0.5000000000000000 -0.3452961242380254 0.3289573992171291
-0.0135459792579411 0.4271254608717380 0.5000000000000000
-0.1538023294274698 0.3921934537863013 0.5000000000000000
-0.1553149157991114 0.5000000000000000 0.4073735100400144
-0.0698477665225826 0.5000000000000000 0.3279585640668640
-0.5000000000000000 -0.0924227836685881 0.4366585472452584
-0.5000000000000000 -0.3797642033545012 -0.1726255045927893
0.5000000000000000 -0.1044430604528745 -0.0710377025698185
0.5000000000000000 -0.2234611707040758 -0.3280576972752339
0.5000000000000000 0.3866591963870453 -0.0186949807996462
-0.4234665830109589 0.5000000000000000 0.3886564384321937
0.2816410870924826 0.0865218722523974 -0.5000000000000000
0.5000000000000000 -0.2610870445139927 -0.3859473979059338
0.0875977831822462 0.2872083714602052 0.5000000000000000
0.5000000000000000 -0.2563975115218413 -0.0808630114782672
-0.5000000000000000 0.1006716413414574 -0.0494519023597134
0.5000000000000000 -0.1661846154425863 -0.0910024099925295
0.5000000000000000 -0.2795048538515770 -0.3959790640806326
-0.5000000000000000 0.1339359113573371 -0.2171704568455023
-0.3142627842917131 0.4088532543313535 0.5000000000000000
-0.0625182872115716 0.5000000000000000 0.2575687719275109
0 215
0 33
0 34
0 49
0 61
0 216
0 82
0 85
0 92
0 94
0 100
0 122
0 131
0 137
0 162
0 181
0 212
217 12
218 114
219 35
220 105
221 144
222 156
223 146
224 146
225 30
226 133
227 1191
228 213
1 11
1 20
1 29
1 45
1 58
1 81
1 91
1 98
1 119
1 229
1 146
1 154
1 157
1 174
1 146
230 152
231 152
232 68
233 147
234 41
235 95
236 182
237 189
2 5
2 7
2 238
2 239
2 46
2 87
2 240
2 124
2 241
2 242
2 243
2 180
2 189
2 244
245 62
246 89
247 21
248 78
249 109
3 250
3 26
3 47
3 251
3 252
3 97
3 112
3 253
3 152
3 254
3 184
3 255
3 198
3 200
256 17
257 25
258 51
259 63
260 74
261 159
262 173
264 69
265 86
266 102
267 134
268 140
269 193
270 13
271 95
272 196
273 214
274 70
275 72
276 78
277 199
278 18
279 101
4 37
4 280
4 49
4 61
4 65
4 281
4 85
4 88
4 100
4 141
4 282
4 283
4 147
4 164
4 179
4 181
4 183
5 7
5 22
5 45
5 46
5 91
5 98
5 106
5 284
5 119
5 124
5 149
5 157
5 180
5 188
285 140
286 33
287 34
288 137
289 462
290 47
291 57
292 112
293 147
294 172
295 198
296 84
6 297
6 298
6 25
6 299
6 300
6 301
6 92
6 94
6 302
6 303
6 304
6 131
6 305
6 168
6 306
7 16
7 24
7 40
7 43
7 45
7 46
7 50
7 76
7 87
7 91
7 111
7 113
7 119
7 132
7 154
7 180
7 204
307 47
308 184
309 19
310 124
8 15
8 28
8 311
8 53
8 69
8 71
8 312
8 79
8 313
8 108
8 314
8 315
8 316
8 175
8 191
8 193
9 16
9 23
9 42
9 43
9 60
9 66
9 317
9 93
9 99
9 318
9 319
9 128
9 187
9 197
9 320
9 203
9 208
321 175
322 47
323 118
324 147
325 36
326 143
328 63
329 74
330 150
331 160
332 175
334 59
335 146
336 154
337 146
338 137
10 31
10 38
10 57
10 72
10 78
10 97
10 112
10 114
10 198
10 199
339 12
340 21
341 68
342 114
343 201
11 20
11 344
11 32
11 57
11 72
11 81
11 91
11 115
11 345
11 133
11 157
11 171
11 172
11 146
11 346
11 198
347 34
348 49
349 100
350 147
351 14
352 43
353 60
354 83
355 87
356 99
357 124
358 180
359 26
360 37
361 62
362 164
363 177
364 179
365 190
366 200
367 206
368 209
369 168
370 116
371 118
372 127
373 137
374 138
375 212
376 64
377 694
378 73
379 167
12 380
12 31
12 381
12 68
12 382
12 114
12 383
12 1191
12 384
12 385
12 201
386 23
387 99
388 923
389 151
390 153
13 27
13 53
13 391
13 79
13 392
13 95
13 103
13 107
13 393
13 148
13 158
13 159
13 161
13 394
13 395
13 396
13 182
13 196
13 214
14 397
14 43
14 398
14 60
14 399
14 400
14 83
14 401
14 402
14 403
14 404
14 169
14 405
14 203
406 66
407 197
408 208
15 409
15 28
15 53
15 71
15 79
15 108
15 134
15 140
15 142
15 178
15 193
16 42
16 43
16 60
16 66
16 93
16 99
16 113
16 128
16 132
16 410
16 170
16 411
16 197
412 140
17 413
17 414
17 415
17 416
17 51
17 417
17 63
17 74
17 139
17 418
17 148
17 159
17 161
17 419
17 173
17 420
17 421
18 422
18 423
18 424
18 425
18 69
18 426
18 427
18 101
18 102
18 428
18 429
18 430
18 431
18 432
18 433
435 156
436 101
437 102
438 134
439 140
440 178
441 193
327 442
327 443
327 52
327 444
327 117
327 445
327 446
327 447
327 214
448 70
449 72
450 89
451 97
452 115
453 199
19 42
19 64
19 73
19 454
19 455
19 456
19 457
19 120
19 151
19 153
19 167
19 187
19 192
19 211
19 458
459 67
460 1191
461 147
20 22
20 32
20 89
20 91
20 115
20 157
20 171
20 185
20 188
20 146
20 202
463 89
464 115
465 124
466 188
467 30
468 153
469 187
470 44
471 52
472 214
21 473
21 474
21 78
21 475
21 476
21 477
21 109
21 478
21 114
21 479
21 480
21 481
21 201
482 75
483 434
484 25
485 94
486 168
487 33
488 34
489 131
22 45
22 91
22 106
22 157
22 188
22 202
333 24
333 39
333 59
333 111
333 113
333 119
333 154
490 161
23 30
23 491
23 492
23 84
23 493
23 99
23 494
23 923
23 153
23 495
23 496
23 187
23 208
24 497
24 40
24 110
24 111
24 113
24 132
24 498
24 154
24 499
24 170
24 211
500 30
501 923
502 151
503 153
25 504
25 51
25 505
25 92
25 94
25 506
25 507
25 136
25 508
25 145
25 509
25 173
25 510
25 190
511 115
512 135
513 150
514 166
26 515
26 516
26 47
26 517
26 518
26 116
26 118
26 127
26 519
26 152
26 520
26 164
26 521
26 522
26 179
26 183
26 523
26 200
27 54
27 117
27 524
27 525
27 526
27 158
27 527
27 528
27 529
27 214
263 54
263 69
263 71
263 86
263 102
263 108
263 117
263 134
263 140
263 193
28 530
28 39
28 53
28 142
28 531
28 178
28 191
28 193
532 110
533 120
534 130
535 170
536 175
537 35
538 126
539 434
540 156
541 169
542 207
29 543
29 39
29 45
29 58
29 544
29 76
29 81
29 90
29 104
29 125
29 146
29 154
29 951
29 146
545 101
546 178
547 193
30 548
30 84
30 549
30 923
30 550
30 151
30 153
30 551
30 552
30 553
30 554
555 68
556 69
557 101
558 178
559 193
560 81
561 133
562 146
563 172
564 146
565 923
566 81
567 146
568 154
569 146
570 60
571 64
572 87
573 99
574 151
575 167
31 38
31 576
31 577
31 57
31 68
31 75
31 109
31 578
31 114
31 579
31 1191
31 580
31 581
31 582
31 199
31 201
32 57
32 70
32 72
32 89
32 97
32 98
32 115
32 157
32 171
32 172
32 174
32 198
32 200
32 206
33 34
33 583
33 584
33 585
33 131
33 137
33 586
34 587
34 49
34 588
34 589
34 590
34 591
34 82
34 85
34 100
34 592
34 137
34 593
34 594
34 595
34 176
34 212
596 44
597 52
598 54
599 117
600 134
601 140
602 66
603 130
604 54
605 134
606 140
35 607
35 608
35 123
35 126
35 434
35 144
35 609
35 156
35 169
35 610
35 203
35 207
611 97
612 112
613 1016
614 152
615 135
36 616
36 138
36 143
36 162
36 617
36 168
36 194
36 618
36 619
620 176
37 621
37 61
37 65
37 94
37 622
37 122
37 136
37 141
37 164
37 179
37 181
37 623
37 190
37 209
624 169
38 57
38 70
38 72
38 75
38 78
38 114
38 115
38 434
38 625
38 171
38 185
38 199
38 207
39 626
39 48
39 50
39 56
39 627
39 628
39 629
39 630
39 111
39 121
39 125
39 631
39 142
39 632
39 633
39 634
39 154
39 635
39 191
39 636
40 637
40 46
40 48
40 50
40 54
40 64
40 638
40 73
40 87
40 103
40 110
40 111
40 639
40 132
40 182
40 189
40 204
40 211
640 57
641 75
642 133
643 1191
644 156
645 213
646 66
41 46
41 55
41 647
41 77
41 90
41 95
41 648
41 649
41 650
41 651
41 149
41 652
41 653
41 177
41 189
41 196
41 204
654 51
655 62
656 77
657 80
658 129
659 177
660 190
661 209
662 64
663 87
664 95
665 182
666 189
667 204
42 64
42 73
42 87
42 99
42 668
42 120
42 132
42 151
42 167
42 187
42 192
42 197
42 211
43 60
43 83
43 87
43 91
43 93
43 669
43 99
43 113
43 128
43 132
43 180
43 203
670 152
671 169
44 672
44 52
44 71
44 673
44 674
44 675
44 139
44 676
44 677
44 161
44 175
44 678
44 214
462 47
462 679
462 112
462 680
462 681
462 147
462 682
683 67
684 141
685 147
686 172
687 198
688 74
689 150
690 88
691 169
692 203
693 207
695 52
696 175
697 923
45 46
45 58
45 76
45 90
45 91
45 98
45 119
45 149
45 154
45 157
698 85
699 88
700 100
701 150
702 166
703 176
704 51
705 129
706 159
707 51
46 76
46 87
46 90
46 708
46 709
46 149
46 189
46 204
710 116
711 127
712 179
713 194
47 714
47 715
47 716
47 717
47 112
47 118
47 147
47 718
47 164
47 184
47 198
47 200
47 719
47 720
48 50
48 53
48 54
48 721
48 103
48 107
48 108
48 111
48 722
48 121
48 140
48 142
48 178
48 191
49 61
49 723
49 85
49 100
49 118
49 141
49 724
49 147
49 164
49 181
49 183
49 212
50 53
50 76
50 103
50 107
50 111
50 121
50 125
50 154
50 191
50 204
51 77
51 80
51 725
51 129
51 159
51 173
51 726
51 727
51 190
728 57
729 67
730 172
731 198
52 732
52 69
52 71
52 86
52 102
52 733
52 734
52 735
52 736
52 737
52 738
52 175
52 739
52 214
53 71
53 79
53 103
53 107
53 108
53 142
53 158
53 178
53 191
53 214
740 143
54 741
54 742
54 73
54 103
54 108
54 743
54 117
54 744
54 134
54 140
54 745
54 158
54 746
54 182
55 62
55 747
55 98
55 748
55 149
55 177
55 206
749 120
750 130
751 57
752 109
753 112
754 1016
755 184
756 199
757 201
56 88
56 104
56 121
56 125
56 135
56 758
56 150
56 759
56 165
56 191
56 760
761 84
762 153
763 187
764 82
765 145
766 97
767 1016
768 152
769 199
770 133
771 156
772 213
57 72
57 75
57 773
57 774
57 112
57 775
57 133
57 171
57 776
57 777
57 778
57 198
57 199
779 190
780 127
58 65
58 81
58 90
58 98
58 104
58 141
58 164
58 951
58 174
58 177
58 206
58 209
59 91
59 93
59 781
59 113
59 119
59 782
59 783
59 154
59 155
59 784
59 785
59 786
59 787
59 146
60 788
60 87
60 789
60 99
60 790
60 791
60 128
60 203
792 66
793 1020
794 197
61 65
61 82
61 85
61 92
61 94
61 96
61 122
61 136
61 166
61 181
61 205
61 209
795 118
796 137
797 147
798 212
799 187
800 192
801 78
802 97
803 109
804 1016
805 199
806 67
807 81
808 146
809 172
810 63
811 74
812 135
813 150
814 160
815 195
62 816
62 89
62 98
62 817
62 818
62 149
62 819
62 164
62 820
62 177
62 821
62 200
62 206
822 129
823 159
824 161
825 196
63 74
63 135
63 139
63 826
63 148
63 150
63 159
63 160
63 827
63 173
63 195
63 828
64 694
64 73
64 87
64 829
64 830
64 132
64 831
64 832
64 167
64 833
834 73
835 103
836 110
837 111
838 120
839 140
694 840
694 151
694 167
694 841
694 842
694 843
844 71
845 86
846 117
847 214
65 848
65 85
65 88
65 96
65 104
65 141
65 849
65 164
65 166
65 951
65 174
65 209
850 118
851 127
852 184
853 75
854 114
855 156
66 93
66 856
66 105
66 857
66 858
66 859
66 860
66 861
66 862
66 155
66 170
66 863
66 864
66 197
66 865
66 208
66 866
867 166
868 176
67 869
67 870
67 81
67 871
67 141
67 172
67 951
67 174
68 872
68 873
68 874
68 875
68 876
68 877
68 878
68 879
68 880
68 881
68 882
68 201
69 883
69 71
69 884
69 86
69 101
69 102
69 885
69 886
69 175
69 193
887 159
888 161
889 196
890 214
891 175
892 169
893 97
70 72
70 78
70 89
70 97
70 115
70 894
70 895
70 896
70 199
70 200
897 152
898 184
71 79
71 86
71 108
71 117
71 134
71 139
71 148
71 160
71 175
71 193
71 214
72 78
72 97
72 115
72 171
72 899
72 198
72 199
72 200
900 117
901 137
73 902
73 110
73 903
73 904
73 905
73 132
73 167
73 211
906 88
907 104
908 125
909 154
910 167
74 82
74 96
74 911
74 912
74 145
74 150
74 913
74 914
74 166
74 173
74 915
74 195
74 205
916 82
917 92
918 94
919 131
920 162
921 168
922 84
924 169
925 97
926 112
927 152
928 184
929 101
930 175
931 177
75 78
75 114
75 126
75 133
75 1191
75 434
75 932
75 156
75 171
75 933
75 185
75 207
75 213
934 208
935 78
936 114
76 77
76 90
76 104
76 107
76 121
76 125
76 154
76 163
76 204
937 88
938 141
939 951
940 174
77 80
77 90
77 107
77 941
77 129
77 942
77 159
77 163
77 173
77 177
77 196
77 204
77 209
77 210
78 943
78 109
78 114
78 434
78 944
78 945
78 946
78 199
78 207
947 99
948 203
949 208
950 88
952 160
953 175
79 107
79 108
79 139
79 148
79 954
79 955
79 160
79 163
79 165
79 175
79 191
79 193
79 195
79 214
80 90
80 96
80 129
80 136
80 956
80 173
80 177
80 190
80 957
80 209
80 210
81 146
81 958
81 157
81 172
81 951
81 174
81 146
959 82
960 176
82 85
82 92
82 961
82 136
82 962
82 145
82 963
82 176
82 964
82 205
83 91
83 106
83 123
83 124
83 128
83 965
83 966
83 169
83 180
83 967
83 186
83 203
83 207
968 150
84 969
84 970
84 1020
84 153
84 971
84 972
84 973
84 187
84 192
84 197
84 974
84 208
975 116
976 118
977 127
978 147
85 88
85 92
85 96
85 100
85 979
85 166
85 176
85 181
85 205
86 102
86 980
87 99
87 132
87 981
87 982
87 167
87 983
87 180
87 189
87 984
985 201
88 104
88 135
88 986
88 987
88 150
88 165
88 166
88 951
88 209
88 988
88 210
989 168
89 98
89 990
89 115
89 149
89 157
89 991
89 992
89 188
89 200
89 206
90 98
90 104
90 149
90 163
90 177
90 204
90 209
91 93
91 106
91 113
91 119
91 993
91 123
91 128
91 133
91 994
91 155
91 157
91 171
91 180
91 185
91 146
91 202
92 94
92 995
92 996
92 131
92 136
92 145
92 997
92 162
92 998
92 999
1000 434
1001 169
1002 207
93 1003
93 105
93 113
93 1004
93 123
93 128
93 1005
93 144
93 155
93 1006
93 1007
93 213
1008 923
94 1009
94 122
94 1010
94 131
94 136
94 145
94 162
94 168
94 1011
1012 95
1013 182
95 103
95 107
95 1014
95 158
95 182
95 189
95 196
95 204
96 136
96 145
96 166
96 173
96 205
96 209
96 210
1015 99
1017 184
1018 137
97 109
97 112
97 1016
97 152
97 1019
97 184
97 198
97 199
97 200
98 149
98 157
98 174
98 177
98 188
98 206
1021 152
99 1022
99 132
99 151
99 153
99 167
99 180
99 187
99 197
99 208
100 1023
100 1024
100 1025
100 1026
100 147
100 1027
100 1028
100 176
1029 120
1030 130
1031 1020
1032 192
1033 105
1034 155
101 102
101 1035
101 1036
101 193
102 1037
102 1038
102 193
1039 182
103 107
103 108
103 1040
103 158
103 182
103 204
104 121
104 125
104 1041
104 163
104 165
104 166
104 951
104 209
104 210
105 1042
105 1043
105 1044
105 1045
105 1046
105 1047
105 155
105 1048
105 156
105 1049
105 1050
105 213
106 123
106 124
106 1051
106 180
106 186
106 188
106 202
107 121
107 148
107 163
107 191
107 196
107 204
1052 109
1053 1016
1054 201
1055 168
1056 197
1057 129
1058 196
1059 178
1060 193
108 117
108 134
108 140
108 142
108 158
108 178
108 214
109 1061
109 112
109 114
109 1016
109 1062
109 1063
109 199
109 201
1064 114
1065 1191
1066 923
1067 208
923 1068
923 153
923 1069
923 1070
923 1071
110 111
110 1072
110 1073
110 120
110 1074
110 130
110 132
110 1075
110 1076
110 170
110 1077
110 1078
110 211
1079 1191
1080 161
1081 214
1082 1016
1083 201
1084 130
1085 1020
1086 115
111 1087
111 1088
111 1089
111 132
111 140
111 142
111 1090
111 154
1091 124
1092 149
1093 188
1094 120
1095 140
1096 142
1097 178
112 1016
112 184
112 198
112 199
112 1098
113 119
113 132
113 154
113 1099
113 170
113 180
113 1100
114 1101
114 1191
114 1102
114 199
114 201
1103 120
1104 211
1105 133
1106 175
115 1107
115 1108
115 171
115 1109
115 185
115 186
115 188
115 202
115 207
116 118
116 127
116 138
116 1110
116 1111
116 1112
116 179
116 183
116 194
116 1113
1114 145
1016 152
1016 1115
1016 1116
1016 199
1016 201
1117 201
117 1118
117 134
117 1119
117 158
117 1120
117 1121
117 214
118 127
118 138
118 141
118 147
118 164
118 183
118 212
118 1122
1123 158
1124 182
1125 153
1126 187
1127 192
1128 136
1129 190
119 1130
119 154
119 157
119 146
1131 161
1132 214
120 130
120 1133
120 1134
120 1135
120 192
120 1136
120 1137
120 211
1138 208
1139 133
1140 155
1141 146
121 125
121 163
121 165
121 191
1142 128
1143 144
1144 169
1145 203
1146 208
122 137
122 143
122 162
122 179
122 181
122 183
122 1147
122 194
122 212
123 126
123 128
123 144
123 155
123 185
123 186
123 202
123 203
123 207
123 213
1148 130
124 1149
124 149
124 1150
124 1151
124 1152
124 1153
124 180
124 1154
124 186
124 188
124 1155
1156 131
1157 137
1158 143
1159 162
1160 168
125 1161
125 154
126 434
126 144
126 156
126 185
126 207
126 213
127 1162
127 1163
127 183
127 1164
128 1165
128 144
128 1166
128 1167
128 203
1168 144
1169 156
1170 213
1171 168
1172 145
129 1173
129 159
129 173
129 1174
129 196
129 1175
130 1176
130 1020
130 1177
130 1178
130 1179
130 1180
130 1181
130 170
130 1182
130 1183
130 192
130 197
130 211
131 137
131 162
131 168
131 1184
131 1185
1186 151
1187 194
1188 142
1189 178
1190 193
132 167
132 170
132 180
132 197
132 211
133 1192
133 1193
133 171
133 1194
133 185
133 146
133 1195
133 213
1196 178
1197 208
134 140
134 158
134 1198
134 178
134 193
135 1199
135 150
135 1200
135 1201
135 160
135 165
135 195
135 1202
135 1203
136 145
136 173
136 190
136 205
136 209
137 138
137 143
137 1204
137 162
137 1205
137 212
1206 145
138 143
138 1207
138 1208
138 179
138 181
138 183
138 194
138 1209
138 212
1210 172
1211 147
1191 156
139 1212
139 148
139 160
139 161
139 1213
139 175
139 1214
139 214
140 1215
140 1216
140 178
140 1217
1218 213
1219 155
1220 213
434 1221
434 1222
434 156
434 1223
434 1224
434 207
141 1225
141 147
141 164
141 172
141 174
141 179
141 183
141 198
141 206
141 209
1226 176
142 178
142 191
143 1227
143 162
143 1228
143 179
143 181
143 183
143 194
143 1229
143 212
143 1230
1231 1020
1232 170
1233 192
1234 197
1235 186
1236 188
1237 207
144 1238
144 156
144 185
144 203
144 213
145 1239
145 173
145 1240
145 205
1241 208
1020 1242
1020 1243
1020 1244
1020 1245
1020 192
1020 197
1246 189
1247 147
1248 155
1249 185
1250 213
1251 156
1252 213
146 1253
1254 147
1255 161
147 164
147 198
147 212
1256 168
1257 194
148 159
148 160
148 161
148 163
148 173
148 195
148 196
148 210
148 214
1258 160
1259 165
1260 175
1261 195
1262 152
149 177
149 188
1263 156
150 1264
150 165
150 166
150 173
150 195
150 1265
150 1266
1267 166
1268 176
1269 205
151 153
151 167
151 1270
151 187
151 1271
151 1272
1273 172
1274 146
152 1275
152 1276
152 184
152 1277
1278 176
1279 169
153 187
153 1280
154 1281
154 146
154 1282
155 1283
155 185
155 213
1284 165
1285 191
1286 207
156 171
156 185
156 1287
156 213
157 172
157 174
157 188
157 146
157 206
158 1288
158 182
158 214
1289 184
1290 201
1291 177
1292 196
159 161
159 163
159 173
159 196
159 210
159 214
160 175
160 195
160 1293
161 1294
161 1295
161 214
1296 176
162 168
162 1297
162 194
162 1298
163 165
163 191
163 195
163 196
163 209
163 210
1299 194
164 177
164 179
164 183
164 198
164 200
164 206
164 209
165 166
165 173
165 191
165 195
165 210
166 173
166 176
166 195
166 205
166 209
166 210
167 1300
167 1301
167 1302
168 1303
168 194
168 1304
168 1305
1306 170
169 1307
169 203
169 207
170 1308
170 197
170 211
171 185
171 202
171 213
172 174
172 146
172 1309
172 198
1310 200
951 174
173 1311
173 190
173 195
173 209
173 210
1312 200
1313 190
174 198
174 206
1314 182
175 1315
1316 214
1317 187
1318 192
1319 197
1320 208
1321 178
176 1322
176 205
177 1323
177 206
177 209
178 193
179 181
179 183
179 1324
179 194
181 183
181 212
182 204
183 212
1325 207
1326 197
184 1327
185 186
185 202
185 207
185 213
1328 194
186 188
186 202
186 207
187 192
187 197
187 208
187 1329
188 202
189 204
190 1330
190 209
192 197
192 211
1331 146
1332 209
194 1333
1334 198
195 210
196 204
196 210
197 1335
197 208
197 211
198 200
198 206
1336 208
199 201
200 206
203 207
206 209
209 210
