1374 2521 0
0.4244609680685290 0.4436037625258636 0.1752518660791191
-0.3038119753562054 0.0452586506577313 0.4024636122798133
-0.1774601063292547 -0.0861373006235476 -0.3919267062521529
-0.2879389773973309 -0.4475472722581378 0.1443128758625906
-0.4551422907557814 -0.1363977546227750 -0.1315878495449334
0.3622496226097936 0.4620942953254442 0.2938498887346380
-0.3978696916241257 0.2675736534830424 -0.3332086458319983
0.4453661363138833 0.4505558674928003 0.3014591299745635
-0.4684274885395031 -0.3191917934291135 -0.4510801422994792
-0.0859700419695733 -0.0801193934486815 0.4875346617801976
-0.1536223528093772 0.2389526331043469 -0.1049908138354513
0.0954498408580886 0.2389449293456759 0.0122316736397801
0.2244309839258430 0.4950848756849489 -0.3950842700787532
0.1191345349777280 -0.0805510162669456 -0.1668187413372502
-0.3986325607739383 0.0592357171172156 0.3134725171975933
0.3796076700898759 0.0056176054450215 0.1664922214106932
-0.0724746644399401 0.0010613611624517 -0.3302687819248348
0.4988675467794493 0.2673270087324210 -0.3444139066842321
-0.0115236642527581 0.0510807492170861 -0.1871736441931103
0.1706611220899432 -0.4860917627423837 -0.0208865351485242
-0.4108581275766019 -0.0549608305174751 0.3837736390586818
0.3382451679393742 -0.3160462832599190 -0.3753669987601957
-0.2435357077991084 -0.1972121270667772 0.2026222328213980
-0.3835221270521063 -0.1817297715131594 -0.2500721895373710
0.1283760750892399 0.2301006491668197 -0.2212983568598805
0.2653817725383162 -0.1978861857992102 -0.1991576417497427
-0.3866620900416033 -0.1676792241249657 0.0365810266749949
0.4435425798328345 0.0650445375662880 -0.4965033887520810
-0.2160111482092440 0.4556049807940820 -0.0095006279361394
0.3656670175985708 0.4880154575401155 0.0250601867843173
0.2234500670250266 0.2702145362803248 0.1075579863979224
0.0948009416254435 0.2871833402246779 -0.4428353403129955
-0.2912115814449804 0.3693158013797103 0.4794364905206272
0.3618422917017008 -0.3078469724012335 0.3957100091086483
0.3864047485182805 -0.1082642333575651 0.0714212538919817
-0.4460690881521667 -0.1562371699548050 0.1480418024911701
0.0113411350101146 -0.2666524344280471 0.1098582551965858
0.0791242680240633 0.4730949914351298 0.3361942793436588
-0.0903066426778783 -0.2270131691024330 -0.2792924901120707
-0.3267916866529432 -0.0817828191002070 -0.2056233943760900
-0.1184605461372181 0.4930902086799073 -0.0616314808967454
-0.0133454268634810 -0.4875775141943121 0.0204602793484444
0.0047318881043215 0.0140939544419713 0.4045816405309682
0.3552991992660058 0.0314949614915342 -0.3726514093733749
0.1270174940657204 0.0322862009498569 0.0574223069577208
-0.1064544153982426 0.2953904460522590 0.0883471137538519
-0.0854964892964444 -0.2496713045799382 0.4756027195715418
-0.3014197872634635 0.1816759889132874 -0.2304500213909878
0.1018876727128688 0.2872449650648274 -0.3497679448748766
0.3229240582668896 -0.0818474052584036 -0.1889649878920978
0.3780801717185071 -0.3518422333236307 -0.2271608685892710
0.2256301746975398 -0.2256058969430986 -0.1797720565979817
0.0009986292700270 -0.2318257189569756 -0.2501382458456756
0.0779005872518750 -0.4596339124232016 -0.1207544800862381
0.1157522174292848 0.2874329327171425 -0.2970381218582619
-0.2701199775891310 0.2109388346765536 0.4476065522552670
-0.3721495412104304 -0.2397254051861425 0.2903634707739696
-0.2478979570055586 -0.2103726848660013 -0.4841986159046106
0.4077680155293822 -0.4275450037634705 0.2038012499367076
-0.2514267789782277 -0.2312344926198029 0.1726277798747460
-0.4001116614521965 -0.2107110038094594 0.0118684621660156
-0.4492411234072821 -0.3969939255916985 0.3873065515818866
0.0543180984881734 0.2980928872228076 0.3991329719723710
0.3192475003626737 -0.2266944004048326 -0.0277216761565777
0.1338346937670790 -0.4497429190303242 0.4574019703883653
0.0625507603613901 -0.3252018375438779 -0.0221146599394082
-0.2231994446058473 -0.4488892994578129 -0.3207413413012980
-0.4183473524618168 0.0079451565930238 -0.0749833254508262
0.4032573552831229 -0.0975268481755337 0.2152130184535004
-0.3202482416289788 -0.3972453873500296 -0.2560299216569162
0.1116654103358401 0.2721492380004958 -0.2477001365968261
0.0587444465055782 -0.0592896436345394 0.4621067571761650
-0.1012659507961419 -0.4916550879795522 0.1116028389776907
-0.0923500330410514 -0.1432542286653946 0.1870042115112451
0.4450803253062009 0.1146170574301875 0.2957768466590461
-0.2126268047348246 0.4548025398255572 0.4132169131769208
0.1615592832397522 -0.4084004567783718 0.0321222074712866
-0.4483495598288186 0.2612602111667995 -0.2675867188121512
-0.2992085181492566 -0.4992419042342873 0.0082235917420161
-0.1238233354007737 0.4475459762565141 0.0378860686245345
-0.1259324699928252 0.2207821762162246 -0.1327421194165113
-0.2258866975264002 -0.1898684722591580 -0.0042071420743773
-0.2706973220174578 -0.4227107942626193 0.1129283612129751
0.4745552201050257 -0.1542048356718378 0.4227638649508773
0.4851682439159352 0.4201589074396764 -0.0369601669315613
-0.1123811669048634 -0.4448795169585325 -0.2746474177877527
-0.4282068418630230 -0.3527154715851443 -0.4293879662476621
-0.4133361792466369 -0.2385393744006130 0.4268758666319045
0.2154272181846753 -0.1020734319752369 0.4668773912381624
0.1321851165896382 -0.3063314712937628 -0.2101955783534131
0.0531704056873381 0.0616581365581937 -0.2108184774820978
0.0054732581995422 0.0423372188291480 0.0133007628645406
-0.2141074212327009 -0.4137713617566625 0.0799049213326153
-0.1428565074006255 -0.2628757790765611 -0.2277679345219066
-0.0787617232103048 -0.1841802372067385 -0.0441367867296113
-0.1630939694956802 -0.3829952358400929 0.4305064860995553
0.3510304194707145 -0.1545995120033530 0.0826727800262714
-0.4151631968405591 0.4805098846077399 -0.1049724370521447
0.0739006052983433 -0.4709733979679654 -0.2161838939453756
0.2674346961763625 -0.2495521697715721 -0.3814060992485200
0.3099665253351497 0.0603991712464849 -0.2032102454809053
0.3464021232180297 -0.0525708790500353 0.0811862598135304
0.3838885478739755 0.2102714475076665 -0.3700774268603499
0.2245269300109324 0.4574642326239245 0.3675168320717536
0.1520195590051177 0.1050433624365908 0.2283362438491923
-0.2062450411147865 -0.1768573173965737 -0.2310497112677816
0.3669976155214172 0.0697608647934219 -0.1712654979181167
-0.2206827226783831 -0.4508540628787073 0.0907223016882129
0.3946770946166253 0.3188504793923728 0.3613594302934844
-0.2889663423872574 -0.1839075426912776 -0.4324054553323571
-0.3097918197617955 -0.0978858883478707 0.3533783717423729
0.4729365801198804 0.2784858145461291 -0.3256058389405173
-0.4240291519954790 -0.3419460604431967 -0.2093501519949992
-0.4312197016696114 0.3065452003686452 -0.0886012976373051
-0.1516257231537217 -0.0765075699859628 -0.2823360947853775
-0.1262048581360374 0.4639526275950429 0.3458313369334161
-0.1821181178522594 -0.3467010459376138 -0.4072571866193863
-0.3731304204980678 0.2529612846597643 -0.1101526493474381
-0.3645044453967577 -0.4546293860677564 -0.2840272525257103
0.2137830438345093 0.3688098607097108 0.1641151689122439
0.3993486004588775 0.0162152448617635 0.3912007304504271
0.0817678965700736 0.1211979322622323 -0.3561983657512657
0.4385048490237855 0.3593245207040205 -0.3287083981652689
0.0131991844611816 -0.2816706913703229 -0.3797021888627283
-0.2618592611170613 -0.1325369836108129 -0.2319457532144917
0.3439220587253388 0.1535753424048167 0.0055838807463649
0.1466580756692263 0.1130889328421564 0.2672519490569804
-0.1447035634351208 -0.4874054159542778 -0.2463231125396341
-0.0799871443815794 -0.1334221822813974 0.0707746390719586
0.3553878835334831 -0.4826668528732569 -0.0496088214840489
0.2187516598784552 -0.1216482413454361 0.0887165344286332
-0.2358715750839182 0.2298614265634541 0.0790773875858637
-0.2935314804334065 0.0809630325938765 -0.2628280832204451
-0.3495603388978354 0.0632616308636844 -0.2515098586399167
-0.4257308019648212 0.4666925748510694 -0.4052788223833246
0.2171982975859314 0.3476451278719205 0.3083640393978967
-0.1929187262893876 -0.4523439967613195 -0.2847369994306788
-0.1220984559735920 0.4744231260937217 -0.4601116327431088
0.3745541962733457 0.0426660450868838 -0.3228456311665232
-0.0922624375865106 0.0995269061095777 -0.4386440567859483
0.4361365395650081 -0.4701812558458847 -0.3914647118951060
0.3049069376242340 -0.1597021516308044 -0.4081643830766150
-0.3134093996231401 0.4076213282042836 0.0594808866760974
-0.0370529317473686 0.3097416888873736 0.3034006237948096
0.1111573568250760 -0.2255520436810682 0.1433082513535077
-0.1611993053427679 0.2541377523651857 0.2922466431263447
0.4070842990180933 0.1693999814288670 -0.1402585369918160
-0.0433413890953475 -0.1327970964572453 -0.3733139941454526
0.1280397381243779 0.1731336648797644 -0.4131548182393476
0.2618548798603935 0.0377455223185945 0.0834467721188011
-0.0550734132961168 -0.1175101911032340 0.2602369406837343
-0.2429339180373910 0.0766909811254472 -0.3858994700104508
-0.1624868903222210 0.4189903434951904 -0.3188989902100092
-0.1137850289244734 0.1899810874311277 0.2280778226453704
0.4683784914290015 0.0778402121408419 0.1866657220014158
-0.0887509426343667 -0.1789789250873764 0.1875504259637681
-0.0727456344229621 -0.2202191084571225 -0.2655183311033584
-0.0093697605390177 0.0352326639278238 0.1903440831435697
0.0628173869981148 0.4357559951254419 -0.2991405930869080
0.4331787225641577 0.3922382354158058 0.1346007886846099
0.2071455178371324 -0.4148885983673171 -0.0622098341338778
-0.4249016306076581 -0.4442674656790880 0.0063542337056074
-0.0899134432131636 0.3742383463075520 0.3611337580410828
0.2344982154742139 -0.4524536386340439 0.0593618136445564
0.3985560170678362 0.4004275766519114 -0.1107033818568827
-0.1977563601395760 0.1753379794944411 -0.4534342436140509
-0.1987285641142557 -0.2526080083096249 0.3797993554298282
0.0581838548400024 -0.2486900872017948 -0.0247596267952613
0.1111206235697657 0.0526086576981058 -0.0521507683965980
-0.4319010314722862 -0.2445003535425123 -0.3565512869295429
-0.1144669184222157 -0.3426612424695167 -0.2856147667076451
0.2670101418547587 0.1436858915916905 -0.1258445967138436
-0.4185238390131737 0.1180032941512947 -0.2930876463300207
0.3647407321614810 -0.2726234574035450 0.1436825628493183
-0.2526137531608989 -0.2187097653115774 0.4499247814214352
0.3928053556841562 -0.0985803042932436 -0.2735766215995609
-0.0675275113282384 -0.4125567521684581 -0.2619838644363013
-0.2066216588089788 -0.2987357972068114 0.2151626884190587
-0.0571319796589390 0.4781510016703107 -0.3908873833520364
0.4388593018600787 0.0941424891333791 -0.4508515344206445
-0.4841628467917866 0.2056951882662371 -0.0681715270471648
-0.3419098623534657 0.2317040110491796 -0.2086128487067032
0.3818472059345600 -0.2580942679882819 0.2607771212341125
0.2305867657698382 0.2250136809024524 -0.4461563934059232
-0.3465558024073733 -0.3767147874613959 0.3160755724696083
-0.1524410798221668 0.2203574786404721 0.0971570711316963
0.2079739657413132 -0.3764515620859165 0.3239224622093588
-0.4535391591693580 0.3153570580438275 -0.3734565294854931
-0.1664136828294921 0.3004613474527117 -0.2209094829803125
-0.0884492116433648 -0.1187142365115582 0.1236928689269780
-0.0383654892589786 -0.0386290136721535 -0.0592196819661082
-0.3870635564354613 0.1778658120299453 0.0960522601326085
0.2224546038685727 -0.4674016661683128 -0.1683822024401751
0.1709439793538428 0.1019850510546287 0.2077996327424339
0.3163953079239074 0.0296726486327288 0.1019884172934890
0.2677600813043416 -0.1341754158372615 -0.4385835839332912
0.0237867668641460 -0.0482470780322523 0.3154773479453544
0.2395526887617311 -0.4799903097646348 0.4385514087099346
-0.3619547840984346 -0.1058914408629885 0.4261221515025422
-0.3146471807674816 0.2860170659982402 0.1092181003033402
-0.0147040882216594 0.3360617405350816 -0.3442572648579453
-0.3037241466141875 0.3482124067375098 0.3131003042573943
-0.4425289307242379 0.2898689274507298 0.3001049839635278
0.1015812867282826 -0.1262728524691100 -0.2196118737952518
-0.4725484111531012 -0.2648443996037141 -0.2906729150787494
-0.3808492089482258 0.2736044868336022 0.0465252514785960
-0.0564933087222950 0.1834546266483043 0.3293118577516909
-0.4652614578890745 0.0182613892822098 -0.4336294412172385
0.4406420609989329 -0.0518127837461972 0.2128179646431425
-0.3410956374075894 0.3996570550313376 0.2776142648222740
-0.2923385324648512 -0.2516866102273008 0.4258655165247028
-0.4826596957963590 0.3357492125346374 -0.1881322011553782
0.0766480516331333 -0.1589883356501884 0.4799017955500349
0.4452700183653134 -0.4676641371296948 -0.0341762323783312
-0.2738158230520883 -0.1815379792583341 -0.0381001154863525
-0.2383258367497148 0.4696082711141560 0.1238231863420266
-0.4270926915258348 -0.3598173722833812 0.3184156765209280
-0.1817116383278256 0.1230214613477760 0.0964127923426070
-0.1625158071013273 0.1205228012433315 0.2255143246431358
-0.0931059780494154 0.3734416301107560 -0.1165973965914174
0.4369004376677271 0.1993379810715109 0.2106584693919560
0.2213527876444374 0.3106879422029473 -0.0101800411779825
0.3082120208175429 0.2874673215249514 -0.1927404487306180
-0.3714083495360772 -0.4122003692485005 0.2853113301693460
0.3860381427264211 0.2361082245759153 0.3998091293578401
-0.1263651326338349 -0.1737782062666798 -0.0963974140598810
0.3935578240096202 -0.1761407396568518 -0.0731292398816077
0.2453075026221583 -0.0066404069133291 -0.2497232689138609
-0.0774229253986899 0.0670861451754954 0.4276213246030845
0.1633331743194966 0.2814839808223146 0.2300798718445086
-0.2812224218064661 -0.1063488663780836 -0.4572042857393693
0.2140569234938077 -0.2341254654212692 0.1123086334835374
0.2935500964047773 -0.0950306739135330 0.2420309435661930
-0.0903515742262445 0.1465049813548033 0.3167108514596170
-0.3629713056614003 -0.2168978775244491 0.4578068222653007
0.4259446325542372 0.3559904470441914 -0.2860011047358468
0.1927110786179804 -0.2206857720583921 -0.0281226734703686
-0.0116819257287776 0.4301816820435839 -0.4409724658423880
0.0791239554944212 -0.3026060657455488 -0.4306634258303795
-0.2082463422460712 -0.3825533352210638 0.2407005660358913
0.3105872874401959 0.4450106380095077 0.5000000000000000
0.3211241623594336 0.4436588382637249 0.5000000000000000
0.2897268938177427 0.4452685854086240 0.5000000000000000
0.3188997484933922 0.4218231306676245 0.5000000000000000
0.4351332664496500 0.5000000000000000 0.2489526121371030
0.5000000000000000 0.4495718483431304 0.1519652379440501
0.4616257691005351 0.5000000000000000 0.0998553119554444
0.3167097393408136 0.5000000000000000 0.1653114833908106
0.5000000000000000 0.4374920541751415 0.1359800966523715
0.5000000000000000 0.4632925830057889 0.1279235778124401
0.5000000000000000 0.4457550884993946 0.1044605338457548
-0.3058781384846140 0.0084930149044810 0.5000000000000000
-0.3046940867189006 0.0897608269312429 0.5000000000000000
-0.4235156779471039 0.1114394700377524 0.5000000000000000
-0.4096870298225823 0.0079303203219010 0.5000000000000000
-0.4865232647058441 0.1683548727925782 0.5000000000000000
-0.4297898325370770 0.0640665683100988 0.5000000000000000
0.3493021523448499 -0.3556433752054740 0.5000000000000000
0.2975139148656908 -0.4230694636730608 0.5000000000000000
0.4116518503401936 -0.5000000000000000 0.1765214547994504
0.4385571491440829 -0.5000000000000000 0.0068977984553492
0.5000000000000000 -0.3280810067501643 -0.1089231667976837
0.5000000000000000 -0.3553158114942968 0.0254886650026753
0.5000000000000000 -0.3002233476051566 -0.0566198983284069
0.5000000000000000 -0.3587357061127190 -0.0605266395970856
0.5000000000000000 -0.3388655974722817 -0.0457008344306462
0.5000000000000000 -0.3072164246190822 -0.0110552448319784
0.5000000000000000 -0.3871604690122393 -0.0503444530669175
0.5000000000000000 -0.2757363409624387 -0.0667826858295692
0.5000000000000000 -0.3072219776359861 -0.0394496980605042
-0.3327085574156824 0.4601254832491841 -0.5000000000000000
-0.1209653482088654 0.4699013871402929 -0.5000000000000000
-0.0859099881888502 -0.1090155675723144 -0.5000000000000000
-0.1257034132236184 -0.0657957715943256 -0.5000000000000000
-0.0655617349767246 -0.0151147508239756 -0.5000000000000000
0.2557825997861077 0.4439601984701414 -0.5000000000000000
0.1466271635707290 0.3042322473433604 -0.5000000000000000
0.1966796665519632 0.3194556155138303 -0.5000000000000000
0.2490358264626537 0.2555171325789062 -0.5000000000000000
-0.5000000000000000 -0.4852696508770686 0.3059336304716094
-0.2329242919583153 -0.5000000000000000 0.1089945704661553
-0.5000000000000000 -0.4193789194299847 0.2801026949943802
-0.3629077778574807 -0.5000000000000000 0.1398418979399397
-0.2505333820119053 -0.5000000000000000 0.0233768134936022
-0.3433880646541521 -0.5000000000000000 0.2265395489688224
-0.5000000000000000 -0.1129261814758134 -0.0847563786405957
-0.5000000000000000 -0.1617387435790930 -0.1213230061894247
-0.5000000000000000 -0.1567913933974007 -0.0474313385233226
-0.5000000000000000 -0.0811992191503269 -0.1881891765522579
-0.5000000000000000 -0.1302552783149105 -0.0635986909388681
-0.5000000000000000 -0.1360774037301113 -0.1075332806990137
-0.5000000000000000 -0.0761759419764158 -0.2491254694159090
-0.5000000000000000 -0.1430176126462774 -0.0922899884830157
0.3928092991043079 0.5000000000000000 0.3097772874825812
0.3184554682334619 0.5000000000000000 0.2757135299226509
0.4096936924286042 0.5000000000000000 0.1998977767671510
0.3116467830747360 0.5000000000000000 0.1882610854798564
0.3232426545967360 0.5000000000000000 0.3402309411558627
0.3275177478182938 0.5000000000000000 0.4266418813706636
-0.4056007159027083 0.0142867736021573 -0.5000000000000000
-0.3119502383524549 -0.0565622978358097 -0.5000000000000000
-0.4083397477054024 0.1533422717047810 -0.5000000000000000
-0.4163764688282653 0.1348070608698750 -0.5000000000000000
-0.5000000000000000 0.2414863581946196 -0.2548105796838707
-0.5000000000000000 0.2272787565425066 -0.2959660776254219
-0.2298770066393709 0.3442247810396477 -0.5000000000000000
-0.3882042268909210 0.1917809229200141 -0.5000000000000000
-0.2360797121740419 0.2261426607784292 -0.5000000000000000
-0.3333675474806828 0.1667092150140390 -0.5000000000000000
-0.3462977470730812 -0.4879313178743552 0.5000000000000000
0.5000000000000000 0.4062326367620470 0.2707547261573170
0.4465175404395733 0.5000000000000000 0.3170168417558542
0.5000000000000000 0.4535866028400291 0.2524403812517244
0.5000000000000000 0.4434602380818056 0.2306283762297663
0.3441304719275233 0.5000000000000000 0.4376410222877725
0.5000000000000000 0.4602043246409122 0.2761996416446393
-0.5000000000000000 -0.3087492898261351 -0.4377463609622436
-0.5000000000000000 -0.3620892286816977 -0.4294813763090556
-0.3231174914350960 -0.3193558479359621 -0.5000000000000000
-0.4375016088920776 -0.2980853468222469 -0.5000000000000000
-0.3560029387813219 -0.3207505617797154 -0.5000000000000000
-0.5000000000000000 -0.3139987476745594 -0.3853157818800850
-0.5000000000000000 -0.3235481468793175 -0.4203903470123035
-0.4339223449425351 -0.3625256805397653 -0.5000000000000000
-0.5000000000000000 -0.3306761582751242 -0.4361801259839060
-0.4185992549440533 -0.3058427770286577 -0.5000000000000000
-0.4248382349846733 -0.3475307061971240 -0.5000000000000000
-0.5000000000000000 -0.3372394098461379 -0.4215315276278881
-0.5000000000000000 -0.2668290742053607 -0.4454170629346667
-0.4075700139829831 -0.2804010757715950 -0.5000000000000000
-0.0882876810028903 -0.0540278599109401 0.5000000000000000
-0.0990049707666145 -0.0834677561813222 0.5000000000000000
-0.1135337613909455 -0.0650599555133933 0.5000000000000000
-0.3214695723202906 0.3626932186221018 0.5000000000000000
-0.4582197912013196 0.3230008179332073 0.5000000000000000
-0.5000000000000000 0.4366276458085726 -0.0890308392465765
-0.5000000000000000 0.3314423697573795 -0.0805517429351849
-0.5000000000000000 0.3406862141543864 -0.1727404091267612
-0.2592655915011748 -0.0916262484318007 -0.5000000000000000
-0.5000000000000000 -0.0041666034223411 -0.0215874279965115
-0.5000000000000000 0.0192208193580070 -0.0897821239784501
0.2496060387760088 -0.2986648457104702 0.5000000000000000
0.1955600851151482 -0.1442422779111217 0.5000000000000000
0.2093281583494405 -0.2788385058947914 0.5000000000000000
0.1590408261170745 -0.3230705060623205 0.5000000000000000
0.0843028742156640 -0.1785056796084331 0.5000000000000000
0.5000000000000000 0.3368433142281328 0.2833667816716753
0.5000000000000000 0.3711795879104857 0.1814799809824131
0.5000000000000000 0.3057422279552323 0.2956334305668740
0.2505410628653673 -0.3402003589641874 0.5000000000000000
0.1212412414123940 -0.4380773121011798 0.5000000000000000
0.1945167419693094 -0.4564319121044843 0.5000000000000000
-0.2796261437574419 0.2043014815794265 0.5000000000000000
0.2976223556307298 0.4876075637140272 -0.5000000000000000
0.2185860450741590 0.4568535370687081 -0.5000000000000000
0.1952999240783633 0.5000000000000000 -0.3389003491986398
0.2200406026492079 0.5000000000000000 -0.3357061595723526
0.4258590399747081 0.4124122509773984 -0.5000000000000000
0.2446767632774457 0.5000000000000000 -0.4186525923917400
0.2043368978586326 0.5000000000000000 -0.3766912792827447
0.5000000000000000 0.1285752185708605 0.2342017900123046
0.5000000000000000 0.1007977783627697 0.1802126792690406
0.5000000000000000 0.1106875757724458 0.2554030378212159
0.5000000000000000 0.1750681235138925 0.2470889909577433
0.4243266590845848 -0.3229237380186348 -0.5000000000000000
0.3913390283761569 -0.2935234905769792 -0.5000000000000000
-0.5000000000000000 0.1778075490755847 0.3598575675470994
-0.5000000000000000 0.0739824236934511 0.3322891227301247
-0.4970507628171769 0.1734385445685803 0.5000000000000000
-0.5000000000000000 0.0702089801846743 0.2024571185199482
-0.5000000000000000 0.0259053337942317 0.3420027796277585
-0.5000000000000000 0.0744461766214341 0.4615194615488655
-0.5000000000000000 -0.2458623675905037 -0.3580584030446367
0.1535577612398920 -0.5000000000000000 0.0227229116312973
0.1373078109689010 -0.5000000000000000 0.0687842704242727
0.2425122308757960 -0.5000000000000000 0.0138610059516217
-0.0056652047177466 -0.5000000000000000 0.2401290796539610
0.1402343759736489 -0.5000000000000000 0.1902533878555137
0.1594349927788164 -0.5000000000000000 0.0712970863723994
-0.2364901141281506 -0.2095477044765925 -0.5000000000000000
-0.2491397252481850 -0.1244665383909298 -0.5000000000000000
0.5000000000000000 -0.0203570164757258 0.0420930545920681
0.5000000000000000 0.0349452300737613 0.0340516606239145
0.0922756221745945 -0.0178021701962794 0.5000000000000000
0.5000000000000000 -0.0066403281189397 0.1175406101007207
-0.2754925095661274 0.1988292370989098 0.5000000000000000
-0.2730263210835571 -0.4122054888875989 0.5000000000000000
-0.2317931525955929 -0.4084650457941437 0.5000000000000000
-0.2333295553679486 -0.4209432175702519 0.5000000000000000
-0.2286889266365613 -0.3585973337865628 0.5000000000000000
-0.2557412467939975 -0.4113443909296844 0.5000000000000000
-0.2621633566234549 -0.4413941031857753 0.5000000000000000
-0.2557399282350323 -0.3852742183847926 0.5000000000000000
-0.2454464391894247 -0.4125191864126054 0.5000000000000000
-0.0598663039513166 -0.0108060961659706 -0.5000000000000000
0.0883431398689390 -0.0214049693865374 -0.5000000000000000
0.0596507857342440 -0.4621536831276476 0.5000000000000000
-0.1447853341083877 -0.5000000000000000 0.4578530826220210
0.3136470469683346 -0.5000000000000000 -0.0204117526300635
0.1960593399160388 -0.5000000000000000 0.0766615032726021
0.4934697772687788 -0.4984926383855441 -0.0966347119464059
0.5000000000000000 -0.3722613349035658 -0.2412798609146323
0.5000000000000000 -0.4442426725699181 -0.1477514407563649
0.5000000000000000 -0.4509221186514122 -0.0902562868972641
0.4715044353585621 -0.2004251524048420 0.5000000000000000
0.5000000000000000 0.2821248604145391 -0.3328090549907069
0.4570861803386273 0.3901128857209317 -0.5000000000000000
0.1909216618855694 -0.5000000000000000 -0.4148386537723007
0.3705590198622562 -0.4992437655986773 -0.5000000000000000
0.1225544477262634 -0.5000000000000000 -0.0250446492332130
0.1925037577314551 -0.5000000000000000 -0.0541403932210329
0.1403841117242125 -0.5000000000000000 -0.0077797232779746
0.1168602936731993 -0.5000000000000000 0.0290561975757792
0.1465868609549684 -0.5000000000000000 -0.0313802257735294
-0.3076497314527485 0.0067243493630374 0.5000000000000000
-0.5000000000000000 -0.0875320293012509 0.4565894094290553
-0.4894105772583000 -0.0592952914985994 0.5000000000000000
-0.5000000000000000 -0.0362282001934095 0.3797082129256779
-0.5000000000000000 0.0045028774986282 0.4931336407498322
-0.2611203672583152 -0.1127154860189920 -0.5000000000000000
0.4863925951791215 -0.5000000000000000 -0.3961632844288190
0.4847566565200362 -0.3936286422788075 -0.5000000000000000
0.4896408657104870 -0.2895841834884447 -0.5000000000000000
0.4451236842251735 -0.2686856113459188 -0.5000000000000000
0.3822812743602557 -0.3358942780338544 -0.5000000000000000
-0.5000000000000000 -0.2062015313823780 -0.1742354685038308
-0.5000000000000000 -0.1825978524079374 -0.0421699713383744
-0.5000000000000000 -0.1616206119827800 -0.1531700586238891
-0.5000000000000000 -0.0639550943773412 -0.3227473680147754
-0.5000000000000000 0.0247410012032057 -0.0225997068621615
-0.5000000000000000 0.0648504537896924 -0.0990453238016191
-0.5000000000000000 0.1035310937338436 -0.1788721467536601
-0.5000000000000000 0.1957747639616262 -0.0554780568397523
0.5000000000000000 0.1949293504339524 -0.4891845540116027
0.4945060642339693 0.1222104308069765 -0.5000000000000000
0.5000000000000000 -0.2854298382530657 -0.3389876554603277
0.5000000000000000 -0.2813863409460540 -0.2925295283477710
0.4953375968685095 -0.2833068537473295 -0.5000000000000000
0.5000000000000000 -0.1430940280579991 -0.4909261704603868
0.5000000000000000 -0.1680599508260756 -0.3882403949584612
-0.5000000000000000 -0.1799933950222297 0.1247779467688799
-0.5000000000000000 -0.1778494445201897 0.0526530068211267
-0.5000000000000000 -0.1415430432638045 0.0765491083298402
0.5000000000000000 -0.1412202301406403 -0.0447185639187764
0.5000000000000000 -0.1486205695770326 -0.0479762925804250
0.5000000000000000 -0.1356072092580789 -0.0486823298587624
0.5000000000000000 -0.1654726398928999 -0.0375965166077238
0.5000000000000000 -0.1526635957447557 -0.0685852044144782
-0.0526424493704449 0.1174010559409828 -0.5000000000000000
-0.1133682112221920 0.1135108335968677 -0.5000000000000000
-0.1362754045721930 0.1693805594644606 -0.5000000000000000
0.5000000000000000 -0.1527867899531671 0.4089729648682331
0.4618623250513503 0.0658871691355849 -0.5000000000000000
0.5000000000000000 0.4141325354565908 -0.0492364572708927
0.5000000000000000 0.3774809285871440 0.0517506042169504
-0.0789752291529295 0.5000000000000000 -0.2824568578556081
-0.2538349465611691 0.5000000000000000 -0.0429042370852493
-0.2650019600187234 0.5000000000000000 0.0639006194356802
-0.3170767504810693 0.5000000000000000 -0.0583235382187108
-0.3830900290631521 0.5000000000000000 0.0978442554578013
-0.2443344949634758 0.5000000000000000 0.0048908514829620
0.5000000000000000 -0.3404133468796596 -0.3197447921663560
0.5000000000000000 -0.4206722722017986 -0.3976925221701871
-0.5000000000000000 -0.3925570381491168 -0.4124777295844804
-0.5000000000000000 -0.4225643831808173 -0.3774205989362193
0.3459896640333466 0.5000000000000000 0.0579018203102933
0.3942181781067505 0.5000000000000000 0.0074149164496056
0.3849825558270873 0.5000000000000000 0.0200344379887186
0.3676777389854353 0.5000000000000000 0.0099502403197854
0.3267668114649634 0.5000000000000000 0.1071364044578557
0.2799967981046199 0.5000000000000000 0.0806352737285570
0.3114872814501575 0.5000000000000000 -0.0191564988228699
0.3902260458036179 0.5000000000000000 -0.0287029669389653
0.1743978110845587 0.1888848692946852 -0.5000000000000000
0.2423090356695237 0.2255824247571534 -0.5000000000000000
0.5000000000000000 0.2899326664694728 -0.0891253464694170
0.5000000000000000 0.2933076971721357 0.1404617940192827
0.5000000000000000 0.2344246336616368 -0.1879454758930227
-0.2809449828164735 -0.2442124666179074 0.5000000000000000
-0.3161517860766626 -0.2740680129957008 0.5000000000000000
-0.5000000000000000 0.4978346052002429 -0.0172213317107891
-0.2688255000504954 -0.2163675829688508 0.5000000000000000
-0.5000000000000000 0.2969450784578800 -0.2765957919395372
-0.5000000000000000 0.4215413747559293 -0.3564272025604574
-0.5000000000000000 0.3309750078162785 -0.3473112930543124
-0.5000000000000000 0.4386938123938940 -0.2809305382277490
-0.5000000000000000 0.3399549797725024 -0.2042364949896631
0.1371790340084766 0.3348008032955738 -0.5000000000000000
0.0880549780376979 0.2949703307649720 -0.5000000000000000
0.1230000757045003 0.2841431217194091 -0.5000000000000000
0.1417522649386941 0.2803529082912991 -0.5000000000000000
0.0775846223054445 0.2550021973829139 -0.5000000000000000
-0.3123233006893115 0.3760326731515132 0.5000000000000000
-0.3074559765507686 0.3571103696599820 0.5000000000000000
-0.2837271107524983 0.3651566070890770 0.5000000000000000
-0.2962909140272937 0.3695853727469899 0.5000000000000000
-0.5000000000000000 0.4024437242324600 0.4988127721171205
-0.3068007731592248 0.3690711546965834 0.5000000000000000
0.5000000000000000 -0.2875326704570185 0.3140489103135702
0.3888855515635219 -0.3040086553011108 0.5000000000000000
0.5000000000000000 -0.3380718812202477 0.2615897435849174
0.2907577294475134 -0.2270794774833605 0.5000000000000000
0.5000000000000000 -0.3714556346942136 0.2525397874544151
0.5000000000000000 -0.3588712564988014 0.2864206254225088
0.2615293536727205 -0.2856216601271978 0.5000000000000000
0.2121009270947887 -0.3346561624679607 0.5000000000000000
0.5000000000000000 -0.3167127084434694 0.3134808049177877
0.3313317014581085 -0.3273094892896207 0.5000000000000000
-0.3061277541342716 0.4386418601292081 0.5000000000000000
-0.5000000000000000 -0.1671213348283180 0.1716954731662202
-0.5000000000000000 -0.2041204460634466 0.1043606118619384
-0.4953422870205523 -0.3479960985798882 0.2329961483439026
0.5000000000000000 -0.0346074911636113 0.0309315815807488
0.5000000000000000 -0.1105007541331652 0.1012327936759800
-0.2888597507224149 -0.2895467569774932 -0.5000000000000000
-0.3145231541637604 -0.3221148241110059 -0.5000000000000000
-0.3068980136350489 -0.3198571568213076 -0.5000000000000000
-0.2965566280697032 -0.3211196144445893 -0.5000000000000000
-0.3060616051564622 -0.3232209384567462 -0.5000000000000000
-0.3097324186203546 -0.3162185342353611 -0.5000000000000000
-0.3092795546583617 -0.3177794412945440 -0.5000000000000000
-0.0686197093852084 0.5000000000000000 -0.3150780615877011
-0.0616677861276383 0.5000000000000000 -0.3295155522084798
0.4998583075681060 -0.5000000000000000 -0.0221302510954190
-0.5000000000000000 -0.1476028841214825 0.2768784388882689
-0.5000000000000000 -0.1325757056035869 0.1963779610565294
-0.5000000000000000 -0.1691791493899494 0.1059150656227343
-0.5000000000000000 -0.1431025377782593 0.1390764305386698
-0.5000000000000000 -0.2761821191935744 0.1262708542952545
-0.5000000000000000 -0.1125002384756294 0.1737640402074788
-0.5000000000000000 -0.1774033154921849 0.2540557885476313
-0.5000000000000000 -0.0492343763518299 0.1410162611760496
-0.5000000000000000 -0.1102679957170654 0.2202002543835515
-0.2627478101481864 -0.2509971024636338 -0.5000000000000000
-0.3296291352990168 -0.3307689230367747 -0.5000000000000000
-0.2632407145646616 -0.3276787447309196 -0.5000000000000000
-0.0267059176409779 0.5000000000000000 0.4387278099482086
0.1218028519308615 0.5000000000000000 0.3103350142278418
0.2455127069618042 0.5000000000000000 0.2062426362545144
0.0511060254895201 0.5000000000000000 0.3470154142932682
0.0440301474521819 0.5000000000000000 0.3875511924217369
-0.0022112961009691 0.4882242293918126 0.5000000000000000
0.0508654607981462 0.5000000000000000 0.3039993690256008
0.0509936022309361 0.4306531019984234 0.5000000000000000
-0.0220243779542384 -0.3380639952557580 -0.5000000000000000
-0.5000000000000000 -0.0182897328582580 -0.2580345407945036
-0.5000000000000000 -0.1006371698105100 -0.0141598830135727
0.5000000000000000 0.4104952866572745 -0.0512035621905854
0.5000000000000000 0.2235702656088677 -0.0977599961269608
0.5000000000000000 0.3675325874363210 0.0385790830892651
0.5000000000000000 0.3646074403930701 -0.1485753174694814
-0.5000000000000000 -0.4759422051591322 0.0469983847423795
-0.5000000000000000 -0.4600187629342947 0.0200398542467704
-0.5000000000000000 -0.4751728651180910 0.0411253906149844
-0.5000000000000000 -0.4741665411734756 0.0387928119578361
-0.5000000000000000 -0.4713982164822965 0.0440542162013514
-0.1416558825118347 0.5000000000000000 -0.0646036047617612
-0.0806400645100995 0.5000000000000000 -0.0641766045157579
-0.1372823092491356 0.5000000000000000 -0.0399765176699197
-0.1100686203121736 0.5000000000000000 -0.0466706661915321
-0.2197944257128755 -0.2042290203905793 -0.5000000000000000
-0.0971200272492554 -0.2724958082146337 -0.5000000000000000
0.0293147114904305 -0.2225816160732747 -0.5000000000000000
-0.0018972647020024 -0.1373774384654205 -0.5000000000000000
0.0706668037774069 -0.2547457889456549 -0.5000000000000000
0.5000000000000000 -0.3298228985915486 0.1211642307631984
0.5000000000000000 -0.2518520555844241 0.0809068252412935
0.5000000000000000 -0.2793229817432771 0.0963135186906574
0.5000000000000000 -0.2750455771201447 0.1305531974774209
-0.5000000000000000 0.4350710704895595 -0.0023787666734607
-0.5000000000000000 0.3157645322766292 -0.0045764449779618
-0.5000000000000000 0.3728483857615179 0.1380528259077202
-0.5000000000000000 0.2406304852501230 0.1414533912040184
-0.5000000000000000 0.3020094032246994 0.2788789080898573
-0.5000000000000000 0.3000709033138332 0.1132716532419515
-0.0102473825130556 -0.5000000000000000 0.0048912790100200
0.0143011514470566 -0.5000000000000000 0.0510392892933140
-0.0681599653926710 0.0123568712420731 0.5000000000000000
-0.0354557133451459 0.0757909949160686 0.5000000000000000
0.0784728925670726 -0.0157534745363593 0.5000000000000000
0.4624685680687950 0.0196594758695232 -0.5000000000000000
0.3676117088810787 0.0448855999227473 -0.5000000000000000
0.4920072591706288 -0.0807178878112677 -0.5000000000000000
-0.1965840490751672 0.5000000000000000 0.3855978194621434
-0.1468304860456022 0.5000000000000000 0.3486334409296487
0.0560909054845345 0.5000000000000000 0.0966225902774492
-0.2900066247413553 0.5000000000000000 0.4737801808749561
-0.1115480243709883 -0.2540507202673542 0.5000000000000000
-0.1041567933488671 -0.3632111288295632 0.5000000000000000
-0.0911282030175790 -0.2313535768720749 0.5000000000000000
-0.0679531910768587 -0.2683839555080930 0.5000000000000000
-0.1080034369244121 -0.2388069950139586 0.5000000000000000
-0.0326904121427929 0.2010680418040076 -0.5000000000000000
0.1681699090568330 0.3664046849720710 -0.5000000000000000
0.1619931228982026 0.2776730563455350 -0.5000000000000000
0.4227349205160882 0.3914532329283218 -0.5000000000000000
-0.3521248868835186 0.3098359781014648 -0.5000000000000000
-0.3037205721996307 0.5000000000000000 -0.0310432797912449
-0.2418948756503185 0.5000000000000000 -0.1767363077933982
-0.0513528848268303 0.5000000000000000 -0.2905019776953846
0.5000000000000000 -0.0462349027381584 -0.2396515443367241
0.5000000000000000 -0.0695810613552080 -0.2522318016444902
0.5000000000000000 -0.4851546912291410 -0.2834722662379481
0.5000000000000000 -0.3370162886509204 -0.2842970632440721
0.4904778904798084 -0.3970511627884930 -0.5000000000000000
0.5000000000000000 -0.4223198374766498 -0.2485163201750318
0.4993825943520994 -0.2897759823186778 -0.5000000000000000
0.5000000000000000 -0.4117455231774369 -0.3115346731732409
0.5000000000000000 -0.1679938307605053 0.3957436751419494
0.5000000000000000 -0.2596848670226748 0.2408121690902377
-0.3059702042562348 0.0063729433811484 0.5000000000000000
-0.3038972138123502 0.0067486601712592 0.5000000000000000
-0.3040649936304389 0.0079303222496763 0.5000000000000000
-0.3039228377263295 -0.0007239141967119 0.5000000000000000
-0.3024740909002135 0.0071732766878450 0.5000000000000000
-0.3073593964918046 0.0048379738957515 0.5000000000000000
-0.2999291453663143 0.0093138521923732 0.5000000000000000
-0.3036518001271879 0.0092180285752189 0.5000000000000000
-0.5000000000000000 -0.4599486957050815 0.4306339552004463
-0.5000000000000000 -0.4950072938303687 0.4194776784400199
0.0355909601464843 -0.5000000000000000 -0.0759076019365699
0.0603653499582723 -0.5000000000000000 -0.1059482232968931
-0.1823245120228199 -0.2606622901147764 0.5000000000000000
-0.2206364365593445 -0.3310363487718471 0.4938065386234474
-0.2165869163422465 -0.2398219608086988 0.5000000000000000
0.4310689605297542 0.3938757179118503 -0.5000000000000000
-0.2963370487247891 0.1253167216651453 0.5000000000000000
-0.3104396669898933 0.2266051001492399 0.5000000000000000
-0.3694233768477448 0.1934325122662311 0.5000000000000000
-0.2759427158820334 0.3258936337530612 0.5000000000000000
-0.2912180695460147 0.1799589904703800 0.5000000000000000
-0.4711591834406496 0.1824783007075226 0.5000000000000000
-0.2486961211808501 0.2254522871545434 0.5000000000000000
0.4844187710206093 0.0220071412575315 -0.5000000000000000
0.4207920364792916 -0.0778875755530652 -0.5000000000000000
0.4992822793275022 -0.0227581753634220 -0.5000000000000000
0.3741505887408063 -0.0788589988114854 -0.5000000000000000
-0.5000000000000000 -0.1814272983348884 0.4274207775111050
-0.5000000000000000 -0.2333567364975329 0.3971124738113957
-0.1704129109877890 -0.1212742784546731 -0.5000000000000000
-0.1581971608014913 -0.2645562722563088 -0.5000000000000000
0.1624883647636440 0.4258860961027188 -0.5000000000000000
0.1284474969981451 0.4469760955777206 -0.5000000000000000
0.1226569878872695 0.3870243333754337 -0.5000000000000000
0.0703058423045417 0.4267737380916104 -0.5000000000000000
0.5000000000000000 0.0584939667139102 -0.2193029117588065
0.4158564258670865 -0.0997782633816651 0.5000000000000000
0.3621703826590523 0.0044943896111236 0.5000000000000000
0.5000000000000000 -0.3980389326110850 0.1810189365626318
0.5000000000000000 -0.4890192601501700 0.1919933390644095
0.5000000000000000 -0.4194238125785883 0.1822976266312432
0.2305608066082709 -0.5000000000000000 0.3181860167427087
0.4032460396278457 -0.5000000000000000 0.1458764608146371
0.3380324146447936 -0.5000000000000000 0.2723824467338422
0.5000000000000000 -0.4214228871268239 0.1034691740867164
0.1037358476304490 -0.5000000000000000 -0.2385176868729207
0.2266963421176087 -0.5000000000000000 -0.2021255464100773
-0.5000000000000000 -0.1914349141687654 0.4799542360080947
-0.5000000000000000 -0.1186969405758607 0.4938678432909711
-0.4780414100720386 -0.1767943780610554 0.5000000000000000
-0.2336934141915720 0.4900019887120398 0.5000000000000000
-0.1809366210461056 0.5000000000000000 0.4671578291046269
-0.0127319045460093 0.4098340749805981 0.4929471581612689
0.2286430014025350 0.5000000000000000 0.3205668060778773
0.5000000000000000 0.2736453485115921 -0.3282292719238195
-0.5000000000000000 -0.1931650145560710 0.0429052898430111
-0.5000000000000000 -0.3082438898073918 0.0946101148295876
0.5000000000000000 0.4406675416982213 -0.0479824898321120
0.4204627314215404 0.5000000000000000 -0.1318534664144438
-0.4488506933862758 -0.5000000000000000 0.4369363047445477
-0.4112230541426208 -0.5000000000000000 0.3840463311962410
-0.0598725307836656 0.3348878755581370 0.5000000000000000
-0.2156908039309646 0.4289820289358777 0.5000000000000000
-0.1753858480159074 0.4237550786182534 0.5000000000000000
-0.1545647039205626 0.3804043591902572 0.5000000000000000
-0.5000000000000000 -0.3290872065210412 -0.3261745273370792
-0.5000000000000000 -0.3224471245918773 -0.2025821409146473
-0.5000000000000000 -0.2677010811900469 -0.2874346225419532
-0.5000000000000000 -0.2726996678741787 -0.2684866528478447
0.0660858810390855 0.5000000000000000 -0.0932399062830156
-0.0072246616449783 0.5000000000000000 -0.0322638293881411
0.1270273091216564 0.5000000000000000 -0.1180401082314565
0.0609246361753606 0.5000000000000000 -0.1452206332070251
0.0889945237300936 0.5000000000000000 0.0205176622920196
0.0304853788295027 0.5000000000000000 -0.0811929315491629
0.0909619590242265 0.5000000000000000 -0.0876847738414610
0.4068849352776528 -0.5000000000000000 -0.1152331938706148
0.4817179443792879 -0.5000000000000000 -0.3623366796820173
-0.2965429167455657 0.0988633014584257 0.5000000000000000
-0.2615736916952617 0.0917300211977390 0.5000000000000000
-0.2280066820411747 0.1419171862047209 0.5000000000000000
-0.2866337005093132 0.1016806881751161 0.5000000000000000
-0.0945869182291455 -0.5000000000000000 -0.2517301269623886
0.0114796460861757 -0.5000000000000000 -0.2233349449472656
-0.1301835277341095 -0.5000000000000000 -0.2435029086274758
-0.0763942135870432 -0.5000000000000000 -0.2431411135398771
-0.5000000000000000 -0.4421623388375692 0.3712411924481043
-0.5000000000000000 -0.3477819945327443 0.4480409085963248
-0.3878380646015219 -0.5000000000000000 0.4242911611926666
-0.4729241104762140 -0.3674773681082944 0.5000000000000000
-0.4542125340783703 -0.3347989399857792 0.5000000000000000
-0.5000000000000000 -0.3996311268134876 0.4438581566484717
-0.4684414758067400 -0.5000000000000000 0.4991932984456997
-0.5000000000000000 -0.4069557229448301 0.3396893088012950
-0.5000000000000000 -0.3483340998349899 0.4203602712582054
-0.5000000000000000 -0.3921048314205799 0.3952849074680108
-0.0371861019334966 0.3075614016000432 0.5000000000000000
0.1352874412258662 0.2245328991695570 0.5000000000000000
-0.0110745019350948 0.2240238226713995 0.5000000000000000
0.0463632987934494 0.3781579992776511 0.5000000000000000
-0.0498820187218484 0.2835395087893023 0.5000000000000000
0.1267234820711855 0.2737814316823513 0.5000000000000000
0.5000000000000000 -0.2851635396419481 -0.2169373864800838
0.5000000000000000 -0.2461850184573156 -0.2000157401507303
-0.5000000000000000 -0.3514504594609066 -0.3769812960292148
-0.5000000000000000 -0.4692015089068060 0.3307050970311984
0.2958900933890187 0.1693781711849483 0.5000000000000000
0.2985958243111130 0.1553868827457889 0.5000000000000000
0.2973855725426684 0.1692091133700982 0.5000000000000000
0.2926784244611244 0.1742871167151846 0.5000000000000000
0.2979479091959854 0.1807370892018984 0.5000000000000000
0.1149052767974354 -0.4875273355463136 0.5000000000000000
-0.0759205106075004 -0.4023569809533578 0.5000000000000000
0.1393693084374841 -0.5000000000000000 0.4089267130584971
0.1070910051825062 -0.4295799793931844 0.5000000000000000
0.2221412498806963 -0.5000000000000000 0.3791062731457127
0.1184712491075901 -0.4381888031003460 0.5000000000000000
0.1314921924538292 -0.4572188476270371 0.5000000000000000
0.1520741798856869 -0.4794707686030605 0.5000000000000000
-0.0610943521404224 -0.5000000000000000 0.3144523146109902
-0.3234131349984069 -0.5000000000000000 -0.3341452770019626
-0.5000000000000000 -0.4895354140648788 -0.1263173230727889
-0.0715374095042241 -0.4838178039035255 -0.5000000000000000
-0.1900432958438811 -0.5000000000000000 -0.3600551463533954
0.0701212312695736 -0.4452816406707610 -0.5000000000000000
-0.1563899188054334 -0.4393399838119084 -0.5000000000000000
-0.1757418504696721 -0.5000000000000000 -0.4244523598702220
-0.0410840962848958 -0.3643575685764606 -0.5000000000000000
-0.5000000000000000 -0.0412103483177645 0.0033860335017685
-0.5000000000000000 0.0468009850701601 0.0417157334021400
-0.3410271665403426 0.5000000000000000 0.1388977712584800
-0.3556094227867030 0.5000000000000000 0.2480104338745518
-0.2701938646163751 0.5000000000000000 0.1472608115279729
-0.5000000000000000 0.4715750333610143 -0.0871731146405092
-0.5000000000000000 0.3747236971962672 -0.0798632458458454
-0.5000000000000000 0.4531379553907681 -0.2462112247352692
0.5000000000000000 -0.0346351730289758 0.0527472125737198
0.5000000000000000 -0.1068635420594426 0.1470279062023874
-0.3963207723020226 -0.3982430754558477 -0.5000000000000000
-0.1335058382242505 -0.5000000000000000 -0.2574724964213668
-0.5000000000000000 -0.4801286291024675 -0.1268105990239703
-0.5000000000000000 -0.3413299926016747 0.0693754755455691
-0.1644990341004762 -0.4332144524886422 -0.5000000000000000
-0.1206410932513764 0.0888416556788997 0.5000000000000000
0.2058944561271860 -0.5000000000000000 0.4714637120547239
-0.0797920279166890 -0.4923116020653915 0.3276014685780183
0.4349655737014529 0.3944444730676993 -0.5000000000000000
-0.0198241040769847 -0.0233367288928365 0.5000000000000000
0.0136175904746170 -0.0825283069979096 0.5000000000000000
0.0802145216802963 -0.0258483389060288 0.5000000000000000
0.0189933996635253 -0.0598566614452143 0.5000000000000000
-0.4075865483678142 -0.5000000000000000 -0.2799113924655308
-0.3113209601482491 -0.4944915221221181 0.5000000000000000
-0.0788629883018318 -0.5000000000000000 0.0784969660396574
-0.1318801020040094 -0.5000000000000000 0.1545770483509907
-0.0440386460344011 -0.5000000000000000 0.1040687479298690
-0.0823688366885976 -0.5000000000000000 0.1268081246267692
-0.1331761341229029 -0.5000000000000000 0.1372520685201651
-0.3052246990330493 -0.2191001330767031 0.5000000000000000
-0.3990724750311325 -0.1404219457311702 0.5000000000000000
-0.3871167688031970 -0.2175972277059190 0.5000000000000000
0.3316518579895913 0.1222113990467890 0.5000000000000000
0.1834843348355090 0.1981975897593823 0.5000000000000000
0.0992988392971880 -0.0131131417661896 0.5000000000000000
0.2402545281690175 0.0854986115421455 0.5000000000000000
0.5000000000000000 0.1760013301928905 0.1870054147008992
-0.5000000000000000 -0.3006480624365436 -0.1653025426479992
-0.5000000000000000 -0.2402852565583271 -0.2636315753445513
-0.5000000000000000 -0.2590372588156988 -0.2550874995920315
-0.1749542324936795 0.5000000000000000 0.4083889621361044
-0.2674188839312921 0.3766061096928037 0.5000000000000000
-0.2732121927196636 0.4016120590641412 0.5000000000000000
-0.5000000000000000 0.4102086417421902 0.4941416703152942
-0.2566869035325495 0.4492785377032272 0.5000000000000000
-0.2752491297804100 0.5000000000000000 0.3481469232922482
0.0676540664147448 -0.5000000000000000 0.0818151333793872
0.5000000000000000 0.3094495386770237 -0.3399188935329497
0.5000000000000000 0.3722892748518042 -0.3510578970122119
0.5000000000000000 0.4225949778944512 -0.2844012677793358
0.5000000000000000 0.3719625595881329 -0.3328936518640656
0.5000000000000000 0.2222343760134561 0.3064538611834455
-0.1141323554784607 -0.3937540349795717 0.5000000000000000
-0.1081982110411609 -0.3984440783645014 0.5000000000000000
-0.1036053234659188 -0.3971462999515986 0.5000000000000000
-0.1608350779093675 -0.3653981211168304 0.5000000000000000
-0.0975687338143898 -0.3941236997675807 0.5000000000000000
-0.1070892695685060 0.4839030527381259 -0.5000000000000000
-0.5000000000000000 0.2456828238139816 -0.2376743968664361
-0.5000000000000000 -0.2353382861988352 0.4960580284949203
-0.5000000000000000 -0.3112326489562490 0.4216246147718806
-0.4437806861976380 -0.2212855621172551 0.5000000000000000
-0.5000000000000000 -0.4277693455768647 0.2574020914332723
0.4516021493489120 -0.5000000000000000 -0.4703327930416529
0.4745721463349619 0.0339267045133319 0.5000000000000000
0.4931677612044094 0.0455279030122714 0.5000000000000000
0.2258325928718451 0.0126037985593380 -0.4952744495915372
0.2970927719984680 -0.1152784082755581 -0.5000000000000000
0.0607728233956727 -0.5000000000000000 -0.2138049457556362
0.5000000000000000 0.2113904494750750 -0.2901892746411746
0.5000000000000000 0.1975351712346990 -0.2694150747138728
0.5000000000000000 0.2349606140709624 -0.2960667952539509
0.5000000000000000 0.1939606335994113 -0.2846066178247308
0.5000000000000000 0.2058204523125970 -0.2612028625458488
0.5000000000000000 0.2075383013762411 -0.2710843135310075
0.5000000000000000 0.1889423599578245 -0.3130100730992694
0.5000000000000000 0.2168918080801125 -0.2739937742590385
-0.0970406419137575 0.5000000000000000 0.0193197684247929
-0.2509752979725346 0.5000000000000000 0.2292339933650949
0.4827705810013202 -0.4001620450150604 -0.5000000000000000
0.4898560537103854 -0.4029349197867117 -0.5000000000000000
-0.0855930154744417 0.0200239529480895 0.4923201915770817
-0.0899625378705249 0.0303960964774336 0.5000000000000000
-0.5000000000000000 -0.2622157603157126 -0.2795853662170599
0.0466316098214797 -0.1575026692313576 0.5000000000000000
-0.5000000000000000 -0.3423429601253192 0.1155977990990293
-0.5000000000000000 -0.4155443182116335 0.2772268757067339
0.4129303001013441 -0.2692837051717876 0.5000000000000000
0.3743073605557132 -0.1425505370583694 0.5000000000000000
0.5000000000000000 -0.1182167345185055 0.4130610341627923
0.3555460450304921 -0.1854099936016678 0.5000000000000000
0.4669296213202349 -0.2647794444143036 0.5000000000000000
0.5000000000000000 -0.1392534433807959 0.3147125383531365
0.5000000000000000 -0.1484087112915582 0.4043755834554571
0.5000000000000000 0.4947334263910733 -0.0280921751972095
0.3181939273986196 0.5000000000000000 0.1438857311996130
0.5000000000000000 0.4221238826266461 -0.0477450584428390
0.5000000000000000 0.3603604194621012 -0.0956735192144260
0.5000000000000000 0.4120249470735416 -0.0512957834456881
0.5000000000000000 0.3938995285050030 -0.1630674745997827
0.4948717393203284 0.5000000000000000 -0.1749539767606670
0.5000000000000000 0.4236596012991157 -0.0556901329421446
0.5000000000000000 0.4186368277440075 -0.0476720960373074
-0.5000000000000000 0.1653910876403792 -0.2420134947387178
-0.5000000000000000 0.2825190013368897 -0.3097262304941012
-0.5000000000000000 0.3169296628641125 -0.1876346471701946
-0.5000000000000000 -0.3452788705425332 0.2098538815234634
-0.5000000000000000 0.4445397008284073 0.1334678998695165
-0.5000000000000000 0.4207192080813149 0.2259403233120900
-0.5000000000000000 0.3956044094908864 0.2359772685277789
-0.5000000000000000 0.3628734944288189 0.2831561796049058
-0.5000000000000000 0.3807557786184083 0.2048802559213693
-0.5000000000000000 0.4184133079101447 0.2709597055199422
-0.5000000000000000 0.4311811355513267 0.2463679952462483
0.4082125289956856 0.5000000000000000 -0.1130577769497797
-0.5000000000000000 -0.2516327020511326 -0.0558026952593738
0.1441497200387575 -0.4937237213289619 -0.5000000000000000
0.0917695615846386 -0.4447077230369434 -0.5000000000000000
-0.0242306516117803 -0.3616051604904044 -0.5000000000000000
-0.5000000000000000 -0.3784891756684809 -0.3684950913079093
-0.3325731842647860 -0.5000000000000000 -0.3372609099819938
-0.2304783124879980 -0.4120627382374712 -0.5000000000000000
-0.4773505114882716 -0.5000000000000000 -0.4880239166602144
-0.5000000000000000 -0.3725732368537496 -0.3844347385586361
-0.3598130626180417 -0.3864532292802572 -0.5000000000000000
-0.4306573575482107 -0.2493280381358201 0.5000000000000000
-0.5000000000000000 -0.3111572713415844 0.4888167523286281
-0.5000000000000000 -0.2338704463280653 0.4577188250949625
0.3349993454994827 0.0752556862797474 0.5000000000000000
0.3404932055596637 0.1196854127744612 0.5000000000000000
0.1896389246037725 -0.1050656930000947 0.5000000000000000
0.1897032258693289 -0.1007081044355490 0.5000000000000000
0.2120759058454192 -0.1060050689667958 0.5000000000000000
0.1927614361586857 -0.0883734109917252 0.5000000000000000
0.1967760387378304 -0.1273074219949299 0.5000000000000000
0.1114984752181659 -0.0353960624171819 0.5000000000000000
0.1955554097472059 -0.0625763352496339 0.5000000000000000
0.5000000000000000 0.3642249546060489 -0.3978419485156440
-0.3706235221735925 0.3045122860405249 0.5000000000000000
-0.2401605565702878 0.0715045392752282 -0.5000000000000000
-0.2141054766113659 0.1323791461121311 -0.5000000000000000
-0.2836985787624607 0.0808216940554125 -0.5000000000000000
-0.3544021512587210 0.0427457503536212 -0.5000000000000000
-0.2649171801609329 -0.0397154450911515 -0.5000000000000000
-0.5000000000000000 0.1425755283554899 -0.2764469653438856
-0.5000000000000000 0.2777531806072894 -0.3397832124516646
-0.5000000000000000 0.0540204295709977 -0.3932013042376774
-0.1437034356035066 -0.0802887268963254 -0.5000000000000000
-0.1144891796321540 -0.0691793910051486 -0.5000000000000000
-0.1311050205584761 -0.0516449516844228 -0.5000000000000000
-0.1528668781430557 -0.0723335795529901 -0.5000000000000000
-0.5000000000000000 0.0178907386203868 -0.4102842124434672
-0.1923028501960732 -0.5000000000000000 0.0762849526827483
0.3403826675140614 0.0493698621526514 -0.5000000000000000
-0.2250960092009533 -0.5000000000000000 -0.0135855820788380
-0.0859024601696245 0.4446597572286461 -0.5000000000000000
-0.1405112410724143 0.2060808992953766 -0.5000000000000000
0.0248986978996653 0.3274544126021529 -0.5000000000000000
-0.0456821108330081 0.3658602718383230 -0.5000000000000000
0.0088960050660082 0.4012440141030846 -0.5000000000000000
-0.5000000000000000 -0.3286064334947971 0.0928285370637025
0.0399605008671691 -0.5000000000000000 -0.1357684342903584
-0.0946957200734907 -0.5000000000000000 0.0177402331845692
0.1158027186123518 -0.5000000000000000 -0.1054600325626526
-0.5000000000000000 0.4771889724404065 -0.4143798209387254
-0.4348088187821321 -0.1271812175814491 0.5000000000000000
-0.4093180660064829 -0.2130882364010024 0.5000000000000000
0.4742103358862870 0.0865988398017768 -0.5000000000000000
0.0447433224960222 0.4179427280873417 -0.5000000000000000
0.0470504771218762 0.3869542171336390 -0.5000000000000000
0.5000000000000000 -0.4895870475587436 -0.1674000426770117
0.5000000000000000 -0.1218435175158276 0.1061852806763288
-0.4239864534203705 0.0263889250475777 -0.5000000000000000
-0.4348446929553148 0.5000000000000000 -0.1364596772087959
-0.3959744090612905 0.5000000000000000 -0.0960305462241623
-0.4432177404926841 0.5000000000000000 -0.0946574142955744
-0.5000000000000000 0.3961107025940050 -0.1394100603412205
-0.4592379868429900 0.5000000000000000 -0.0146119570727336
-0.5000000000000000 0.4748343615541175 -0.0052707247403041
-0.3965707934325217 0.5000000000000000 -0.1896898829666223
-0.3392010209137103 0.5000000000000000 -0.1966640475781211
0.0532086664075962 0.5000000000000000 0.0400466270261912
-0.1585686911634516 0.5000000000000000 0.0651823619506661
-0.5000000000000000 0.0262949725017502 -0.2707535512592119
-0.5000000000000000 0.0601268870174918 -0.2862123610776799
-0.5000000000000000 0.0150770676132985 -0.3840311884359314
-0.5000000000000000 -0.0202529292350751 -0.3243018111389914
-0.4527805349698404 0.5000000000000000 -0.3724499603958502
-0.4986518827955363 0.5000000000000000 -0.2802959088203327
0.0677660847048046 -0.1578723646208668 0.5000000000000000
0.1441376124075451 -0.5000000000000000 -0.2074474397770072
0.1459969029736973 -0.4940069394621242 -0.5000000000000000
0.0931382966785274 -0.5000000000000000 -0.2683706623499436
-0.0743700964821232 -0.5000000000000000 -0.1330593907708387
0.1437467279050862 -0.5000000000000000 -0.2655204030177760
0.2784151776058608 -0.4687397810711653 -0.5000000000000000
0.0610099464417493 -0.5000000000000000 -0.1752765869517223
0.3077628858270705 -0.4004493326310574 -0.5000000000000000
0.4821090635394015 -0.2832990147822158 -0.5000000000000000
0.4164583339245226 -0.2444678003514454 -0.5000000000000000
0.3399229533817046 -0.2285962151385635 -0.5000000000000000
0.3405762494597145 -0.2973271791817903 -0.5000000000000000
0.5000000000000000 0.2161975383110437 0.4135259458178154
0.5000000000000000 -0.0319981828080834 -0.0791227707843947
0.5000000000000000 -0.0266931076216225 0.0304959304103594
0.5000000000000000 0.0178304966742125 -0.0075687477404557
-0.1076971432297593 -0.5000000000000000 0.3405420310579498
-0.3565935904168917 -0.5000000000000000 0.3754693685231292
0.3871140738185861 0.4850937466479321 -0.1317468491674076
0.5000000000000000 0.1502699580458119 -0.4523923897498488
0.4598954485108320 0.1705886482510555 -0.5000000000000000
0.4093772149085644 0.2024133758122783 -0.5000000000000000
0.4464208478960034 0.3824145499157915 -0.5000000000000000
-0.5000000000000000 -0.3723671609061287 -0.2208334768851539
-0.5000000000000000 -0.4435824075962368 -0.2644823967886051
0.2869896881088694 0.5000000000000000 0.1986736195319149
0.1317219216578929 0.5000000000000000 0.4304513363452168
0.0779507195854016 0.4789986953669459 0.5000000000000000
0.1900371308415525 0.5000000000000000 0.4596866960554240
0.2243852940930738 0.5000000000000000 0.3952714798306802
0.1031214034508828 0.4642857049310020 0.5000000000000000
0.0922229243064905 0.4285981898311329 0.5000000000000000
0.2910825849651141 0.5000000000000000 0.4497112862758446
0.0682078532905706 -0.1549588903739315 0.5000000000000000
0.5000000000000000 -0.3118129526286241 0.2055527672015240
0.4688729302240697 -0.4841252774973130 -0.5000000000000000
0.2944942943819888 0.5000000000000000 0.1637834661669791
0.2953913583381358 0.5000000000000000 0.1716533947188394
0.3099620536440166 0.5000000000000000 0.1615608071720076
0.4674598769813559 -0.5000000000000000 0.2384867428568941
0.5000000000000000 -0.4936175423997811 0.1210958015202620
-0.1142943427816760 0.5000000000000000 0.3572651642171348
0.3098594673634366 -0.0453671065723542 0.5000000000000000
0.0923633476139123 -0.1542248288569921 0.5000000000000000
0.5000000000000000 0.0860277087256425 -0.2532885279071233
0.5000000000000000 0.0414692077430977 -0.2210254838732535
0.5000000000000000 0.0601302087178647 -0.0977013299039112
0.5000000000000000 0.0504140358599269 -0.3109159622695852
0.5000000000000000 -0.4288844959644442 0.2314520226591202
-0.2258009054383826 -0.5000000000000000 0.0058591592458694
-0.5000000000000000 0.1958140793979981 0.3518812261598694
-0.5000000000000000 0.1950368751558271 0.3558807256486139
-0.5000000000000000 0.1922595201049949 0.3366615696318742
-0.5000000000000000 0.2004293333277651 0.3483161022198839
-0.5000000000000000 0.2126556518108962 0.3533550415614238
-0.5000000000000000 0.1910625905324774 0.3549400683139335
-0.5000000000000000 0.1911259257750491 0.3606502978024417
0.3522864983136044 0.3606279989801821 0.5000000000000000
0.5000000000000000 0.3037763867596734 0.3312868635937068
0.5000000000000000 0.2997573576917250 0.1843067950403298
0.1882891333985974 0.2235620654930752 0.5000000000000000
0.1356020636112630 0.3915792718037838 0.5000000000000000
0.2254017452395230 0.2769106890786872 0.5000000000000000
0.3440680035795428 -0.5000000000000000 -0.0376199830840062
0.2448285473634907 -0.5000000000000000 0.0540308619885076
-0.2592460029536084 0.3578345658458089 0.5000000000000000
-0.2692426924820824 0.3539693391224398 0.5000000000000000
-0.2579385708418103 0.3631508359845559 0.5000000000000000
-0.3290749161692791 -0.1252022301412650 -0.5000000000000000
-0.2777261111962095 -0.1842528571689362 -0.5000000000000000
0.4807816465548151 -0.2714996419291742 -0.5000000000000000
0.5000000000000000 -0.0501338630757123 0.3982431942355982
0.5000000000000000 0.0626379143196186 0.3017747082167417
0.5000000000000000 -0.0646673385108505 0.3336836779088795
0.5000000000000000 0.2570083074767935 -0.2806987444630349
0.5000000000000000 0.3447092857161334 -0.2798804059560136
0.4548006561143634 0.3920602427632189 -0.5000000000000000
0.2489657201785868 0.0185249038922635 -0.5000000000000000
-0.3327506404565416 -0.5000000000000000 -0.3314011522665584
-0.2898487987145371 -0.5000000000000000 -0.3157261088650801
-0.3208714932649178 -0.5000000000000000 -0.3316135166660982
-0.5000000000000000 -0.3444827847566237 -0.1113936742310024
-0.5000000000000000 -0.3273250672768645 -0.1669633232537040
-0.5000000000000000 -0.4509728969538510 -0.1347037626718682
-0.5000000000000000 -0.3802950405704970 -0.1366353166444981
-0.5000000000000000 -0.3355123522625038 0.0336865419907156
-0.5000000000000000 -0.3396903327135621 -0.1764689487822176
-0.5000000000000000 -0.3609673298990353 -0.1571263387535583
-0.5000000000000000 0.3451365309117861 -0.1320251851399232
-0.5000000000000000 0.2274409631225000 -0.0457497279374167
-0.0345224900889765 -0.5000000000000000 0.3366056543319751
0.1415380168927830 -0.4979316490477804 0.2108216058301985
0.1577907286596552 -0.5000000000000000 0.3631765664605083
0.2049673229706930 -0.5000000000000000 0.4155414442801469
0.3201908468879640 0.0608296414884795 -0.5000000000000000
0.3077115624840000 0.0804822377249070 -0.5000000000000000
0.3966391139842935 0.0656727458816604 -0.5000000000000000
0.3200713131422365 0.1118904015839107 -0.5000000000000000
0.3365362204373077 -0.0122277665513767 -0.5000000000000000
0.2212589503490463 -0.0718633587108964 -0.5000000000000000
-0.0618697084636544 -0.0129507620173684 -0.5000000000000000
-0.0625501471356328 0.5000000000000000 0.3033118920099464
-0.2297946438353541 0.4517822279882144 0.5000000000000000
-0.2362681971009606 0.5000000000000000 0.3268224454863034
-0.1542018625013086 -0.4151790245679916 -0.5000000000000000
-0.0516322736931553 -0.3505247562837019 -0.5000000000000000
-0.5000000000000000 0.2234014816530936 -0.0452585346198904
-0.0192334357473357 0.4319609854338229 0.5000000000000000
-0.0299462378027651 0.4115027545925479 0.5000000000000000
-0.5000000000000000 -0.4868195217356633 -0.1376332832193570
-0.1721917994433878 -0.4398085468964887 -0.5000000000000000
0.0567670602062735 0.5000000000000000 0.2342716304012160
0.1076426818654690 -0.0159021722683415 0.5000000000000000
0.2654819933541497 0.0426923060259863 0.5000000000000000
0.5000000000000000 -0.0001275842772892 0.2377653533843153
0.5000000000000000 0.0444082665951108 0.3646399603994546
0.3778027360604416 -0.5000000000000000 -0.0814386142973255
0.1381738359201130 0.0260793654735832 -0.5000000000000000
0.2409954246592678 0.5000000000000000 -0.1392231733361292
0.4284899421370688 0.5000000000000000 -0.2963524638447873
0.4838338633305921 0.5000000000000000 -0.2902841437033433
0.4521696100289386 0.3981399783717246 -0.5000000000000000
-0.0087556073224396 -0.3388214868967546 -0.5000000000000000
0.1321895090783566 -0.2432008282214055 -0.5000000000000000
0.3541742474318056 0.3035068878193877 0.5000000000000000
0.5000000000000000 0.1999149006044270 -0.0003746554904857
0.5000000000000000 0.3499135813527999 0.0932492525401416
0.5000000000000000 0.2129650909794816 0.1495693510905486
0.5000000000000000 0.1251669328532649 -0.1798235454296273
0.5000000000000000 0.2762039175364699 0.1247607940145399
0.5000000000000000 0.2163487899734393 -0.1831595395523787
0.5000000000000000 0.0878964500589557 -0.0336083365366718
0.1532047116856887 0.1991147629977582 0.5000000000000000
-0.0089153153087090 0.1350639488303587 0.5000000000000000
0.0871585476733951 -0.0137913375491112 0.5000000000000000
0.1347074130743697 0.0836927837702670 0.5000000000000000
0.1441490721942496 -0.4941211610273303 -0.5000000000000000
-0.5000000000000000 -0.4934238796358518 -0.1162506216523503
-0.1552950312754322 -0.5000000000000000 -0.2300717413731861
-0.1399010120238055 -0.5000000000000000 -0.2625588853276716
0.0910725056411627 -0.4491543988186287 -0.5000000000000000
-0.1396569241485457 -0.5000000000000000 -0.2956145299337695
-0.1694622929892926 -0.5000000000000000 -0.1875694649072502
0.3382506553542549 -0.5000000000000000 -0.0824387461152882
0.3622485124265380 -0.5000000000000000 -0.0294920208128781
0.3920714231760086 -0.5000000000000000 -0.0816376506245856
-0.0651327927967844 -0.0089733114929128 -0.5000000000000000
-0.5000000000000000 0.4733018237249637 -0.3670063530293142
-0.2598775127016006 0.3938017779902045 -0.5000000000000000
-0.5000000000000000 0.4923053545506934 -0.3669068755593278
-0.3949211466641679 0.5000000000000000 -0.4171726548509659
-0.3817673845350958 0.4681420782936414 -0.5000000000000000
-0.4359881511331679 0.5000000000000000 -0.4185672489752460
-0.3858939488150199 0.5000000000000000 -0.4245954488691298
-0.1067503988875970 0.0098669361098782 0.5000000000000000
-0.2049976036882862 0.1531568149099023 -0.5000000000000000
0.5000000000000000 0.2994893989042320 0.1564448478597102
0.1606774925319073 0.2227403667424313 0.5000000000000000
0.0785136646707865 0.4032639437571781 0.5000000000000000
0.1745781547570101 0.2795891004616005 0.5000000000000000
0.1432653589173339 -0.4937744402396769 -0.5000000000000000
-0.5000000000000000 -0.4902371954946088 -0.1212303167331204
0.0809161495310083 -0.4456120547755493 -0.5000000000000000
-0.1597891933312865 -0.5000000000000000 -0.3991062296941807
-0.0336387513663668 -0.3628515899095005 -0.5000000000000000
-0.0351420110922074 -0.5000000000000000 0.2470069773675519
-0.1851208897263392 -0.4974867800925470 0.5000000000000000
-0.0654028662536169 -0.5000000000000000 0.3127206840000242
-0.0851703179442433 0.5000000000000000 -0.4434141181994228
-0.1554868996592268 0.4189041656465971 -0.5000000000000000
-0.1003038766440347 0.5000000000000000 -0.4663217721663809
-0.1902489286637343 0.5000000000000000 -0.4531200918611979
-0.0481372496942642 0.4665426544536522 -0.5000000000000000
-0.1411556019890547 0.5000000000000000 -0.4365874157648569
-0.1791439299589683 0.5000000000000000 -0.4599563159995835
0.0798080662542035 -0.1691241761624617 0.5000000000000000
0.3831473941785433 -0.5000000000000000 -0.3223356266490347
0.2441103076169084 -0.5000000000000000 -0.1763632157267899
0.5000000000000000 0.0718435787502195 -0.3276641260547566
0.5000000000000000 0.0588239846124636 -0.4308529605358083
0.5000000000000000 0.0363068299450266 -0.3888691426257853
0.0345469652687245 0.4099350898483005 -0.5000000000000000
-0.0317630697761837 0.1446730835252902 -0.5000000000000000
-0.0623181860725118 -0.0014662812055825 -0.5000000000000000
0.0156016218044962 0.0455983317868185 -0.5000000000000000
0.5000000000000000 -0.4786274228370709 -0.4039679835511748
0.5000000000000000 -0.4667115413808010 -0.4500813339803896
0.4791879606642588 -0.5000000000000000 -0.4495211872985525
0.4254312030962826 -0.5000000000000000 -0.4021515509267297
0.4499481935219422 -0.5000000000000000 -0.4056777546128618
0.4259364810281286 -0.4691070096164743 -0.5000000000000000
0.4902406994790774 -0.5000000000000000 -0.4471954564935020
0.4581968483164179 -0.1417972144402987 -0.5000000000000000
0.4181472749887832 -0.2055360071466235 -0.5000000000000000
0.3520564252615597 -0.1796861260097403 -0.5000000000000000
-0.3599622973051867 0.5000000000000000 -0.0549588234757225
-0.4815876211101395 0.5000000000000000 0.1633965180747614
-0.1283139325438220 0.2826475741703635 0.5000000000000000
-0.3215648164174427 0.5000000000000000 -0.1400775673226347
-0.4888405359339384 0.1809833402908847 0.5000000000000000
0.5000000000000000 0.1410287049546227 -0.2209342396642077
0.5000000000000000 0.2137825724064674 -0.2017686110678977
0.5000000000000000 0.1074746891564729 -0.0936221982362048
0.0413488965387668 -0.0984346787874674 -0.5000000000000000
-0.0587073417570952 -0.0166532035782678 -0.5000000000000000
0.0835117213252362 -0.0745485672367456 -0.5000000000000000
-0.0188860507573045 -0.3132193062020485 -0.5000000000000000
0.1007427392491984 -0.1487033312992048 -0.5000000000000000
0.2664331925249886 0.1837368930619853 -0.5000000000000000
0.1622752288223970 0.2384651993316625 -0.5000000000000000
0.2137212657444209 0.1369234125534586 -0.5000000000000000
0.0896004913715569 0.1903444337611347 -0.5000000000000000
0.1521110530246497 0.1980419787664125 -0.5000000000000000
0.1503358235515258 0.0716205309248958 -0.5000000000000000
0.2559716157243128 -0.5000000000000000 0.4697104663243463
-0.1727686752582932 -0.0378576512110748 0.5000000000000000
0.5000000000000000 0.2473259482504145 0.3554746504128784
0.5000000000000000 0.0965961803814601 -0.4127508633100850
-0.0684861742965203 -0.0068801040756304 -0.5000000000000000
-0.3111920386513567 0.1405027075086924 -0.5000000000000000
-0.1672133241711248 0.5000000000000000 -0.3701598672534243
-0.4903446898482282 0.1785572029587188 0.5000000000000000
0.1446653338598871 -0.4934664071028995 -0.5000000000000000
0.1445563281318480 -0.4885740856534630 -0.5000000000000000
0.5000000000000000 0.4047713037667253 0.1126514206247941
0.1029883014833103 -0.3716263161429531 0.5000000000000000
0.0697974090738464 -0.1869907590518886 0.5000000000000000
0.5000000000000000 0.0109619107689202 0.0804465735433538
0.5000000000000000 0.0711701577326113 0.1184089979786388
0.0950616334066899 -0.0158694577555606 0.5000000000000000
0.5000000000000000 0.0561574571717627 0.1610238857099884
0.5000000000000000 0.1700495900112314 0.1810394258389852
-0.0457698610180745 0.5000000000000000 -0.3992483598038749
-0.0297395722284699 0.4962216264741652 -0.3097809107561839
-0.0190741111173226 0.5000000000000000 -0.4252031196995236
-0.5000000000000000 -0.2109692309116614 -0.2549767624079095
0.1590284979029530 -0.3249748841645811 -0.5000000000000000
-0.0026910425189504 0.5000000000000000 -0.2178087750358371
0.3138963606558713 0.5000000000000000 -0.1211007430824159
0.3913519074900588 0.5000000000000000 -0.1496687452243515
0.5000000000000000 0.3843082928564766 -0.2474974941050214
0.4129684099986851 0.5000000000000000 -0.1636575571448983
0.5000000000000000 0.4877085232760747 -0.2148455859045280
-0.5000000000000000 -0.4797771086539541 -0.0734734787912865
-0.5000000000000000 0.3436018221820761 -0.2439963255089408
-0.5000000000000000 0.4223307386631409 -0.2370570466006873
-0.5000000000000000 0.3453601638546534 -0.1758720879822166
0.5000000000000000 0.3212270216544774 0.1410199552991080
0.5000000000000000 0.4064781202656961 0.0797430248089023
0.4919661823254334 0.1055824855110306 0.2708880568944024
-0.5000000000000000 -0.3616181174190770 0.0879689546615064
-0.5000000000000000 -0.4153805609861813 0.1162151811288192
-0.5000000000000000 -0.4243676814331177 0.2046144244408879
-0.4337248985867084 -0.5000000000000000 0.0707306609947540
-0.2979085208118569 -0.5000000000000000 -0.0278330308483006
-0.0153207566578910 0.5000000000000000 0.2813557490831918
-0.1412979000597604 0.3187448641039395 0.5000000000000000
-0.4854817888821210 0.4515754808347935 -0.2784343921773463
0.5000000000000000 0.0889951309204149 -0.4815925936394549
-0.1931984207295237 0.2757675793205384 -0.5000000000000000
-0.2078130396233457 0.3468257162401306 -0.5000000000000000
-0.2531311134894471 0.3513036899152219 -0.5000000000000000
-0.1853327912970554 0.3726236987337445 -0.5000000000000000
-0.2346798677153116 0.3764432806175584 -0.5000000000000000
-0.2228530185612985 0.3596681992395858 -0.5000000000000000
-0.1171672422168014 0.3901305886856444 -0.5000000000000000
0.0808734508256756 0.5000000000000000 0.0902100684385206
0.2445251332391025 0.5000000000000000 -0.1068995015285676
0.5000000000000000 0.2728019795713219 -0.1957664263426443
0.5000000000000000 0.3766701328397544 -0.2440684410014013
0.4326316332397143 -0.5000000000000000 -0.0053665382347727
0.0167544677281965 -0.5000000000000000 0.1104050370829106
-0.2631953108363330 -0.2043240743048195 0.5000000000000000
-0.3486382717721881 -0.1149324473758290 0.5000000000000000
-0.0146438125015355 0.5000000000000000 -0.3199563663579428
-0.1093246380000417 0.1866121520825794 -0.5000000000000000
-0.1915020186748732 0.1928417878673933 -0.5000000000000000
-0.2833005374843546 0.1603436990594424 -0.5000000000000000
0.4655276383704728 0.1038349156946906 -0.5000000000000000
0.5000000000000000 -0.0666805943950492 -0.2825582242188625
0.5000000000000000 0.0142221555476916 -0.0847572094764387
0.5000000000000000 -0.1184593454867708 -0.1490843534480885
-0.3826102367048300 -0.1236965535195610 -0.5000000000000000
-0.5000000000000000 -0.2085667994545412 -0.4018806513252179
-0.5000000000000000 -0.1031915994656643 -0.3495496226539738
-0.3372155296591246 -0.2120893881749769 -0.5000000000000000
-0.5000000000000000 -0.3339188017477522 0.0908061861220126
0.0903094357945715 -0.4322931056711766 -0.5000000000000000
-0.0249432395761737 -0.3506337726231993 -0.5000000000000000
-0.4051849549304916 -0.0925433307764699 0.5000000000000000
0.5000000000000000 -0.0194985193147716 0.0313941777751338
0.5000000000000000 -0.0299802287859505 0.0658762467443820
-0.5000000000000000 0.1123264024219041 -0.2366959616924057
-0.4992146189653436 0.2077153539473179 -0.1890209958731873
-0.3882130973627477 0.1916997144484619 -0.5000000000000000
-0.3338717950381583 0.1496504791519462 -0.5000000000000000
0.1287104992681659 0.5000000000000000 0.0063290332721701
0.2080543876224064 0.5000000000000000 -0.0949029526576170
0.2169274024225580 0.5000000000000000 -0.1149910387143290
0.2384713949093080 0.5000000000000000 -0.1323136163743890
0.4358042405008624 0.1272722886285680 -0.5000000000000000
0.2991625985352681 0.2150864623321322 -0.5000000000000000
-0.4269690014217415 -0.3470785109825449 0.5000000000000000
-0.3199801027027842 -0.4695800114203990 0.5000000000000000
0.5000000000000000 -0.1809469876767661 -0.1673783538091019
0.5000000000000000 0.2686034987410492 0.1621033667687149
0.5000000000000000 0.2849107420738897 0.1885203557693157
0.5000000000000000 0.2944067320131786 0.1492108096706376
0.5000000000000000 -0.1532264280496700 0.1214428346835289
0.5000000000000000 -0.4792509419928252 -0.0592331697518655
-0.2191044143005471 -0.1107234577442058 0.5000000000000000
-0.3127793755445352 -0.2328501395904985 0.5000000000000000
0.2741817850439046 -0.5000000000000000 0.3155914643764419
0.2579141794668429 -0.5000000000000000 0.3983446833217164
0.0902532220538949 -0.3135558311938422 -0.5000000000000000
0.5000000000000000 -0.1201023926830457 -0.4631423879461793
0.5000000000000000 -0.1070991658333865 -0.3489979292383844
0.5000000000000000 -0.0452699265243309 -0.3546418354837229
0.5000000000000000 -0.1238176850420013 -0.3731887321217886
0.5000000000000000 -0.0843010594083589 -0.2929276440686258
0.5000000000000000 0.2387967979540145 -0.2009937892372835
0.5000000000000000 0.2386746848685915 -0.2195286997657911
0.0980069825131778 -0.4411272862929069 -0.5000000000000000
-0.1874499235319238 -0.5000000000000000 -0.1018241995041053
0.1748077888562077 0.2070477833140464 0.5000000000000000
0.1974046710778783 0.2129992417955733 0.5000000000000000
0.1546034219363136 0.2134908065051410 0.5000000000000000
-0.2898068310862997 -0.4943770326296250 0.4686324844854787
-0.5000000000000000 0.2901909191707827 0.3512718215988834
0.0138422253150453 0.4633532183152040 -0.5000000000000000
-0.0963567156673690 0.5000000000000000 -0.3930770892333850
-0.5000000000000000 0.4615398381540674 -0.2827208263946524
0.4159683961423385 -0.1323853576351699 -0.5000000000000000
-0.1539106401662420 -0.0287981968672636 0.5000000000000000
-0.2518853628277696 -0.0531196094048098 0.5000000000000000
-0.1514973919137060 0.0080120652555843 0.5000000000000000
-0.4144765435070896 -0.3110110844023128 0.5000000000000000
-0.3554964979390411 -0.2576037533678070 0.5000000000000000
-0.3877728882078713 -0.2298488009615793 0.5000000000000000
0.1067928970653975 -0.4021376955138761 -0.5000000000000000
-0.5000000000000000 0.2187456693529478 -0.0484816718247183
-0.5000000000000000 0.2032417479587504 -0.0521732231809188
-0.5000000000000000 0.2226281058523854 -0.0474945359083855
-0.5000000000000000 0.2207045033400771 -0.0377858043373082
-0.5000000000000000 0.2105197820602817 -0.1611762052273137
-0.5000000000000000 0.2242014973921534 -0.0398139133140212
-0.5000000000000000 0.2453399937044165 -0.0724020679532228
-0.5000000000000000 0.1790017300513884 -0.0228387271740540
0.5000000000000000 -0.1533898254808342 0.1557459220677080
0.2044981358377210 0.2512228543347893 -0.5000000000000000
0.4065284043438347 0.3643376847123605 -0.5000000000000000
-0.3899594972510317 -0.4661653358098504 0.5000000000000000
-0.5000000000000000 -0.3777665938517433 0.4170236216880769
-0.4945350025582090 0.1790311116908325 0.5000000000000000
-0.5000000000000000 0.3460709576830954 -0.2940555592007273
-0.3882501106468173 0.1918331913549862 -0.5000000000000000
-0.2641643615341672 0.2432765468364860 -0.5000000000000000
-0.3863061487696539 0.4156310426371015 -0.5000000000000000
0.0010330371101719 0.2289469906459670 -0.5000000000000000
-0.3089466612350136 -0.5000000000000000 0.4862116533251548
-0.5000000000000000 0.4428813401291477 -0.2582442406511506
0.3232557273642476 0.2364136868559653 0.5000000000000000
-0.5000000000000000 0.1538955211786165 0.1893029752766806
-0.5000000000000000 0.1948390201344083 0.2091683956048148
-0.5000000000000000 0.1763605911281081 0.1122995855116023
-0.5000000000000000 0.1134312022663093 0.1195007225716637
-0.5000000000000000 0.0839094436912989 0.2338183433981804
0.2627971092962819 -0.5000000000000000 -0.2339065642286992
0.1596336270033743 -0.5000000000000000 -0.1398210894880388
0.0284578270790355 0.2526669337630800 -0.5000000000000000
-0.0179100655960224 0.2739938818180425 -0.5000000000000000
0.5000000000000000 0.0468871472752776 -0.0065205528183984
0.3167656644600875 -0.1581856288226560 -0.5000000000000000
0.2844410706481912 -0.1434167837921097 -0.5000000000000000
0.3317870212152738 -0.1214844826057482 -0.5000000000000000
-0.3109501050114634 -0.5000000000000000 0.4785856207190570
-0.2900275199404690 -0.4950350769795052 0.5000000000000000
0.5000000000000000 -0.4573441215458733 0.2625294248088506
0.2088819901100922 -0.4820261727219551 0.5000000000000000
0.2940675639237669 -0.3830407316222962 0.5000000000000000
0.2191676664374263 -0.5000000000000000 0.4905299763092148
-0.4332167879895654 -0.0950674925538820 0.5000000000000000
-0.5000000000000000 -0.3957560085850348 0.3090993461778831
-0.5000000000000000 -0.4138733594278965 0.2999716879430618
-0.4102956156513927 -0.0321677099707130 -0.5000000000000000
-0.3162340988553307 -0.0931721768313734 -0.5000000000000000
-0.0713332526555398 0.1599687912429194 0.5000000000000000
-0.0787289549519715 0.0985440898235601 0.5000000000000000
-0.5000000000000000 0.3998591101265263 0.4800626673368223
-0.4932454769151960 0.1850580421403056 0.5000000000000000
-0.3071115768707060 0.5000000000000000 0.3143107083441271
-0.5000000000000000 -0.3112793807370101 0.3858057580056919
0.5000000000000000 0.0941886018441511 0.2534514393024656
-0.5000000000000000 0.3713093334985595 0.4406180835675412
-0.5000000000000000 0.4054650543490782 0.4709990378444839
-0.5000000000000000 0.2785077087483341 0.3290203968919708
-0.4989697181140234 0.1824333330041614 0.5000000000000000
-0.4186625097246397 0.5000000000000000 -0.3518100883612917
-0.5000000000000000 -0.2358319010435270 -0.3412503910612670
-0.1711462518617586 0.5000000000000000 -0.3704017697693280
-0.5000000000000000 0.2594794262634272 0.1802138826924410
-0.5000000000000000 0.2351319732495522 0.0824192546957096
-0.4140483149425048 0.0462621599488304 -0.5000000000000000
-0.1316260773316769 0.2278135822672533 0.5000000000000000
0.0982115694642452 0.4907964172645725 0.0504670149695575
0.2010398671765645 -0.0886252669288350 -0.4969153655279540
0.1998201442878350 -0.2682103170926328 -0.5000000000000000
0.5000000000000000 0.1352741064113502 0.0938774353451285
0.5000000000000000 0.3712860562061449 -0.2495017703754211
0.5000000000000000 0.3688218792802855 -0.2558192925062165
0.5000000000000000 0.3713982788691730 -0.2633810273743439
0.0951593975660195 -0.0193498780459240 0.5000000000000000
0.0825285766064591 -0.0599932559506018 0.5000000000000000
0.0916106347312697 -0.0208245638900353 0.5000000000000000
0.5000000000000000 -0.1529161489222953 -0.2301840498006754
-0.5000000000000000 -0.0035304349303677 -0.3910069508161430
-0.4286749880211385 -0.0136727802648398 -0.5000000000000000
-0.5000000000000000 0.0049963378200014 -0.4250106818843593
-0.3602745435690201 0.1189412648224066 -0.5000000000000000
0.0720911481368613 0.5000000000000000 0.0693646249064103
-0.4917935166945209 0.1766293594032093 0.5000000000000000
-0.5000000000000000 -0.1670785779847355 -0.4401839739356556
-0.5000000000000000 -0.0381598081774970 -0.3618343404650809
-0.5000000000000000 -0.3644032373317735 0.3491909384940098
0.5000000000000000 -0.0396425697317572 0.1633828121548243
0.5000000000000000 -0.0849786845545120 0.1576566253744371
-0.3139550953233123 0.5000000000000000 0.3075289928797619
-0.3183336991580057 0.5000000000000000 -0.3419147409348470
0.0198389179805083 0.4441691454992393 -0.5000000000000000
-0.4935444513317094 0.0969128641822142 0.0165965099618108
0.5000000000000000 -0.4560957620729170 -0.0569889026474435
-0.0206746860116571 0.5000000000000000 0.1277707368447774
-0.2775033196717906 0.5000000000000000 0.2316057396774967
-0.2093778463687933 0.1528373728503466 0.4972704985758208
0.0123138305180620 -0.3379041642908920 -0.5000000000000000
0.5000000000000000 0.1806791731841765 0.1819560187821362
0.5000000000000000 -0.1651486146181866 -0.2657549667387398
0.1438851688631109 -0.2712631680710139 -0.5000000000000000
-0.4096660033566900 -0.5000000000000000 0.3342696257707790
0.5000000000000000 0.1812924329822195 0.1866412412669407
0.2383061122863809 0.2529556321909881 0.5000000000000000
0.5000000000000000 -0.1374083310427203 -0.1557613356025885
-0.1439192611597349 0.0571710046708315 0.5000000000000000
-0.2750548387282926 -0.1269295592236181 -0.5000000000000000
0.1884905481664929 -0.3204233256942011 -0.5000000000000000
240 5
241 7
242 103
243 108
0 5
0 7
0 29
0 244
0 245
0 84
0 246
0 103
0 247
0 135
0 248
0 159
0 249
0 250
1 14
1 20
1 251
1 55
1 252
1 91
1 253
1 110
1 150
1 157
1 189
1 254
1 198
1 255
1 218
1 228
1 233
1 256
257 33
258 197
259 58
260 213
261 50
262 58
263 63
264 129
265 163
266 173
267 213
268 226
269 231
270 134
271 137
2 16
2 23
2 39
2 272
2 57
2 273
2 105
2 109
2 114
2 124
2 132
2 133
2 147
2 151
2 274
2 230
275 12
276 31
277 48
278 183
3 279
3 72
3 78
3 82
3 280
3 92
3 107
3 281
3 282
3 283
3 223
3 284
3 239
4 285
4 23
4 26
4 39
4 60
4 67
4 286
4 287
4 288
4 105
4 289
4 124
4 133
4 290
4 291
4 292
4 230
5 7
5 293
5 294
5 295
5 103
5 296
5 108
5 135
5 159
5 297
5 298
299 207
300 230
301 172
302 207
6 77
6 303
6 304
6 305
6 165
6 172
6 181
6 187
6 1222
6 306
6 152
6 307
6 211
6 308
309 1256
7 310
7 311
7 312
7 108
7 313
7 159
7 314
7 315
8 316
8 317
8 318
8 319
8 320
8 321
8 322
8 323
8 324
8 86
8 325
8 326
8 169
8 327
8 204
8 328
8 329
9 42
9 46
9 71
9 330
9 820
9 150
9 331
9 174
9 332
9 196
9 212
333 32
334 201
335 97
336 113
337 211
10 45
10 48
10 54
10 70
10 80
10 24
10 117
10 131
10 185
10 188
10 191
10 199
10 200
10 205
10 219
338 230
339 67
340 133
341 33
342 88
343 182
344 186
345 212
346 108
347 159
348 224
11 24
11 30
11 44
11 45
11 70
11 91
11 125
11 143
11 145
11 153
11 168
11 171
11 185
11 193
11 206
11 218
11 221
11 222
11 233
349 33
350 64
351 197
352 55
12 353
12 40
12 48
12 54
12 354
12 355
12 70
12 122
12 158
12 356
12 1162
12 357
12 358
12 359
360 74
361 154
362 1178
363 224
364 21
365 99
13 18
13 25
13 44
13 49
13 51
13 90
13 91
13 94
13 805
13 128
13 141
13 167
13 168
13 175
13 189
13 190
13 195
13 203
13 227
13 236
14 20
14 35
14 67
14 91
14 366
14 110
14 189
14 190
14 191
14 367
14 368
14 369
14 217
14 218
14 370
14 371
372 169
373 19
374 76
375 129
376 755
377 1020
378 163
379 57
380 230
15 34
15 42
15 68
15 71
15 101
15 120
15 126
15 154
15 381
15 194
15 382
15 383
15 208
15 384
15 232
385 55
386 61
387 95
388 755
389 623
390 184
391 1256
392 210
393 239
16 18
16 47
16 67
16 80
16 805
16 114
16 121
16 132
16 139
16 147
16 394
16 203
16 1334
16 395
396 64
397 755
398 129
399 163
401 50
402 129
403 213
404 83
17 102
17 111
17 122
17 405
17 406
18 67
18 80
18 90
18 91
18 805
18 114
18 121
18 132
18 190
18 191
18 203
18 1334
18 1358
18 217
18 225
407 98
408 140
19 41
19 53
19 76
19 409
19 129
19 410
19 411
19 160
19 163
19 412
19 192
19 413
20 22
20 35
20 414
20 56
20 415
20 87
20 110
20 128
20 189
20 190
20 416
20 198
20 417
20 418
419 230
420 140
21 25
21 50
21 51
21 53
21 421
21 89
21 98
21 99
21 422
21 140
21 192
21 423
21 238
21 424
22 35
22 56
22 59
22 73
22 81
22 87
22 94
22 110
22 128
22 155
22 167
22 177
22 189
22 210
22 234
23 39
23 57
23 60
23 425
23 426
23 105
23 109
23 112
23 116
23 124
23 427
23 169
23 204
23 428
23 230
429 67
430 133
431 172
432 180
24 43
24 45
24 70
24 90
24 91
24 100
24 102
24 121
24 168
24 171
24 179
24 183
24 185
24 217
24 222
433 102
434 179
25 435
25 49
25 50
25 51
25 436
25 63
25 99
25 437
25 128
25 141
25 167
25 175
25 438
25 203
25 439
25 226
25 236
26 440
26 35
26 39
26 60
26 67
26 81
26 441
26 105
26 114
26 442
26 124
26 190
26 214
443 34
444 96
445 101
446 173
447 226
448 139
449 151
450 165
451 83
27 43
27 138
27 452
27 179
453 84
454 159
28 455
28 40
28 456
28 457
28 79
28 142
28 458
28 152
28 188
28 1162
28 459
28 460
28 215
28 219
461 50
462 140
463 86
464 118
29 37
29 465
29 466
29 84
29 467
29 468
29 469
29 119
29 947
29 159
29 470
29 164
29 471
29 472
29 1333
473 148
474 183
30 475
30 84
30 104
30 119
30 125
30 126
30 143
30 146
30 159
30 164
30 171
30 476
30 477
30 193
30 206
30 220
30 221
30 229
478 174
479 210
480 97
481 174
482 77
483 134
484 187
485 1186
486 211
31 48
31 487
31 80
31 488
31 489
31 139
31 148
31 158
31 490
31 183
31 188
31 491
31 200
31 237
32 492
32 55
32 75
32 493
32 494
32 143
32 145
32 162
32 495
32 201
32 496
32 497
33 498
33 58
33 64
33 83
33 499
33 88
33 500
33 501
33 502
33 503
33 504
33 505
33 182
33 506
33 186
33 197
33 507
508 75
509 35
510 60
34 68
34 96
34 101
34 130
34 512
34 513
34 226
34 232
514 57
515 86
516 112
517 116
518 118
519 169
520 204
521 152
522 178
400 523
400 129
400 213
35 56
35 524
35 59
35 60
35 67
35 525
35 81
35 511
35 526
35 527
35 128
35 528
35 529
35 190
35 530
35 531
35 214
35 532
533 57
534 86
535 116
36 65
36 76
36 95
36 144
36 155
36 166
36 167
36 177
36 236
36 239
37 536
37 537
37 62
37 103
37 538
37 539
37 115
37 662
37 119
37 540
37 135
37 541
37 162
37 542
37 543
38 93
38 105
38 116
38 123
38 147
38 156
38 170
38 544
39 67
39 545
39 114
39 546
39 124
39 132
39 133
39 230
547 84
548 125
549 159
550 164
551 78
552 112
553 127
554 136
555 161
40 556
40 557
40 558
40 79
40 559
40 158
40 1162
40 215
40 219
560 57
561 116
562 123
563 147
564 238
565 58
566 96
567 173
568 182
569 97
570 113
571 142
572 191
573 202
574 205
41 53
41 65
41 72
41 76
41 92
41 575
41 107
41 160
41 576
41 192
41 239
42 71
42 577
42 104
42 126
42 820
42 149
42 157
42 193
42 194
42 196
42 578
42 579
42 228
42 232
43 580
43 90
43 100
43 102
43 805
43 581
43 138
43 141
43 175
43 582
43 179
43 195
43 227
583 75
584 115
585 1333
44 49
44 91
44 100
44 106
44 125
44 130
44 149
44 150
44 153
44 157
44 168
44 171
44 189
44 193
44 196
44 233
586 75
45 70
45 79
45 24
45 115
45 131
45 143
45 145
45 153
45 162
45 185
45 199
45 201
45 202
45 209
45 1333
45 219
45 221
45 222
46 587
46 588
46 589
46 95
46 144
46 150
46 590
46 591
46 166
46 173
46 623
46 174
46 186
46 196
46 212
46 231
47 80
47 117
47 121
47 132
47 133
47 139
47 148
47 151
47 165
47 172
47 180
47 181
47 188
47 191
47 592
47 1222
47 1358
48 54
48 593
48 80
48 148
48 158
48 594
48 183
48 188
48 200
48 219
48 595
596 187
597 142
598 152
599 1162
49 100
49 101
49 106
49 130
49 138
49 149
49 600
49 168
49 175
49 189
49 226
49 227
49 601
49 236
50 51
50 602
50 603
50 63
50 65
50 76
50 604
50 89
50 605
50 606
50 129
50 140
50 607
50 160
50 163
50 192
50 213
50 226
50 236
608 83
609 182
51 65
51 89
51 99
51 141
51 167
51 203
51 236
610 110
611 150
612 157
613 174
614 196
615 198
616 228
617 233
52 81
52 89
52 92
52 93
52 94
52 99
52 123
52 147
52 156
52 170
52 176
52 195
52 203
52 1334
52 225
52 238
618 61
619 223
53 65
53 89
53 92
53 620
53 98
53 107
53 160
53 192
53 621
622 166
624 174
54 70
54 80
54 102
54 24
54 148
54 158
54 183
54 219
54 625
55 626
55 627
55 628
55 629
55 143
55 145
55 153
55 630
55 201
55 206
55 631
55 632
55 218
55 1362
55 233
633 138
634 141
635 175
636 195
56 637
56 59
56 81
56 511
56 87
56 110
56 177
56 184
56 198
56 638
56 216
57 639
57 105
57 109
57 112
57 116
57 147
57 169
57 204
57 640
57 230
641 158
642 1162
643 200
644 237
645 106
646 83
647 120
58 64
58 648
58 649
58 650
58 651
58 1020
58 652
58 173
58 653
58 182
58 186
58 197
58 213
58 654
655 98
656 192
657 87
658 198
659 234
660 75
661 115
663 103
664 111
59 65
59 81
59 82
59 511
59 92
59 94
59 128
59 167
59 177
59 216
60 81
60 511
60 665
60 93
60 105
60 112
60 124
60 666
60 214
667 84
668 947
669 61
670 223
671 62
672 75
673 115
674 162
675 86
676 112
677 169
678 204
679 70
680 79
681 122
682 158
683 1333
684 219
685 222
686 129
687 140
688 218
689 228
690 1362
691 233
692 85
693 98
694 127
695 176
61 696
61 697
61 87
61 698
61 699
61 700
61 701
61 184
61 702
61 1256
61 703
61 704
61 705
61 216
61 223
62 662
62 119
62 126
62 135
62 143
62 162
62 706
62 707
62 708
62 709
62 206
62 710
62 220
62 229
62 711
712 63
713 226
63 76
63 96
63 130
63 144
63 163
63 173
63 226
63 231
63 236
714 86
715 223
716 74
717 120
718 1178
719 220
720 224
64 721
64 722
64 723
64 724
64 1020
64 725
64 186
64 197
64 726
64 727
64 728
729 755
65 76
65 89
65 92
65 94
65 160
65 167
65 177
65 192
65 236
65 239
66 69
66 730
66 116
66 118
66 127
66 136
66 731
66 161
66 732
66 733
66 734
66 735
66 736
66 737
67 114
67 738
67 132
67 133
67 190
67 191
67 739
67 1358
67 214
67 217
740 142
741 209
742 215
743 97
744 113
745 1186
68 83
68 88
68 96
68 746
68 173
68 182
68 208
68 747
68 232
748 86
749 127
69 93
69 112
69 116
69 118
69 136
69 750
69 161
69 170
69 751
69 752
753 228
754 197
70 79
70 80
70 102
70 24
70 122
70 148
70 158
70 183
70 185
70 219
70 222
70 756
71 757
71 758
71 88
71 196
71 759
71 760
71 212
71 232
761 118
762 1256
72 76
72 92
72 763
72 764
72 107
72 755
72 765
72 1256
72 766
72 223
72 767
72 239
768 174
769 198
770 234
73 110
73 130
73 144
73 150
73 155
73 174
73 189
73 236
74 771
74 120
74 126
74 154
74 772
74 1178
74 773
74 774
74 220
74 224
74 775
776 112
777 169
778 204
75 779
75 780
75 115
75 162
75 781
75 201
75 782
75 783
75 784
76 95
76 755
76 144
76 1020
76 160
76 163
76 785
76 186
76 231
76 236
76 239
786 111
787 122
788 947
789 235
790 224
791 95
792 755
793 1020
794 623
795 186
796 137
77 797
77 172
77 181
77 187
77 1222
77 211
798 87
799 216
800 234
78 82
78 511
78 85
78 92
78 107
78 127
78 161
78 176
78 801
802 140
803 120
804 1178
806 195
807 98
808 102
809 106
810 111
811 138
812 146
813 171
814 179
815 222
79 816
79 115
79 142
79 158
79 199
79 201
79 209
79 1333
79 215
79 817
79 219
79 222
818 98
819 140
821 228
822 204
823 212
80 90
80 24
80 117
80 121
80 131
80 132
80 148
80 185
80 188
80 191
80 217
81 82
81 511
81 92
81 93
81 94
81 128
81 190
81 214
81 225
82 511
82 92
82 93
82 107
82 161
82 170
82 824
82 176
82 184
82 825
82 216
82 223
83 826
83 88
83 827
83 828
83 120
83 829
83 830
83 182
83 208
83 831
83 832
84 833
84 834
84 835
84 119
84 947
84 159
84 164
84 836
84 837
84 838
84 839
84 840
84 841
842 172
843 187
844 211
511 92
511 93
511 161
511 845
511 216
511 223
846 97
847 142
848 199
849 202
850 205
851 209
852 215
853 947
854 112
85 127
85 136
85 855
85 161
85 170
85 176
85 856
85 857
86 858
86 859
86 112
86 118
86 169
86 860
86 861
86 862
86 204
86 863
87 110
87 177
87 864
87 865
87 184
87 198
87 866
87 210
87 216
87 234
867 120
868 1178
88 869
88 870
88 871
88 872
88 120
88 873
88 182
88 874
88 208
88 875
88 212
88 232
876 122
89 92
89 94
89 98
89 99
89 160
89 167
89 176
89 192
89 203
89 238
877 201
878 151
879 165
880 172
881 207
882 230
883 172
884 187
885 207
886 109
887 147
888 151
889 230
890 207
891 107
90 91
90 100
90 805
90 24
90 892
90 121
90 168
90 179
90 183
90 190
90 203
90 217
90 227
91 110
91 153
91 157
91 168
91 185
91 189
91 190
91 217
91 218
92 93
92 94
92 98
92 107
92 170
92 176
92 177
92 184
92 216
92 893
92 223
92 239
894 137
895 165
896 200
897 152
898 237
93 105
93 112
93 116
93 123
93 156
93 161
93 170
93 899
93 176
93 214
93 225
900 98
901 107
902 192
94 128
94 167
94 190
94 203
94 225
903 134
904 198
905 234
906 179
907 237
908 237
95 755
95 144
95 1020
95 163
95 166
95 623
95 186
95 1256
95 210
95 231
95 239
909 129
96 101
96 130
96 173
96 212
96 910
96 226
96 231
96 232
911 207
97 912
97 113
97 137
97 142
97 913
97 152
97 914
97 915
97 188
97 916
97 917
97 918
97 152
97 1186
97 211
97 919
920 1333
921 215
922 133
923 172
924 207
925 230
926 134
927 1186
928 212
98 107
98 929
98 140
98 930
98 176
98 192
98 931
98 932
98 933
98 934
98 935
98 238
98 936
99 937
99 141
99 195
99 938
99 203
99 939
99 238
99 940
100 102
100 106
100 138
100 168
100 171
100 227
941 224
101 106
101 130
101 149
101 942
101 943
101 194
101 196
101 944
101 226
101 232
945 755
946 223
102 106
102 111
102 122
102 138
102 948
102 949
102 171
102 950
102 179
102 183
102 222
102 951
952 112
953 118
103 954
103 108
103 662
103 955
103 135
103 956
103 957
103 958
103 959
103 960
103 961
962 212
963 182
964 140
104 126
104 157
104 193
104 196
104 206
104 228
104 229
104 233
965 119
966 135
967 159
968 197
969 213
970 115
971 120
972 212
105 109
105 112
105 114
105 116
105 124
105 147
105 156
105 214
105 225
106 125
106 138
106 146
106 149
106 973
106 974
106 171
106 175
106 194
106 975
106 976
977 197
107 978
107 239
979 131
980 185
981 191
982 199
983 202
984 217
985 218
108 986
108 135
108 987
108 159
108 988
108 989
108 990
108 220
108 224
108 991
992 129
993 163
994 143
995 145
996 162
109 124
109 169
109 997
109 204
109 230
109 998
999 141
1000 120
1001 1178
1002 208
110 128
110 150
110 155
110 157
110 174
110 189
110 198
110 234
111 122
111 1003
111 1004
111 222
111 1005
111 235
805 1006
805 121
805 148
805 195
805 203
805 1334
805 227
1007 118
1008 127
1009 136
24 121
24 148
24 183
24 185
24 217
112 116
112 118
112 1010
112 1011
112 1012
112 161
112 1013
112 170
112 1014
112 1015
112 204
112 1016
113 117
113 142
113 1017
113 1018
113 181
113 188
113 1222
113 152
113 205
113 211
1019 755
1021 186
1022 197
1023 121
1024 148
1025 179
1026 183
1027 195
1028 1334
114 124
114 132
114 147
114 190
114 1029
114 203
114 214
114 225
115 662
115 119
115 162
115 1030
115 201
115 1031
115 209
115 1333
115 1032
116 118
116 123
116 136
116 147
116 169
116 170
116 1033
116 204
116 1034
117 180
117 1035
117 181
117 188
117 191
117 205
117 1358
662 1036
662 135
662 162
662 1037
118 1038
118 1039
119 135
119 143
119 159
119 162
119 1040
119 164
119 1333
119 221
119 229
120 154
120 1178
120 1041
120 208
120 1042
120 1043
120 1044
1045 129
121 139
121 148
121 179
121 183
121 1046
122 947
122 1047
122 1048
122 1049
122 222
122 1050
122 235
123 147
123 156
123 170
123 176
123 1334
123 1051
123 1052
123 238
124 147
124 214
1053 224
1054 125
1055 159
1056 220
125 126
125 146
125 149
125 1057
125 154
125 171
125 1058
125 1059
125 193
125 194
125 1060
125 220
125 229
126 154
126 1061
126 193
126 194
126 1062
126 206
126 1063
126 1064
126 220
126 228
126 229
127 136
127 1065
127 1066
127 161
127 1067
127 1068
127 176
127 1069
127 1070
127 1071
128 155
128 167
128 189
128 190
128 236
129 1072
129 140
129 1020
129 160
129 163
129 1073
129 1074
129 192
129 213
130 144
130 149
130 150
130 189
130 196
130 212
130 226
130 231
130 232
130 236
131 185
131 191
131 199
131 202
131 205
131 217
131 219
132 133
132 139
132 151
132 172
132 180
132 191
132 1075
132 1358
133 151
133 172
133 180
133 207
133 1358
133 230
134 137
134 1076
134 1077
134 1078
134 187
134 1079
134 1186
134 1080
134 1081
134 1082
820 1083
820 196
820 228
1084 165
135 159
135 1085
135 1086
135 1087
135 220
135 229
135 1088
136 1089
136 1090
136 161
136 170
136 1091
136 1092
136 1093
755 1020
755 1094
755 1256
755 1095
755 1096
755 239
137 152
137 1097
137 1098
137 178
137 1099
137 1100
137 152
137 1186
137 1101
137 1102
137 237
137 1103
1104 212
1105 140
1106 192
138 1107
138 1108
138 175
138 179
138 1109
138 227
1110 237
139 148
139 151
139 165
139 188
139 1111
139 1112
139 1113
140 1114
140 1115
140 192
140 1116
140 1117
140 1118
140 1119
140 1120
141 175
141 1121
141 195
141 1122
141 203
141 1123
141 227
142 1124
142 152
142 188
142 1125
142 199
142 202
142 152
142 205
142 209
142 215
142 219
143 145
143 153
143 162
143 206
143 1333
143 1126
143 221
143 229
143 1362
1127 152
144 150
144 155
144 166
144 196
144 212
144 231
144 236
145 153
145 162
145 185
145 201
145 202
145 206
145 1128
145 218
145 233
146 1129
146 171
146 1130
146 1131
146 221
146 222
147 156
147 1132
147 1133
147 203
147 1334
147 1134
147 1135
147 1136
147 225
148 1137
148 1138
148 183
148 188
148 1139
148 1140
148 1141
148 1142
149 157
149 171
149 193
149 194
149 196
1143 197
150 155
150 157
150 166
150 174
150 1144
150 189
150 196
150 198
150 236
1145 224
1146 179
151 165
151 172
151 1147
151 207
151 230
151 1148
152 178
152 188
152 1162
152 200
152 219
152 1149
152 237
153 157
153 168
153 185
153 206
153 1150
153 218
153 233
1151 176
1152 238
1153 159
1154 186
1155 212
154 1156
154 194
154 1178
154 1157
154 1158
154 208
154 1159
154 220
154 1160
1161 178
1163 237
155 166
155 167
155 174
155 177
155 189
155 210
155 234
155 236
156 214
156 225
1164 169
1165 238
157 168
157 189
157 193
157 196
157 218
157 228
157 233
1020 163
1020 186
1020 213
158 1162
158 200
158 219
158 1166
158 237
947 164
947 1167
947 1168
947 1169
947 1170
947 1171
947 1333
947 235
1172 161
1173 187
1174 1186
1175 211
159 1176
159 1177
159 229
160 163
160 192
160 236
161 170
161 1179
161 176
161 1180
161 1181
161 1182
161 1183
162 1184
162 201
162 1333
162 1185
163 173
163 186
163 213
163 231
1187 179
1188 165
1189 181
1190 187
1191 152
1192 1186
1193 211
1194 237
1195 1333
164 1196
164 1197
164 1198
164 1333
164 221
164 222
164 235
1199 213
1200 239
1201 174
1202 198
1203 1162
165 172
165 181
165 188
165 1204
165 1222
165 152
165 1205
165 1206
166 623
166 174
166 177
166 210
166 239
167 177
167 203
167 236
1207 179
1208 175
1209 194
1210 226
168 171
168 185
168 190
168 218
168 227
169 1211
169 204
169 1212
169 1213
169 230
169 1214
170 1215
170 176
170 1216
170 1217
170 238
171 193
171 221
171 222
1218 198
1219 194
1220 208
1221 172
172 180
172 1222
172 1223
172 207
172 1358
172 1224
1225 1333
1226 221
1227 222
1228 235
1229 179
1230 183
1231 184
1232 1256
1233 226
1234 220
1235 224
1236 229
173 182
173 186
173 212
173 213
173 1237
173 226
173 231
173 232
623 174
623 184
623 210
623 239
1238 213
174 1239
174 1240
174 198
174 210
174 234
1241 186
1242 197
1243 238
175 1244
175 1245
175 1246
175 1247
175 226
175 227
175 1248
1249 221
1250 222
176 1251
176 1252
176 238
1253 220
1254 224
1255 229
177 184
177 210
177 216
177 239
1257 202
178 1162
178 1258
178 1259
178 237
1260 1186
1261 195
1262 196
1263 198
1264 228
1265 184
1266 210
1267 234
179 183
1268 238
180 1269
180 181
180 191
180 1222
180 1270
180 1358
1271 181
1272 191
1273 1222
1274 205
1275 211
1276 1358
181 188
181 1222
181 152
181 211
182 186
182 212
182 1277
182 232
1278 183
183 1279
1280 1256
1281 216
184 1256
184 210
184 216
184 223
184 239
185 201
185 202
185 1282
185 217
185 218
186 197
186 212
186 213
186 231
187 1283
187 1284
187 1285
187 1186
187 211
187 1286
188 1287
188 200
188 152
188 205
188 219
1288 1256
189 190
189 236
1289 1186
190 203
190 214
190 217
190 225
190 227
1290 224
191 1291
191 199
191 202
191 205
191 1292
191 1293
191 1294
191 1358
191 217
191 1295
192 1296
192 1297
1162 200
1162 219
1162 237
193 194
193 196
193 206
193 233
1298 200
1299 152
194 196
194 1300
194 232
195 203
195 1301
195 1334
195 1302
195 227
195 1303
195 238
1304 1256
1256 1305
1256 223
1256 239
196 212
196 228
196 231
196 232
197 1306
197 1307
197 1308
197 1309
1310 198
1311 216
1312 223
198 234
1313 207
1314 230
199 201
199 202
199 205
199 209
199 219
1315 206
1316 228
200 152
200 219
200 237
201 1317
201 202
201 1318
201 209
201 1319
1320 216
1178 1321
1178 224
1322 202
1323 209
202 205
202 1324
202 1325
202 209
1326 1186
1222 211
203 1334
203 225
203 227
204 1327
152 1186
152 211
152 1328
152 237
205 1329
205 1330
205 219
1331 207
206 1332
206 228
206 229
206 1362
206 233
1335 238
1334 238
1336 220
1337 221
1338 222
1339 235
1340 208
1341 212
1342 232
1343 226
207 1344
207 1345
207 230
207 1346
207 1347
1348 1333
1349 218
1350 230
1351 230
1352 216
208 1353
208 1354
208 232
209 215
209 1355
1186 211
1186 1356
210 234
210 239
1357 237
212 231
212 232
213 1359
1333 1360
1333 221
1333 222
214 225
215 1361
216 223
217 218
218 233
1363 238
220 224
220 229
220 1364
1365 226
221 222
221 235
1366 238
222 235
223 1367
223 239
224 1368
224 1369
226 1370
226 236
228 1362
228 1371
228 233
230 1372
1362 233
231 232
231 236
238 1373
