1227 2324 0
-0.2174972108298023 0.2013268725258112 -0.2969021406429105
-0.2352519096438487 0.0616833791657116 0.4816538222927166
-0.3017159794949648 0.4731919006010437 -0.1288077374839220
-0.0984732209224000 0.0429422182247043 -0.2958910076518240
-0.2728042839711823 -0.0440410653056081 0.0593501142302786
-0.4252471730584069 -0.1058854294513122 0.4485249087140021
0.2136281502831699 0.1846957228914438 -0.4900712522218855
-0.2669673254946242 0.1025155252841305 0.2496824744232399
-0.0225615675034061 0.3900498321254388 -0.3677121732372832
-0.1485876292251809 -0.3665195750806334 0.3290768882635599
0.2183590470072750 -0.1550721529439458 -0.3818511900568923
0.2163366334810414 0.1950978332326964 -0.1058346961471984
0.2075927885597659 0.3250432237439296 -0.4942099179914498
-0.3222196588573956 -0.2556573107875645 0.3765265170658192
-0.4983176025552818 0.1170535688694294 0.0987950713015474
0.3245085162967657 0.0015626369202737 -0.0362174911358150
-0.1230122788826896 0.2439788904072883 -0.0224068930879719
-0.3620038391410101 0.4214670609752443 -0.4297338848919720
-0.3011167243747025 -0.3398223366393885 -0.4169429583716062
0.1476830403740134 -0.4864188821570813 -0.1534426276821437
-0.3777358752173918 0.1416015930914600 -0.2698562975241423
-0.1000519564558844 0.1454234488926940 0.2653901852255193
-0.4945448820534041 0.1305565789072884 -0.2063497674856008
-0.0704816812606187 0.3284742504527430 -0.4089766984243640
-0.3708365917261516 -0.4345382504138284 -0.1415012706464259
-0.1376903792271536 0.1093534746220712 -0.2471712745470208
-0.4624102403770832 -0.3990604858300418 0.2058197659026998
-0.2548948342663797 0.2634264749005463 0.0306226360037832
-0.3909559144826569 0.2710855948975516 -0.2876192099221236
0.4880897546568678 -0.4249226544087160 0.4363220510930186
-0.0638041806457974 -0.1318713275780145 0.0172362274378801
-0.2216289215845134 0.0527865971067028 -0.2841307469484309
-0.3513456781245521 -0.4076590196187111 0.2014107680697679
0.3905622280948203 -0.0730504581118191 -0.3432160281054121
0.4888003035422834 -0.2417714122140810 0.2440199056187584
0.2936121711176125 0.0998574796607015 -0.1249188757122789
0.1129696538406040 -0.2742318829352495 0.2949136148902413
0.1328627908621250 0.3102995098234441 -0.1523726661009354
0.4178141886253279 0.4850946501851011 -0.0765979254354895
-0.4659700686568301 0.3560066244342263 0.2823068954273322
0.2072717140966594 0.0120010572773470 0.3610824286620430
0.2575664236892171 -0.4662454755838680 -0.3523225846352172
-0.2709829731805952 0.0288773328197097 -0.4004115152164920
-0.4083710250996711 -0.0270856033108487 0.0438598451473662
0.3229198835915090 -0.2812186595948586 0.3643726107464282
-0.0592075178956742 -0.2696500874509016 0.0492781995559301
-0.1725320253525204 -0.0721954734992581 -0.1210612918251899
0.0024939906148840 0.0833362107970104 0.1578258100502805
0.3619644921377544 -0.1412612525296961 -0.0250435053883476
-0.0873273240769644 -0.3251119060404868 -0.0718137091442891
-0.2553262503448393 -0.0949389301122151 0.4147006979992159
-0.3928041836163852 0.4482904764061967 0.0172459087624207
0.2912949948812638 -0.3950878947485429 -0.2983029570009907
-0.2562125002683849 -0.1369524210739108 -0.2781845293494454
0.2043315673391754 -0.3119023933151513 0.0142103752694369
0.2526592224429478 0.0087775953452389 0.3583586644553790
-0.3060344531929191 -0.2383107990009629 0.0526514594716764
0.4480609435880083 0.1442700591618378 -0.1215805388814206
0.2802483875014296 0.0183571110508620 0.2689913388398339
-0.4630549435293236 -0.0183610087099103 -0.1691647452673419
-0.4765927097837803 0.0970203511668427 0.3697600609258541
0.1988352466014059 0.1308494700129627 0.2737271192023635
0.0583779082557281 -0.2141954804129375 0.0969396399670210
-0.3807030985329318 0.3934507905707810 -0.4715545135415646
0.2190831928410436 0.4009766737179281 0.0200384004456856
0.3795363767275678 -0.1902092287874688 0.1348032184090617
0.0928233442950368 -0.4350090803560931 0.3628183025800154
0.1777890945948862 0.1879021596657539 0.2898847950985371
0.0036005776269443 -0.2885569302831982 0.0805507495954570
0.0714055913393823 -0.0912980183399725 -0.2594804306607126
0.1590286759638996 0.2623550005153142 0.4349456766543097
-0.2258591007743850 -0.3301678801081272 -0.0211754925153189
0.1776146572502985 0.3767292729097105 -0.0912955227007697
-0.0673741900216720 0.2290437548581178 -0.1433354979514305
0.3337881874299127 -0.1586471119536011 0.1419974250796986
-0.1344435669321855 -0.2961616522641313 0.1185647729530206
0.2117947532774595 0.4903218781811823 0.4542619718457277
0.3412784454667060 0.1542099832920799 0.2692656613050622
0.0839802552250416 0.3642370196403675 0.1567729044033255
-0.1613029664436370 0.2940858472463211 -0.2008631410551002
0.3606614205516325 0.2918497106409639 -0.0240341693542559
-0.3955648553436831 -0.3021336026476759 -0.1478812816341676
-0.2549958982291479 -0.1167584529205628 -0.4461403604695760
0.1297831570166436 0.3729838917847830 0.3722516222364866
0.0420453481505228 0.2029161920702316 0.4281853774477452
0.3744929338409619 0.2920585384649855 -0.3472244218879052
-0.1579180950575435 -0.3305148595423262 0.3326226997870302
-0.0357261833737122 -0.2195288596250457 -0.4764078049004687
0.3999122901382391 0.2960764986433893 -0.2702160569402522
-0.1490949548462807 -0.0214434550306641 -0.3036623220382814
0.1157526443916697 0.1299263940082357 0.0853792100210079
0.3132895386388397 -0.1011187132793102 0.3456660793446354
0.1385888839316072 0.0672128642446361 -0.2106096621995765
0.1456758091234419 0.1091651729147975 0.3630902219706053
-0.0825159941640904 -0.3598624951970915 -0.0456049856300201
0.1199299742552283 0.1610014198719341 -0.4677428360046373
0.1439321072750536 0.1096812494817250 0.0434054347252074
0.2798742208386982 0.4579512303910719 -0.3171341577516010
0.2988305496126942 -0.3041049515317854 0.4216587567386191
-0.1915689771757924 0.1278549197185518 0.1468530554269721
-0.2897218566790667 0.3541012472166188 -0.2976858615653619
0.0289709815601456 0.0499726861527753 0.3769614653434670
-0.2052398465899168 0.3595288580046052 -0.0295389504190844
-0.4779524553816962 -0.4193398399999019 0.2809168034714228
-0.4960116608996636 -0.3420607093409807 -0.3201306200396012
-0.2728787878036363 -0.1375330454600795 0.2334886744289872
0.1844084024544646 0.1970599341765030 -0.1784235558270553
0.1627539855882744 -0.1845882313550171 -0.2450056701080431
-0.3250864385814832 0.1821629691795116 0.3263395417544618
-0.0695465101720140 0.1213174378911109 0.3304373720684964
-0.3192818802765126 -0.1378215419835505 -0.3854868017507571
-0.3773841569957956 0.0387726999534075 0.4167632223803698
0.3476631629680563 -0.3346716146185734 -0.2832348076134674
0.2574275947079648 0.0105641158325807 -0.4468383304967601
0.3348342969654445 0.4791753549577217 -0.4623364692600286
0.0381465900282410 0.2078026958687465 0.1250088454577001
0.0247433960304175 -0.3972309972159581 -0.0686336602153721
0.2544550778266954 -0.4138865720561992 0.4880301722816804
-0.2878830444332008 0.0040101833455475 -0.4532526460139511
-0.0335713067833535 0.2389134200036818 -0.2435737344501673
-0.2598246749925735 0.1348675214832046 0.1034816702175622
-0.3278112922607391 0.3128176461345131 0.1066924170133586
-0.1676113283890819 -0.2671050134948432 -0.3199381666161463
0.4064408297890848 0.1569295658724278 0.2699001592465830
-0.1810100160407646 0.4057795908841581 0.1579811917536791
-0.4507332502086439 -0.0810143033598433 0.1383700308702710
-0.0750374470544229 -0.4656291865654075 -0.1108073796230711
0.2764889243848329 0.2822856482437928 0.3236595913678737
-0.1651196570835866 -0.4517172776054920 0.0170883098508134
0.2545632736348028 0.3897928844886997 -0.0023763055712596
0.1385557277389732 0.2099658351306841 -0.2679899979393134
-0.3071350223085877 -0.1948070182521028 0.2373117319964395
-0.2181399104708466 -0.2784047167348059 -0.1185725019676669
-0.4803470037716550 -0.3373515102585990 0.4731341230061373
0.0629884080638042 -0.4789798600988126 -0.0742807731669948
-0.2961030714810006 -0.0912073846553485 0.4161500606492466
0.1847242776684226 0.2694932077968945 0.4579064208791606
-0.3805906697838303 0.0073813898267003 0.0226242683673887
-0.3401120069158874 -0.1210028515097030 -0.1642135801663769
0.4340022024241816 0.0499108697295521 0.3150057867234649
-0.3025263530704060 -0.1137970606008465 -0.1858554856331037
0.1279114090591443 0.1811306127209615 -0.1569474793670450
0.2080394485113481 -0.0264409587021583 -0.0368571253851239
0.1128269253160994 -0.4274595362312674 0.3561411877432534
-0.2341727125690657 -0.2086577473246673 0.3975361544038499
-0.0336968495996109 0.4240650235764398 0.1469121438149581
-0.3764002048953055 0.2826081436691724 0.0279737333415997
-0.3387497686970503 0.2191943231235259 0.2303579617143733
0.0977750203044930 0.0394834251619662 -0.1967713428954813
0.0924225131248835 -0.1518407982874142 -0.1966088245301794
0.1400475846696026 -0.0514817987370134 -0.2251592917504250
0.0258657224531677 -0.2078874388082478 -0.1609735375651811
-0.0815609269288285 0.2847431249764713 -0.0134857026861421
-0.4610106867533967 0.4739253921427738 0.1550856966097120
-0.2737228147960797 0.4074649134826059 0.0884369604047293
-0.1501506006899245 0.2050464932733733 0.1429724063341328
-0.0823289064931045 0.3220612696249283 0.3269057174344306
-0.0210284800451157 0.1269899207287500 0.2232321138563062
0.0695491646464493 0.3762486447793117 -0.0751508653792314
-0.1997170990629529 -0.2511235032841389 -0.1879881450387265
0.0187498528504303 0.3349151340788897 0.4326700316295208
0.0017031907528422 0.1098820416037192 0.2159498842456741
-0.4761199077533117 -0.1616957320380601 -0.2966780152597253
-0.1970435735553363 0.1149965784661751 0.2577163105697938
-0.1101229919415239 0.3615959412084709 0.1239181524875556
-0.2264821834382247 -0.2568409713105969 -0.2869240139194368
0.3618240449115668 0.3870284337023182 0.2188489078142996
-0.0799518378351977 0.3365895740825500 0.1959583098620061
-0.1372247846927800 0.3300213348007457 -0.2424780356102252
-0.1619269780361336 0.1459559002910875 -0.4519211173995273
0.2598693065880482 0.3312318447087633 0.2706010349998169
0.2643081248396365 0.0725437822564088 -0.1139013794025530
0.3194722241164889 0.4580891392164120 -0.2206804714017884
0.0624950861464114 0.3647096125577622 0.1676544818011533
0.3194079918951402 -0.2160519173903370 -0.1548179560544975
-0.0453476950027833 -0.2119634186417539 0.0033072836096099
-0.0440125359428072 0.3404798515278251 0.1193749739953424
-0.3727541773193758 -0.2143609227583277 -0.4795532627969551
0.3885538525561258 0.1253125195457453 0.3013335455453178
-0.1473905859012746 -0.0106399051561512 0.2252330196622547
-0.1885219481943144 -0.0121665900300422 0.0991682424827645
0.3973778403595906 0.4510517546427444 0.4052926628403710
-0.3315975737939234 -0.0036495437090947 0.4477312069699454
-0.3358684948462329 -0.0242753606065859 -0.3401114735543919
-0.1391203805291258 -0.1409419255378467 0.0640568217088717
-0.1613111352198665 0.2287509959547185 0.0359012812224472
-0.0780951112009072 -0.3157825292557744 0.1751053628123026
0.3644431409359551 0.1814571857418715 0.3655213982049050
0.0803038024835866 0.3463262003807498 0.3479552876348063
0.0981810066576449 -0.0606488967348386 0.2909567429082811
-0.2922192124169899 0.0295848979571586 0.2917419466479408
-0.0632171584303945 0.3913051379542764 0.4612891976607141
0.4655256016314891 -0.2049469126699192 0.4229394609863302
-0.1762114003630068 -0.3204923309018583 0.4203217159192759
0.3832920568179098 -0.3375238060756596 -0.0956637878160933
-0.2784440686462630 0.1202441263928671 -0.0911189119964487
-0.3458753108405690 0.2256456047315493 -0.3414317649332504
0.0405407313833578 0.4170000442394778 -0.1995716975017111
0.2897329615376659 -0.3011522896055603 -0.2992630482927620
0.0848866264419821 0.2921211658429378 -0.4335188908626156
-0.0495507365259128 -0.0692161398835828 -0.4579022519929352
0.2499741366906247 -0.2906499057352043 -0.0012325225123374
0.4618203075262153 0.4280538439455963 -0.0918478586329634
-0.0000197748430090 0.4198692496432133 0.4269992369308194
0.3142842687885949 -0.0929030477447155 0.0229345781354288
-0.4229590257921698 0.0962410939962897 -0.1165688596273116
0.1628453707093727 -0.1751275726144070 0.3250009582472486
-0.3829102819841265 -0.0484348759146617 -0.3634780814966488
0.2825627587499668 -0.0228028831680445 -0.0577689725567131
-0.3501742381725264 -0.2254338448009510 -0.1383820413784571
-0.1036116246754666 -0.0922158128919086 -0.3992567945755803
0.4590316835494915 0.0328475967345937 -0.1445622047338055
0.2060055149537309 0.4053102459332042 0.3091473341899062
0.1310701420294890 0.1698174568387328 0.2614975449339559
-0.1831102197856595 -0.2317600670903723 0.3514473073371535
-0.4409533166257774 -0.0946455141308862 0.2168806675280643
-0.2497011496620239 0.2709366562563784 -0.3682212869714926
-0.1360235480486271 -0.1205516631548212 -0.3139039029211376
-0.1842826763986807 -0.3544313248881290 -0.0055420929137665
-0.0254579013900672 -0.3919445545969413 -0.1335487318599363
-0.1512854002697925 0.3842890238376385 -0.3868079322029804
-0.2328543225238924 0.3270122949543188 0.4756960191286099
0.0721274804810243 -0.0382716028202603 -0.2016235414829344
0.3866527403388285 -0.2456085753177586 -0.0154374742612387
-0.0068596791487124 -0.0171650221572672 -0.3234540220165384
-0.1367774111149061 0.2607162381624411 0.0133976851212503
-0.3619348815098044 -0.0680097419216189 0.2178457824254118
-0.2649017797345364 0.0586992219043107 -0.2731588996556758
0.4652020449508978 0.0820467475881606 -0.0063041677105071
-0.1582878174427211 -0.0105872931259465 -0.1915386574693459
0.5000000000000000 0.0469722036932697 0.3000218647874580
-0.3521929187508013 0.1811402267512332 0.5000000000000000
-0.2072976157648453 0.0799648210896936 0.5000000000000000
-0.0075082088226391 -0.0464080799574541 0.5000000000000000
-0.2331263838870495 0.0521716641262455 0.5000000000000000
-0.2750078690426946 0.0759509080271716 0.5000000000000000
-0.3496456703451075 0.1064934563246216 0.5000000000000000
-0.2361328754746198 0.0584075979514720 0.5000000000000000
-0.2637677966787226 0.0508560098164683 0.5000000000000000
-0.2311889571540300 0.5000000000000000 -0.1148198989191813
-0.1595083169439815 0.5000000000000000 -0.2647667140401363
-0.5000000000000000 0.4939781791757681 -0.1249302282657569
-0.4311763403937821 0.5000000000000000 -0.0967263039788439
-0.2656480837796370 0.5000000000000000 -0.1482253105622867
-0.5000000000000000 0.4542581663140429 -0.0132750414190496
-0.3382981350537073 0.5000000000000000 -0.0810934762972634
-0.3601339351477926 0.2423226733764649 0.5000000000000000
-0.4124374435671442 0.2442827240082757 0.5000000000000000
-0.3977381612833130 0.2407271020305602 0.5000000000000000
-0.3988360441037259 0.2521005314332272 0.5000000000000000
-0.3627548184014010 0.2714230037294374 0.5000000000000000
0.4635394177321074 -0.5000000000000000 0.3234224684621128
0.0964199832233451 -0.5000000000000000 0.3466917016416045
0.3145452715238495 -0.5000000000000000 0.2931424703134854
0.4616233769864882 -0.5000000000000000 0.1874467388403128
0.1746350399967427 0.0069174044401894 -0.5000000000000000
0.1952942437351262 0.1009788670215124 -0.5000000000000000
-0.5000000000000000 0.4512622475383201 -0.4258379188821210
-0.5000000000000000 0.4363677212947915 -0.4455162061068610
-0.4036490927835720 0.5000000000000000 0.2746536505004418
-0.2779132862177030 0.5000000000000000 0.2165727227405268
-0.2167991651327823 -0.5000000000000000 0.1331215964110014
-0.0705990592578370 -0.5000000000000000 -0.0721441019246509
-0.1319703962521265 -0.5000000000000000 0.0276404193895428
0.0438513436163420 -0.5000000000000000 -0.0540836798702482
-0.5000000000000000 -0.2013443388090389 0.0428185979881534
0.0205997541058627 0.1056075178679458 0.5000000000000000
0.0486506539436555 0.2159067944788443 0.5000000000000000
-0.0188288767954249 0.1821466362459258 0.5000000000000000
-0.0010328957251835 0.1407980755057717 0.5000000000000000
-0.0410001209071372 0.1163103232264293 0.5000000000000000
0.0909177722929886 0.2312908497101295 0.5000000000000000
-0.0293823655817291 0.2543090562677597 0.5000000000000000
-0.5000000000000000 -0.0751759771457149 0.4097252742268001
-0.5000000000000000 -0.0547617336421914 0.4744140495744144
-0.5000000000000000 -0.1393059594258328 0.4999700004101624
-0.5000000000000000 -0.1448396190354908 0.3970656762121043
-0.4864886930323777 -0.1011687709240379 0.5000000000000000
-0.4248365997537820 -0.0739503548253302 0.5000000000000000
-0.4314577511688705 -0.1200383123790548 0.5000000000000000
-0.5000000000000000 -0.0823090750211567 0.4771610329707123
-0.5000000000000000 -0.1302682079348382 0.4820673998445882
-0.5000000000000000 -0.1050005452156568 0.4600761393662435
0.1961875114636717 0.1993061300019007 -0.5000000000000000
0.2317411338102162 0.1816476596684127 -0.5000000000000000
0.2812898690790794 0.2086785692572612 -0.5000000000000000
0.2161100063297776 0.1550862108878458 -0.5000000000000000
0.2665769059020734 0.1345913587554955 -0.5000000000000000
0.5000000000000000 0.2449763722577565 -0.4789777496054187
0.2966644231149612 0.1782969204178704 -0.5000000000000000
-0.1371290569763803 0.4128722407069292 0.5000000000000000
-0.2486478425470044 0.3561285207208353 0.5000000000000000
0.5000000000000000 0.1495227349313250 -0.1554758212156550
0.5000000000000000 0.2617011582239336 -0.2843951178346446
0.5000000000000000 0.1848236560049548 -0.2571762258955212
-0.5000000000000000 0.1636037855694838 0.1938746664789567
0.1063826757103407 0.5000000000000000 -0.4068580412333919
0.0615548121554528 0.4190180851798705 -0.5000000000000000
-0.1243718698466230 0.5000000000000000 -0.2969939884168218
-0.0085095630043210 0.5000000000000000 -0.3321847210618013
0.1369828281177680 0.5000000000000000 -0.4749646993546669
-0.0846914949707325 0.5000000000000000 -0.3442756614294292
0.0762975107646002 0.3847270623623458 -0.5000000000000000
-0.2088655441246595 -0.5000000000000000 0.4274773703932128
-0.1417938888027430 -0.5000000000000000 0.3417303991744051
0.2090423842028156 -0.5000000000000000 0.0650396397346757
0.2159193333952543 -0.5000000000000000 -0.4012750574619124
0.0156236361250924 -0.5000000000000000 -0.4259652267961508
0.5000000000000000 -0.2745796139233210 -0.4765629820066527
0.5000000000000000 -0.2234869752867997 -0.3389220286155035
0.1944902699335171 -0.0110714202937141 -0.5000000000000000
0.3928212964448704 -0.2486584849827840 -0.5000000000000000
0.2594709294142883 -0.1684505452111313 -0.5000000000000000
0.5000000000000000 -0.1662882253462370 -0.4736055826731884
-0.5000000000000000 -0.3776870202698605 0.1961738692048648
-0.5000000000000000 -0.2796640463958229 0.1202823356795052
-0.5000000000000000 -0.3138557984039000 0.1058864387929166
-0.5000000000000000 -0.2624321451096382 0.1928829221127293
-0.5000000000000000 -0.3200494381815944 0.1158077589749771
0.5000000000000000 0.3524353676015578 -0.2073026472899598
0.3560530655049830 0.3659286591094270 -0.5000000000000000
0.2341871717815961 0.3287899847854091 -0.5000000000000000
0.1960056618922474 0.3047845495813022 -0.5000000000000000
0.2606913338543138 0.3203659257952341 -0.5000000000000000
-0.5000000000000000 -0.2030197443105308 0.3561967407103119
-0.5000000000000000 -0.3392937976660957 0.3698078159925094
-0.5000000000000000 0.1016948376218384 0.0775771797146225
0.3951301672375041 0.5000000000000000 -0.1098708950778379
0.2993890491881584 0.5000000000000000 -0.2707107063171652
0.3205374333790871 0.5000000000000000 -0.2191950579191073
0.2184360702193868 0.5000000000000000 -0.2109041979522814
0.5000000000000000 -0.0292961008798823 -0.0987631902673861
0.5000000000000000 -0.0832870713690598 -0.0014483836706771
-0.5000000000000000 -0.4763106847123003 -0.3459620233668109
-0.4255184051297267 0.5000000000000000 -0.3556132838295212
-0.1382782635756132 0.4284252449958027 -0.5000000000000000
-0.5000000000000000 0.4114680609187381 -0.3899807780717540
-0.5000000000000000 0.4383031012320180 -0.4092029971460334
-0.3484455757440389 0.4143900746515772 -0.5000000000000000
-0.5000000000000000 0.3126191574137130 -0.3700149640713314
-0.3210976691061344 0.5000000000000000 -0.4103008536955539
-0.5000000000000000 0.3796993557404437 -0.3302867013805175
-0.2420556422000771 0.4774349089102571 -0.5000000000000000
-0.1386655143306178 0.4036232586129757 -0.5000000000000000
-0.4563449264849422 0.5000000000000000 -0.4061619812237526
0.5000000000000000 0.3998149563180116 -0.1803741846381305
0.5000000000000000 0.2871088219377189 -0.1828472680581340
0.5000000000000000 0.3695977451676508 -0.2072445032372439
0.5000000000000000 0.3553741002981239 -0.1838237432026787
0.5000000000000000 0.3522419687395119 -0.2299246122529616
0.5000000000000000 0.3815542967671677 -0.2183331715017574
0.5000000000000000 0.3948313965104407 -0.1627155980102738
-0.4914741279240283 0.5000000000000000 0.0698677669551838
-0.5000000000000000 0.4959021706719576 0.1603849456466519
-0.5000000000000000 0.0929186792472162 0.3755170601087384
-0.5000000000000000 0.3475852195465207 0.2662152008658886
-0.5000000000000000 0.2854649473193761 0.0733573960010365
-0.5000000000000000 -0.3320245489750272 -0.4830078908614864
-0.5000000000000000 -0.3763686267461409 -0.3381333234832872
-0.5000000000000000 -0.2896729629101460 -0.2975065100904367
-0.5000000000000000 -0.3173235613106682 -0.3946582547208064
-0.2323390528604428 -0.3797014798835919 -0.5000000000000000
-0.5000000000000000 -0.2720312482241365 -0.4456210924172489
-0.1991533854978821 -0.3296684796126624 -0.5000000000000000
0.5000000000000000 -0.4479523311071483 -0.2660583310472374
0.1884796338406275 -0.5000000000000000 -0.1724516389677141
0.1337200672797646 -0.5000000000000000 -0.1593456546279684
0.1959867764723977 -0.5000000000000000 -0.1601446668526974
0.0978059678648618 -0.5000000000000000 -0.2023529555979538
0.2050836390292727 -0.5000000000000000 -0.1402365282727029
-0.5000000000000000 0.1072485516994963 -0.3024597647285395
-0.5000000000000000 -0.4106718074863658 -0.1797129375299801
-0.0743292425729318 0.2443092334504134 -0.5000000000000000
0.0340355679576521 0.3415084461410823 -0.5000000000000000
0.0272326264652421 0.3863374731739624 -0.5000000000000000
0.1032451096815111 0.2572998724328515 -0.5000000000000000
-0.1103046107965895 0.2642294522545956 -0.5000000000000000
0.0374902178910518 0.3552040691383926 -0.5000000000000000
-0.5000000000000000 -0.3363044098133623 0.4878075294845390
-0.4036407533684505 -0.2425535525374764 0.5000000000000000
-0.5000000000000000 -0.4238263462604014 -0.1124040295934726
-0.1173451665484015 -0.5000000000000000 -0.2716734649876770
-0.3710275785476492 -0.5000000000000000 -0.1606112608909676
-0.5000000000000000 -0.3656751572202706 -0.2066943229167345
-0.4984233991705590 -0.5000000000000000 -0.1250253919330045
-0.3890482952473016 -0.5000000000000000 -0.1009583231462738
-0.5000000000000000 -0.4388497095861207 0.0200263197530995
-0.5000000000000000 -0.3990430293772996 -0.2695283801718378
-0.0358498307210671 -0.5000000000000000 -0.2333585378120374
-0.5000000000000000 -0.3557879472343635 -0.2404005315678716
-0.3360534201627631 -0.5000000000000000 -0.1769325740371915
-0.5000000000000000 -0.4100580731277513 -0.0848841108671413
-0.5000000000000000 0.2804842245097243 -0.1979542111479791
-0.5000000000000000 0.2949423212580723 -0.1048439558280281
-0.5000000000000000 0.1957544325929794 -0.1598581220664710
-0.5000000000000000 0.2879335060412306 -0.0069800228877899
-0.5000000000000000 0.2039160409485175 0.0570034888968723
-0.2567653932446750 0.3454475278842581 0.5000000000000000
0.2309468378758585 0.5000000000000000 -0.3650654814246282
0.2882291633181038 0.5000000000000000 -0.4520854066221212
-0.5000000000000000 0.1978000824788908 0.1476161196432242
-0.5000000000000000 0.2954191991144248 0.2464391973820121
-0.5000000000000000 0.1192456111713200 0.3188313111677186
-0.5000000000000000 0.1708521641330286 0.1625485532829267
-0.5000000000000000 0.2165872200332164 0.1588656909952972
-0.5000000000000000 0.1915748127804901 0.1932648059886193
-0.5000000000000000 0.1928501807054029 0.0884531069833361
-0.5000000000000000 -0.4014399729181251 0.2194020687947651
-0.5000000000000000 -0.3240364644088387 0.2549679796511227
-0.5000000000000000 -0.4120920958209266 0.1816796055037019
-0.5000000000000000 -0.3991269672434442 0.2420243418234050
-0.5000000000000000 -0.4271446229370399 0.2146654878721504
-0.3968366785113158 -0.5000000000000000 0.1517746973240449
-0.5000000000000000 -0.3709996396677697 0.2175738695586398
-0.5000000000000000 0.2505944995590288 0.1119064489893077
-0.1954041333409294 -0.1292963798578058 -0.5000000000000000
-0.0297396821961897 -0.2146557231286038 -0.5000000000000000
-0.3353983960664281 -0.2105677230537280 -0.5000000000000000
-0.5000000000000000 0.2747443828832865 -0.2596959056390679
-0.5000000000000000 0.2944078587934121 -0.3515122955396365
-0.5000000000000000 0.3322573121043650 -0.2896679668501919
0.0104062890321749 0.1946113242523216 -0.5000000000000000
-0.1052092811486341 0.1951073411243803 -0.5000000000000000
-0.1125781587186162 0.2215887526009943 -0.5000000000000000
-0.0312507620773735 0.2405468732001337 -0.5000000000000000
-0.1034449121214234 0.2289868878544400 -0.5000000000000000
0.5000000000000000 -0.3982297175465930 0.4446434774111445
0.4782397508566748 -0.5000000000000000 0.3947360309121757
0.3930105929397824 -0.3603447458940033 0.5000000000000000
0.4899698811041176 -0.4514593146772383 0.5000000000000000
0.2903947558644077 -0.3563156544590063 0.5000000000000000
0.5000000000000000 -0.3582875795466126 0.4180168076523083
0.3614112092995349 -0.4674586132456094 0.5000000000000000
0.5000000000000000 -0.4165778904832342 0.4180441957576559
0.4189423557638809 -0.1757605437144322 0.5000000000000000
0.5000000000000000 0.3872758987400829 0.0792688237387478
0.5000000000000000 0.3808004051874601 0.1039610224678623
0.5000000000000000 0.3521017797360536 0.0538319429962649
0.5000000000000000 0.3848586345615747 0.1376420371755099
0.1071373473909422 -0.5000000000000000 0.4095872875182262
0.1458683889471786 -0.5000000000000000 0.4422922465530866
0.1128779658330897 -0.5000000000000000 0.4092576068373102
-0.5000000000000000 -0.4187922084202528 0.2818857087703962
0.5000000000000000 -0.2044298915351126 0.4135056811990529
0.5000000000000000 -0.0963553210235167 -0.2943628841497199
0.5000000000000000 -0.1135198961581352 -0.2179111177515458
0.5000000000000000 -0.1138802638322120 -0.2724739999101816
0.5000000000000000 -0.1094943978874929 -0.2685336998234442
0.5000000000000000 -0.0996381547469304 -0.2706148564742317
0.5000000000000000 -0.1258893278427109 -0.2532494371242813
0.5000000000000000 -0.0919909387890609 -0.2409219626099485
0.5000000000000000 -0.0357508453846195 -0.2098089656474230
0.0530497118049235 -0.0701427772693917 0.5000000000000000
0.0329454630401529 -0.0738952990163293 0.5000000000000000
0.0543479569990570 -0.0702909182557845 0.5000000000000000
0.0555564239482990 -0.0735893357658208 0.5000000000000000
0.0474075510585464 -0.0684796467115047 0.5000000000000000
0.0491292550798924 -0.0725359660812747 0.5000000000000000
0.0509419061453800 -0.0753438522751062 0.5000000000000000
-0.1449768390549662 -0.5000000000000000 0.3396861515375490
0.1853804975334177 -0.5000000000000000 0.0615401745920346
-0.5000000000000000 -0.4652144053953398 0.2236976651240433
-0.3571317805779018 -0.5000000000000000 0.1518480371259213
0.4021567050665866 0.5000000000000000 -0.0785497283815110
0.3230266031149343 0.5000000000000000 -0.0549503602658138
0.3192771511924495 0.5000000000000000 -0.0853123629232651
0.3421707840586932 0.5000000000000000 -0.1484340125344339
0.4873578379640397 -0.4105699274629704 0.0700703921532152
0.2093375462912042 -0.2821827403149251 0.5000000000000000
0.3991545344931868 -0.3524365094949336 -0.5000000000000000
0.1011031062982724 -0.2432039724279186 -0.5000000000000000
0.2987292411123486 -0.2953356424113406 -0.5000000000000000
0.5000000000000000 -0.1077045637226613 -0.3344603428365114
0.5000000000000000 -0.0218765259227988 -0.3559838320638494
0.5000000000000000 -0.0010082853302449 -0.2489867448325210
0.5000000000000000 -0.0373844610247142 -0.4391469315358316
0.5000000000000000 -0.1690923499494102 -0.3334817648102598
0.5000000000000000 -0.0793616852476737 -0.3698413610816390
0.5000000000000000 -0.1101509035899560 -0.4137690035707323
-0.4204024102243030 0.5000000000000000 -0.2993832844585618
-0.4825810266326859 0.5000000000000000 -0.2471486895694237
-0.3646142536988870 0.5000000000000000 -0.3293113647981815
-0.5000000000000000 -0.3435647938213040 -0.1197622978719415
0.5000000000000000 -0.2441586653675857 0.2859670139565411
0.5000000000000000 -0.2319936676507830 0.2669127700020643
0.5000000000000000 0.0737005365065743 -0.2172772145216749
0.5000000000000000 0.0448717179993903 -0.1905005977135446
0.0135540215334782 -0.3623702371673227 0.5000000000000000
0.0355689556101630 -0.1480882970030960 0.5000000000000000
-0.5000000000000000 -0.1631166270400056 -0.2945915629523023
0.4296165182634308 0.5000000000000000 -0.0072272284903954
0.4296764786479861 0.5000000000000000 -0.0848779391557030
0.4640466007308912 0.5000000000000000 -0.1139503649336879
0.4530800007142257 0.5000000000000000 -0.0816547323947530
0.5000000000000000 0.4998708247064213 -0.0738803528967211
0.4294631099035811 0.5000000000000000 -0.0620837839192940
0.3707543887407545 0.5000000000000000 -0.0515108009341074
0.5000000000000000 0.4978656092247111 -0.0584596559907795
0.5000000000000000 0.4915746171947727 -0.0971148626713856
0.4462989362321049 0.5000000000000000 -0.0779953267587134
0.4500301441552291 0.5000000000000000 -0.0922503202338155
-0.5000000000000000 0.3400636101547942 0.3014651931910876
-0.5000000000000000 0.3554282477923230 0.3157637751638762
-0.4170431935388366 0.5000000000000000 0.3508894348344135
-0.5000000000000000 0.3479832032199950 0.3140832374225520
-0.5000000000000000 0.3915636242998865 0.2803719278734437
-0.2474176167026376 0.5000000000000000 0.3898441509153075
-0.5000000000000000 0.3174247855752140 0.2290737197394974
-0.5000000000000000 0.3664577277456263 0.2671441682559581
-0.5000000000000000 0.3486516153698988 0.2885463609993031
-0.5000000000000000 0.3714769043706991 0.2155992313621423
-0.4823032082423398 0.3188745953364555 0.5000000000000000
0.2258216268087481 0.1313479980963884 0.5000000000000000
0.5000000000000000 0.4628914290843525 0.1899918166389533
0.2949293613221488 -0.5000000000000000 -0.3777608264628997
0.3049464688744662 -0.5000000000000000 -0.3307911542300406
0.1135468697932626 -0.5000000000000000 -0.3391530141199757
0.5000000000000000 -0.3239199837910190 -0.4694076786096866
0.5000000000000000 -0.3788439314924025 -0.4036508478413689
0.1118925789082727 -0.5000000000000000 -0.2860754063364677
0.3293700397206761 -0.5000000000000000 -0.3846461606996134
0.4224488975619067 -0.5000000000000000 -0.3619671367884592
0.5000000000000000 -0.4194478804448015 -0.4717031497877562
0.2950794881706636 -0.4615360829137010 -0.5000000000000000
0.4211450205253044 -0.3583934580773649 -0.5000000000000000
0.4083562921958732 -0.3114216891465065 -0.5000000000000000
0.5000000000000000 -0.1981455975826011 0.1617520399488780
0.5000000000000000 -0.1850779678820998 0.1697297628682165
0.5000000000000000 -0.1617941279074394 0.2585806385363595
0.4989112538700537 -0.2940423781194597 -0.0510635958116847
0.5000000000000000 -0.3010660030454974 -0.1974023777166680
0.4966261018331151 -0.2359067987489117 -0.0602391509166540
0.5000000000000000 -0.2621142394463967 -0.1523719377753866
0.5000000000000000 -0.3054829533597880 -0.1283371777707231
0.5000000000000000 0.4876179267432487 -0.4970470707033928
-0.1427319277635035 0.0188213265558385 -0.5000000000000000
0.1388324076255444 0.0074197505635826 -0.5000000000000000
-0.5000000000000000 0.0598349793160690 -0.3552895716671112
-0.0955915619004558 0.0120428189473409 -0.5000000000000000
-0.5000000000000000 -0.0841497632890686 0.1804444033742837
-0.5000000000000000 -0.0952306404828459 0.2479721936025583
-0.5000000000000000 -0.0797453250469809 0.2734726029029446
0.5000000000000000 -0.1866590651619736 -0.2418844905994716
-0.1104171437741808 -0.5000000000000000 0.4214229797705262
0.0185163652722548 -0.5000000000000000 0.3705349359119855
-0.2725006533324557 -0.5000000000000000 0.4580208652759034
-0.2171002593690844 -0.5000000000000000 0.4487706250679109
-0.5000000000000000 0.0193939621512876 -0.0201048051386194
-0.5000000000000000 -0.1895751226844672 0.0422210994514832
-0.5000000000000000 -0.0609655339869062 0.0439563750869883
-0.5000000000000000 0.0041708653670421 0.0587450311268886
-0.5000000000000000 -0.0071580235131139 0.0582889884320462
-0.5000000000000000 -0.0758871459102378 0.0856500537602984
-0.5000000000000000 -0.0748051752052983 0.4062011979203368
-0.5000000000000000 -0.0715659531613674 0.4084817107606437
-0.5000000000000000 -0.0742732254277984 0.4084003695773751
-0.5000000000000000 -0.0735530468248394 0.4068768290377083
-0.5000000000000000 -0.0729116590941226 0.4089302917047219
-0.5000000000000000 -0.0726887543038278 0.4067708834787422
-0.5000000000000000 -0.0739264397716720 0.4045706556120815
0.5000000000000000 0.4666846611438136 0.3180119831980312
0.5000000000000000 0.4526853151642642 0.2925256069218686
0.5000000000000000 0.4620162226590941 0.3256854166891480
0.5000000000000000 0.4600095117321875 0.3062805905946830
-0.5000000000000000 -0.0870989087861364 -0.4315774970750313
-0.5000000000000000 -0.0930674831088245 -0.4198179467086275
-0.5000000000000000 -0.0658602712907036 -0.4332264101696327
-0.5000000000000000 -0.1346973787105903 -0.3410889148887721
-0.5000000000000000 -0.1173408105402102 -0.4425033775984178
-0.5000000000000000 -0.0719301013158836 -0.4100296584390836
0.5000000000000000 -0.4297834967870533 -0.2899975484893175
0.5000000000000000 -0.4085507699579420 -0.2860955454576585
0.5000000000000000 -0.4033083335092764 -0.2176926986700103
0.0562122605850674 -0.4961687021870777 0.3580654161261100
0.3631280061131510 -0.5000000000000000 -0.2875023485280857
0.5000000000000000 -0.2524199270059806 0.3566589096133930
0.5000000000000000 -0.2254071174741527 0.3011235486419270
0.0476906329175262 -0.3591664762916399 0.5000000000000000
0.0420966486185337 -0.1494622847011920 0.5000000000000000
0.5000000000000000 -0.2845033644246512 0.3940100597909016
0.5000000000000000 -0.3073324849133152 0.2774247165365746
-0.5000000000000000 0.0217973924702542 -0.0307335023511924
-0.5000000000000000 0.0150580681891189 -0.0599766218247526
-0.5000000000000000 -0.0771538328688394 -0.0245394194758464
-0.5000000000000000 0.0234603126153218 -0.0235070719583197
-0.5000000000000000 0.0156054937334223 -0.0364442303157304
-0.5000000000000000 0.0294043800671910 -0.0306993301144316
-0.5000000000000000 0.0337780894244953 -0.0387471202590600
-0.5000000000000000 0.0238306218662422 -0.0327930877552284
-0.5000000000000000 0.0656852160028841 0.4051083402395319
-0.5000000000000000 0.0032281013891733 0.4694499386877044
-0.5000000000000000 -0.0113217515693399 0.4826797049092826
0.5000000000000000 -0.0701903851496476 0.0880511883529212
-0.0248782405842475 -0.5000000000000000 -0.3272002643645504
-0.0284657126625857 -0.5000000000000000 -0.4013089815571699
-0.1842996854613002 -0.5000000000000000 -0.1280974224341193
0.5000000000000000 -0.1460385565934334 -0.1027789207352899
0.5000000000000000 -0.0648684598882176 -0.0923599964028990
0.5000000000000000 -0.0978346955998734 -0.0010105982670814
0.5000000000000000 -0.4523148166343171 0.0910260380370041
0.0215974893789770 -0.1435211317271387 0.5000000000000000
-0.3317022166185760 -0.0564765850884695 0.5000000000000000
-0.3172986474894917 -0.1189048027300535 0.5000000000000000
-0.2457174760224705 0.5000000000000000 -0.0244775445944599
-0.5000000000000000 0.4209798174864211 0.0369329031041178
-0.3046799464808502 0.5000000000000000 0.0045488622894939
-0.5000000000000000 0.4488438770551052 0.0177933874469453
-0.3637362192615389 0.5000000000000000 -0.0423726384296909
-0.5000000000000000 0.4193161990854607 0.0599454382040776
-0.4056454235498377 0.5000000000000000 0.0103677287378742
0.5000000000000000 -0.3141898746844972 -0.4560867843670857
0.5000000000000000 -0.3565333750402236 -0.3805223976126743
0.0763831038621607 -0.5000000000000000 -0.2609175238771586
0.5000000000000000 -0.4979523522217867 -0.3536470067341225
0.4212111175367820 -0.2929404688265415 -0.5000000000000000
0.5000000000000000 -0.2544284193605660 0.3626135443494651
0.5000000000000000 -0.2307289516771441 0.3831307624354580
0.1247808191703715 -0.0441285113245819 0.5000000000000000
0.1397545760779821 -0.0790382998259131 0.5000000000000000
0.2514770403742664 -0.1327139035996890 0.5000000000000000
-0.5000000000000000 -0.1174941760811240 -0.2406338525245571
-0.3504625642411248 0.3789565527760254 -0.5000000000000000
0.2283135295677310 -0.5000000000000000 0.0487155503696988
0.5000000000000000 0.0310142706846404 0.4227545314603763
0.2348730561726570 0.1311732220960297 0.5000000000000000
0.5000000000000000 -0.0278258629944379 0.3310203309577847
0.2802403378684669 0.5000000000000000 -0.3464866330084473
0.3283308525178008 0.5000000000000000 -0.4609609174849102
-0.2571107084115878 0.3841929729604664 -0.5000000000000000
0.1075575517601039 0.3184627391034445 -0.5000000000000000
0.0093571730925943 0.3678101581050394 -0.5000000000000000
-0.5000000000000000 -0.2104466460709064 0.0425910848330602
-0.5000000000000000 -0.1673045954168114 0.1047314846279128
-0.5000000000000000 -0.2219081000906045 0.1615496854176749
-0.5000000000000000 -0.0174995046035918 -0.1466561125756843
-0.5000000000000000 -0.0672213468770262 -0.1068618560242292
-0.5000000000000000 0.0603004108600002 -0.0947898738316724
0.5000000000000000 0.1532982279217448 -0.1307699440288597
0.5000000000000000 0.1661419101839601 -0.0967552358569438
0.5000000000000000 0.1389735328485111 -0.1124971160712010
0.5000000000000000 0.1176521353062797 -0.1675097196817579
0.5000000000000000 0.0866732413239313 -0.1648922994845832
0.5000000000000000 0.1470966182371996 -0.1384408062724410
-0.5000000000000000 -0.2130221363710020 -0.1193582293212292
0.5000000000000000 0.2587959710097671 -0.0775691675351446
0.4451241554416761 0.5000000000000000 0.4080274173733064
0.5000000000000000 0.1169201633976222 0.1669519578401977
0.5000000000000000 -0.0700149383104652 0.0893214867187955
0.5000000000000000 0.0150279214920499 0.1333706132696224
0.5000000000000000 0.1281749323949095 0.1149291104867269
0.5000000000000000 -0.0237966524189997 0.3055640720398473
0.5000000000000000 0.0035317293203354 0.1686617393753516
-0.5000000000000000 -0.0356138207146536 -0.1787437068491899
-0.5000000000000000 -0.0206204959181069 -0.1653671435952875
-0.5000000000000000 -0.0339717422001649 -0.2116669032686008
-0.5000000000000000 -0.0057438491682637 -0.1777644402292759
-0.1021885778962414 0.5000000000000000 -0.0630975351582802
-0.0435149741177656 0.5000000000000000 0.0275447240127414
-0.1460909623738685 0.5000000000000000 -0.0082762818832459
-0.0090953036281956 0.5000000000000000 -0.0778555249209646
0.1777005326940621 0.5000000000000000 -0.1667832232506294
-0.0104961217124606 0.5000000000000000 -0.1334828664481695
-0.2497139864237814 0.4048270518749581 -0.5000000000000000
0.2623499055546138 0.4652295406014390 -0.5000000000000000
0.0039016888621122 0.4149489060417771 -0.5000000000000000
-0.5000000000000000 0.0984743992802255 0.3792215070289050
-0.5000000000000000 0.0943819744754056 0.3701593098590097
-0.5000000000000000 0.1042467301460178 0.3771027353886983
-0.5000000000000000 0.1534935375950893 0.4938503771940722
-0.5000000000000000 0.1019098981483722 0.3811509305916178
-0.5000000000000000 0.0517863647765522 0.3757558453071417
0.5000000000000000 0.1551986647617654 0.1056950739250056
0.2281680513379855 0.5000000000000000 0.4445413979114612
0.2936818677346537 0.5000000000000000 0.3262434207762460
0.5000000000000000 -0.2094519692186225 0.2991941156628485
0.5000000000000000 -0.2147328311821544 0.3384366479829697
0.5000000000000000 -0.2175489351164988 0.2962770706216552
0.5000000000000000 0.0332617483513578 -0.3339340469208316
0.5000000000000000 0.0201553617677882 -0.3903179786199064
0.5000000000000000 -0.0045526206875384 -0.4450189393720702
-0.4134229172212631 -0.4127750871755946 0.5000000000000000
-0.2468315124816644 -0.4630197379643182 0.5000000000000000
-0.2739016028366892 0.3273586682127635 -0.5000000000000000
-0.5000000000000000 0.3955722251634934 -0.4181264301427636
-0.5000000000000000 0.4212946735172183 -0.4342419517558587
-0.3622591494171065 0.4021063168640596 -0.5000000000000000
-0.5000000000000000 0.3108661712461488 -0.3766101356039553
-0.2533841204834312 0.3904614464790358 -0.5000000000000000
-0.4677531219998748 0.3618985805890420 -0.5000000000000000
0.3996213048318387 0.5000000000000000 0.1035884851326189
0.2350569771361976 0.5000000000000000 -0.0414844625845398
0.1877605471158162 0.5000000000000000 0.0423740781092658
-0.2659152726233208 -0.1609277415845445 -0.5000000000000000
-0.0856642242590601 -0.2232611302523291 -0.5000000000000000
-0.3571018073666447 -0.2186062207010295 -0.5000000000000000
0.5000000000000000 -0.0726000542026398 0.0885088795339027
0.5000000000000000 -0.1984829773181865 0.1247933321856861
0.5000000000000000 -0.1981974399991924 0.0898251226353351
0.5000000000000000 -0.1049943285774817 0.0195954741437881
0.5000000000000000 -0.2499736433942901 0.1609445746725275
-0.1365754413588342 -0.5000000000000000 0.3423280520223525
0.0153259878159250 -0.3806295776015564 0.5000000000000000
-0.4150488297522860 -0.2149095515180784 -0.5000000000000000
0.5000000000000000 0.1650000509374315 0.1064316129765522
0.5000000000000000 0.3081925104051167 0.1659752845513078
0.5000000000000000 0.4317382409664325 0.4299180750050444
0.2214939502014705 -0.5000000000000000 0.0511509877344145
0.1346042227549476 0.2406279048954155 0.5000000000000000
0.2055206034996645 0.1966455899943788 0.5000000000000000
0.0865992644319790 0.2617632250314734 0.5000000000000000
-0.5000000000000000 -0.2135154797490042 0.0396121732858663
-0.5000000000000000 -0.4152073726380765 0.0916746918395623
-0.5000000000000000 -0.3484038733238493 0.0010988089214107
-0.5000000000000000 -0.2887688512622498 0.0261704536590896
-0.5000000000000000 -0.0635162711523112 0.1686309884215729
-0.5000000000000000 -0.0721613435002492 0.2405629606065598
-0.5000000000000000 -0.0319056577665043 0.2637389357505686
0.2203627740658185 0.5000000000000000 -0.0909379249690260
0.5000000000000000 -0.4153781288135946 0.0545951119657534
0.5000000000000000 -0.3951844075453700 -0.0645469704920580
0.5000000000000000 -0.0717495837906955 0.0883929911587261
0.5000000000000000 -0.0986768551038376 0.0159825263717126
0.3579450603118972 -0.0067382725193230 -0.5000000000000000
0.5000000000000000 0.3933300046026751 -0.4820089102157092
0.5000000000000000 0.4178810454009179 -0.4892577208711376
0.4892748394322702 0.4256768523279622 -0.5000000000000000
-0.5000000000000000 -0.2176864056203841 0.0240972117252891
-0.5000000000000000 -0.1857391207736645 0.0594640561492235
-0.5000000000000000 -0.2114681896767814 0.0360535281721850
-0.5000000000000000 -0.2000628333242158 0.0121598856384014
0.5000000000000000 0.1626521134328810 0.1790143868752972
0.5000000000000000 0.1622395173904260 0.1998498689510399
0.5000000000000000 0.0931013522365603 0.2417095920589024
0.5000000000000000 0.1466533663261135 0.2090384744736615
0.2605758589120255 0.4262874175891833 0.5000000000000000
0.1956278520836582 0.5000000000000000 0.4598972636049518
0.2800016772382590 0.5000000000000000 0.4472245556100120
0.1891912257163648 0.5000000000000000 0.4336694349417781
0.1805188246905324 0.5000000000000000 0.4738277411289671
0.1624014096609017 0.4746824985398793 0.5000000000000000
-0.0651763173909579 0.4815745900847533 0.5000000000000000
0.5000000000000000 0.1586214893427416 0.1273734203171862
0.5000000000000000 0.3207991165959169 0.1997861792581188
0.5000000000000000 0.2808065965572981 0.1781905544467622
0.3876033089961851 0.5000000000000000 0.1331807940534622
0.0345821821259477 0.5000000000000000 0.2730797085335497
0.5000000000000000 0.3365809682000245 0.1432508205313651
0.1405471188587679 0.5000000000000000 0.0890395800030836
0.4043687542021115 0.4564206361791121 -0.5000000000000000
-0.1810012137572919 -0.2809209056290451 0.5000000000000000
0.0768950566388917 -0.5000000000000000 -0.0740110277892452
-0.5000000000000000 0.1879236768467743 0.3797070928020106
-0.5000000000000000 0.2118102553891578 0.3143117682717413
0.5000000000000000 0.2561828242030634 -0.0287202891448782
0.5000000000000000 0.2020100525564700 0.0400361245424449
0.5000000000000000 0.3194871237473293 0.0888567751317381
-0.5000000000000000 -0.3319476288298873 0.4847053495347941
-0.4092815290822845 -0.2392437496152528 0.5000000000000000
0.5000000000000000 -0.2305963588262273 0.4425055067649613
-0.5000000000000000 -0.3068119433165614 -0.1479880594859126
-0.5000000000000000 -0.3187454914913127 -0.2042926829948845
-0.5000000000000000 -0.2843847798767367 -0.2165658558492109
-0.5000000000000000 -0.3250001703308597 -0.2371062110813141
-0.5000000000000000 -0.3209764506779469 -0.0968943767522516
-0.5000000000000000 -0.2873202239644173 -0.0677495577690282
-0.1571380480137567 -0.1054628167606345 -0.5000000000000000
-0.0154052307099219 -0.1996066349468744 -0.5000000000000000
-0.0137577606697723 -0.0703523970472714 -0.5000000000000000
-0.2440813591357664 -0.1051622920405854 -0.5000000000000000
-0.3019191843037220 -0.1023459633591770 -0.5000000000000000
0.5000000000000000 0.1111025088273598 -0.0118808350100572
0.5000000000000000 0.0225257804471298 -0.1557256329328131
0.4611878492640883 0.5000000000000000 0.0947953466776538
0.4340510835314654 0.5000000000000000 0.1467005018701601
0.3946919578226562 0.5000000000000000 0.1706613573514835
0.2615054765031458 0.3962562687113247 0.5000000000000000
-0.4042304115268934 -0.2363921305248319 0.5000000000000000
0.0701764283676838 0.2073704603453397 0.5000000000000000
-0.1928946124117064 0.1689405687950380 0.5000000000000000
-0.0830240825470380 0.2226345328551972 0.5000000000000000
0.1688185919770522 0.1749594934361537 0.5000000000000000
0.0332004842273773 0.5000000000000000 0.2721992617302216
0.0334560822659553 0.5000000000000000 0.2743583643947815
0.0373661145327131 0.5000000000000000 0.2734937018241033
0.0334083402613656 0.5000000000000000 0.2735038680336794
0.0344087481816177 0.5000000000000000 0.2731649616288716
0.0345090860206089 0.5000000000000000 0.2745606941032321
0.0337110955587819 0.5000000000000000 0.2761205042826623
0.0361691268726374 0.5000000000000000 0.2744374509248411
-0.0340723236793803 -0.5000000000000000 -0.1354571976816154
0.0623298969321380 -0.5000000000000000 -0.0990626691111876
-0.0512720865210842 0.3503422811475746 0.5000000000000000
-0.0944239462000272 0.3915342272420075 0.5000000000000000
-0.2340576066358817 0.3346479154107973 0.5000000000000000
-0.0554923950262579 -0.5000000000000000 -0.4316142404799890
0.5000000000000000 0.0483962283487685 -0.1329443131174956
0.5000000000000000 0.0879388075445810 -0.0177459403962221
0.5000000000000000 0.2978992250446491 -0.4973969097177297
0.5000000000000000 0.2731634486653330 -0.4267947468004924
0.5000000000000000 0.2024151791703315 -0.4730162780533559
0.5000000000000000 0.2178528720274851 -0.3687435665954323
0.5000000000000000 0.3720825401703505 -0.4070334052043376
0.5000000000000000 0.3172120981152629 -0.3642371305859696
0.5000000000000000 -0.2148163799477303 0.4449300184043959
-0.5000000000000000 -0.2666979720395541 -0.1429095965146974
-0.5000000000000000 -0.3632060614332080 0.2967918700676700
-0.5000000000000000 -0.1713419883354006 0.3207131339299291
-0.5000000000000000 -0.1854092134866019 0.3181968338479563
-0.5000000000000000 -0.3037317788002361 0.4460761681806968
-0.5000000000000000 -0.1342214310433280 0.2763501021418921
-0.5000000000000000 -0.2026662017879966 0.4014485562332214
-0.5000000000000000 0.1891125657779668 -0.1568707620415651
-0.4906558430465723 -0.1901871775411292 -0.0211499175029655
-0.5000000000000000 -0.1306366480285502 -0.0776630500570295
0.5000000000000000 0.2111341854789614 0.3496201844845629
0.5000000000000000 0.0611664682011008 -0.2544451430324670
0.5000000000000000 0.0958135486458738 -0.2444331427459714
0.5000000000000000 0.0635891509176563 -0.2179602775789586
-0.0819208685773415 0.5000000000000000 0.2342817332920612
-0.0429363053013708 0.5000000000000000 0.2264056277384129
-0.0525410298145517 0.5000000000000000 0.2715278897615616
-0.0525503307535448 0.5000000000000000 0.2501660068726121
0.0084926824841813 -0.2246900560219291 -0.5000000000000000
0.0200726413782275 -0.2897637212686423 -0.5000000000000000
-0.0692255077536451 -0.2497953963155711 -0.5000000000000000
-0.0006449497557462 -0.2284203025176731 -0.5000000000000000
0.1601082848015708 -0.2424863960428350 -0.5000000000000000
0.1567894167243411 -0.1876816914512411 -0.5000000000000000
-0.1247140679327618 -0.2859373701031934 -0.5000000000000000
0.5000000000000000 0.2949544832904636 -0.2902097067212797
0.5000000000000000 0.2765959608355263 -0.3860483337177725
0.5000000000000000 0.2298093100932020 -0.3176671712411463
0.5000000000000000 0.3646369058438322 -0.3525960619589376
0.5000000000000000 0.3163942794202076 -0.3031145370904349
0.5000000000000000 0.2026697477586381 0.2945460190553668
0.5000000000000000 0.2214597900123483 0.3032992046895496
0.5000000000000000 0.2187170677417275 0.3124419061651786
0.5000000000000000 0.1698648309936748 0.3048495948379604
0.5000000000000000 0.1985215282625161 0.3011014892436742
0.5000000000000000 0.2096124184324610 0.3109835949615401
0.1385266144066595 0.2025085925767747 -0.5000000000000000
0.1341640506325633 0.2524102994270055 -0.5000000000000000
-0.2325935895080018 -0.3406952585718770 0.5000000000000000
0.1477381437307072 0.2830663169481776 0.5000000000000000
0.0117328808837779 0.3362395038600002 0.5000000000000000
-0.0529856814231628 0.3819833240213773 0.5000000000000000
-0.5000000000000000 -0.3150910916244407 -0.2500528289252542
0.5000000000000000 0.0359456446737577 -0.2067906503607213
0.5000000000000000 0.0215821598636419 -0.2085550721466748
0.5000000000000000 0.0387641422510648 -0.1902039471059093
0.5000000000000000 0.0323074089162618 -0.1724691613024632
0.5000000000000000 0.1560316264943936 0.0719544277247424
0.5000000000000000 -0.0710709225938034 0.0903526182831891
0.5000000000000000 0.0077898787477234 0.4170207017523339
0.5000000000000000 -0.1338197240679008 0.3543131849863796
0.0409179487506739 -0.1446300133190649 0.5000000000000000
0.5000000000000000 -0.0611191436416022 0.3290439290467794
0.5000000000000000 -0.0674346479424012 0.0940663367202778
0.5000000000000000 -0.0707220991324519 0.0887319968568071
0.5000000000000000 -0.0709903896211285 0.0871398166158312
0.5000000000000000 -0.0629545059601307 0.0829765304306599
0.5000000000000000 0.1460311858179000 -0.4873258024372167
0.5000000000000000 0.1018792553624026 -0.3381310266022657
0.2132454444363731 0.1507495942340413 0.5000000000000000
0.4538364672893173 0.5000000000000000 -0.2622602526040539
-0.0811723876451811 0.5000000000000000 -0.2961774519186678
-0.1355526833990278 0.5000000000000000 -0.2935275962775501
-0.1298387395197503 0.5000000000000000 -0.2917327645324629
-0.1487429037516680 0.5000000000000000 -0.2861640727937824
-0.1187695766044033 0.5000000000000000 -0.2873995291482481
-0.1306017392881342 0.5000000000000000 -0.2977092063921091
0.1713388588746989 0.0492901436321323 -0.5000000000000000
0.1849905643878190 0.1256166925915113 -0.5000000000000000
-0.2687142340170977 -0.0196017829544414 -0.5000000000000000
-0.3503208187802991 -0.1945670181227734 -0.5000000000000000
0.2510308783651455 0.3588824822850454 0.5000000000000000
0.2229660989222459 0.3853445843813690 0.5000000000000000
0.3009547519949686 0.4084273744016836 0.5000000000000000
0.1669121320693445 0.3969540599173394 0.5000000000000000
0.2226385310256200 0.4039589302160010 0.5000000000000000
-0.1428570102724040 0.1960359842715664 -0.5000000000000000
-0.1705317366474964 0.2345049850062512 -0.5000000000000000
-0.1553263608917638 0.2445110494291437 -0.5000000000000000
-0.1335074349182570 0.2745276000647253 -0.5000000000000000
0.1560268120093318 0.5000000000000000 -0.3161446002001682
0.5000000000000000 0.4906041115610411 -0.4235184280438118
0.5000000000000000 0.4662913014123004 -0.4132797357053279
0.5000000000000000 0.4262337313259222 -0.3540550995124170
0.0679697988752585 -0.3569578964219572 0.5000000000000000
0.1803014600310627 -0.2486380711301689 0.5000000000000000
0.3812524534744102 -0.2225944912051619 0.5000000000000000
0.0465302445953982 -0.1531460197949862 0.5000000000000000
0.3158605912749161 -0.3105673606106992 0.5000000000000000
0.2675850227595817 -0.3430781627427970 0.5000000000000000
0.5000000000000000 -0.2862070440124269 0.3984872164101323
0.5000000000000000 -0.3192268596153856 0.2978756044437542
-0.3114372446920751 0.0340383528113497 -0.5000000000000000
-0.5000000000000000 0.3027298488836505 -0.3570288990096872
-0.5000000000000000 0.3612147237693850 -0.2921469843358338
0.2351591119595013 -0.4096921376109232 0.5000000000000000
-0.5000000000000000 -0.4437360299226629 0.1045311337978576
-0.5000000000000000 -0.4231194804579850 0.0986473577064047
-0.5000000000000000 -0.4540684072703377 0.0740467223261190
-0.5000000000000000 0.4352945385516085 0.0107208169369671
-0.3433350640215248 0.5000000000000000 -0.0551843326020911
-0.5000000000000000 0.3938044169672229 0.0650544240319613
-0.4037095793647753 -0.5000000000000000 0.3070248465046598
-0.1476871649352234 -0.5000000000000000 0.3407867870784973
-0.5000000000000000 -0.4513428344554846 0.2848485477203449
-0.5000000000000000 -0.4163963893161836 0.2932970539063385
-0.5000000000000000 -0.4343169266390585 0.2737818500554797
-0.4085719258112310 -0.5000000000000000 0.1869011609699899
-0.5000000000000000 -0.4310255696902499 0.3054669397716804
-0.5000000000000000 -0.0829346834295473 0.3577229941371330
0.5000000000000000 0.1455916621380403 -0.3212828824575941
0.5000000000000000 -0.2322049869793870 -0.3094749887128377
-0.5000000000000000 0.2253458058378305 0.4180792099840265
-0.4830884720056111 0.1695200780871019 0.5000000000000000
-0.4699821620841973 0.3046611658246415 0.5000000000000000
0.2406028241869247 0.5000000000000000 -0.4210450708492700
0.0148835801885604 0.5000000000000000 -0.2696679925273019
-0.5000000000000000 -0.1839364300352295 -0.0356984068061199
-0.5000000000000000 -0.1130192407271654 -0.1917651439524527
-0.5000000000000000 -0.1539724227861211 -0.2857974012933355
-0.5000000000000000 -0.0667713097414419 -0.2760315343319784
-0.5000000000000000 -0.0734942004286948 -0.2994513798034083
-0.5000000000000000 -0.1654716413370388 -0.1779861830316040
-0.4497074416279131 0.1617245699532029 0.5000000000000000
-0.5000000000000000 -0.0918164796354486 -0.3341934218325380
-0.4084053150318637 0.0889503801015879 0.5000000000000000
-0.4761532717479116 0.1378651333065270 0.5000000000000000
-0.5000000000000000 -0.0321615715730830 0.4000757033189399
0.3803019751716035 0.4955176874528290 -0.5000000000000000
0.3278466230691489 0.5000000000000000 -0.4896839105350437
0.5000000000000000 -0.3338073567744905 -0.3635815232881211
0.5000000000000000 -0.2768410833774758 -0.3105123160400565
0.5000000000000000 -0.3237872626440352 -0.2784028992243220
0.5000000000000000 0.4612734927702991 -0.0953035021455227
0.0222770779164435 0.5000000000000000 -0.1750227592058862
-0.1009588458901987 -0.5000000000000000 0.3451465860921117
-0.1447270537075196 -0.5000000000000000 0.3430343252496315
-0.1367062995933553 -0.5000000000000000 0.3421496639149844
-0.1412203006621578 -0.5000000000000000 0.3405595802287416
-0.1419974930705713 -0.5000000000000000 0.3425003889511464
0.2046781320919986 0.0057978142447591 -0.5000000000000000
0.2301261719546775 0.0820618028467294 -0.5000000000000000
0.3425722212361870 0.0246387782132753 -0.5000000000000000
0.4430517655802296 0.1016193209621162 -0.5000000000000000
0.5000000000000000 0.0739598337729826 -0.4178496210507884
0.2627328512851083 -0.1341576071548093 -0.5000000000000000
0.2942297605131934 0.5000000000000000 -0.4802636067214101
0.3790023094711770 0.4886686114611136 -0.5000000000000000
0.5000000000000000 0.4976143388101666 -0.4871453335701751
0.2773427141935345 0.4498990949362685 -0.5000000000000000
0.5000000000000000 0.4756223146095383 -0.4723593938022184
0.5000000000000000 0.0723593729395071 -0.0055790567583382
-0.3017865344714322 0.5000000000000000 0.2872378329578227
0.5000000000000000 0.1662226245131178 0.0764792554513002
0.2152750258284005 -0.5000000000000000 0.0419729089690655
0.1660580429921190 -0.3991248290584367 0.5000000000000000
0.1844476732602015 -0.4561699891340438 0.5000000000000000
0.4013708320288435 -0.5000000000000000 0.4097495253821006
0.2692895257918267 -0.3931759075443236 0.5000000000000000
0.2871696487450168 -0.4235299326655280 0.5000000000000000
0.2601892633752577 -0.3747874237426746 0.5000000000000000
0.2445234952621673 -0.4269394974727690 0.5000000000000000
-0.4999484616034012 -0.3344022807981550 0.5000000000000000
-0.3130405557076156 -0.3184585142873305 0.5000000000000000
-0.3070419939994304 0.0586178098863344 -0.5000000000000000
-0.2037163058000778 0.0047998577577606 -0.5000000000000000
-0.5000000000000000 0.0503472260290062 -0.3749176789980785
-0.3194194046667910 -0.0244101345395778 -0.5000000000000000
-0.1709705152582346 0.0011194669868031 -0.5000000000000000
-0.5000000000000000 0.0283819816928113 -0.4659361686423604
-0.5000000000000000 -0.3956876988422920 -0.3284530451972207
-0.5000000000000000 0.2646475736758731 0.1256109089627514
-0.5000000000000000 0.3769128449263591 0.0919018115684476
0.0775211486812107 -0.4135890186619313 -0.5000000000000000
0.0309457963121091 -0.5000000000000000 -0.2594070085889476
-0.5000000000000000 -0.3264965106951842 -0.2739856611343405
0.1831878440451294 -0.4078182999237284 -0.5000000000000000
0.3459204226258014 -0.2743064070741363 -0.5000000000000000
0.2346789694045510 -0.1765490774102249 -0.5000000000000000
-0.1798619546460014 -0.3232090434012746 -0.5000000000000000
0.5000000000000000 0.3080546091965499 0.2054447887216094
0.5000000000000000 0.1663546979705355 0.2571311867811713
0.5000000000000000 0.2606984454303030 0.1937143816052763
0.5000000000000000 0.2034391630505249 0.2247945899365653
-0.2494271189094016 0.5000000000000000 0.1623786967451158
-0.5000000000000000 0.4757487280529880 0.2463295311530728
-0.2155878034537258 0.5000000000000000 0.3652975408749405
-0.5000000000000000 -0.0518790290127164 0.1305732522512720
-0.5000000000000000 -0.0714291136928814 0.1501259875804168
-0.5000000000000000 -0.0608997235820762 0.1330514951113180
-0.5000000000000000 -0.0970191851977800 0.1363061438109376
0.5000000000000000 0.0698603123901997 -0.0157317645819441
0.0069419396981379 -0.5000000000000000 -0.2100930491475708
0.1295746266100381 -0.5000000000000000 0.2267569511226632
0.5000000000000000 0.1965879079067251 0.1122444319002882
0.5000000000000000 0.1618140899382334 0.0982473881880006
0.5000000000000000 0.1095062670368784 0.0203273080127966
-0.5000000000000000 -0.1416786209850933 -0.2995765800632031
-0.5000000000000000 -0.0543929513435543 -0.3202721785148023
-0.5000000000000000 -0.0609429675826157 -0.3325275956772688
0.5000000000000000 0.3218530958550088 0.3257208799495099
0.5000000000000000 0.3387523858388299 0.2021697956438503
0.5000000000000000 0.3210850963923131 0.1820486056936010
0.5000000000000000 0.2814673492403975 0.2979399103860945
0.1759314408445705 -0.5000000000000000 0.0456357251737120
-0.2558622581463138 -0.5000000000000000 0.0657496027772691
0.5000000000000000 0.0413509974263481 0.3850518978463553
0.5000000000000000 0.0729304092710283 0.4170995926216669
-0.4868939307972280 0.1875094087884851 -0.1691285247932389
0.1574630082734196 0.2504910106776979 0.5000000000000000
0.5000000000000000 0.1664937810847371 -0.4955540764209003
0.4999999999999999 0.1473194333855377 -0.3563992710897258
-0.5000000000000000 -0.1985222733753772 0.2606953358224853
-0.5000000000000000 -0.2697596023463222 -0.0083306008303029
-0.5000000000000000 -0.3456229034876511 0.4587060374960740
-0.5000000000000000 -0.3368053789142906 0.4774763750043074
-0.5000000000000000 -0.3417814933837297 0.4768039270908444
-0.5000000000000000 -0.3305756341577372 0.4819597453310384
-0.5000000000000000 -0.3560802094713889 0.4760938017149293
0.1782473640954045 0.5000000000000000 -0.0846357468116071
0.2946883033338960 0.5000000000000000 -0.1757131700888779
0.1853239762944887 -0.5000000000000000 0.0172249661417071
0.0813457652253481 -0.5000000000000000 -0.0855090864752144
0.1651688393950754 -0.5000000000000000 -0.0820005446515049
-0.3534740608242108 -0.0547791287498908 0.5000000000000000
-0.1811537590014146 0.5000000000000000 0.1573099954741719
-0.4068508818951063 0.5000000000000000 0.1582292831252061
-0.2839803014420342 0.5000000000000000 0.1360838211322957
-0.2283446595901748 0.1486674469242029 -0.5000000000000000
-0.3421442640759055 0.1777176914439058 -0.5000000000000000
-0.5000000000000000 -0.1838710101245659 -0.0047502445116535
0.5000000000000000 0.3226451228551349 0.3567134148206216
0.5000000000000000 0.3459185579830902 0.4805761253344021
0.1463276389103085 0.3219399944907682 0.5000000000000000
0.5000000000000000 0.2857869593731414 0.4308116388819639
0.5000000000000000 0.2785731431613906 0.3252072615090350
0.2097322030788769 0.2104010222650705 0.5000000000000000
0.1870337847995665 0.2624601316473097 0.5000000000000000
0.1276935719425433 0.2676533268916623 0.5000000000000000
-0.5000000000000000 0.0328329968582644 0.0478376768811099
-0.5000000000000000 0.0154507497700148 -0.2910499552279558
-0.3747435538050214 0.0530791894087856 0.5000000000000000
0.4605815556756603 -0.0198026870330432 -0.5000000000000000
-0.5000000000000000 0.1820413935980646 -0.1511272652162524
-0.5000000000000000 0.1891756851387923 -0.1516636704999342
-0.5000000000000000 0.3314031375939909 0.0441789620125010
0.5000000000000000 0.0808602150836516 0.2951827212938291
0.2628130937830498 0.1436574365244648 0.5000000000000000
0.5000000000000000 0.0117366533725341 0.3174529742330984
0.5000000000000000 0.0368677757272145 0.2610624902475923
0.0174875741016907 -0.3792717024929239 0.5000000000000000
0.2182961744321173 -0.5000000000000000 0.0789579934925291
0.3404396510583709 -0.5000000000000000 0.3655441885283675
0.5000000000000000 -0.3601812588920545 0.2442080060776912
0.0243852589512334 -0.1479993263354131 0.5000000000000000
-0.0956968375658066 0.5000000000000000 0.0691227741659333
-0.3898024026350178 0.5000000000000000 0.1141979308057598
-0.2155283249643696 0.5000000000000000 0.0334536712479034
-0.5000000000000000 0.4806164456621278 0.1881342783005749
-0.2096971735199852 0.5000000000000000 0.3959074891320315
-0.2085004607317711 0.5000000000000000 0.3831144922017111
-0.2004618836499058 0.5000000000000000 0.4103678793656058
-0.1831832097408244 0.5000000000000000 0.4067284290662966
-0.2227699049098223 0.5000000000000000 0.4089703386117318
-0.0938522299066365 0.3140747641149599 0.5000000000000000
-0.1211954707575450 0.3663874867011129 0.5000000000000000
-0.2493581052691470 0.3187619121727980 0.5000000000000000
-0.0360403925023170 -0.3607122655038194 0.5000000000000000
-0.2603336818005736 -0.2796603587269070 0.5000000000000000
0.5000000000000000 -0.2963859476485335 -0.4564899782207291
0.5000000000000000 -0.2184921347600791 -0.0645913456126481
0.5000000000000000 -0.2064769595248382 -0.0470428571402523
0.0752320138404016 -0.4736344877544448 -0.5000000000000000
0.5000000000000000 -0.1926157800283995 -0.1966744032747894
0.5000000000000000 0.3581121876726419 0.2830051429141424
0.5000000000000000 0.3922511441967453 0.3641852608508764
0.5000000000000000 0.3546451153525313 0.3223661649636763
0.3277987926666089 0.5000000000000000 0.4388456394192182
0.0750980208111410 0.5000000000000000 0.0982131246825014
-0.3211298741629669 -0.2428242341587005 -0.5000000000000000
-0.1123071046536175 0.1059050685593579 -0.5000000000000000
-0.5000000000000000 0.3986276742397213 0.0210719226277498
-0.5000000000000000 0.2591087194349472 0.0975920375031169
-0.5000000000000000 0.3601018324797159 0.0659540463121544
-0.5000000000000000 0.2602120053387740 0.0485393235219287
0.5000000000000000 0.3504133822707431 0.1939793774734186
0.5000000000000000 0.3433105651499543 0.1968442178758961
-0.5000000000000000 0.2395556371639569 0.1595413553874721
-0.5000000000000000 0.2438318412000965 0.2702866315298235
-0.1012091863912173 0.5000000000000000 -0.1920898297999759
0.0206315634405929 0.5000000000000000 0.3576551526918171
0.1125058393733758 0.5000000000000000 0.3005227105732344
-0.5000000000000000 0.2432409360837360 -0.3063709894240925
-0.5000000000000000 0.2906339071843869 -0.3599700652303000
-0.5000000000000000 0.2964417721318752 -0.3625651822537940
0.5000000000000000 -0.3210667385197524 -0.3811154099763934
-0.5000000000000000 0.4635022463801254 0.0975076763464506
-0.5000000000000000 0.4684376743030157 0.1566355019112924
-0.3915071244083398 0.5000000000000000 0.0138958366419677
-0.5000000000000000 0.4470196762231828 0.1295148640555858
-0.4582413919403623 0.5000000000000000 0.1305020083722488
-0.4820827614338933 0.5000000000000000 0.1716003869944639
-0.5000000000000000 0.4886544099948266 0.1714705140391614
-0.4700008230599250 0.5000000000000000 0.1614788747503895
-0.5000000000000000 -0.1557248288802870 -0.2917853652804783
0.2171718200080245 -0.5000000000000000 0.0550237151984918
0.2492177791331794 -0.5000000000000000 0.0517103167578139
0.2361172385250503 -0.5000000000000000 0.0436265613611983
-0.5000000000000000 0.4028301552159420 0.0867306966372426
-0.4491356038527780 0.3166172294462508 0.5000000000000000
0.4999491848381398 0.3681424046327706 -0.0563380289082860
0.5000000000000000 0.4433251070442912 -0.0884232361754745
0.0354678687300581 -0.5000000000000000 -0.2399182789439740
-0.1681875835681165 -0.5000000000000000 -0.1301670681067290
0.5000000000000000 -0.2352126412416982 -0.2708112117507521
0.5000000000000000 -0.2837756493546693 -0.2283907889406761
0.5000000000000000 -0.2607668131863143 -0.3181573095551323
0.0428875500873695 -0.0296200118996198 -0.5000000000000000
0.1170719522660347 0.0345227914400069 -0.5000000000000000
0.1352811592688266 -0.0126740300473326 -0.5000000000000000
0.1783599278028403 0.0031578350179552 -0.5000000000000000
0.3618935564023725 -0.0142666669761635 -0.5000000000000000
-0.5000000000000000 -0.1919502096177033 -0.2864437973373748
-0.5000000000000000 -0.2702889752347412 -0.2642151368935870
-0.5000000000000000 -0.2536095119511882 -0.3329767633702940
-0.5000000000000000 -0.2590278099479001 -0.2226796975607478
-0.4946218852301484 0.2175183255000588 -0.2807417759664610
-0.5000000000000000 0.0930618943850079 -0.3628572100575574
-0.5000000000000000 0.0344625256505339 -0.3358204774581077
-0.5000000000000000 0.1391651656760103 -0.3364928402967772
-0.5000000000000000 0.0142453289859634 -0.3479507023247079
0.1338937518721856 0.5000000000000000 0.0116978161984751
0.0343722427422739 0.3793205459260156 0.5000000000000000
-0.0157269425158296 0.3137382791677386 0.5000000000000000
0.5000000000000000 0.1462089853242336 0.2767208438332140
0.5000000000000000 0.3644733273286582 0.4708849048061091
-0.5000000000000000 -0.1795501014973710 -0.3070703912333680
-0.5000000000000000 -0.1868722102244730 -0.3410371266972484
-0.3740085055478450 -0.1889876259202239 -0.5000000000000000
-0.1115637847086797 0.5000000000000000 -0.3479137291721528
-0.2398533127933873 0.5000000000000000 -0.3918948666293064
-0.5000000000000000 -0.2519440397809591 -0.4340100818395675
-0.0347487960688093 -0.4931398183825138 -0.4215475087685643
-0.5000000000000000 -0.3240109960564498 -0.2710107534727534
-0.0577476263153669 -0.0526705461841899 -0.4932847767461965
-0.0831315946645064 0.0975035464308551 -0.5000000000000000
0.5000000000000000 0.3497188405925001 0.1658914305911768
-0.4001331257178559 -0.2276440069716475 0.5000000000000000
0.5000000000000000 0.3320658098336794 0.1685770847566229
0.1173554723911401 0.1168489332896680 -0.5000000000000000
-0.5000000000000000 0.0421618578334699 -0.4664823682316447
0.3824815603167526 -0.2218673080199676 0.5000000000000000
-0.1440377774447583 -0.4300772484886791 -0.5000000000000000
0.1533327377622468 -0.4743697895845868 -0.5000000000000000
-0.1574340102485922 -0.3541160996953652 -0.5000000000000000
0.0082603144316499 -0.5000000000000000 -0.4551063550458572
0.5000000000000000 0.4656574080036916 -0.3603537347004279
0.5000000000000000 0.4299546216638796 -0.2884085147334289
0.5000000000000000 -0.1754253438472350 0.3921757080844073
-0.5000000000000000 -0.2392744430672492 -0.4625697064059327
-0.3654433894916868 -0.2066370738552354 -0.5000000000000000
-0.2617254545669558 -0.2800290690401449 -0.5000000000000000
-0.0291169582124427 0.4062009584095722 0.5000000000000000
0.0243762153886633 0.4301167233427710 0.5000000000000000
0.4382123233665045 -0.0219511217242540 -0.4957648295173083
0.0352741060795631 -0.1441764635375743 0.5000000000000000
0.0546692166360407 -0.1485390612015704 0.5000000000000000
0.0244066773810691 -0.1537834444021415 0.5000000000000000
0.0368888413547271 -0.1463509277316768 0.5000000000000000
-0.0797858586296684 -0.1706744309054097 0.5000000000000000
-0.5000000000000000 0.3464914089975421 -0.3046513865463347
-0.3626887220354432 -0.0057822670656576 0.5000000000000000
0.5000000000000000 0.2487802102053299 0.4015557816242305
-0.4994816647944202 0.3968186676697368 -0.1542354555854813
0.4556100259545501 0.0038569581145323 -0.5000000000000000
-0.1982017457931330 -0.4984717564886882 -0.1122105989019258
0.5000000000000000 -0.3637750137990570 -0.1028077960303939
0.2581089108933133 0.1655042889750715 0.5000000000000000
0.4684197646345581 -0.5000000000000000 0.0515166573798354
0.5000000000000000 -0.4040502916411587 0.0817144013044157
-0.5000000000000000 -0.0455960565909906 0.3686794905103634
-0.5000000000000000 0.2060534455045065 0.0800500222676062
0.5000000000000000 0.4220063403671891 -0.0988109813472961
0.5000000000000000 -0.1880299526766260 0.4409491881511175
0.5000000000000000 -0.3492609183832072 -0.1157440331748323
-0.1161148487382217 0.4604691599770093 0.5000000000000000
0.5000000000000000 -0.2596528374962134 0.4049366786393436
-0.3825595209666454 -0.2368571909802666 0.4912979254654458
0.5000000000000000 -0.3273834439216430 -0.1541913197423029
0.3867105107800989 -0.5000000000000000 -0.0981191412767262
-0.2880856722089550 0.3122702461477815 0.5000000000000000
-0.3018506659571304 0.5000000000000000 -0.0770794116400005
0.5000000000000000 -0.0493202766200774 -0.0872167175595563
0.5000000000000000 -0.0351119936404521 -0.1054511992554283
0.5000000000000000 0.0005641965894092 -0.1315913188307950
0.5000000000000000 0.0321164503564507 -0.0520390201671527
-0.5000000000000000 0.1249771415247174 -0.0092704027139766
-0.5000000000000000 0.0145624642298515 -0.4451171499942665
0.4208944920296297 -0.2793705381410351 -0.5000000000000000
0.1894298626658533 -0.1459735995076274 -0.5000000000000000
-0.1643980012831525 0.4766181305376231 -0.5000000000000000
0.5000000000000000 0.4437246298379863 -0.0796163456498067
0.5000000000000000 0.4373844014548335 -0.1009336774173398
0.0135853198779973 0.3825375428311142 -0.5000000000000000
-0.1140053582248978 0.4720656282988435 0.5000000000000000
0.5000000000000000 -0.0921719182407737 0.0040194753212128
-0.5000000000000000 0.1060025437015475 -0.0644899097598780
-0.4159954176924162 -0.2361935461559638 0.5000000000000000
0.2216130536039148 -0.1609687842593436 -0.5000000000000000
-0.1623099755262451 0.4327326708875167 0.5000000000000000
0.5000000000000000 0.0225960837227343 -0.1399257145025957
-0.5000000000000000 -0.1076543022858960 0.1857228462494204
-0.3831670131312900 0.3204728450237744 0.5000000000000000
0.5000000000000000 -0.1133664839983755 -0.0002753028614937
0.5000000000000000 -0.0322365577130833 -0.0007476310771913
-0.5000000000000000 -0.0816625799877027 0.3021261743580377
-0.5000000000000000 -0.1171224054717727 0.2316532405786872
-0.1459010535287519 0.5000000000000000 -0.4076727741253629
0.5000000000000000 0.0658268846681059 -0.0227312653209103
0.3848564516789891 -0.0674949370992167 -0.5000000000000000
-0.5000000000000000 -0.0680236887384321 0.3377787345256654
-0.4865575474102138 0.1955695458914527 0.0670578614439273
0.4731754741404803 -0.0441452057903838 -0.5000000000000000
230 139
0 3
0 20
0 23
0 25
0 28
0 31
0 79
0 95
0 100
0 119
0 1012
0 168
0 169
0 195
0 196
0 199
0 216
0 227
1 231
1 232
1 233
1 234
1 50
1 84
1 101
1 109
1 111
1 235
1 236
1 182
1 237
1 238
2 51
2 239
2 79
2 240
2 100
2 102
2 241
2 242
2 243
2 244
2 168
2 1177
2 245
2 197
246 84
247 108
248 109
249 156
250 221
251 29
252 573
253 143
254 467
3 25
3 31
3 42
3 89
3 92
3 95
3 113
3 130
3 148
3 255
3 169
3 256
3 200
3 224
3 229
257 17
258 63
259 39
260 124
261 32
262 126
263 128
264 134
4 14
4 30
4 43
4 46
4 56
4 265
4 125
4 812
4 137
4 142
4 148
4 180
4 184
4 222
4 226
266 40
267 70
268 84
269 93
270 101
271 136
272 160
5 13
5 273
5 274
5 50
5 275
5 276
5 105
5 131
5 135
5 144
5 277
5 182
5 278
5 279
5 280
5 281
5 282
5 1191
6 12
6 85
6 283
6 95
6 113
6 284
6 130
6 285
6 286
6 287
6 288
6 289
6 199
290 191
291 221
292 57
293 88
294 106
7 14
7 295
7 47
7 60
7 99
7 108
7 120
7 147
7 155
7 163
7 179
7 180
7 190
7 226
8 12
8 23
8 296
8 297
8 85
8 298
8 97
8 100
8 299
8 114
8 300
8 301
8 168
8 197
8 199
8 302
8 220
9 32
9 36
9 303
9 66
9 86
9 103
9 304
9 133
9 143
9 305
9 186
9 467
9 193
306 41
307 1146
10 33
10 69
10 87
10 107
10 113
10 122
10 308
10 309
10 310
10 159
10 198
10 200
10 210
10 217
10 311
10 312
10 224
10 1168
10 313
314 26
315 56
316 71
317 131
318 218
11 16
11 319
11 35
11 37
11 57
11 72
11 80
11 88
11 90
11 96
11 106
11 115
11 120
11 141
11 152
11 171
11 185
12 23
12 320
12 321
12 85
12 322
12 97
12 114
12 323
12 199
13 32
13 324
13 86
13 103
13 105
13 131
13 133
13 144
13 325
13 186
13 193
13 214
13 1191
14 43
14 326
14 60
14 120
14 125
14 137
14 180
14 195
14 226
14 1225
327 38
328 97
329 172
330 197
15 35
15 47
15 57
15 96
15 142
15 171
15 331
15 204
15 208
15 211
15 332
15 228
16 27
16 37
16 73
16 102
16 120
16 141
16 146
16 152
16 185
16 195
16 225
16 1225
333 1146
17 334
17 335
17 63
17 100
17 336
17 337
17 338
17 339
17 340
17 341
17 342
17 343
17 216
17 344
17 220
345 38
346 57
347 72
348 80
349 88
350 172
351 202
352 51
353 153
354 60
355 39
356 146
18 24
18 357
18 87
18 104
18 110
18 358
18 122
18 359
18 162
18 360
18 165
18 1146
18 361
18 177
18 362
18 363
19 41
19 364
19 365
19 52
19 366
19 112
19 116
19 367
19 126
19 134
19 368
19 194
19 219
19 369
20 22
20 25
20 28
20 31
20 42
20 1012
20 370
20 1130
20 169
20 183
20 196
20 205
20 227
21 108
21 109
21 115
21 155
21 156
21 157
21 161
21 163
21 167
21 213
22 59
22 1012
22 1130
22 183
22 205
22 227
371 24
23 372
23 373
23 374
23 63
23 375
23 376
23 100
23 168
23 199
23 377
23 216
23 220
378 133
379 1191
24 380
24 381
24 382
24 71
24 81
24 383
24 384
24 385
24 386
24 104
24 387
24 122
24 132
24 388
24 159
24 165
24 389
24 1146
24 390
24 391
24 219
24 1179
25 31
25 73
25 79
25 92
25 95
25 119
25 130
25 1012
25 148
25 195
25 205
25 227
25 229
392 28
393 79
394 1012
395 146
396 1225
397 221
398 97
399 114
400 27
401 39
402 60
403 120
404 121
405 147
406 1225
26 407
26 32
26 56
26 71
26 75
26 408
26 409
26 103
26 128
26 131
26 410
26 411
26 412
26 218
26 413
27 102
27 120
27 121
27 146
27 152
27 185
27 414
27 195
27 225
27 1225
415 82
416 87
417 177
28 79
28 100
28 418
28 1012
28 419
28 1130
28 168
28 420
28 1177
28 196
28 216
421 95
422 169
423 196
424 199
425 216
29 44
29 426
29 98
29 117
29 143
29 427
29 428
29 429
29 430
29 431
29 432
29 433
434 192
30 46
30 48
30 56
30 62
30 142
30 149
30 150
30 151
30 174
30 175
30 179
30 180
30 184
30 204
30 222
435 64
436 78
437 80
438 166
439 66
440 117
441 143
31 42
31 59
31 89
31 95
31 169
31 183
31 227
31 229
442 103
443 192
444 33
445 48
446 107
447 149
448 150
449 174
450 208
451 211
452 40
453 50
454 55
455 91
456 101
457 189
458 206
32 75
32 86
32 103
32 459
32 128
32 131
32 460
32 461
32 462
32 186
32 218
463 38
464 64
465 72
466 172
468 98
469 41
470 87
471 122
33 472
33 473
33 69
33 474
33 92
33 107
33 113
33 475
33 149
33 150
33 476
33 477
33 1168
33 478
479 100
480 1177
481 220
482 81
34 36
34 44
34 483
34 484
34 65
34 91
34 143
34 467
34 206
35 57
35 485
35 486
35 92
35 96
35 106
35 141
35 171
35 211
36 44
36 54
36 62
36 65
36 74
36 86
36 143
36 144
36 487
36 488
36 186
36 467
36 193
36 206
36 214
37 72
37 73
37 79
37 85
37 88
37 102
37 106
37 119
37 130
37 141
37 152
37 158
37 172
37 197
489 162
38 64
38 72
38 490
38 491
38 492
38 493
38 129
38 494
38 495
38 1114
38 172
38 496
38 202
38 497
38 498
38 499
38 500
39 501
39 502
39 108
39 503
39 121
39 124
39 504
39 505
39 506
39 147
39 153
39 154
39 156
39 164
39 167
39 507
39 508
39 509
39 510
39 511
40 55
40 58
40 91
40 93
40 101
40 189
40 512
513 166
41 514
41 515
41 516
41 52
41 122
41 517
41 518
41 519
41 520
41 1146
41 521
41 522
41 198
41 523
41 524
41 219
41 525
526 65
527 74
528 91
530 112
532 174
533 194
534 114
42 89
42 118
42 535
42 536
42 537
42 538
42 1148
42 169
42 183
42 200
42 207
42 210
42 227
539 125
540 215
541 226
542 174
543 66
544 573
545 133
546 193
43 547
43 46
43 548
43 549
43 125
43 812
43 137
43 138
43 550
43 551
43 552
553 105
554 111
555 135
556 179
557 182
558 190
559 226
560 76
561 166
562 181
563 212
564 82
565 110
566 118
567 162
568 177
569 207
570 52
571 112
572 194
574 52
44 575
44 576
44 91
44 98
44 143
44 577
44 578
44 192
44 579
44 206
44 580
581 46
582 59
583 812
584 137
585 138
586 195
587 205
588 229
45 49
45 54
45 56
45 62
45 68
45 71
45 75
45 94
45 116
45 174
45 175
45 184
45 201
45 218
589 60
590 111
591 182
46 56
46 59
46 69
46 132
46 812
46 137
46 138
46 140
46 148
46 149
46 151
46 159
46 195
46 209
46 222
46 229
47 58
47 90
47 592
47 96
47 99
47 115
47 142
47 157
47 161
47 163
47 179
47 180
47 189
47 204
47 228
593 122
594 1146
595 1179
48 62
48 65
48 74
48 142
48 531
48 596
48 174
48 175
48 597
48 201
48 204
48 208
48 598
48 223
49 54
49 56
49 71
49 94
49 112
49 116
49 132
49 151
49 174
49 175
49 198
49 218
49 219
599 467
50 101
50 105
50 135
50 144
50 179
50 600
50 182
50 189
50 601
50 602
50 206
50 214
50 1191
51 603
51 102
51 604
51 605
51 146
51 153
51 154
51 606
51 607
51 608
51 609
52 112
52 116
52 122
52 610
52 611
52 612
52 613
52 198
52 219
52 614
615 98
616 192
617 55
618 91
619 192
53 59
53 87
53 89
53 620
53 110
53 122
53 138
53 140
53 159
53 162
53 165
53 183
53 207
53 209
53 210
53 217
621 63
54 529
54 62
54 65
54 68
54 116
54 134
54 622
54 174
54 175
54 186
54 467
54 194
54 201
55 58
55 91
55 93
55 623
55 139
55 178
55 187
55 624
55 625
626 97
627 114
628 63
629 199
630 220
56 71
56 75
56 631
56 125
56 131
56 132
56 812
56 151
56 175
56 184
56 632
56 215
56 218
56 633
634 59
635 138
636 205
57 637
57 80
57 638
57 639
57 640
57 88
57 641
57 90
57 96
57 106
57 211
57 228
57 642
643 209
644 80
645 181
58 61
58 74
58 646
58 77
58 91
58 647
58 93
58 101
58 648
58 123
58 649
58 139
58 161
58 178
58 189
58 204
58 650
58 651
58 228
59 89
59 652
59 653
59 654
59 655
59 138
59 140
59 162
59 183
59 205
59 227
59 229
656 102
657 145
658 154
659 158
660 172
661 197
529 65
529 531
529 467
529 194
529 201
529 223
662 63
663 114
664 220
60 665
60 666
60 667
60 108
60 111
60 147
60 668
60 669
60 163
60 190
60 670
60 226
61 67
61 77
61 90
61 93
61 101
61 109
61 671
61 161
61 178
61 213
61 228
672 76
673 212
674 91
675 192
676 206
62 65
62 68
62 74
62 75
62 105
62 131
62 174
62 175
62 179
62 184
62 186
62 189
62 201
62 204
62 214
62 223
677 92
678 113
679 1168
680 133
681 193
63 682
63 683
63 684
63 685
63 686
63 687
63 216
63 688
63 220
64 72
64 78
64 80
64 689
64 129
64 690
64 145
64 158
64 1114
64 164
64 166
64 176
64 691
64 202
692 82
693 87
694 177
65 74
65 91
65 695
65 531
65 696
65 697
65 467
65 201
65 206
65 698
65 699
65 223
66 700
66 117
66 573
66 143
66 701
66 193
702 177
67 77
67 84
67 93
67 109
67 703
67 127
67 156
67 704
67 170
67 187
67 188
67 213
705 181
68 75
68 94
68 116
68 128
68 706
68 186
68 201
69 107
69 113
69 140
69 149
69 150
69 159
69 217
69 222
69 224
69 229
70 83
70 84
70 127
70 707
70 136
70 160
70 187
70 188
70 708
70 709
71 710
71 81
71 94
71 711
71 126
71 128
71 132
71 175
71 712
71 713
71 218
71 219
71 1179
714 125
715 215
716 226
72 80
72 88
72 129
72 717
72 152
72 158
72 172
72 176
72 197
72 202
73 79
73 92
73 102
73 106
73 119
73 130
73 141
73 146
73 152
73 195
718 467
719 194
74 91
74 720
74 189
74 204
74 206
74 721
74 214
74 223
722 113
723 85
724 97
725 114
75 94
75 116
75 128
75 131
75 184
75 186
75 218
726 81
727 125
728 132
729 812
730 77
731 123
732 139
733 178
76 83
76 734
76 735
76 736
76 737
76 738
76 739
76 181
76 203
76 740
76 212
77 93
77 123
77 741
77 127
77 742
77 743
77 170
77 178
77 187
77 213
78 80
78 744
78 745
78 115
78 129
78 145
78 1114
78 166
78 167
78 746
78 170
78 173
78 176
78 747
78 212
78 213
79 100
79 102
79 119
79 1012
79 146
79 168
79 1177
79 195
79 197
748 114
749 193
750 134
751 108
752 147
80 753
80 90
80 96
80 115
80 754
80 129
80 152
80 1114
80 755
80 170
80 176
80 202
80 213
80 228
756 133
757 1191
758 192
81 759
81 760
81 122
81 132
81 812
81 761
81 159
81 165
81 762
81 763
81 764
81 209
765 82
766 87
767 200
82 87
82 768
82 110
82 118
82 769
82 1148
82 177
82 200
82 207
82 210
770 228
771 211
772 1114
773 166
774 212
83 775
83 127
83 136
83 160
83 170
83 181
83 188
83 203
83 212
776 1191
84 93
84 101
84 109
84 127
84 777
84 136
84 778
84 779
84 156
84 160
84 187
84 188
84 780
84 213
84 221
781 145
782 156
783 166
784 167
785 173
786 188
787 203
788 212
789 126
790 134
791 160
792 191
793 221
794 1146
795 211
796 228
85 88
85 97
85 106
85 114
85 119
85 130
85 797
85 168
85 798
85 799
85 197
85 199
85 800
85 801
85 802
803 192
804 209
805 103
806 105
807 131
808 133
809 215
810 1191
86 103
86 133
86 186
86 193
86 214
811 1012
813 138
814 187
815 92
816 106
817 171
818 124
819 145
820 156
821 167
87 110
87 122
87 822
87 823
87 824
87 825
87 1148
87 1146
87 177
87 200
87 210
87 217
87 826
87 827
87 828
88 97
88 106
88 130
88 829
88 172
88 830
88 197
88 831
88 832
88 833
834 123
835 127
836 136
837 139
838 178
839 187
840 95
841 199
89 140
89 183
89 200
89 210
89 217
89 224
89 227
89 229
842 193
843 136
844 160
845 191
846 165
847 92
848 150
849 171
850 211
90 96
90 99
90 115
90 851
90 155
90 157
90 161
90 213
90 228
91 852
91 853
91 139
91 854
91 855
91 189
91 192
91 206
91 856
857 139
858 189
859 204
860 228
92 106
92 113
92 130
92 141
92 148
92 150
92 171
92 861
92 195
92 862
92 224
93 101
93 109
93 139
93 178
93 187
93 863
93 213
864 172
865 97
866 100
867 168
868 1177
869 197
870 220
94 116
94 126
94 128
94 218
94 219
95 113
95 119
95 130
95 871
95 169
95 872
95 199
95 216
96 99
96 115
96 120
96 141
96 142
96 155
96 171
96 180
96 185
96 228
873 118
874 177
875 136
876 160
877 181
878 191
879 203
880 169
881 196
882 216
883 220
97 884
97 114
97 172
97 885
97 197
97 886
97 887
98 117
98 143
98 888
98 889
98 890
98 891
98 892
98 893
98 192
98 894
98 895
896 118
99 115
99 120
99 147
99 155
99 157
99 163
99 179
99 180
99 185
100 897
100 168
100 898
100 1177
100 216
100 220
101 109
101 161
101 179
101 182
101 189
899 117
900 128
901 218
902 1179
102 121
102 146
102 152
102 154
102 903
102 158
102 168
102 1177
102 904
102 905
102 197
103 906
103 907
103 908
103 131
103 133
103 909
103 910
103 911
103 912
104 122
104 165
104 1146
104 177
105 131
105 135
105 144
105 179
105 180
105 184
105 189
105 190
105 214
105 215
105 913
105 226
106 130
106 141
106 914
107 122
107 149
107 150
107 151
107 915
107 159
107 174
107 198
107 217
108 109
108 111
108 916
108 147
108 917
108 155
108 156
108 163
108 167
108 918
919 114
920 197
921 812
922 138
923 162
924 183
925 207
926 209
109 111
109 927
109 156
109 157
109 161
109 163
109 179
109 182
109 189
109 190
109 213
110 122
110 928
110 162
110 165
110 177
110 183
110 207
110 210
110 217
111 135
111 929
111 930
111 163
111 182
111 190
111 931
932 114
933 114
112 116
112 934
112 151
112 935
112 174
112 194
112 936
112 198
112 219
937 202
938 197
939 573
940 133
941 143
942 186
943 193
113 130
113 148
113 150
113 944
113 945
113 946
113 947
113 200
113 948
113 210
113 949
113 224
113 1168
114 950
114 951
114 952
114 953
114 954
955 228
956 124
115 957
115 152
115 155
115 156
115 157
115 167
115 173
115 176
115 185
115 213
115 225
116 126
116 128
116 134
116 958
116 174
116 194
116 219
117 143
117 959
117 960
117 961
117 962
117 963
117 964
117 965
966 133
967 193
118 968
118 969
118 970
118 971
118 972
118 1148
118 169
118 183
118 973
118 207
119 130
119 168
119 195
119 197
119 199
974 1146
120 121
120 137
120 141
120 147
120 148
120 155
120 171
120 180
120 185
120 195
120 226
120 1225
121 124
121 146
121 147
121 152
121 153
121 154
121 155
121 164
121 185
121 975
121 976
121 225
122 977
122 978
122 159
122 165
122 979
122 1146
122 198
122 980
122 217
122 219
122 981
122 982
122 983
123 127
123 984
123 985
123 986
123 178
123 187
123 987
124 988
124 989
124 990
124 145
124 153
124 154
124 164
124 167
125 991
125 180
125 184
125 992
125 993
125 994
125 215
125 226
995 228
126 128
126 134
126 996
126 218
126 219
126 1179
573 143
573 997
573 467
998 170
999 213
1000 228
1001 162
1002 183
1003 207
127 136
127 1004
127 1005
127 160
127 166
127 1006
127 170
127 181
127 1007
127 187
127 188
127 212
128 134
128 1008
128 1009
128 186
128 218
128 1179
1010 139
1011 187
1013 136
129 1114
129 176
129 202
130 141
130 1014
130 199
130 1015
131 184
131 186
131 214
131 215
131 1016
132 812
132 151
132 159
132 175
132 1017
132 209
132 219
133 1018
133 1019
133 193
133 1020
133 1021
133 1191
133 1022
1023 158
1024 172
134 1025
134 1026
134 194
134 1027
135 144
135 179
135 182
135 1028
135 190
1029 145
1030 153
1031 154
1032 169
1033 196
812 138
812 209
812 1034
136 1035
136 160
136 1036
136 1037
136 181
136 1038
136 1039
136 187
136 1040
136 1041
136 1042
137 148
137 1043
137 180
137 195
137 229
1044 183
1045 182
138 140
138 159
138 162
138 209
138 229
1046 1168
1012 146
1012 1130
1012 1177
1012 195
1012 205
1012 1047
1012 1048
1012 1225
1049 146
139 1050
139 178
139 187
139 1051
139 1052
139 1053
140 149
140 151
140 159
140 209
140 217
140 229
141 148
141 152
141 171
141 185
141 195
142 148
142 149
142 150
142 171
142 174
142 179
142 180
142 204
142 208
142 222
143 1054
143 1055
143 1056
143 467
143 193
143 1057
144 1058
144 189
144 193
144 206
144 214
144 1191
1059 145
1060 153
1061 154
1062 153
1063 156
1064 167
1065 191
1066 203
1067 221
1068 160
1069 191
1070 221
1071 193
1072 1191
1073 198
531 174
531 194
531 1074
531 1075
531 223
1076 1146
1077 174
1078 166
1079 181
1080 212
1081 181
145 154
145 158
145 164
145 167
145 173
145 176
145 1082
1083 177
1084 169
146 1085
146 1177
146 1086
146 1087
146 195
146 1088
146 1225
1089 166
1090 170
147 155
147 163
147 164
147 167
147 185
147 1091
147 1092
1093 197
1094 203
1095 212
148 150
148 171
148 180
148 195
148 222
148 224
148 229
1096 1130
1097 196
1098 216
1099 198
149 150
149 151
149 159
149 174
149 175
149 222
150 171
150 174
150 208
150 211
150 222
150 224
151 159
151 174
151 175
151 198
151 219
152 154
152 158
152 164
152 176
152 185
152 225
153 154
153 1100
153 1101
153 1102
153 1103
153 1104
153 1105
153 1106
153 1107
1108 162
1109 186
1110 467
1111 194
154 158
154 164
154 1112
155 157
155 163
155 164
155 167
155 176
155 185
155 225
156 160
156 167
156 170
156 173
156 188
156 191
156 203
156 1113
156 213
156 221
1115 202
1116 219
1117 1179
1118 174
1119 194
1120 198
1121 1148
1122 169
1123 200
1124 224
1125 1168
157 161
157 163
157 213
1126 162
1127 165
1128 177
1129 209
1131 169
1132 183
1133 196
1134 207
158 164
158 172
158 176
158 1135
158 197
159 165
159 198
159 209
159 217
159 219
160 1136
160 188
160 191
160 203
160 1137
160 221
1138 178
1139 181
161 163
161 179
161 189
161 190
161 213
161 228
162 1140
162 165
162 177
162 183
162 1141
162 207
162 209
1142 177
163 179
163 190
1114 202
1143 220
1144 220
1145 177
164 167
164 176
164 185
164 225
165 1147
165 209
165 217
1149 169
1130 196
166 1150
166 170
166 173
166 212
167 173
167 176
1151 1191
1152 170
168 1177
168 197
168 199
168 216
1148 169
1148 183
1148 200
1148 207
169 1153
169 196
169 1154
169 216
169 227
170 173
170 188
170 212
170 213
171 180
171 208
171 211
1155 192
1146 1156
1146 1157
1146 1158
1146 1159
172 197
172 202
172 1160
172 1161
1162 192
173 176
173 188
173 212
173 213
174 175
174 194
174 198
174 201
174 208
174 223
175 184
175 201
176 225
177 1163
177 1164
177 1165
1166 191
1167 203
178 187
179 180
179 182
179 184
179 189
179 190
179 204
179 226
1169 189
1170 192
1171 193
1172 206
1173 1191
180 184
180 190
180 226
1174 216
181 212
182 189
182 1175
182 190
183 200
183 207
183 210
183 217
183 227
1176 187
184 204
184 215
184 226
1178 1168
185 195
185 225
185 1225
186 467
186 214
1180 194
187 1181
188 191
188 203
188 212
188 221
189 204
189 206
189 214
467 194
467 201
467 1182
467 1183
467 223
190 1184
190 226
1185 1225
1186 202
1187 192
1188 194
191 203
191 1189
191 221
192 1190
193 206
193 214
193 1191
194 1192
194 201
194 223
194 1193
1194 221
1195 197
1196 204
1197 208
1198 211
1199 228
195 205
195 1200
195 1225
195 229
196 216
1201 207
198 219
198 1202
199 216
200 207
200 210
200 1203
200 224
1204 220
201 223
202 1205
202 1206
1207 220
203 1208
203 212
204 208
204 1209
204 228
205 1210
205 227
205 1225
205 229
206 214
1211 1191
207 210
208 211
210 217
210 1212
210 224
1213 221
211 1214
211 228
1215 215
1216 221
1217 223
1218 228
215 1219
215 226
215 1220
216 220
217 224
217 229
218 219
218 1179
219 1179
220 1221
222 224
222 229
1222 228
1223 1168
224 229
1224 226
1168 1226
227 229
