1325 2375 0
-0.1036001680829080 -0.3328550731166904 -0.1298137705324294
-0.0264701758206459 -0.4019999917137083 0.4157803932104542
0.2763261177643780 0.0239191790244469 0.1104524409564814
-0.4586746163509656 -0.3864778755324695 0.1485401012596856
0.4544650563084160 -0.1501199025014494 -0.1900104504287984
-0.1419257254080439 0.4055600139328087 0.2184827636420718
-0.1755656903027604 0.4339088552895264 0.4240864855975232
-0.2913443348585631 -0.2601211243285529 -0.3283762608527432
-0.2950208690450100 -0.1880313485887037 -0.2444360873668263
0.0815098783010392 0.3591264752876844 -0.4768591154871862
0.0515586494093013 0.4933213058462714 -0.2339732659275511
-0.2242894542511411 -0.4081908741635770 -0.0759342827719301
0.1621274449165314 -0.4094930243627761 -0.3267290690439217
0.4296748082541315 0.1322862135897357 0.0114421495086080
-0.3358522212537241 -0.1700377122331908 0.1586923633468626
0.4711039966278119 -0.2608088230705363 -0.3106444891647997
0.1658584942613930 -0.0534539329662125 0.1760232609683826
-0.2028357082352180 0.3793691007878922 0.0852519134356499
-0.3653912210916470 -0.1212678322538887 -0.1730954757088772
0.0397159740471909 0.4980015454393596 -0.4639629884572871
0.4759072618238872 -0.0287887205330053 -0.3166934835209350
-0.4551939480063897 0.4155749019081563 0.3026962794887069
0.0052951265700414 0.4232455053744661 -0.4817001956925763
-0.3644865996225350 -0.1376582199044177 -0.4340789368764346
-0.2391908636985572 -0.0478446719324206 0.3589529196734474
-0.3366405951443642 -0.3211344777958594 -0.4562945918951129
0.4149141509599746 -0.3858502755332973 0.3755019602012865
-0.3403506030039805 -0.2983958921744933 -0.2439025445960572
0.1302205809558747 -0.4763681503090879 -0.1556634706581994
0.3975934497027448 0.4081646964356468 -0.0823741343567228
0.0120956752919985 -0.0643899776286708 0.1966134354313637
0.2627400936560210 -0.0319237352155290 -0.1179480648187893
0.2064170420097214 0.4675640381495985 -0.2455892458341451
-0.1377201974955637 -0.3763902849888184 -0.4416011405828347
0.4741710253948230 0.2795113957611532 0.0404550556888391
-0.0900406803957377 0.3675844793464844 0.0987773404043152
0.0295434113717708 0.4485530562981527 -0.3723716369261528
-0.1497646899864614 0.2600253043515574 -0.4370087694787237
-0.4083010861188506 -0.3766635814859031 0.3144917692139307
-0.4211397985239230 -0.2284864324877550 -0.2052954282502377
0.1419633852244426 -0.2984255115509042 -0.4239975748783630
-0.4741898327136753 -0.4792546331942690 0.0550825876333094
0.3508058684181335 0.0510960359630737 0.0637684106298447
0.0013312625489548 -0.0228323675998424 -0.2081913503955722
0.1808637839016937 -0.1829515242610144 -0.4026144103131865
0.1299751519496253 0.3648040858519102 0.2718011204940805
-0.2968601342900205 0.0904956121697202 0.4305894667729879
-0.0764630882313335 -0.2995758860628617 -0.2445105470457460
0.0442251973774661 0.3331223072993955 -0.0822220579465691
0.2281164585191932 0.1926828862441007 0.2111101071707243
-0.3039893076839832 0.4149760654150488 -0.1934716935928092
0.4057080812888336 -0.1092677434876765 -0.4341499608637798
-0.3853382121821662 0.2869136649960130 0.0389422211382139
-0.3836934761110988 -0.1442851446531197 0.0697454130384282
0.2100529372122039 0.2517566331456073 0.2158810111169986
0.1813001800401063 0.0391835058717400 -0.4758775944325765
0.3065665395678544 0.1104996550752461 -0.0819424042425734
-0.0911505806694222 -0.3877496029081199 -0.4505729165512977
-0.1533392098609754 -0.1863471215057470 0.0930917207975599
0.3111902762317669 0.0315819453670675 0.2196207661243143
-0.2237048186609697 -0.1834896631969913 0.3807565470869551
0.2495093052402396 -0.3418999688828566 0.2249095935400349
0.1358616366676719 -0.2876407751964878 0.1725394606534114
-0.2714600700989315 0.0198917469339707 0.0889486947895331
0.4248836844497360 0.2119149578228691 0.3471134893938708
0.4368281695397292 -0.0231693018949936 0.1777940809972777
0.4649571896128611 0.4518339923123478 0.4069360772715629
-0.1614837254000350 -0.0705056473412576 0.2486528181597535
0.0055011865055226 -0.2325453928737761 -0.0485529061599953
-0.3611541640405170 0.1558418684461307 -0.0317099870488464
0.4519423385706536 0.0772403496179220 0.3514592435182657
-0.4200723302892728 -0.1371847543712393 -0.4400799916071119
-0.4897056797932138 0.4573152889961571 0.2919177858776691
0.1641375535324392 0.0399136518761749 0.4058963612674168
0.0949045689275721 0.0442694404975016 -0.1336440666717904
0.4035579920928291 0.1789829339669139 -0.0861284212093165
0.3527828792983639 -0.2237359298851602 -0.3599831728094604
0.1850880846576958 -0.1392436844351129 0.2661452271262654
0.0344814969484349 -0.0144287292862641 0.4223737233327916
0.2115646936834202 -0.3122539467868722 0.0852551696292280
0.1978747274390684 -0.1259331253400011 0.3497618387359517
-0.1537721021654459 0.2917177671168138 -0.3648814762531310
0.2110314876574364 -0.2675855646736732 0.0211578362782577
-0.1775959812348182 0.4025212221379113 0.4732614648657541
-0.2341902594777740 0.2647241071826320 0.0867130877151001
-0.1249075664242441 -0.1244706320615262 -0.4625479623934654
0.3243987557506076 0.3825108168036393 0.2810059655936726
0.0756917035524918 -0.4027630093163949 -0.3514117396357194
-0.0400957827785209 -0.1133890540989646 0.2262362723045732
0.3456100382007591 0.1445272888461117 -0.1819947891431297
-0.1428016221282383 0.3904312250453867 0.3729444580875419
-0.3791186432298273 0.3542033476217645 0.4891723706747040
-0.2400064926149932 -0.4867760045876885 -0.4544279883073845
-0.3569448829679670 0.3618959429364665 0.2060925283056068
-0.3248304072345288 0.4372741335108280 0.3957302387011192
-0.3726236660460364 0.0251311147090458 -0.0651156792001724
0.3426738788400085 0.0572959184607331 0.2382163904491765
-0.1370248776129824 -0.3368570941220942 -0.2886293608713587
-0.0808590907747463 0.4192477670799615 -0.2035071862347211
-0.2091243267371748 0.2422842630877572 0.2250485148817054
0.0972435091419454 0.3385639373581313 -0.4065982960271591
0.4258904196899931 0.4515705662567075 0.2221092997822949
-0.4657468174504704 -0.1945238037612178 0.3600896496096356
0.1605136388994385 0.3374395847876446 0.0218765649397903
-0.2317528405649326 0.3429832324686951 -0.0210526814598776
-0.4216618491615159 -0.4119854554821676 0.4264415879833807
0.1185336447981331 0.3022820031603046 0.1943779954539890
0.0574606992464765 -0.2602850019965427 -0.1620549430356091
0.1138835497207228 -0.0161611206922383 0.4215867673017129
-0.1762054903626359 -0.1524840274013138 -0.0644073045312336
0.4827914536795367 0.0757818031351311 0.3442823486531247
0.0849691199188356 0.3055293126353145 -0.3612951892482622
-0.0205080559780403 -0.2701025957344005 0.0068126219373121
0.0924232417216657 -0.3447091961963927 -0.2080156954076540
-0.0068298828106843 -0.0316524564863896 0.0048264603628616
0.2434752046475557 -0.3777576542928770 0.0091164958262334
-0.1646560417997039 0.4287720716124944 0.1048583081285455
-0.4871787288109405 -0.4220140237657344 0.1109169213886975
-0.4390739806338259 -0.2423266295235114 -0.3395806340422409
-0.1548598596831364 -0.4731139349126416 0.4481238877388017
-0.0432563406667956 0.0977768824506026 0.4823547413802153
-0.2201909663723581 -0.3490465482275680 0.3165577848696518
-0.3535402998987104 -0.4396854604779079 -0.3053939654400409
-0.2631361016996039 0.1398455566463481 -0.1434669611115808
-0.3422214728035494 0.0542231289585868 0.0495733877720987
-0.2839538797038350 0.3591422214454637 0.0404068120077244
0.4298625084151505 0.1171419778366179 -0.2255492883566404
0.4617336975300230 -0.3683301171825153 -0.1117523790794253
-0.1881478719296652 -0.2021796230284730 -0.4826834108506545
-0.0102692586336973 -0.1678325749283942 0.0144692569461462
0.4068438522733020 0.4759818807107992 -0.1953502476583588
-0.4892156434544615 -0.3093935810458039 0.3936109665918628
-0.0479797435442533 -0.3835795832824035 -0.1476099914282170
-0.3738952893155376 -0.2150202701447255 -0.2469644320122836
0.1404271591558469 -0.0108708204452505 -0.1006103809978906
0.0322301152916263 -0.4538615433846568 -0.4778397781802181
-0.2024010580231064 0.4543663552982749 0.2667553205457852
0.4301585348364430 -0.3429859651680025 -0.3137924446853517
-0.1422547734834170 0.0218042471011081 -0.0756781186576582
0.3636887992597055 0.4125464101611875 -0.0982787081053078
-0.3120380617071994 -0.4001218022679314 0.2498215447182771
0.1857328410695031 0.4100884956040037 -0.3929589442876555
0.3562351802735568 -0.4482629622586521 -0.4410095180817743
0.0681595361913515 -0.2028307239968932 -0.0260690442550705
-0.2176624748754508 -0.3016209373460842 0.3504707234538401
-0.0708477138577474 -0.4013745848858786 0.3487066672946909
0.2657083859215729 0.0560262591557940 -0.4676574848970322
-0.2101100523087222 -0.3640935274307337 0.0968115453288618
0.2544282988069775 0.0393049173806135 -0.2773391372635822
-0.3730940240058620 0.1970874040291526 -0.2357844751222554
-0.0071670102010394 -0.1339831181104232 0.2003563938521629
0.1191281607068795 -0.3625163333137125 0.3443089288311798
0.1692098754727786 0.2814713108198009 -0.3842339514913560
-0.4261629850168281 -0.4346431038836344 -0.3433752535688038
-0.1319317134999441 0.0617129962765510 -0.2469484247249729
0.3210412617192308 -0.4370541712897505 -0.3515700380303132
-0.3075688707625125 0.0018682980530503 0.1113481591141448
0.2331721382381493 0.3877511723404777 -0.3909104752321408
0.3673870880050676 -0.1492655475392060 0.0074451299570837
0.1228738855578428 -0.0231443557273091 -0.4280719542400727
0.3332935123626561 -0.3252905623852152 -0.0539088780435572
-0.4119319178316716 -0.0691607747374870 0.2779896766720134
-0.2773902160196411 0.2877062927017274 -0.2646193462839797
-0.3710181543936248 0.1504055855052818 0.2266943184769756
0.1445984420906157 0.3524800183644313 0.3754393284904761
0.1150766479384546 0.2193323557235790 -0.1436187535199953
0.2973186992665565 -0.3749614718104509 -0.3612040451528908
0.4606131654048117 -0.3538555372245831 -0.1640976620773408
-0.2285310361820948 0.3220370869773030 0.0751916667968379
-0.1383613342532528 0.3479959886375105 0.2845844693425005
-0.0772445840398984 -0.1537154522234054 -0.0817277240979472
-0.2152721781341682 0.2824888965231986 0.1227557605219852
-0.1001873358104968 -0.2403284410870765 -0.3191569620712760
0.2280894828505267 -0.1904339510530531 0.0415250883974431
0.3723646646042490 0.2978193045292276 0.4332058203733907
0.0085389225438603 0.4252535798004138 0.3083624271311438
-0.3148338010098466 0.1967945967970930 -0.1586861865078632
-0.0917827759751536 0.1500056664656985 0.1756928069065824
-0.2548052009860934 -0.0981435151594203 -0.1369436398023091
0.2842192427160454 -0.1400973464497704 0.1039904929102248
-0.0889834455576854 -0.3175920137585672 0.1030703427204873
0.4585208725749945 -0.0734364014400160 0.2236674955084993
0.2707202597749452 -0.0390528483172281 0.1796797804972713
0.2474641464934041 0.4335902446553756 0.4490913625446002
-0.0893558219806058 -0.1846443320963660 -0.2521519588593714
0.2851709065593040 0.4042177053222755 -0.4723598658149396
-0.4434826873020715 0.2903112000670808 -0.1999011508278862
-0.2177967050757863 -0.0284754080923893 -0.0954098492543881
0.4684313829538865 -0.0511962586280391 -0.2495241851372687
0.0083536864401570 0.2877398038881710 -0.1721703675692443
0.4771626636286992 0.0546506539936767 -0.3147895995900790
0.4527938426800062 -0.2928174481513328 0.4011120447321378
0.0573060012961210 0.1708005033175103 0.1295555397136131
-0.3778064606536791 0.0628205198157297 0.1408675243503863
-0.1760777355512598 -0.2464806971769071 0.0577356266920558
0.3423240074910433 0.0365485204451968 0.4415861844393926
0.0566761726049401 0.3824154495728604 -0.1090954643608222
0.3387593563035035 0.4172942908177494 0.3436244709555075
-0.0435826738084299 -0.3906600700416339 -0.4331532490339390
0.2617334776431766 0.1223870703207768 -0.2605117584380814
0.4477110907953809 -0.2534344516701208 -0.4405292427135825
0.4051677209624384 0.2089536704427024 0.1413191130395791
0.1483153054054338 -0.3558471626566197 0.0771080155968915
0.1176274467902392 -0.1159556190979961 0.3235881216631050
0.3505975583565604 -0.2695722297135021 0.0398292021942130
-0.1005670771214686 0.3641730260282963 0.0118088038018631
-0.0074903570875950 0.3111354006155950 0.2535420256716771
-0.3621055385407355 0.0412714053849038 -0.1029030966476390
0.4744563741669049 -0.0842111419450900 0.0440856447307718
0.0373127413595311 0.1879393773184880 0.0055284982256690
0.4250282503836817 -0.3480502424608131 0.1750507943350451
0.0631833122976392 0.3937450264030937 -0.2189655002847976
0.1286440487565949 -0.3660462854876427 -0.1763892258487921
0.0511841671629454 0.2088277419280068 -0.4721535897789967
-0.1476786691930994 0.0406055057986281 0.4673230204435576
0.3914801805372762 -0.1659703760459530 -0.1724117365085295
-0.3962788225442312 -0.1558875570797172 -0.3974014635256597
0.1778310738183635 0.2762370357687514 -0.0525293420520820
0.0298777430633175 -0.0692205267905969 0.1442250723872174
-0.0484111116393797 0.4308826762918639 -0.2209438910649973
-0.1198655775756808 0.1759162646694650 -0.0608201034921462
0.2243124005927709 0.0151402516314410 -0.4736202165229549
-0.1582138552112181 0.0723748764720749 0.3495874600175642
0.1570711071628099 0.4500898364135126 -0.4260769307798315
0.5000000000000000 0.1745688087922809 -0.3415335205697277
0.5000000000000000 0.1476687921903516 -0.3148003966325623
0.5000000000000000 0.3488549546023974 -0.3143054617079545
0.5000000000000000 0.2937401177096940 -0.2953981201185644
0.5000000000000000 0.2528354257335778 -0.4375143411876676
0.5000000000000000 0.2014973864515237 -0.3865061976222876
0.5000000000000000 0.0786848061642984 -0.3389220917641613
0.5000000000000000 0.1727105709964230 -0.3942823758644499
0.5000000000000000 0.2169038950850393 -0.3528435841538746
0.0941616633931512 -0.5000000000000000 0.2497814501018318
0.1311692072147551 -0.5000000000000000 0.2736358180699658
-0.0439107678463324 -0.4402718471296549 0.5000000000000000
-0.0847796181271247 -0.3719759873803501 0.5000000000000000
0.3225460393990686 -0.4802109945706096 -0.5000000000000000
0.1978965662474585 -0.4299432974589816 -0.5000000000000000
0.5000000000000000 0.0278366220421903 -0.1175093232477011
-0.5000000000000000 -0.3860590725729440 0.1029252953433073
-0.4266063035629831 -0.5000000000000000 0.2850119838687344
-0.2432764345097696 -0.5000000000000000 0.0399033037108766
-0.5000000000000000 -0.3904503126327928 0.1741550321177435
-0.5000000000000000 -0.3583127489764166 0.1758567714712820
-0.2331649403246287 -0.1387485756910682 0.5000000000000000
-0.2300413368739401 -0.1648440444340976 0.5000000000000000
-0.1985016458488512 -0.1713232695294613 0.5000000000000000
-0.2113853512823577 -0.1548179482108674 0.5000000000000000
-0.2292481751288051 -0.1851331393126910 0.5000000000000000
-0.2097438991270572 -0.1572218939919962 0.5000000000000000
-0.1620565567769541 -0.1018697409732051 0.5000000000000000
-0.1772982885163858 -0.1529211980874673 0.5000000000000000
0.5000000000000000 0.4571696693173176 0.4115783349563563
0.5000000000000000 -0.1885548094059627 -0.2254344582357489
0.5000000000000000 -0.1628051128502463 -0.2660287385126248
0.5000000000000000 -0.2088075361520241 -0.1596201760911073
0.5000000000000000 -0.1471432196418958 -0.1509616324986853
0.5000000000000000 -0.1519964847462577 -0.2476077972725239
0.5000000000000000 -0.1442058730710212 -0.1062616059657332
0.5000000000000000 -0.1397515317498263 -0.2231421347607016
-0.1346526230678352 0.5000000000000000 0.2292076330391534
-0.1824187394982225 0.5000000000000000 0.3080842994001433
0.1762455563416181 0.5000000000000000 0.1113220917488371
0.2663868028557050 0.5000000000000000 -0.0846652492530252
0.1270889171530132 -0.5000000000000000 0.2222442318498488
0.1296623382394679 -0.5000000000000000 0.1967616023362034
0.0122892411379967 -0.5000000000000000 0.3077187210601183
0.0879375549477668 -0.5000000000000000 0.2400568447379697
0.1148814117154438 -0.5000000000000000 0.2350203526214933
0.1178450631855713 -0.5000000000000000 0.2071538828517638
-0.1845199595873366 0.5000000000000000 0.3255618958090625
-0.2666442296422352 0.4601863232453304 0.5000000000000000
-0.2927362765156508 0.4502950705557592 0.5000000000000000
-0.1733697410229866 0.4919125731770830 0.5000000000000000
-0.2464597735785448 0.5000000000000000 0.4776062522495183
-0.1030101422618719 0.5000000000000000 0.3906680568627727
-0.2778297113447917 0.3699075867284107 0.5000000000000000
0.5000000000000000 0.4464716816897343 -0.1440818226450611
0.5000000000000000 0.4313532482922646 -0.1278413208747897
0.5000000000000000 0.4483147436476418 -0.1471576172179197
0.5000000000000000 0.4468087128173470 -0.1447994545338581
0.3354567258713019 -0.2731158714199378 -0.4977605816530064
-0.2693318392711708 -0.1046066602019508 -0.5000000000000000
0.0307354868815207 0.3726710953550181 -0.5000000000000000
0.0902334420914290 0.3579186685514154 -0.5000000000000000
0.1085785199372300 0.3602702735809917 -0.5000000000000000
0.0683168938466885 0.3675229705122249 -0.5000000000000000
0.0983582837732342 0.3505324945554478 -0.5000000000000000
0.1161291454102686 0.3108342703945885 -0.5000000000000000
0.0960610295037551 0.3825575060193783 -0.5000000000000000
0.1529088051098456 0.3361584793861936 -0.5000000000000000
-0.1007351307563788 0.5000000000000000 -0.1288151977027547
0.0759448774441360 0.5000000000000000 -0.2530173951502864
0.0436693202355135 0.5000000000000000 -0.2159155867539744
0.4363217016348602 0.5000000000000000 -0.2241425905896790
-0.1598958728202191 -0.5000000000000000 -0.0956264319553126
-0.5000000000000000 -0.3897059663947298 0.0118008499050011
-0.3856264225599605 -0.5000000000000000 0.2400238502220977
-0.2875492750155471 -0.5000000000000000 -0.1509900152334564
-0.1716251148094340 -0.5000000000000000 -0.0356457593228031
-0.1301624855914646 -0.5000000000000000 -0.3250660311547492
-0.2984131483639336 -0.5000000000000000 -0.0592132566730705
-0.2573088489398184 -0.5000000000000000 -0.2498520004090562
0.0478907797566149 -0.5000000000000000 -0.2306544213315034
0.3377868330681241 -0.4069939172393409 -0.5000000000000000
0.1548780080627126 -0.5000000000000000 -0.3729612120593567
0.1766158692558049 -0.5000000000000000 -0.4285431532551937
0.3366578685135883 0.5000000000000000 0.0012153696467760
0.3275123425414345 0.5000000000000000 -0.0046538821411356
0.5000000000000000 0.1219201882009978 -0.0204539684727880
0.5000000000000000 0.0466265784011407 -0.1073253659729659
0.5000000000000000 0.1743280910745701 -0.0864404505087809
0.5000000000000000 0.1531741113697852 -0.0343015081159656
-0.3512254193653086 -0.3399561406177801 -0.5000000000000000
-0.3950226742246595 0.0196376115334072 0.5000000000000000
-0.4533920045469936 0.0282014218075426 0.5000000000000000
-0.3865263074859266 0.0608080167244024 0.5000000000000000
-0.4395646413765507 0.0225969495581269 0.5000000000000000
0.1213305295930307 0.5000000000000000 -0.1218064443303310
-0.1486521178847590 0.5000000000000000 0.1628240932563583
-0.1780140264795474 0.5000000000000000 0.2580526375893178
-0.0513697910293479 0.5000000000000000 0.2782124874927896
-0.1203656088381686 -0.3562081824902718 -0.5000000000000000
-0.1794622653862591 -0.2052375139374295 -0.5000000000000000
-0.5000000000000000 -0.1633322507947642 0.2407130236745043
-0.5000000000000000 -0.1889852437201320 0.2273855121353958
-0.1928787814582825 0.5000000000000000 0.1742334044162955
-0.2134826821285727 0.5000000000000000 0.2764689577043755
0.5000000000000000 -0.2500198512807095 -0.2939242396368525
0.5000000000000000 -0.2768660958811825 -0.3096742535535548
0.5000000000000000 -0.2361124542380139 -0.3302136223024377
0.5000000000000000 -0.2978324133291202 -0.3639013694351479
0.5000000000000000 -0.2546275395600722 -0.3248684895178192
0.5000000000000000 -0.2654295510522673 -0.3385490239311834
0.5000000000000000 0.3588365501524695 0.1684015989191225
0.5000000000000000 0.4006792279576091 0.1336207163719945
0.5000000000000000 0.4143581211401308 0.1397611604549284
0.5000000000000000 0.3871987343792291 0.1625589460550020
0.5000000000000000 0.4047706354599387 0.1427958932282625
-0.2874371582181392 0.5000000000000000 0.0414474551126035
-0.1129763099136777 0.5000000000000000 -0.1195661619328071
-0.5000000000000000 -0.1331777553480324 0.1572338588040354
-0.3621817824525374 0.1212798547184205 0.5000000000000000
0.5000000000000000 -0.3524232769323663 -0.1045662155241464
-0.2693419116258627 -0.1045923082841976 -0.5000000000000000
-0.5000000000000000 -0.1141703726295823 -0.1389961882928926
-0.5000000000000000 -0.1114934934250133 -0.0719559352348752
-0.5000000000000000 -0.0879240969916652 -0.1007266294091133
0.5000000000000000 -0.3735025759806630 -0.1374128278745178
0.5000000000000000 0.0895482656836443 -0.2305967661936573
0.5000000000000000 -0.0407492164746560 -0.2486310636908997
0.5000000000000000 0.0506095092257711 -0.3067631566244406
0.0630587057071577 0.5000000000000000 -0.4910719461904039
0.3388803274287656 0.3932048364261688 -0.5000000000000000
0.3198458143765905 0.4019668632521539 -0.5000000000000000
0.2866341057131098 0.4219321948594246 -0.5000000000000000
-0.4884126828986907 -0.0259186720765012 0.3159140181157964
-0.5000000000000000 -0.1481609283644397 0.1687701118826519
-0.5000000000000000 -0.1888510059411966 0.3576260551433335
-0.5000000000000000 -0.0949896628300927 0.2975309057460904
0.3040537909042678 -0.3658188836451780 0.5000000000000000
0.2613145654922773 -0.3560894741239081 0.5000000000000000
0.2305186883575699 -0.3593752142749096 0.5000000000000000
0.3232601938013676 -0.3376784748078092 0.5000000000000000
0.2832572168394818 -0.3571667367232192 0.5000000000000000
0.5000000000000000 0.4646332994974138 -0.2440420954750922
0.5000000000000000 0.4226891984058167 -0.1985430317368496
0.4961750292495630 -0.0400083157246119 -0.5000000000000000
0.5000000000000000 -0.0700476310735953 -0.3322509322097071
0.5000000000000000 -0.0264949676531967 -0.3382296724814850
0.5000000000000000 -0.0530689856393718 -0.3281977585848502
0.5000000000000000 -0.0408735640710059 -0.3402462715098787
0.5000000000000000 -0.0053176019688025 -0.3953770349911876
-0.5000000000000000 -0.0672354648001344 -0.4676592537528848
-0.5000000000000000 -0.1127044034189450 -0.4863946721726369
-0.5000000000000000 0.4069884835556775 0.3431259894842567
-0.5000000000000000 0.4544404136325885 0.3682217474414635
-0.4881622204546384 0.3171278446176183 0.5000000000000000
-0.5000000000000000 0.4244363252506691 0.3199481790533196
-0.3994424761451629 0.5000000000000000 0.3786634561090562
-0.5000000000000000 0.3932086426936721 0.2637272457729823
-0.4769228252171093 0.4543326459852248 0.5000000000000000
-0.5000000000000000 0.4100426275943641 0.3477113442826499
-0.5000000000000000 -0.0252686707993622 0.3306874514015753
-0.5000000000000000 -0.1626594232228494 0.3861148602361371
-0.5000000000000000 -0.0526527320735299 0.3602713633845189
-0.0093248772502251 0.4101008375846392 -0.5000000000000000
-0.0702349634959342 0.5000000000000000 -0.4166435729743244
0.0063394355776857 0.4201413064689904 -0.5000000000000000
0.0093386382138995 0.4352195557446056 -0.5000000000000000
0.0265071427421815 0.4345238115759971 -0.5000000000000000
-0.3262646833048191 -0.1494170971174838 -0.5000000000000000
-0.3297888038440382 -0.0627256062021094 -0.5000000000000000
-0.5000000000000000 -0.0888469421037988 -0.3718288516646815
-0.2694017630013218 -0.1046157692447564 -0.5000000000000000
-0.3083395935162213 -0.1772903327535453 -0.5000000000000000
-0.5000000000000000 -0.1221132832212788 -0.2657285740216769
-0.5000000000000000 -0.0942172706438477 -0.2021322108332818
0.1606399642910729 -0.5000000000000000 -0.1833030964330706
0.4798487772496972 -0.0543923268258384 -0.5000000000000000
0.4208308980164412 -0.0087752385439274 -0.5000000000000000
0.4815510243391379 -0.0355843000845661 -0.5000000000000000
0.3943234479060403 -0.0197346563706109 -0.5000000000000000
-0.5000000000000000 -0.4883827671658796 0.0531405173622623
-0.5000000000000000 -0.4341019368571943 0.1030122554589689
-0.5000000000000000 -0.4895799617874564 -0.0895667075396595
-0.2424114889346500 -0.0139360578200752 0.5000000000000000
-0.3999838292682074 -0.0588456940028410 0.5000000000000000
-0.3302313524604303 -0.0415348728651832 0.5000000000000000
-0.1983999217568582 -0.0494790074403737 0.5000000000000000
-0.3045533631480675 -0.3363496927588825 -0.5000000000000000
-0.3096554814122121 -0.3081742303072474 -0.5000000000000000
-0.3204121259532517 -0.3267797153239099 -0.5000000000000000
-0.3254088947910018 -0.3431291047791855 -0.5000000000000000
-0.5000000000000000 -0.3682706417128196 -0.3707478672938795
-0.5000000000000000 -0.2995583717615584 -0.3279008779007744
-0.3028241009208897 -0.2824304400678566 -0.5000000000000000
-0.5000000000000000 -0.3079935386255421 -0.4448879070553891
-0.0657824564243531 0.5000000000000000 0.3323259744430541
-0.1828706169672372 0.5000000000000000 0.3184452048064864
-0.1997742431885383 0.5000000000000000 0.3231693801645815
-0.1877852718930417 0.5000000000000000 0.3083511716223043
-0.1685196534515135 0.5000000000000000 0.3143114382661497
0.0908084312508558 -0.5000000000000000 -0.1488470594904105
-0.0015808299600792 -0.5000000000000000 -0.2397944473742300
-0.0677261590449614 -0.5000000000000000 -0.1322685746724045
0.4159041773512170 -0.5000000000000000 0.3786846048146809
-0.2042596137752680 -0.5000000000000000 0.4537031912075877
-0.2807672226116536 -0.5000000000000000 0.4260989086087603
-0.2210241761795619 -0.5000000000000000 0.4240564443719844
0.5000000000000000 -0.2530480145393720 -0.2157096569981702
0.5000000000000000 -0.3000887645018377 -0.2081910361709577
0.5000000000000000 -0.2408690024684196 -0.1877919246621364
0.5000000000000000 -0.2104678495655768 -0.2354045549000259
-0.2220647086073112 0.4354308816345180 0.5000000000000000
0.2614109816715176 -0.5000000000000000 0.4853375404096981
0.3658993677264878 -0.4151452020685680 0.5000000000000000
0.5000000000000000 -0.3601048361330282 0.3321241295861538
0.5000000000000000 -0.3574660455153180 0.2814907818890202
0.5000000000000000 -0.4445436108673901 0.1402740938974403
0.2968301531069231 -0.3776060392945251 0.5000000000000000
0.5000000000000000 -0.4346143641704864 0.3044201311539447
0.4328473065630052 -0.5000000000000000 0.2814676103253928
0.4430544976332093 -0.5000000000000000 0.3328625626700201
0.5000000000000000 -0.4062828097479338 0.3343272925491118
0.5000000000000000 -0.4339649904791775 0.4634923761430645
0.5000000000000000 -0.3928280005609919 0.2519177310923821
0.0172124816669387 0.4963853233937467 0.3429453315607414
0.2109099587486358 0.5000000000000000 0.4033907120358223
-0.5000000000000000 -0.3604870082755921 -0.0468871714009106
-0.5000000000000000 -0.2915941755311134 -0.2529159002970804
-0.5000000000000000 -0.3327346546187877 -0.1153468686623542
0.1630288226360443 -0.5000000000000000 -0.2000266667605288
0.1079102558362125 -0.5000000000000000 -0.0853606772793310
0.1363359138305881 -0.5000000000000000 -0.0631824712961311
0.1381134961840372 -0.5000000000000000 -0.1322533869569252
0.1356496018078651 -0.5000000000000000 -0.2243310513445444
0.0479211430893578 -0.5000000000000000 -0.1119696235212715
0.1438377179951135 -0.5000000000000000 -0.1778805693004811
0.2532465802678969 -0.5000000000000000 -0.2298808830641265
0.5000000000000000 0.3680204543196944 0.0256702867433398
0.5000000000000000 0.3141904975875385 0.0486114219136117
0.5000000000000000 0.3137750392453202 0.1428120879771464
0.5000000000000000 0.3598586649930612 0.0918401254702553
0.5000000000000000 0.3196366129591294 0.0788520658491520
0.5000000000000000 0.4612298349175957 0.3698141382171328
0.5000000000000000 0.4649452224511929 0.2875072966957051
0.5000000000000000 -0.4251129581659507 -0.4816958398954492
0.5000000000000000 -0.4193735128043495 -0.4546652219331318
0.3694316652175645 0.5000000000000000 0.1549277792658603
0.2985513506665994 0.5000000000000000 0.0426730444341124
0.3894201320952527 0.5000000000000000 -0.1412861777889406
0.5000000000000000 0.3349150001296817 -0.1618030748876236
0.4633982011820047 0.5000000000000000 0.0380737017673497
0.2613818741157181 -0.5000000000000000 0.4853234988134543
0.2613622047954106 -0.5000000000000000 0.4853362372207075
0.2614054889517582 -0.5000000000000000 0.4853154063954546
0.0541242666478794 0.5000000000000000 0.3043561028496146
0.0509137989110331 0.4456065930837197 0.5000000000000000
-0.0270207154997737 0.5000000000000000 0.3871058404508224
-0.0442189913449156 0.4899713756179535 0.5000000000000000
-0.2373795065469834 -0.0134791152403952 0.5000000000000000
-0.2313431461092918 -0.4605707721418794 -0.5000000000000000
-0.3076126994388256 -0.4069695684875058 -0.5000000000000000
0.5000000000000000 0.1834975630984106 0.3442160370841421
0.5000000000000000 0.1015015244601112 0.3477673346361020
0.5000000000000000 0.0871325177212545 0.3437119890169683
0.5000000000000000 0.2187196558223033 0.4092877442197478
-0.2470701751785169 -0.0038661497082793 0.5000000000000000
-0.2076571772811635 -0.0334148707826669 0.5000000000000000
-0.2272318527681153 -0.0038583687959000 0.5000000000000000
-0.2391676152498446 -0.0090169751523282 0.5000000000000000
-0.3680044980430974 -0.1483260482899939 -0.5000000000000000
0.5000000000000000 0.0244872110467661 -0.1321012693610829
0.5000000000000000 0.0467038813288581 0.3235410614495294
0.5000000000000000 -0.0821727756355251 0.2220083408381120
-0.2296856585272770 0.4340336146761535 0.5000000000000000
-0.3824655686611754 0.3709890667758428 0.5000000000000000
-0.3716711258296057 0.4541741310646922 0.5000000000000000
-0.2287119528689663 -0.5000000000000000 -0.4469271520685043
-0.5000000000000000 -0.0229706970076219 0.3009910772005328
-0.5000000000000000 -0.0811757687076242 0.0955873909024025
-0.5000000000000000 0.0158992325848065 0.0223194300190643
-0.5000000000000000 0.0293453798367080 0.0901079170113128
-0.5000000000000000 0.0373534313196465 0.1364104297291842
-0.5000000000000000 0.0241063677303058 0.0060057542944031
0.2698034105984252 0.5000000000000000 -0.2870028902130743
0.1931901706560761 0.5000000000000000 -0.2035191962098966
0.1973667042148408 0.5000000000000000 -0.2717080108747644
0.2060233816924900 0.5000000000000000 -0.2496106986134573
0.2310888334736453 0.5000000000000000 -0.2969768352630269
0.4216872649945466 0.4921089189089352 -0.5000000000000000
0.2892073929187501 0.5000000000000000 -0.1600184099993474
0.3520838085093955 0.5000000000000000 -0.2100751937841933
0.5000000000000000 0.4926662794654321 -0.3719391085305687
-0.1329962812147104 0.2676725566284825 -0.5000000000000000
0.3497601171910407 0.5000000000000000 0.1875755345798046
0.3629679094127861 0.5000000000000000 0.1891891250614845
0.3766587028243806 0.5000000000000000 0.1883333235261155
0.3519974521698115 0.5000000000000000 0.1937701827534092
0.3505130832100772 0.5000000000000000 0.2168366012878377
0.3632903431440829 0.5000000000000000 0.1990312834534056
0.2370609160874567 0.5000000000000000 0.4930062744584379
-0.5000000000000000 -0.4266070705370892 0.1234440032603279
-0.5000000000000000 -0.0050628611029994 0.3436523795651581
-0.5000000000000000 -0.0203477981071700 0.3277613281855860
-0.5000000000000000 -0.0145308678930592 0.3298950905835223
-0.3770664909412776 -0.1349362180295481 0.5000000000000000
-0.5000000000000000 -0.1571120686299060 0.4500206185532910
-0.5000000000000000 -0.0701727067050312 0.4779663076122814
0.5000000000000000 0.0695361229867786 0.3354285202613081
0.1682609118161263 0.0914816340655643 -0.5000000000000000
0.0747193033815468 0.1620395021591832 -0.5000000000000000
0.1360877448926509 0.1296830700203462 -0.5000000000000000
0.1128507553573692 0.1660101724230996 -0.5000000000000000
-0.0690532986383231 0.3489455093868247 -0.5000000000000000
-0.0555362571596852 0.3916607549382720 -0.5000000000000000
-0.0535588472343815 0.3723439026166463 -0.5000000000000000
0.0028309544182618 0.2469994557172015 -0.5000000000000000
-0.0589140896509472 0.3784122283370415 -0.5000000000000000
0.0100991132176710 0.2977692150668829 -0.5000000000000000
0.5000000000000000 0.2287079646062095 0.2826546941019204
0.5000000000000000 0.2896362951922850 0.3082530861116988
-0.1074473687535720 -0.3625662843305157 -0.5000000000000000
-0.0917371718551767 -0.4102319170883957 -0.5000000000000000
-0.1161450871658785 -0.5000000000000000 -0.3782267767446405
-0.2453749256244405 -0.5000000000000000 -0.3175028971435766
0.5000000000000000 -0.0470855054729051 0.1169076341392244
0.5000000000000000 -0.0731042467717131 0.1582246796364980
0.5000000000000000 -0.0810071448994181 0.0462741912165164
-0.1186912902497018 -0.5000000000000000 0.4109007935602752
0.5000000000000000 0.2882604728396184 0.0237264362222733
0.5000000000000000 0.2545053261533951 0.0498017303645542
0.5000000000000000 0.2739188233697897 -0.0113536066303652
0.5000000000000000 0.2719447949566386 0.0170641470796618
0.4464792549712236 0.2121723680126331 0.5000000000000000
0.2855478519659738 0.5000000000000000 -0.1060904755551030
0.2002624825057541 0.4333986167800206 0.5000000000000000
-0.3176103518734129 0.0637086510509656 0.5000000000000000
-0.1842422523534202 0.0339696176318188 0.5000000000000000
-0.0694518601820270 0.2462829245254726 -0.5000000000000000
0.0706280465539732 0.2072300069191775 -0.5000000000000000
-0.0490712619504749 0.5000000000000000 -0.3788054403080275
0.0002789653485887 0.5000000000000000 -0.3575830243991459
-0.0014353582050809 0.5000000000000000 -0.3334982475836647
-0.2422786158537004 0.2627638777901182 -0.5000000000000000
-0.1329817013642434 0.2362019528371904 -0.5000000000000000
-0.0904705933067495 0.2733699034850611 -0.5000000000000000
-0.4045181929243828 0.1934733470129090 -0.5000000000000000
-0.3150354385380071 0.3871933985677528 -0.5000000000000000
-0.0867994247387207 0.3158314876870558 -0.5000000000000000
-0.0599695460193355 0.2613719465753661 -0.5000000000000000
-0.1465069451670633 0.2870919534514843 -0.5000000000000000
-0.5000000000000000 0.3375612728642362 -0.2422187816423423
-0.0565604651209166 0.1946582620153065 -0.5000000000000000
-0.4981161862087969 0.1903388315598636 0.0496419582560528
-0.4191619909897153 -0.5000000000000000 0.3099099765439234
-0.5000000000000000 -0.4496162892517066 0.3326352307371603
-0.5000000000000000 -0.3527866615197870 0.3861322969444507
-0.5000000000000000 -0.3900662159498554 0.1893868867619309
-0.5000000000000000 -0.4177330633443171 0.4099344027920691
-0.5000000000000000 -0.2205976374047513 -0.1870929526871672
-0.5000000000000000 -0.2436649191943440 -0.1908745459004457
-0.5000000000000000 -0.3150602301583969 -0.0742744701014639
-0.5000000000000000 -0.2429473415846831 -0.1375410678693609
-0.5000000000000000 -0.2563506915758076 -0.2300265303872680
-0.5000000000000000 -0.2736366005800446 -0.1332533244059347
-0.5000000000000000 -0.1823624101175770 -0.1676714409722880
-0.5000000000000000 -0.1781413935771697 -0.1163335871580255
-0.5000000000000000 -0.1910535656213936 -0.2925080024882051
0.1334975310097088 -0.3755667564105935 -0.5000000000000000
0.2237938162994658 -0.2606630467863401 -0.5000000000000000
0.2177340203950374 -0.3305981868960050 -0.5000000000000000
0.2732952607494715 -0.3474482244870019 -0.5000000000000000
0.2005140714326391 -0.2119304751654417 -0.5000000000000000
0.1620925619519487 -0.3329931442240485 -0.5000000000000000
0.1501824931274866 -0.2536628629101083 -0.5000000000000000
0.3863418816163038 -0.3729242877135422 0.5000000000000000
-0.5000000000000000 -0.4523093387306914 0.0485102544435744
-0.4471332388651616 -0.5000000000000000 0.1841613349162426
-0.4278221765177632 -0.5000000000000000 -0.0189700702415743
-0.5000000000000000 -0.4915676065884276 0.1048299990963143
-0.4890476342471195 -0.5000000000000000 0.0949556842149788
-0.3817525226035479 -0.5000000000000000 0.0365248617133977
-0.4556929202900861 -0.5000000000000000 0.0372448556880170
-0.4625338243386437 -0.5000000000000000 0.0896243388779769
0.5000000000000000 -0.0453961704526517 0.0055005145833863
0.5000000000000000 0.0302298875957810 -0.1148060719695062
0.2454125998877083 0.5000000000000000 0.1125175754520698
0.2532119436768417 0.5000000000000000 0.0716911345392984
0.2915709550568551 0.5000000000000000 0.0374409518309539
0.1988692561879195 0.5000000000000000 0.1415060310131520
-0.1194288676599523 -0.1247742690149553 -0.5000000000000000
-0.1792206100785216 -0.1948284626594843 -0.5000000000000000
0.2599200442851723 -0.1870968422220915 -0.5000000000000000
0.2194808193935974 -0.1640425075103476 -0.5000000000000000
0.3341729437613320 -0.1540280484306368 -0.5000000000000000
0.2057186792313520 0.5000000000000000 0.2571057328462651
-0.0664971752626141 0.2103332714839233 0.5000000000000000
-0.4113853313727855 0.2734574352257529 -0.5000000000000000
0.5000000000000000 -0.3631510093930548 -0.1571966858217835
0.5000000000000000 -0.3441573449073683 -0.3108113583997269
0.5000000000000000 -0.3520321154319464 -0.1980012894814156
-0.5000000000000000 0.0837505038427760 0.4571223184321200
-0.3275001051503299 0.0955155435674192 0.5000000000000000
-0.3856864169856020 0.1681418075536162 0.5000000000000000
-0.3892253020171083 0.0967780515076927 0.5000000000000000
0.1822077007262779 0.0352930124837422 -0.5000000000000000
-0.0730412443175708 -0.1031447306236796 -0.5000000000000000
0.1411626614887693 -0.0154720615562134 -0.5000000000000000
0.3902750478572929 0.4645921046549819 0.5000000000000000
0.2444816639863043 0.4455227015911182 0.5000000000000000
-0.5000000000000000 0.2921253186190632 -0.1722729042394518
0.4356155675984041 0.4632071934414844 0.5000000000000000
-0.1621054013019446 -0.4774448751218920 0.5000000000000000
0.0952956977371240 0.2868051761768231 0.5000000000000000
0.0902992470543762 0.2658191196384412 0.5000000000000000
-0.0644759159659277 0.2009421813594202 0.5000000000000000
-0.2730108326675945 0.5000000000000000 -0.1092201543150834
-0.3819092341498937 0.5000000000000000 -0.1428457465855743
-0.3043061324664221 0.5000000000000000 -0.0174075755326069
-0.5000000000000000 0.4948431687290882 -0.0305385935811697
-0.1140107827710446 0.5000000000000000 -0.1213346088974491
-0.5000000000000000 0.3934239814822433 -0.0207127029030195
-0.1698780750860562 0.5000000000000000 -0.3239644276308276
-0.3230301227133765 0.5000000000000000 -0.1054032829527378
-0.5000000000000000 0.4266412366381533 -0.2044367219207352
-0.5000000000000000 0.2660202079017257 0.0388451239938407
-0.3510652857152699 0.4165647454755793 -0.5000000000000000
-0.5000000000000000 0.4727580879069554 -0.1347666230753456
-0.5000000000000000 0.4424870243297130 -0.1705560220552580
-0.1429908884568388 0.5000000000000000 -0.2517581283649036
0.3765746306507609 0.5000000000000000 0.2846971814268362
0.2409444240186304 0.5000000000000000 0.4571989471336356
0.4830417220937904 -0.1196260557878633 -0.5000000000000000
0.5000000000000000 -0.1517093791586730 -0.3984877060525436
0.3942861180942624 -0.1365008057474163 -0.5000000000000000
0.4391373159138853 -0.0600310380448833 -0.5000000000000000
0.3118854472291207 -0.1346418448392188 -0.5000000000000000
0.5000000000000000 -0.1068407934223961 -0.4463510724082003
0.4435259249092777 -0.1138833185285843 -0.5000000000000000
0.4585495911267723 -0.1031307839543408 -0.5000000000000000
-0.5000000000000000 0.2539258144478395 0.1271384506992102
-0.5000000000000000 0.3376422767619182 0.0545485669524911
-0.5000000000000000 0.2619023721767901 0.0472991431858455
-0.5000000000000000 0.3406674262515481 0.1594654169051143
-0.5000000000000000 -0.2997520609538298 0.0455328704855850
-0.5000000000000000 -0.1237440386893141 0.0433170188753712
-0.5000000000000000 -0.1687742780087040 0.1569665769901987
0.5000000000000000 -0.1632303309613232 0.1691699638301504
0.5000000000000000 -0.1619274131192806 0.1771559506368700
0.5000000000000000 -0.1624051598747533 0.1529516654568220
0.5000000000000000 -0.1266432325867856 0.1867907788222318
0.5000000000000000 -0.2153207195326284 0.2542013957297936
0.5000000000000000 -0.1830923211642582 0.1395852335854037
0.5000000000000000 -0.1213965727206385 0.0970075669980350
0.5000000000000000 -0.2181000451382337 0.1642148324091353
-0.1788422012265810 -0.2025421323350668 -0.5000000000000000
-0.2030663776696338 0.5000000000000000 0.0390251882926154
-0.5000000000000000 0.1030069534782589 0.3911825768965257
-0.5000000000000000 0.0757448125553236 0.3609109093039160
0.0949904309642442 0.2879115848266299 0.5000000000000000
-0.0650680777016762 0.2035798653123157 0.5000000000000000
0.1836871198102330 0.0351359786339342 -0.5000000000000000
0.1889553484681210 0.0292708287731176 -0.5000000000000000
0.2031768638776097 0.0548045800737634 -0.5000000000000000
0.2027289426048198 0.1250559542405257 -0.5000000000000000
0.2395029990851674 0.0649087095045456 -0.5000000000000000
0.2138862547540295 0.0492722490492544 -0.5000000000000000
0.1417721983882688 0.0637862943902336 -0.5000000000000000
0.5000000000000000 0.0341087613024208 -0.1292863033686842
-0.4261996452044589 -0.4703472426265585 0.5000000000000000
-0.3906005091701792 -0.4761789549336810 0.5000000000000000
-0.4181207550063638 -0.4713532526973457 0.5000000000000000
-0.4161478590971187 -0.4678211592780849 0.5000000000000000
0.2260496341044565 0.2158398979737841 0.5000000000000000
0.1135858196815821 0.1099584253124584 0.5000000000000000
-0.0349461339529100 0.1108090200930450 0.5000000000000000
0.2669527063575903 0.2734265065322655 0.5000000000000000
0.2549116525829398 0.0885257069620325 0.5000000000000000
0.1044140676336556 0.2859232615839445 0.5000000000000000
0.0984822243491701 0.2909504460869307 0.5000000000000000
0.0949546088465860 0.2913551553769334 0.5000000000000000
0.1142657585799070 0.2893289883102282 0.5000000000000000
0.0975133514843343 0.2874019369868245 0.5000000000000000
0.5000000000000000 -0.2135461403931308 -0.4950000443966365
0.5000000000000000 0.0666705858452587 -0.3408673187014579
-0.0119884693734712 -0.4149801098288949 -0.5000000000000000
-0.0704802319374073 -0.3744566756713837 -0.5000000000000000
-0.0629391801236738 -0.4147225292311885 -0.5000000000000000
-0.1104378732884465 -0.5000000000000000 -0.3801206506935916
-0.0268988365627357 -0.3937759275416671 -0.5000000000000000
-0.0409039150990119 -0.3386650446189237 -0.5000000000000000
-0.2356550879578226 -0.5000000000000000 -0.3210105439273414
-0.0872429508505229 -0.3853378424512306 -0.5000000000000000
-0.1837081817958194 -0.2061910203176280 -0.5000000000000000
0.3910499762871275 -0.5000000000000000 0.1259725817966636
0.3875495074261454 -0.5000000000000000 0.1082248391276131
0.4072249897684949 -0.5000000000000000 0.0985122864254102
0.3787779266290029 -0.5000000000000000 0.1368810880276390
0.4038337244071277 -0.5000000000000000 0.1225129568132005
-0.3178714945054372 -0.0986607148828197 0.5000000000000000
-0.4670518614392551 -0.1846838112750080 0.5000000000000000
-0.3127405344869543 -0.1827202078155248 0.5000000000000000
0.3056127085388750 -0.4848464036132429 -0.4297258575235025
0.3207233111680388 -0.5000000000000000 -0.3733419536174062
0.1822775264178313 -0.1879468193080885 0.5000000000000000
0.5000000000000000 -0.3460098149086666 0.0527526982143339
0.2702920902245958 -0.3729635388834917 0.5000000000000000
0.1796294395430573 -0.5000000000000000 0.2374788834673707
0.1571515811798990 -0.3050729648408105 0.5000000000000000
0.5000000000000000 -0.1939250538146088 -0.3697363894918000
0.5000000000000000 -0.0937100519254664 -0.2903548946875528
0.5000000000000000 -0.2209783181713277 -0.4108003622610800
0.5000000000000000 -0.1752778686269441 -0.2987265650567394
0.5000000000000000 -0.0245133418468926 0.1285716294290653
0.5000000000000000 0.0608122112619049 0.3013096322580808
0.5000000000000000 -0.0597730134295055 0.1730136808570590
-0.5000000000000000 -0.2512838729267065 -0.2917664184541158
-0.0513880308439691 -0.2178515370215659 0.5000000000000000
-0.0858155777882770 -0.3376930783019758 0.5000000000000000
-0.0270794515785911 -0.2118164932057967 0.5000000000000000
-0.2074268517702442 0.4293038391748468 0.4920222989659664
-0.5000000000000000 -0.4161302436395369 0.1212570754098727
-0.3884255154113738 -0.0872126503927982 -0.5000000000000000
0.5000000000000000 0.1813956682094884 0.2696217403385951
0.3577546703041598 0.1460675392902684 0.5000000000000000
0.3290089919791129 0.2373948962096032 0.5000000000000000
0.1318856693443907 0.2634033994277206 0.5000000000000000
0.5000000000000000 0.1711122941761999 0.3041912343635241
0.5000000000000000 0.1988037075324030 0.2065469347148780
0.5000000000000000 0.2141927100111868 0.3244019186277182
0.5000000000000000 -0.3063406363130276 0.3617323452775113
-0.0781722354624554 0.5000000000000000 0.0775712402150837
0.4574147754959777 0.1246473162900069 -0.5000000000000000
0.5000000000000000 0.0334948867466047 0.1687666034393941
0.5000000000000000 0.0120427048109000 0.1291423879365020
0.5000000000000000 -0.0508939328095430 0.0490643316136251
-0.1024727805960248 -0.1109726530552551 -0.5000000000000000
0.1758257392484473 -0.1433194935778915 0.5000000000000000
0.1521240165406003 -0.2139996932638298 0.5000000000000000
0.2225538807989037 -0.1360047218587101 0.5000000000000000
0.2809538379094226 -0.2077857343420918 0.5000000000000000
0.2098786333467995 -0.1842708651169243 0.5000000000000000
-0.0532828214526227 0.0889187120036178 0.5000000000000000
-0.1335728682898236 -0.0778618399108952 0.4875003421555498
-0.1515848871271301 0.0326009430737619 0.5000000000000000
0.4025751832906025 0.3946692088526403 0.5000000000000000
0.5000000000000000 0.4410496896421096 0.3968503093769202
0.4379356941429121 0.4059923602901150 0.5000000000000000
0.4049455219897449 0.5000000000000000 0.4778219121464721
0.5000000000000000 0.4530111464888115 0.3626123875587121
0.2932930417588121 0.3910507102848838 0.5000000000000000
0.4926133686635541 0.5000000000000000 0.4089577959514453
-0.0619900471333767 -0.1112787381573731 -0.5000000000000000
0.1578489482723243 -0.0296786051898410 -0.5000000000000000
0.2272050881288731 0.0074286024697233 -0.5000000000000000
-0.5000000000000000 0.2548262854330473 0.0437239383972126
-0.5000000000000000 0.1544289227683137 0.0460214143074051
0.5000000000000000 -0.0394796429995030 0.3437495278608246
0.5000000000000000 0.0945092108023868 0.2922846299851559
0.3733529495727240 0.0745546823905719 0.5000000000000000
0.5000000000000000 0.0874466840062617 0.3180038887380910
-0.2538889361418400 -0.5000000000000000 -0.4347280253998922
-0.3467321706006426 -0.5000000000000000 -0.3098584189951218
-0.3863555520158464 -0.5000000000000000 -0.3309501830415964
-0.4270033111147428 -0.0969804347217868 -0.5000000000000000
-0.3650057319507791 -0.0665311627423898 -0.5000000000000000
-0.5000000000000000 -0.1027418052072175 -0.3942440079013659
-0.2694575813056581 -0.1046179714376221 -0.5000000000000000
-0.5000000000000000 -0.1780406690960116 -0.3527599717198159
-0.3411963764029814 -0.1750810069203401 -0.5000000000000000
-0.5000000000000000 -0.1257486287302300 -0.3119527767309932
-0.5000000000000000 -0.1713472489911690 -0.3431570057390086
-0.3966657963428952 -0.0352731936587972 -0.5000000000000000
-0.5000000000000000 -0.1372547724438622 -0.3854372894927967
-0.5000000000000000 -0.1452448322457304 -0.4276204016236274
0.3973795686053290 -0.3028148582224459 0.5000000000000000
0.5000000000000000 -0.0101827103909462 0.3428610900522234
0.5000000000000000 -0.0685472903306931 0.3164002201461860
0.5000000000000000 -0.1111324418704849 0.3534442289299466
0.5000000000000000 -0.0601983679453359 0.3486463323580519
0.1064538136923501 -0.4403095559434967 -0.5000000000000000
0.0512275253061209 -0.4554981751279491 -0.5000000000000000
0.0302411184252537 -0.4219789258146844 -0.5000000000000000
-0.5000000000000000 0.4650385480119519 0.3164996755756654
-0.3698703865975140 0.5000000000000000 0.1248584391090619
-0.5000000000000000 0.4340039121764509 0.3132389027676840
-0.4292142524498260 0.5000000000000000 0.3547815914725298
-0.4908001347493918 0.5000000000000000 0.2750204998452616
-0.5000000000000000 0.4401292318295124 0.2779265545199111
0.5000000000000000 -0.3504031598526233 0.2874174868706900
0.5000000000000000 -0.3554977126022034 0.2706687805805070
0.5000000000000000 -0.3579642690517618 -0.3990108944890636
0.5000000000000000 -0.3920802667984034 -0.4602453079078060
0.5000000000000000 -0.3861011494947346 -0.4399502585364881
0.5000000000000000 -0.3711207421947994 -0.4445957133462741
0.5000000000000000 -0.3095555362284841 -0.4536467636117678
-0.1849123669917976 0.0502152473550050 0.5000000000000000
0.1762366460767125 -0.0273063901159331 0.5000000000000000
0.0970985725169444 0.2183497567032053 0.5000000000000000
0.1072088157014341 0.0545238348846473 0.5000000000000000
0.0306934715257353 -0.0374598412530945 0.5000000000000000
0.2083966565425489 0.1569177124343313 -0.5000000000000000
0.5000000000000000 0.1026051834821602 0.1884483997365599
0.5000000000000000 0.0836171238340346 0.3190364152097140
0.5000000000000000 0.0486540533011259 -0.1266230014899350
0.5000000000000000 0.2091653899468348 -0.1613155682045292
0.5000000000000000 0.1899907790266244 -0.1117553102391948
0.4389954535982405 -0.1663608192636208 -0.5000000000000000
0.3135678916615717 -0.5000000000000000 -0.4459893523543660
-0.0295797345235561 -0.1905896717287602 0.5000000000000000
-0.0074519036891837 -0.1858545536808512 0.5000000000000000
-0.1494767355676034 -0.0429354761832569 0.5000000000000000
-0.0474336336659367 -0.0850301107805552 0.5000000000000000
0.0207553614448091 -0.0412741096684715 0.5000000000000000
0.5000000000000000 -0.3575677482843204 -0.0433469182173913
0.5000000000000000 -0.3307474324319423 0.0289050224753923
0.5000000000000000 -0.3471257304266914 0.0769004074387725
-0.2246675970509702 0.4299478965522172 0.5000000000000000
-0.1984528577902149 0.4498067429807789 0.5000000000000000
-0.2327033491706812 0.4622229453190944 0.5000000000000000
-0.1672160542983402 0.4450630971891885 0.5000000000000000
-0.2291947917424611 0.4128662178514459 0.5000000000000000
0.5000000000000000 -0.4436637653950778 0.1368847469213836
-0.5000000000000000 0.3586545708915214 0.3378257880145537
-0.5000000000000000 0.2131119117339721 0.3430929963291849
-0.5000000000000000 -0.4159113152824892 0.0977919237990342
-0.5000000000000000 -0.4019293238086987 -0.0705571003781579
0.1879720361128439 -0.0863192424082667 0.5000000000000000
0.0283728752467317 -0.0481864024924670 0.5000000000000000
0.0455161110443610 -0.2263264734860556 0.5000000000000000
0.0311444512150965 -0.1277646520469406 0.5000000000000000
0.0159154350231068 -0.1772735512410829 0.5000000000000000
0.5000000000000000 -0.0437348917917024 -0.2901656957328633
0.5000000000000000 0.0437000596551561 -0.3356802780747572
0.3349480435805360 -0.4665321241758341 -0.5000000000000000
0.3596250671396551 -0.4496354229170269 -0.5000000000000000
0.2732276777141489 -0.5000000000000000 -0.4246438986671865
0.3304961859064385 -0.5000000000000000 -0.4319873490608018
0.2769091363445910 -0.5000000000000000 -0.4434891035082630
0.2978759831587067 -0.5000000000000000 -0.4186148176307653
-0.1908466180972265 0.3865359018214620 0.5000000000000000
-0.1186831357298394 0.3777863414499285 0.5000000000000000
-0.1884830993227534 0.4059124520154786 0.5000000000000000
-0.1752575342683085 0.4542083370218781 0.5000000000000000
-0.1175258124353890 0.4449104664545321 0.5000000000000000
-0.1110741617578098 0.2681944284285575 0.5000000000000000
-0.2366836604206401 0.3763606535003763 0.5000000000000000
-0.5000000000000000 0.4963774464440950 0.4564903570765754
-0.3122262938392045 0.5000000000000000 0.0585079695994293
-0.2528831369813362 0.5000000000000000 -0.0217586514459515
-0.2947017441084734 0.5000000000000000 0.0254974830181249
-0.2689791242775996 0.5000000000000000 0.0509634780102041
-0.3014010330310827 0.5000000000000000 0.0338005888885819
-0.5000000000000000 0.4931438954780795 -0.0216079771379302
-0.4591530782683412 -0.3955390605910799 0.5000000000000000
-0.5000000000000000 -0.3106496095856634 0.4334244324140362
-0.3444148314278885 -0.3071310477444428 0.5000000000000000
-0.1713525186992631 -0.0762510316775700 -0.5000000000000000
-0.2691259443803397 -0.1046172730053204 -0.5000000000000000
-0.1104937088416223 -0.1104862156796154 -0.5000000000000000
0.0298947856317073 -0.1370928035729406 -0.5000000000000000
-0.0798925886312673 -0.1252726061209769 -0.5000000000000000
-0.0646995165599516 -0.0306594540893333 -0.5000000000000000
-0.1759562841652206 -0.2054535251366908 -0.5000000000000000
0.0932767516107506 0.4281854381629146 0.5000000000000000
0.2717629661737970 0.5000000000000000 0.2610896201173165
0.2095188080732795 0.3569941921221444 0.5000000000000000
0.4615563569742438 0.5000000000000000 0.0514148805245392
-0.1754580727845513 -0.5000000000000000 0.4814272499689798
0.2212531957264775 -0.4086107280629653 -0.5000000000000000
-0.4409939489640276 -0.2038867461232880 -0.5000000000000000
0.3876023985773798 0.0737180525608876 0.5000000000000000
0.3270308448576232 0.0453390788971801 0.5000000000000000
0.2956560474011810 -0.4045845733752791 -0.5000000000000000
0.1209934801474276 -0.5000000000000000 -0.3839166628663078
-0.0858883489196169 -0.5000000000000000 -0.3671174291312719
0.1361539613860050 -0.4087188732934505 -0.5000000000000000
0.1467901237353667 -0.5000000000000000 -0.4398130914441911
0.5000000000000000 -0.1390553834175479 -0.0505650553504691
0.5000000000000000 -0.1081266225764827 -0.0051189014687117
-0.5000000000000000 0.1842512227818515 0.2256181961543451
0.5000000000000000 0.1071590576774833 -0.2593766011474273
0.5000000000000000 0.0551533854876352 -0.3213326749595494
0.2503994057703364 -0.3739815121828945 0.5000000000000000
0.2835343744520044 -0.3738336546467888 0.5000000000000000
0.4371583775416695 -0.3129960115399530 -0.5000000000000000
0.4757289178037797 -0.2658643932406232 -0.5000000000000000
-0.3860844855539896 -0.5000000000000000 -0.2877990014579493
-0.4302635094276445 -0.5000000000000000 -0.3092075195500851
0.3851179158465894 -0.4314410675850867 -0.5000000000000000
0.3772970111784965 -0.3935792354568172 -0.5000000000000000
0.3056580766793889 0.2380287974393539 -0.5000000000000000
0.3157187724747784 0.2575402672799609 -0.5000000000000000
0.3200471841466909 0.2284703484196223 -0.5000000000000000
0.3272385782754973 0.2194214029808383 -0.5000000000000000
-0.1121895037569742 0.5000000000000000 -0.1214510878155968
-0.1129842931873836 0.5000000000000000 -0.1203063492720819
-0.1129629956747561 0.5000000000000000 -0.1185668504461115
-0.1133003811721918 0.5000000000000000 -0.1199546893645059
-0.1114658348898881 0.5000000000000000 -0.1206769581516897
-0.1123984649213544 0.5000000000000000 -0.1200710364216327
-0.1113183729950519 0.5000000000000000 -0.1213831871625989
-0.1118217930683515 0.5000000000000000 -0.1217421702549145
-0.1585416553270297 -0.0661218604305756 0.5000000000000000
-0.1767243734850064 -0.0171642856870627 0.5000000000000000
0.5000000000000000 0.2019517936603260 -0.2236569510760355
0.5000000000000000 0.0526963288970242 -0.3335547678635500
0.0068440857435545 -0.3806299667569298 0.5000000000000000
-0.5000000000000000 0.3749372497657730 0.0594106067138076
-0.5000000000000000 0.3233271362363559 -0.1036639210883629
-0.2876904947574772 0.3462737571821855 0.5000000000000000
-0.0995244843728631 0.5000000000000000 -0.3250956473922240
-0.4210669175458253 -0.5000000000000000 0.3309586051090633
-0.4345014697228352 -0.5000000000000000 0.2685542196046448
-0.4026956158786292 -0.5000000000000000 0.2992260737364719
-0.3937802901498254 -0.5000000000000000 0.2818156457521196
-0.3938252736701388 0.3441426357619744 0.5000000000000000
-0.3939742303683661 0.3707634339755566 0.5000000000000000
-0.4130304822243360 0.3558929495925756 0.5000000000000000
-0.4384765007664932 -0.2203635117615106 -0.4915083657723830
-0.3055188400774969 0.0792330532353626 -0.5000000000000000
-0.2431572768191678 0.0451106190246765 -0.5000000000000000
-0.2972323766927146 0.0396029682836038 -0.5000000000000000
-0.2479174740304719 -0.4760514141463631 -0.5000000000000000
-0.1754320418557483 -0.4869016326240828 -0.5000000000000000
-0.2353727911372194 -0.5000000000000000 -0.4653179011749840
-0.2081496081576801 -0.4830393771884992 -0.5000000000000000
-0.1835790260386372 -0.5000000000000000 -0.4167395409162784
-0.3839226336051224 -0.5000000000000000 -0.4132188316590679
-0.2492999225135621 -0.5000000000000000 -0.3964340159854483
-0.2260417373914811 -0.5000000000000000 -0.4952897207616482
-0.4685713631087717 0.2928190315328277 0.5000000000000000
-0.5000000000000000 0.3649535015895391 0.2136512441669387
0.5000000000000000 0.0819868115623286 0.1227815170792280
0.4952198955713872 0.1202313437713151 0.0300617421890945
0.3300998950497112 0.2905252695541713 0.5000000000000000
-0.3520909509220355 0.5000000000000000 0.4086610582804621
-0.4176901188832708 0.4557749989931987 0.5000000000000000
-0.4296732134104210 0.2639235892443889 0.5000000000000000
-0.4701463651366925 0.2407326005853168 0.5000000000000000
-0.5000000000000000 0.1126374181565080 -0.2537612125997142
-0.5000000000000000 -0.0414069960353150 -0.0226868731722393
-0.5000000000000000 -0.0294888184527195 -0.0586636830546150
-0.5000000000000000 -0.0097890837565898 -0.0455838274180107
-0.5000000000000000 0.0968305340035129 0.0284558494600170
0.5000000000000000 0.1466764925281163 0.1254916065839851
-0.1154483138897739 -0.5000000000000000 -0.3623346342488520
-0.2495974345091033 -0.5000000000000000 -0.2933881448133324
-0.0524750592821629 0.5000000000000000 -0.2839817371994802
-0.0542669497668318 0.5000000000000000 -0.2546904519089028
-0.1925984952639527 0.1873605466624371 -0.5000000000000000
0.3788040268802934 0.3102455860999963 0.4991138345667048
0.2734741561949209 0.3998883918006746 0.5000000000000000
0.2167015062874983 -0.5000000000000000 0.4317006712063202
0.1774556170656407 0.3482493370950080 -0.5000000000000000
0.1439469162667019 0.2723486685573807 -0.5000000000000000
0.2440437545136228 0.3007659667629674 -0.5000000000000000
0.5000000000000000 -0.2798045183370723 0.3767680008667803
-0.2690830536156584 -0.1048824340289107 -0.5000000000000000
-0.2692983147376408 -0.1045554120926000 -0.5000000000000000
-0.2693387745778883 -0.1045705122745805 -0.5000000000000000
0.0625819984031008 0.3304131982362163 0.5000000000000000
0.4130138076083041 0.5000000000000000 0.2260933395195745
0.5000000000000000 0.4534616801075544 0.2619993554791881
0.4903103458477023 0.5000000000000000 0.3980203890138927
0.4614445642901630 0.5000000000000000 0.2069914256394575
0.4631799486776238 0.5000000000000000 0.0573314591657229
0.1812195167520018 -0.5000000000000000 0.2020572284256920
0.1618416566602895 -0.5000000000000000 0.2547520421183058
-0.5000000000000000 -0.1936199881959180 0.3621372028348468
-0.5000000000000000 -0.2075805027316641 0.3780810755803160
-0.5000000000000000 -0.1927493692882211 0.4043498818585824
-0.5000000000000000 -0.2124306295861149 0.3867350305431143
-0.5000000000000000 -0.1971597475626085 0.3540097223369539
0.4328639678262366 -0.2463271504438218 0.5000000000000000
0.5000000000000000 -0.2695919382044974 0.4279769263185437
0.3102286540537524 0.5000000000000000 -0.1151634773783876
-0.4981594118449588 -0.4746482260526420 0.5000000000000000
-0.4986301006446118 -0.4067501104549368 0.5000000000000000
-0.5000000000000000 -0.3873945671370659 0.4801958203006351
-0.3862082946819881 -0.5000000000000000 0.4139557606072263
-0.4282058894406369 -0.3439539222117387 0.5000000000000000
-0.5000000000000000 -0.3797857861885511 0.4567680724058918
-0.5000000000000000 -0.4382805936819456 0.4786015651949710
-0.0697568265960620 0.2055364456351716 0.5000000000000000
0.4110949574092224 -0.2779679775821765 0.5000000000000000
0.0773946229091496 0.4956622984599374 -0.3564098250249841
0.1676701910285449 0.5000000000000000 -0.4499155305184800
-0.5000000000000000 0.2084121484094225 0.0493279391165363
0.1535050980091633 -0.0468178837078865 0.5000000000000000
0.0280989343107787 -0.0414598271892265 0.5000000000000000
0.5000000000000000 -0.2863637647563010 0.3085874823610572
0.5000000000000000 -0.3162779617093147 0.1454672426793668
-0.3351943754337949 -0.5000000000000000 -0.2412354521442950
0.5000000000000000 0.0297965202921592 0.4091034042252891
0.5000000000000000 0.0706628198548554 0.3614087293988726
0.5000000000000000 0.0805139053989258 0.3303793717786553
0.4743460958699836 0.0257184829482662 0.5000000000000000
-0.2213560243342463 0.2619152808265885 0.4964379267064110
-0.1797091884592440 0.0504471414605837 0.5000000000000000
0.1456864432272475 0.2614286325753118 -0.5000000000000000
0.2943247648620974 0.4005568677112059 -0.5000000000000000
0.2097708073914168 0.4303546807496477 -0.5000000000000000
-0.4651485773539684 0.1773655953102346 -0.5000000000000000
-0.4694449432953967 0.1820587172461000 -0.5000000000000000
-0.5000000000000000 0.4196053731171069 -0.2085028168604735
-0.5000000000000000 0.4014651002017351 -0.2041765779120310
0.1063424277729877 0.5000000000000000 -0.4350790881282521
-0.3577589022508301 -0.4342035822866982 -0.5000000000000000
0.1574991936495909 -0.5000000000000000 0.0207984958555243
0.2685268857448519 -0.5000000000000000 0.0106407091462345
-0.5000000000000000 -0.3009689019784950 -0.4152343446134568
-0.5000000000000000 -0.4083331671394864 -0.3405726737545263
0.1109502978577290 -0.3238005321673340 0.5000000000000000
0.3205473228000140 -0.2892005387162865 0.5000000000000000
-0.0706564643199279 -0.4526711025042779 0.5000000000000000
-0.0326875176074545 -0.4396707806510617 0.5000000000000000
0.2475312585288346 0.5000000000000000 -0.0906571530132778
-0.2929771224529835 0.5000000000000000 0.2994393514768020
-0.3425464523646236 0.5000000000000000 0.1843395707734328
-0.1990871196425898 0.5000000000000000 0.1313994321957805
-0.1519846499129701 0.5000000000000000 0.1157907985237305
0.5000000000000000 -0.3232240120584556 -0.1194033528738544
0.5000000000000000 -0.2376611937346508 -0.0934103244001302
0.5000000000000000 -0.2809119192103753 -0.1124042385228219
0.5000000000000000 -0.3146833996488926 -0.1478277202157818
0.5000000000000000 -0.2688061979566192 -0.0887645077294234
0.5000000000000000 -0.2378543197330542 -0.1417675733623539
-0.5000000000000000 -0.4337579236856718 0.1328969490253800
-0.5000000000000000 -0.4539521762280158 0.1414184872730457
-0.5000000000000000 -0.4027329331020218 0.1534477707800749
-0.5000000000000000 -0.1794549465337220 -0.3515782039446493
-0.5000000000000000 -0.2608051346011071 -0.3064071452570684
-0.3065345453006474 -0.2266961398196772 -0.5000000000000000
-0.5000000000000000 -0.1969530395312300 -0.3227143031338042
0.0294735848445627 -0.4586346390063427 -0.5000000000000000
-0.1808441426051606 -0.3729509933254184 -0.5000000000000000
-0.0996384506962742 -0.5000000000000000 0.3565042757717504
-0.2043426432941351 -0.4778976767925845 0.5000000000000000
-0.1484358732645739 -0.5000000000000000 0.4277556683546191
-0.1433771679817649 -0.5000000000000000 0.4468916555893658
-0.1744033731609463 -0.4531910784778781 0.5000000000000000
-0.1603340054462012 -0.4808364753873676 0.5000000000000000
-0.1446400038229563 -0.4186483895055975 0.5000000000000000
0.5000000000000000 0.1348331622323501 -0.2582024017743415
0.5000000000000000 -0.2804299125853534 0.4238807397607535
0.2331971210616846 -0.0709515561590686 0.5000000000000000
0.2644439403446866 -0.0160624576398642 0.5000000000000000
0.0021572607409761 0.1642660446051527 0.5000000000000000
-0.0551160360197983 0.1078515981416693 0.5000000000000000
-0.0451088200502745 0.0979983959184219 0.5000000000000000
-0.0001982858900677 0.0002227904059347 0.5000000000000000
-0.0630362108412452 0.1567982822421620 0.5000000000000000
-0.0400589456710715 -0.5000000000000000 0.1822065890081376
0.0959587555388680 -0.5000000000000000 0.0602498818889768
-0.3356409946249254 -0.5000000000000000 0.3874681241199420
-0.5000000000000000 -0.4061516222868919 -0.1535856796824462
-0.2902117779640170 -0.5000000000000000 -0.2972288823003954
-0.5000000000000000 -0.4608341054969256 -0.2162778830359626
-0.5000000000000000 -0.1791366990273175 -0.3538447072409642
-0.5000000000000000 -0.1783110160328801 -0.3521584693872595
-0.5000000000000000 0.2566758742075495 0.0318262857521488
-0.5000000000000000 0.2611511612197142 0.0375370441013780
-0.5000000000000000 0.2577428935802296 0.0397098500323994
-0.5000000000000000 0.2638084990805306 0.0184854126642086
-0.5000000000000000 0.1979053833886431 0.1309216674031092
0.3983382199273741 0.5000000000000000 -0.1818166852256767
0.3801104740314603 0.5000000000000000 -0.1449233316857941
-0.1026102841462040 -0.5000000000000000 0.1734956274454527
-0.0042180374698475 -0.5000000000000000 0.2146742974954776
-0.0427164633361637 -0.5000000000000000 0.1125660086114603
0.0063646699498828 -0.5000000000000000 0.1157709200743841
0.5000000000000000 -0.0893012920276146 -0.1931525339427844
0.5000000000000000 -0.2867993260203696 0.3458591740711766
-0.5000000000000000 0.1148105879192430 0.0817761257506421
-0.5000000000000000 0.3647138236291982 0.1811572862840472
-0.1814881904793890 0.2456062137989456 0.5000000000000000
0.5000000000000000 0.0439687754409700 -0.1494982401096868
0.5000000000000000 0.1646322720029336 -0.2368878695774734
0.5000000000000000 -0.3840180780577750 -0.1336520161958084
0.3627794708474723 -0.5000000000000000 -0.0410469133784053
0.4924785342458863 -0.5000000000000000 -0.3089305204355780
-0.3488755600913164 0.4091167141215565 -0.5000000000000000
-0.1999422268011150 -0.2056467695300440 -0.5000000000000000
-0.1606833791529618 -0.1966724813213647 -0.5000000000000000
0.3516861507571721 0.5000000000000000 -0.1502309729676390
0.4276562834051974 0.5000000000000000 -0.2073822491440605
0.3917418054257644 0.5000000000000000 -0.2000713059428358
0.5000000000000000 0.3771654448248096 -0.2218584349508902
0.5000000000000000 0.4891703157770858 -0.3172109969474831
-0.5000000000000000 -0.2469122603052218 -0.3964771801290311
-0.5000000000000000 -0.3680640965056298 -0.3046387770492130
-0.5000000000000000 -0.2989063053507997 0.4092447364987174
-0.4704028561389058 -0.2610717352279900 0.5000000000000000
-0.5000000000000000 -0.3614131656670309 0.2569972209774214
-0.5000000000000000 0.2133892437911813 -0.1740895567083380
-0.5000000000000000 0.2550574579184524 -0.1732658590204904
-0.5000000000000000 0.1691393057992368 -0.1344768630682484
-0.4141716756272580 -0.2197135074817338 -0.5000000000000000
-0.2119881849752739 -0.3338338577018973 -0.5000000000000000
-0.3085651845511881 -0.1937255845489634 -0.5000000000000000
0.0810985544121374 -0.5000000000000000 -0.3152812570344199
-0.1111893655636388 -0.5000000000000000 -0.0549657671528049
-0.5000000000000000 -0.1616483417596123 -0.1773124972863176
-0.5000000000000000 -0.1857540434091860 -0.3063751209098386
-0.5000000000000000 0.2154370526960771 -0.0772901876717953
-0.5000000000000000 0.2184143189690615 -0.0224182771949516
-0.5000000000000000 0.2697733971661981 -0.1113302482702732
0.1032076403480215 -0.5000000000000000 0.0823153682298098
0.0929730320034146 -0.5000000000000000 0.0331968945620276
0.1883858111333637 -0.5000000000000000 -0.0740731397855028
0.1837068282499952 -0.5000000000000000 -0.0015632911796108
0.1171679350497324 -0.5000000000000000 0.0315280620216102
0.2003621789304686 -0.5000000000000000 -0.0376981668821919
0.1428605507094907 -0.5000000000000000 0.0300772704435734
-0.1260278424098793 -0.2332376836700575 0.5000000000000000
-0.0825450495526504 -0.2623290261686635 0.5000000000000000
-0.0734740211312988 -0.1921853290193771 0.5000000000000000
-0.0279114418294397 -0.2499696524381937 0.5000000000000000
-0.0334563261534945 -0.1811419848212424 0.5000000000000000
0.0233779537157148 -0.5000000000000000 -0.4677168049634511
0.0824100141567924 -0.5000000000000000 -0.4466355551578010
-0.0749808709092834 -0.5000000000000000 -0.3982151605383097
0.0515193461835004 -0.4497677476722443 -0.5000000000000000
0.1038776024370273 -0.5000000000000000 -0.4822735240304398
-0.2889072751897799 0.5000000000000000 0.3441924468087167
-0.2192777922465906 0.5000000000000000 0.2526409379105184
0.5000000000000000 -0.0183921581353667 0.4819121123366404
0.0210085868053078 0.1798688313997658 -0.4900669814584255
0.0730741084214391 0.2026230092912832 -0.5000000000000000
-0.5000000000000000 -0.4141604759406534 -0.2318773381148480
-0.5000000000000000 -0.2492429778796416 -0.4699217940461028
-0.5000000000000000 -0.2022321942739393 -0.4643394787046897
0.5000000000000000 -0.0759524004826552 -0.2795906357869246
0.3133748258296684 0.0368246351321431 0.5000000000000000
0.3274367795477464 0.5000000000000000 -0.1224625617904183
0.5000000000000000 0.3255185760512087 -0.1817603907189540
0.5000000000000000 0.4711786250919232 -0.3044627659464403
-0.3516061476041010 -0.5000000000000000 0.3600263437338087
-0.2008383501058700 -0.5000000000000000 0.0800884687426718
0.3945657890309948 -0.2603190130786174 0.5000000000000000
0.5000000000000000 0.3463163583986132 0.4346746844343515
0.5000000000000000 0.3405215293403580 0.3966412401857872
0.2420157311366546 0.5000000000000000 -0.4100847287132735
0.3990977225259877 -0.5000000000000000 -0.4422462525437561
0.4326512922804689 -0.5000000000000000 -0.4099041630869158
-0.3216895312605479 -0.2464093750919371 0.5000000000000000
-0.2309263069090056 -0.3345761420507589 0.5000000000000000
-0.1581627021295074 -0.3335905537454159 0.5000000000000000
-0.1238958859367569 -0.0890259623030054 0.5000000000000000
-0.0515929341319317 -0.1227584936851710 0.5000000000000000
-0.1127420397065757 -0.3644210117328803 0.5000000000000000
0.2891283848028471 0.5000000000000000 0.3805799091222070
0.3208473505825408 0.0456246182119396 -0.5000000000000000
0.2240497357462854 0.1357744724313323 -0.5000000000000000
0.2959173177746440 0.0787679959315817 -0.5000000000000000
0.4472559536497884 0.0390442503589714 -0.5000000000000000
0.1658458950685170 0.2805872085871759 0.5000000000000000
0.4171076270501701 0.0216721557117932 -0.5000000000000000
0.2801510918541095 0.0148678494340881 -0.5000000000000000
-0.1603816482432458 -0.5000000000000000 0.0190684134322696
-0.1471591334733601 0.0688011289151945 0.5000000000000000
0.2893086910571809 0.5000000000000000 -0.4470149562878050
0.2087645007025755 0.5000000000000000 -0.4258731308979470
-0.5000000000000000 0.0282437526723145 0.2436729978640950
0.5000000000000000 -0.1435813668627223 -0.0879015760325304
0.5000000000000000 -0.1262180409395786 -0.1220435446121861
0.5000000000000000 -0.1490627148231154 -0.0869705327251071
0.5000000000000000 -0.1303189678439513 -0.0629798148656188
0.3202691696068602 0.0958966857027570 -0.5000000000000000
0.5000000000000000 0.0317869058253157 -0.4847815228650937
-0.3720873607180555 0.0968906299743408 -0.5000000000000000
-0.5000000000000000 0.0402329580067862 -0.1277920069319320
-0.5000000000000000 0.0744117479112618 -0.1291268883009693
-0.5000000000000000 0.1727115563180433 -0.0471258751250655
-0.5000000000000000 0.3221134139433658 -0.2316320804638279
-0.0421235138242643 0.1419331395671377 -0.5000000000000000
0.0764536242689712 0.4177464318282748 0.5000000000000000
0.1328562367746777 0.4344980979684226 0.5000000000000000
0.0995790273115040 -0.3643315969726738 0.5000000000000000
0.0117169386436688 -0.3226698138229591 0.5000000000000000
-0.0557692332980943 -0.3523682252793515 0.5000000000000000
-0.0078998245995788 -0.2438068248134238 0.5000000000000000
0.5000000000000000 0.4092441677184209 0.3572896376288131
0.5000000000000000 0.2747584367002891 0.4079811497137541
0.1601083350206408 0.2581701331671205 -0.5000000000000000
0.2081373138990853 0.1694126688504607 -0.5000000000000000
0.2806923747105748 0.2781359322058622 -0.5000000000000000
-0.4674726291509876 -0.5000000000000000 -0.3828918537337198
-0.5000000000000000 -0.4514509263924912 -0.2659278625695764
0.1986341861569547 0.1562693709249102 -0.5000000000000000
0.0035073683834399 0.1152099527306697 -0.5000000000000000
0.1913201878071669 -0.0999889335459440 -0.5000000000000000
0.1651576778111987 -0.1730626459559561 -0.5000000000000000
0.1837035475601098 -0.1593660207389161 -0.5000000000000000
0.2295417419887866 -0.0427857744451573 -0.5000000000000000
0.3998897265249091 0.4708496325666349 -0.5000000000000000
0.3610266927395849 0.4464107395320617 -0.5000000000000000
0.3607005583296838 0.4815794172946981 -0.5000000000000000
0.3834247349708719 -0.5000000000000000 -0.3883016671869525
0.4245768740143390 -0.5000000000000000 -0.3682383616554576
-0.2020290164927902 -0.3591711621863780 -0.4883057623104601
0.0743976789414646 0.2150990754951483 -0.5000000000000000
0.3011527859864879 0.3160006999514671 -0.5000000000000000
0.5000000000000000 0.4771156024809091 -0.3972834462849927
0.5000000000000000 -0.3732647310186046 -0.1743066590619254
0.4963977753658878 -0.3888399396291576 -0.3447112753880234
0.2958829657903239 0.5000000000000000 -0.1243536981116705
0.5000000000000000 -0.0769272045129318 -0.0027876227914868
0.5000000000000000 0.0098555187547938 -0.1185587564082236
0.5000000000000000 -0.1510316934525962 -0.0306964948798327
0.1356289733990074 -0.0503160615814605 -0.5000000000000000
0.0775911174926703 0.0574179590390346 -0.5000000000000000
0.1044686992384401 0.2306555012356639 -0.5000000000000000
0.2748438116969741 0.0470505579631179 0.5000000000000000
0.2088536571814311 0.1615191619500113 -0.5000000000000000
0.2134082421254573 0.1584545855917868 -0.5000000000000000
0.1697275617209038 0.1726554637501088 -0.5000000000000000
0.2042027217798537 0.1602787678057057 -0.5000000000000000
-0.1041427478568077 -0.5000000000000000 -0.3780785513722876
-0.5000000000000000 0.3375135437634189 -0.2337728342973400
-0.5000000000000000 0.3022241769748346 0.2195329385969026
-0.5000000000000000 0.1301935565687149 0.3490064670343362
-0.5000000000000000 -0.1342035002807261 -0.2672862506832384
-0.0185098204695583 0.4641010199149633 0.5000000000000000
0.2123383713355779 0.5000000000000000 0.2885619789173361
-0.0564704497447139 0.2159166194716858 0.5000000000000000
0.1655507605969469 0.3505717015895736 0.5000000000000000
0.5000000000000000 -0.1059749627922082 0.2419274389939720
0.5000000000000000 -0.2508156639142880 0.3583607861265707
0.0244968885680181 -0.3974610859095073 -0.5000000000000000
-0.0378100206220244 -0.0567785290723544 0.5000000000000000
0.0236068316110936 -0.0471651728891949 0.5000000000000000
-0.0135300739623939 -0.0273839640346230 0.5000000000000000
0.5000000000000000 -0.2565174462357503 -0.0289551267467789
0.5000000000000000 -0.3007323381355387 0.0592278719030387
-0.5000000000000000 0.0596517514596522 0.2810139837883239
0.3579472700271454 -0.5000000000000000 -0.0589975637370869
0.4930380905868978 -0.5000000000000000 -0.3272634297945326
-0.3051506117682443 0.3330149949981466 0.5000000000000000
-0.5000000000000000 -0.1763702950174867 -0.3307124871335343
0.0260722275285452 -0.1892214463737830 -0.5000000000000000
-0.0469140378476710 0.4809590374266735 0.5000000000000000
0.5000000000000000 0.0826398510853411 0.0229747636001683
0.5000000000000000 0.0916410920137226 -0.0205945733300337
0.5000000000000000 -0.0617601222780823 -0.2924476087402601
0.5000000000000000 -0.0735445786600144 0.0200535515693966
0.5000000000000000 0.4071069108734199 0.3349777477485783
0.2717891239923434 0.3243710102609766 0.5000000000000000
0.5000000000000000 0.2661511814483136 0.3660967222636967
0.1062543708236436 0.5000000000000000 0.2091386791907607
0.5000000000000000 0.0023216995282848 -0.1708893136162055
0.5000000000000000 0.0387147983493892 -0.2056712994632889
0.5000000000000000 -0.0138105476445362 -0.0669202561930586
0.4053890357465628 0.0216633700675146 0.5000000000000000
0.5000000000000000 -0.1498078260600852 -0.0196695664949256
0.0086306866870242 -0.3277464342197122 -0.5000000000000000
-0.5000000000000000 -0.0250095759067999 -0.0730120950222332
-0.5000000000000000 -0.1071311398917667 -0.2101922655249599
0.2666084398653835 0.4235625969253552 -0.5000000000000000
0.1648064049196355 0.4736153764062779 -0.5000000000000000
0.2608415678910693 0.4827473888440434 0.5000000000000000
0.2449232539049630 0.5000000000000000 0.3488546094605384
0.2157556187955020 0.3962052929097314 0.5000000000000000
0.1942238408714187 0.5000000000000000 0.4964336717715544
0.4835335830608928 0.5000000000000000 0.4108403103007327
0.5000000000000000 -0.3889315448066434 0.4581559135507732
0.3020043147744398 0.3640016790136132 -0.5000000000000000
0.3091757901580018 0.4220008923999473 -0.5000000000000000
-0.0732658697946502 0.2002640310053790 0.5000000000000000
-0.0743467979506919 0.2069498112872082 0.5000000000000000
-0.0981383267730189 0.1548034145477751 0.5000000000000000
-0.0844827653750031 0.1908389213457907 0.5000000000000000
0.5000000000000000 0.4452210568082706 0.3052977240293590
-0.5000000000000000 0.3284062671140442 -0.2227822418945866
0.5000000000000000 -0.0583671749095736 -0.2650923065398918
0.5000000000000000 0.0454818658473665 -0.3916674021911406
0.4683601324986107 -0.2069772183263580 -0.5000000000000000
0.2791205962096819 -0.0114241858832494 -0.5000000000000000
0.5000000000000000 -0.4814088107338279 -0.3653233465870420
0.2273072876566729 0.5000000000000000 -0.4974742706849968
-0.5000000000000000 0.1125236212373674 0.1197005362298664
-0.5000000000000000 0.0823963600728932 0.2980367786090856
0.5000000000000000 0.1960804569375671 0.1033231597123115
0.2231474485816463 0.3691420378314579 0.5000000000000000
0.4888347304387598 0.5000000000000000 0.4067601554264331
-0.5000000000000000 -0.0035772827394968 -0.0625343823862207
0.3219566658615617 0.1079003950748293 -0.5000000000000000
0.5000000000000000 0.0429652818177168 -0.4816954992991693
-0.5000000000000000 0.1061311923547033 0.0157825335325199
0.5000000000000000 -0.2625352093252460 -0.4600016361284034
0.0058231748599381 -0.1255269873611586 0.5000000000000000
-0.0125861582166655 -0.1770104894970879 0.5000000000000000
0.2681516282333838 0.0521176815115374 -0.5000000000000000
0.5000000000000000 -0.1757927359439583 -0.0250357286492161
0.2537775021377997 0.0292674458104191 -0.5000000000000000
0.5000000000000000 -0.1110140156702963 0.0098960536614016
0.5000000000000000 -0.3916993286061517 0.2464901912072900
0.5000000000000000 0.2553628453149751 -0.2004917735149412
-0.4986840645284932 0.1812221672316692 0.1535405854596693
-0.0413683838987687 0.5000000000000000 -0.2592258414879819
0.2422050177264927 0.4796356098200797 -0.5000000000000000
224 89
225 126
226 130
227 139
228 157
229 165
230 190
231 199
232 217
0 3
0 11
0 47
0 53
0 97
0 107
0 109
0 112
0 113
0 132
0 147
0 170
0 194
1 233
1 62
1 234
1 235
1 119
1 145
1 151
1 236
237 725
238 87
2 16
2 30
2 31
2 42
2 49
2 56
2 59
2 73
2 78
2 120
2 158
2 239
2 179
2 182
2 192
2 208
2 218
2 222
3 11
3 14
3 27
3 38
3 41
3 53
3 240
3 241
3 102
3 117
3 131
3 140
3 147
3 242
3 194
3 243
3 244
245 24
246 60
247 62
248 88
249 144
250 150
251 766
252 203
253 66
4 254
4 31
4 255
4 256
4 257
4 258
4 259
4 158
4 188
4 204
4 215
4 260
5 261
5 17
5 262
5 35
5 263
5 90
5 91
5 93
5 94
5 99
5 103
5 116
5 136
5 264
5 169
5 171
5 175
5 196
5 206
265 61
266 115
267 119
268 145
269 151
270 202
6 271
6 272
6 448
6 273
6 743
6 83
6 90
6 91
6 94
6 136
6 274
6 275
6 276
6 175
6 277
278 29
279 34
280 130
281 139
7 8
7 25
7 27
7 33
7 39
7 97
7 118
7 128
7 133
7 172
7 1224
7 216
8 18
8 23
8 27
8 39
8 47
8 53
8 85
8 97
8 283
8 109
8 128
8 133
8 172
8 178
8 184
8 216
9 19
9 22
9 284
9 36
9 37
9 81
9 98
9 100
9 285
9 286
9 287
9 288
9 289
9 290
9 185
9 291
9 213
9 223
10 32
10 292
10 1009
10 116
10 141
10 293
10 196
10 294
10 211
10 219
10 223
295 130
11 296
11 27
11 41
11 47
11 53
11 297
11 87
11 298
11 97
11 299
11 117
11 122
11 132
11 147
11 300
11 301
11 302
11 303
11 194
12 282
12 304
12 28
12 40
12 725
12 87
12 305
12 113
12 132
12 142
12 306
12 155
12 166
12 307
12 212
282 40
282 44
282 51
282 76
282 107
282 113
282 166
282 200
308 29
309 139
13 34
13 42
13 49
13 56
13 75
13 310
13 96
13 957
13 311
13 201
13 312
13 313
314 25
315 24
316 357
317 46
318 161
319 32
320 116
321 136
322 175
323 33
324 128
14 325
14 38
14 53
14 58
14 67
14 102
14 109
14 131
14 147
14 156
14 161
14 194
14 326
327 116
328 136
15 329
15 330
15 331
15 332
15 76
15 82
15 137
15 160
15 167
15 1229
15 200
15 215
15 333
15 334
335 64
336 86
337 101
338 174
339 197
16 30
16 31
16 77
16 78
16 120
16 150
16 158
16 173
16 179
16 182
16 192
16 203
16 214
16 218
16 222
17 35
17 340
17 341
17 93
17 104
17 116
17 125
17 168
17 171
17 205
342 53
343 46
344 127
18 23
18 39
18 53
18 85
18 95
18 345
18 133
18 154
18 346
18 347
18 178
18 348
18 207
18 216
349 127
350 126
351 188
352 190
19 22
19 36
19 1009
19 353
19 223
354 157
355 185
356 223
358 53
359 102
360 161
361 26
362 61
363 151
364 191
365 210
366 130
367 139
20 368
20 31
20 51
20 369
20 370
20 371
20 148
20 372
20 188
20 190
20 373
20 215
374 71
375 942
21 72
21 376
21 377
21 91
21 93
21 94
21 378
21 379
21 116
21 136
21 380
21 381
21 382
21 383
384 357
385 102
386 161
22 387
22 36
22 50
22 81
22 388
22 98
22 389
22 390
22 391
23 392
23 71
23 85
23 393
23 394
23 395
23 128
23 396
23 133
23 397
23 398
23 216
399 28
400 51
401 146
402 148
403 221
404 41
405 117
406 122
24 30
24 407
24 357
24 408
24 46
24 60
24 63
24 67
24 409
24 88
24 410
24 102
24 161
24 177
24 766
24 222
25 27
25 411
25 412
25 413
25 414
25 415
25 118
25 122
25 128
25 416
25 417
25 942
25 153
25 418
25 1224
419 448
420 90
421 94
422 136
423 175
424 28
425 87
426 132
427 26
428 119
429 121
430 145
431 160
432 167
433 204
434 215
435 743
26 436
26 437
26 61
26 438
26 439
26 440
26 441
26 442
26 151
26 443
26 444
26 445
26 446
26 191
26 210
26 447
449 183
27 33
27 39
27 47
27 53
27 450
27 97
27 118
27 122
27 451
27 133
27 452
27 153
27 172
27 1224
28 453
28 725
28 115
28 454
28 132
28 455
28 137
28 456
28 147
28 457
28 155
28 458
28 180
28 1229
28 202
28 459
28 212
28 460
461 29
462 34
463 64
464 86
465 201
466 66
467 101
468 142
469 155
29 470
29 34
29 471
29 45
29 54
29 75
29 86
29 103
29 106
29 472
29 130
29 139
29 473
29 474
475 61
476 151
477 210
448 478
448 45
448 743
448 83
448 479
448 164
448 480
448 481
448 175
30 482
30 67
30 78
30 88
30 150
30 177
30 192
30 766
30 203
30 214
30 218
30 222
483 92
484 153
485 64
486 70
487 110
488 974
489 46
490 766
491 214
492 222
493 71
31 51
31 56
31 76
31 89
31 126
31 134
31 143
31 148
31 158
31 173
31 494
31 179
31 188
31 190
31 215
31 218
495 110
496 181
497 743
498 91
499 94
500 92
501 357
502 53
503 95
504 124
505 193
506 207
32 507
32 508
32 509
32 103
32 116
32 130
32 139
32 510
32 141
32 511
32 512
32 157
32 513
32 185
32 196
32 514
32 211
32 217
32 515
32 223
516 37
517 45
518 86
519 101
520 164
521 183
522 197
523 183
524 117
357 46
357 53
357 525
357 63
357 102
357 124
357 156
357 161
357 163
357 526
357 193
357 527
528 60
529 102
530 161
531 110
532 55
533 1151
534 154
535 213
536 37
537 50
538 81
539 1151
540 162
541 213
542 64
543 174
33 57
33 544
33 92
33 97
33 545
33 122
33 128
33 546
33 172
33 547
33 1224
548 65
549 181
550 208
551 119
34 45
34 49
34 54
34 552
34 75
34 86
34 957
34 553
34 201
34 554
34 555
556 64
35 48
35 99
35 103
35 116
35 557
35 169
35 171
35 196
35 205
35 206
35 209
35 217
558 183
559 46
560 214
561 37
562 213
36 50
36 81
36 563
36 98
36 100
36 1009
36 141
36 564
36 219
36 565
36 223
37 566
37 81
37 567
37 568
37 569
37 570
37 571
37 1151
37 149
37 572
37 162
37 176
37 573
37 186
37 213
37 574
37 575
38 577
38 105
38 121
38 131
38 578
38 140
38 147
38 194
38 579
38 580
38 581
39 53
39 582
39 583
39 584
39 585
39 118
39 586
39 133
39 587
39 588
39 589
39 590
40 44
40 47
40 591
40 592
40 593
40 87
40 594
40 97
40 107
40 113
40 135
40 595
40 596
40 166
40 172
40 597
40 184
40 198
598 191
41 599
41 600
41 601
41 117
41 122
41 602
41 603
41 604
41 605
41 606
42 49
42 56
42 59
42 65
42 96
42 957
42 607
42 608
42 182
42 208
43 44
43 51
43 55
43 74
43 109
43 114
43 134
43 138
43 146
43 148
43 154
43 159
43 170
43 178
43 184
43 187
43 220
43 221
609 45
610 103
611 139
612 175
613 85
614 128
44 47
44 51
44 76
44 615
44 107
44 134
44 143
44 616
44 159
44 170
44 172
44 184
44 617
44 221
45 54
45 83
45 86
45 103
45 106
45 1021
45 139
45 164
45 175
45 618
45 619
45 206
620 186
621 127
622 137
623 167
46 624
46 63
46 67
46 625
46 626
46 99
46 627
46 1021
46 161
46 163
46 177
46 214
46 222
628 55
629 85
630 159
631 66
632 183
47 53
47 87
47 97
47 107
47 109
47 113
47 132
47 170
47 172
47 184
48 103
48 152
48 157
48 165
48 171
48 189
48 196
48 205
48 209
48 211
48 217
48 220
633 186
634 66
635 119
49 54
49 56
49 636
49 59
49 64
49 73
49 75
49 96
49 106
49 120
49 637
49 638
49 192
49 201
50 52
50 639
50 640
50 81
50 641
50 642
50 643
50 644
50 645
50 98
50 646
50 104
50 647
50 648
50 125
50 649
50 650
50 651
50 162
50 186
50 652
653 101
654 183
51 655
51 656
51 76
51 657
51 134
51 146
51 658
51 148
51 659
51 660
51 661
51 200
51 662
51 215
51 221
52 69
52 84
52 663
52 664
52 93
52 104
52 576
52 665
52 123
52 125
52 162
52 176
52 666
52 1322
52 220
53 667
53 95
53 109
53 124
53 156
53 161
53 668
53 178
53 184
53 187
53 194
53 669
670 77
671 80
672 179
673 181
674 191
675 204
676 208
677 210
678 128
679 116
680 163
681 193
54 682
54 75
54 86
54 106
54 164
54 683
54 192
54 201
55 684
55 685
55 74
55 686
55 146
55 154
55 159
55 687
55 688
55 689
55 220
55 221
55 690
56 74
56 75
56 89
56 126
56 134
56 148
56 691
56 188
56 190
56 192
56 199
56 209
56 217
56 218
692 105
693 119
694 121
695 144
696 64
697 73
698 120
699 174
700 195
701 64
702 86
703 164
704 174
705 201
706 200
707 190
57 708
57 709
57 92
57 97
57 710
57 128
57 135
57 711
57 712
57 172
57 713
57 714
57 198
57 1224
57 715
716 128
717 61
718 115
719 127
720 151
721 210
58 60
58 67
58 68
58 88
58 102
58 109
58 112
58 114
58 129
58 144
58 150
58 156
58 161
58 170
58 180
58 194
59 65
59 73
59 78
59 80
59 96
59 108
59 957
59 182
60 62
60 67
60 722
60 88
60 102
60 131
60 144
60 150
60 180
60 723
60 724
60 766
726 155
61 62
61 727
61 77
61 728
61 79
61 80
61 729
61 730
61 115
61 731
61 127
61 151
61 160
61 202
61 204
61 210
732 76
733 188
734 200
735 215
736 65
737 110
738 181
739 118
62 77
62 79
62 82
62 740
62 143
62 144
62 145
62 150
62 151
62 173
62 179
62 180
62 202
62 203
62 204
62 741
62 742
63 67
63 74
63 109
63 114
63 124
63 138
63 156
63 161
63 163
63 170
63 177
63 187
63 193
63 220
744 117
745 71
64 70
64 73
64 746
64 86
64 747
64 748
64 96
64 110
64 749
64 750
64 974
64 174
64 195
64 751
64 201
64 752
753 191
754 116
755 199
65 70
65 73
65 756
65 80
65 757
65 96
65 108
65 110
65 957
65 758
65 181
65 182
65 195
65 208
759 85
760 80
761 151
762 181
763 191
764 210
765 120
767 214
66 768
66 101
66 769
66 974
66 770
66 174
66 183
66 771
66 772
66 197
66 773
66 774
775 85
776 159
777 221
67 88
67 102
67 114
67 129
67 156
67 161
67 177
67 218
67 222
68 107
68 112
68 129
68 143
68 170
68 194
69 84
69 95
69 576
69 778
69 123
69 124
69 163
69 176
69 193
69 779
69 207
69 1322
69 220
70 780
70 781
70 782
70 96
70 110
70 783
70 181
70 195
784 92
785 122
786 153
71 787
71 788
71 789
71 790
71 791
71 792
71 942
71 793
71 794
71 795
71 216
71 796
71 797
798 191
799 110
800 181
801 191
802 195
803 87
804 135
805 198
72 806
72 807
72 93
72 808
72 116
72 125
72 136
72 809
72 810
72 811
812 191
813 210
814 137
815 142
816 155
817 166
818 200
819 214
73 78
73 96
73 108
73 820
73 120
73 821
73 822
73 823
73 181
73 195
74 114
74 134
74 138
74 146
74 148
74 824
74 165
74 177
74 199
74 209
74 220
825 96
826 110
75 89
75 103
75 106
75 126
75 139
75 827
75 192
75 201
75 828
75 217
75 829
76 82
76 107
76 113
76 134
76 137
76 143
76 166
76 830
76 200
76 212
76 215
831 725
77 80
77 832
77 150
77 151
77 173
77 179
77 182
77 203
77 204
77 208
77 210
77 833
78 834
78 108
78 120
78 835
78 836
78 182
78 766
78 203
78 214
837 127
838 204
839 210
743 83
743 91
743 840
743 841
743 842
743 843
743 844
79 82
79 115
79 151
79 160
79 173
79 202
79 204
845 210
846 93
847 163
848 117
849 122
80 108
80 850
80 151
80 851
80 181
80 182
80 191
80 852
80 203
80 208
80 210
80 853
80 854
855 188
856 190
725 857
725 87
725 858
725 142
725 859
725 155
725 860
725 861
725 862
81 98
81 100
81 104
81 111
81 123
81 1151
81 162
81 176
81 189
81 213
82 112
82 115
82 137
82 143
82 150
82 160
82 173
82 180
82 202
82 204
82 212
82 215
83 863
83 90
83 864
83 1021
83 865
83 164
83 866
83 867
83 175
83 868
83 869
83 206
870 94
871 93
872 98
873 104
874 116
875 125
876 125
877 105
878 131
879 144
84 93
84 99
84 104
84 125
84 163
84 168
84 171
84 189
84 205
84 1322
84 220
85 880
85 881
85 128
85 882
85 154
85 883
85 159
85 172
85 178
85 884
85 184
85 207
85 885
886 128
86 101
86 887
86 164
86 174
86 183
86 888
86 197
86 201
86 889
86 890
891 119
892 87
893 942
894 110
895 195
87 896
87 97
87 113
87 132
87 135
87 897
87 898
87 899
87 198
87 900
901 158
902 208
903 163
904 126
905 190
906 151
907 210
908 166
909 200
910 122
911 153
88 129
88 150
88 766
88 203
88 218
912 142
913 166
914 152
915 157
916 165
917 199
918 98
919 104
920 116
921 125
922 196
923 205
924 211
925 219
926 766
927 214
89 126
89 148
89 165
89 190
89 199
89 209
89 928
89 217
929 190
930 151
931 125
932 186
90 91
90 94
90 1021
90 136
90 169
90 175
90 933
90 206
934 98
935 105
936 117
937 140
938 147
91 93
91 94
91 939
91 99
91 1021
91 169
91 940
91 941
943 149
944 154
945 207
92 946
92 947
92 122
92 948
92 153
92 949
92 950
92 951
92 952
92 1224
92 953
93 94
93 954
93 99
93 116
93 125
93 136
93 163
93 168
93 171
93 955
93 1322
956 96
958 174
94 99
94 136
94 959
94 169
94 960
961 99
962 163
963 149
95 123
95 124
95 154
95 964
95 178
95 965
95 187
95 966
95 967
95 207
96 957
96 195
96 968
96 201
97 122
97 132
97 969
97 172
97 970
97 198
98 100
98 104
98 111
98 125
98 162
98 971
98 189
98 205
98 211
98 219
98 972
973 149
975 183
99 1021
99 163
99 169
99 171
99 177
99 192
99 206
99 209
99 220
976 151
100 111
100 977
100 141
100 152
100 157
100 978
100 185
100 979
100 211
100 213
100 219
100 223
980 191
981 128
982 154
983 207
984 164
101 985
101 183
101 986
101 197
101 987
101 988
101 989
990 115
991 151
102 131
102 144
102 992
102 161
102 993
102 994
102 194
102 995
102 996
997 191
998 191
103 106
103 139
103 999
103 169
103 175
103 192
103 196
103 206
103 209
103 217
104 111
104 123
104 125
104 162
104 168
104 176
104 189
104 205
104 220
105 1000
105 1001
105 121
105 131
105 140
105 144
105 1002
105 1003
105 1004
105 1005
105 1006
106 175
106 1007
106 192
106 206
106 217
107 112
107 113
107 132
107 143
107 170
107 184
107 194
107 212
1008 191
1010 223
576 1011
576 149
576 176
576 207
576 1322
108 1012
108 120
108 1013
108 181
108 182
108 203
1014 191
1015 210
1016 122
109 138
109 156
109 170
109 178
109 184
109 187
109 194
110 1017
110 1018
110 1019
110 1020
110 181
110 195
1022 214
111 123
111 141
111 152
111 157
111 1023
111 176
111 189
111 211
111 213
111 219
111 220
1024 185
1025 223
1026 149
1027 186
1028 162
1029 186
112 113
112 129
112 132
112 143
112 147
112 180
112 194
112 202
112 212
1009 141
1009 1030
1009 211
1009 219
1009 223
113 132
113 166
113 212
114 129
114 134
114 138
114 156
114 170
114 177
114 192
114 218
1031 153
115 127
115 1032
115 137
115 160
115 167
115 1033
115 1229
115 202
115 212
1034 942
1035 153
1036 151
1037 191
1038 119
1039 151
116 136
116 1040
116 1041
116 1042
116 1043
116 196
116 1044
116 205
1045 127
1046 158
1047 160
1048 167
1049 204
1050 215
117 1051
117 1052
117 1053
118 1054
118 128
118 1055
118 1056
118 133
118 942
118 153
118 1057
118 216
1058 135
1059 1224
119 121
119 1060
119 144
119 145
119 1061
119 1062
119 1063
119 1064
119 1065
119 1066
1067 126
1068 191
1069 181
1070 195
120 1071
120 1072
120 1073
120 1074
120 1075
120 192
120 214
120 222
121 1076
121 131
121 1077
121 140
121 144
121 145
121 147
121 1078
121 180
121 194
121 202
122 1079
122 153
122 1080
122 1224
122 1081
1082 942
1083 216
1084 149
1085 162
1086 176
1087 186
1088 1322
1089 130
1090 139
123 124
123 138
123 1151
123 149
123 154
123 176
123 189
123 207
123 213
123 220
1091 140
1092 145
1093 147
1094 180
1095 188
1096 191
124 138
124 154
124 156
124 187
124 193
124 1097
124 1322
124 220
125 168
125 1098
1021 169
1021 177
1021 1099
1021 192
1021 206
1021 214
1021 222
126 1100
126 188
126 190
126 199
126 1101
127 1102
127 160
127 167
127 1103
127 204
127 1104
1105 162
128 1106
128 133
128 172
128 1107
128 1224
128 216
129 134
129 143
129 150
129 170
129 180
129 218
130 139
130 157
130 1108
130 1109
130 1110
130 1111
130 217
130 1112
1113 942
1114 153
131 144
131 1115
131 1116
131 194
131 1117
1118 149
1119 186
1120 207
1121 942
1122 1224
1123 216
132 147
132 1124
132 1125
132 180
132 212
133 1126
133 1127
133 216
1128 149
1129 176
1130 186
1131 145
1132 147
1133 155
1134 167
1135 180
1136 1229
1137 202
134 143
134 148
134 170
134 177
134 192
134 199
134 209
134 218
1138 144
1139 145
1140 150
1141 151
1142 203
135 1143
135 1144
135 1145
135 1146
135 198
135 1147
136 1148
136 169
136 1149
1150 195
1152 213
137 155
137 160
137 166
137 167
137 1229
137 200
137 212
1153 153
942 1154
942 216
942 1155
138 154
138 156
138 170
138 187
138 220
1156 188
1157 195
139 1158
139 1159
139 217
139 1160
140 147
140 1161
140 1162
140 180
140 194
1163 191
1164 974
1165 174
141 1166
141 152
141 157
141 185
141 211
141 219
141 223
142 155
142 166
142 1167
142 1168
143 150
143 170
143 173
143 180
143 212
143 215
143 218
144 145
144 150
144 180
144 1169
144 194
144 202
144 1170
144 1171
1172 766
1173 203
145 151
145 180
145 202
145 1174
1175 183
146 1176
146 148
146 1177
146 199
146 1178
146 1179
146 220
146 221
1180 174
1181 148
1182 221
1151 149
1151 154
1151 176
1151 213
147 1183
147 180
147 194
147 212
1184 214
1185 185
1186 223
1187 193
1188 158
1189 188
1190 204
1191 208
148 190
148 199
148 1192
148 1193
148 221
149 154
149 162
149 1194
149 176
149 1195
149 186
149 1196
149 1197
149 207
149 1198
149 1199
1200 164
1201 183
150 173
150 179
150 180
150 766
150 203
150 218
151 1202
151 1203
151 202
151 210
151 1204
151 1205
974 174
974 183
974 1206
974 1207
152 157
152 1208
152 1209
152 165
152 185
152 189
152 1210
152 199
152 211
152 213
152 220
153 1211
153 1224
153 1212
154 159
154 1213
154 178
154 187
154 207
154 213
154 220
154 1214
1215 159
1216 172
1217 184
1218 221
1219 157
1220 185
1221 223
155 166
155 1229
155 1222
155 212
155 1223
1225 213
156 161
156 163
156 170
156 187
156 193
157 165
157 185
157 1226
157 196
157 211
157 217
157 1227
1228 167
1230 196
158 173
158 1231
158 1232
158 179
158 182
158 188
158 204
158 208
158 215
158 1233
159 178
159 1234
159 184
159 221
159 1235
1236 213
160 167
160 173
160 204
160 212
160 215
1237 195
161 163
1238 165
1239 199
1240 213
1241 220
1242 198
162 176
162 186
162 1243
163 171
163 177
163 193
163 1244
163 1245
163 1322
163 220
1246 216
164 1247
164 175
164 183
164 1248
164 1249
164 201
164 1250
1251 181
1252 191
1253 198
165 189
165 199
165 209
165 217
165 220
1254 766
1255 203
1256 214
1257 204
1258 210
166 200
166 212
1259 193
167 1260
167 1229
167 1261
168 171
168 189
168 205
169 175
169 1262
169 206
170 184
170 194
1263 216
171 189
171 205
171 209
171 220
172 1264
172 184
172 198
173 179
173 204
173 215
173 218
1265 175
957 1266
957 1267
957 201
1268 188
1269 208
174 183
174 1270
174 197
174 1271
174 1272
175 1273
175 206
1274 188
1275 190
1276 208
176 186
176 189
176 207
176 220
1277 195
177 192
177 206
177 209
177 218
177 220
177 222
178 184
178 187
178 207
179 182
179 204
179 208
179 1278
1279 198
1280 207
1281 216
180 194
180 202
180 212
181 195
181 208
1282 185
1283 223
182 203
182 208
183 1284
183 1285
183 197
183 1286
183 1287
183 1288
1289 191
184 187
185 1290
185 1291
185 223
1292 192
1293 206
1294 214
1295 222
1296 197
186 1297
187 207
188 190
188 215
188 1298
189 196
189 205
189 209
189 211
189 220
190 199
190 1299
191 210
192 206
192 209
192 217
192 218
192 222
1300 200
1301 221
1229 1302
1303 223
193 1304
193 1305
193 1322
193 220
196 205
196 211
196 217
1306 201
197 1307
197 1308
1309 207
199 1310
199 1311
199 209
199 220
1312 207
200 1313
202 212
766 203
766 214
203 1314
203 1315
1316 221
204 210
204 215
204 1317
205 211
205 219
206 209
206 217
1318 221
208 1319
209 217
209 220
210 1320
211 219
1321 217
213 220
214 222
218 222
219 1323
219 223
1324 223
