1371 2486 0
-0.4962740117185052 0.2182926001728762 0.0603876559418678
-0.0419524988540597 0.1706496110494358 -0.4110549041549394
0.0768900216330682 0.3731744320260576 0.4455713965646416
0.1848432736679455 0.2716149800848452 0.3349222400202135
-0.4949660120954574 -0.3698952531164486 0.2672523266463604
0.1981377665446347 0.0067618978566298 -0.3626155946901040
0.0179182201759908 0.4453012317127291 0.2898194475651156
0.0115617429747058 -0.1426418615815611 0.3624822847092376
-0.1219477448561990 -0.0092128949586194 -0.0770548310507835
-0.0598423903635421 0.3714610470165932 -0.1493366989735674
-0.1343816738673431 -0.0604253442138218 -0.4127801061425192
0.4372648213855755 0.0792345075606874 -0.2079960786308179
0.1628665228815939 0.4030652278261155 0.1388990085892572
-0.2360382983763078 -0.2977290441321795 -0.0327390035096757
-0.3494896941517426 -0.4200911575146740 -0.1568033883716806
-0.4738166117916719 0.0945214881668720 0.2869650451403510
0.0230968353832474 0.4699758347170293 0.2910145377204379
-0.4213904134664182 0.3922588488977884 -0.0493523100062077
0.2040486198504501 0.3907390659704927 0.0549924196387535
0.3893554945040715 -0.0540388587892359 -0.2107421892186132
-0.3689818121884992 0.3223233870480966 0.1194957529181602
-0.3947748306003963 0.0654272515572742 -0.2985081023949574
-0.4564950176277303 0.2152197693236902 0.0573386015290920
0.2060362246081162 0.4183545957406183 -0.4298445508634346
-0.2374903788308629 0.4256410612028452 -0.0802789087136406
-0.2824426060872437 0.4342023430940762 -0.0325109424725433
-0.3569265105113404 0.0845984357215780 0.0691628387980563
0.1738194414976124 -0.1497588568917172 -0.1656084194762856
0.2549660063917978 -0.0483267990281181 0.0184737878302130
0.0365840174483855 0.3931343366614666 0.1584571686389182
-0.4835691201024039 -0.1046586262700687 -0.1230827098638503
0.4668134838432428 -0.0090807571326654 -0.0981350155196623
-0.0708753148404845 0.3342612247398163 0.2083237152231878
0.3342445377751999 0.4793905549862595 0.4705051339653681
0.1696780674056720 0.3799555818348053 -0.0240953792019861
-0.2778166177988114 -0.4122799997990494 0.4522866943555596
-0.1131320429799026 -0.1210621466071807 0.2664551931754693
-0.0640462998504154 -0.3659618653831050 0.2991256279069456
-0.4286377987094789 0.2473577273683814 -0.4499111847554219
-0.4003208258444633 0.4294114969533251 0.4293468119897729
-0.4495414243091995 0.3462880951570412 0.3634220752052420
-0.3562251615063291 -0.2260109402730245 0.1058205597478812
-0.4293840283722200 0.0824725522462305 0.2770912015135267
0.2802038949724185 -0.1155880025354324 -0.0505213264004952
-0.2689131354966097 -0.3318084513421773 -0.3481175276893701
0.2349597283010412 0.4289277747557378 -0.0642577545169628
-0.1865236310996581 -0.3578659468149489 0.0962068899164209
0.3824384286600382 0.1747999445333129 0.3151113314748712
0.1657864241954370 -0.1319926196235585 0.3766344848714255
-0.0602715320588329 0.1696843312296051 -0.2244766884942029
-0.1161014874148231 0.3376891746917471 0.2662862127858970
0.0237050532582579 -0.3659062399555930 -0.2011536294359033
-0.4580457972652313 -0.1212053263795737 0.2503497931333171
-0.3217320328204432 0.2156172411902118 0.4635893086750463
-0.2219004381689531 -0.4247192984434791 -0.0626898386021132
0.4264999899211817 0.0170435523120396 0.0794330762851356
-0.0456469470373615 -0.4995733285699595 0.3152149339047573
-0.3509032884597306 -0.1922374255151104 0.4511268800792343
0.2009229076920721 -0.1516713741205902 0.3861356916455480
0.3812564895478824 0.3905526069271369 0.0249761664626525
-0.3760715612652752 0.2893568541542634 -0.2916241190662404
0.1032677039223679 0.4615020641071383 -0.2805235951651780
0.0702468306613178 -0.1791691988037915 0.0953586133781881
0.4654765420585382 0.0925663977772135 -0.3262072099909459
-0.3543440859235374 -0.0813322006919382 -0.3627575694011382
-0.3102475507707382 0.4771522848923861 0.0909653516746220
0.1349744310326323 0.0045622780726279 0.1949484551442986
0.2201860130670672 0.1598809111814767 0.4626459088304731
0.2748090285753817 0.1750760797293226 -0.1608720595495696
0.2082530655869433 -0.0353572918486085 -0.4597737690855930
-0.4688491621577733 0.0038043793700109 -0.4772845925466807
-0.3607179655230578 0.3055378066637056 0.3928994898478989
-0.2944315165353741 -0.2913963968976224 0.1173729025758846
0.0772022730622684 0.4674090490488996 -0.4085581149289237
-0.1693526286764721 -0.2812510842862436 -0.0609183850785480
-0.2751165671906751 -0.3276589434386489 0.0200886514922504
0.0668889225149150 -0.3274718279879526 0.4703537953485983
0.4020194562685155 0.0596833200600788 0.4319202414684369
-0.1968743242999591 0.2988633113334245 0.4843882693344622
-0.4817217327597108 0.1075720634235932 -0.1420108335199525
-0.4653261284566628 -0.3682675614771209 -0.3397518799316624
0.3501307886063130 -0.2243852141727374 -0.0813731534577980
0.0167358934807471 0.1204673201308801 0.0906707111755542
-0.4174479186732916 -0.0026498825430999 -0.2247285883767078
-0.0805548227242174 0.2503652247885373 0.2089253395933257
-0.0847816621876125 -0.1346834070425793 -0.0615490245327412
0.3251875241794926 -0.1645010926944942 -0.1481881484434776
-0.2424094190520729 0.3788447749894475 -0.4538786378408504
0.2233083391224270 -0.0052221801862957 0.4031415209337588
-0.4121693135204839 -0.0780456862919312 0.2645926313350735
-0.4141080979694610 -0.4567238692511049 0.2510726480533873
-0.4342363238459052 -0.4872213883272878 0.1446319555265050
0.2228830514294539 -0.3452512277240944 -0.0194550524448230
0.3951949882538623 -0.0510743187602879 0.2243800186252961
0.0990004617573041 0.0509297973712104 0.3296620035061250
-0.1678243876615745 -0.1046198802788373 -0.0720836558064477
0.1790821868276484 0.3345385987157574 -0.2831296699039473
-0.2948211292850538 0.1160029689568932 0.2406489422047307
0.1323229135643552 -0.2841046308043618 -0.1444013110342993
-0.2557982188368061 0.1091898209757264 -0.1076945596418547
0.3519471966150360 -0.1906199676427150 0.4590936465758624
0.1292032826347436 0.2189238548457043 0.4538565551145932
-0.4176286296323338 0.0955925316078205 0.0348092060964366
-0.1452343227443601 -0.3247450135210133 0.0098686771457652
-0.1002734957594466 -0.4701320414540086 -0.0251272128200244
-0.0585660804351963 0.4635676751516691 0.4561653016585043
-0.4084104403033351 0.0117595209086839 0.3132828177900889
0.0620385923475019 -0.0197277146385046 -0.0717631200226397
-0.1082519262125917 -0.1780403179409256 0.0060787202630552
-0.0378041554171014 -0.2600903900325575 -0.3482239133760565
-0.3959528031315311 0.3666753793472447 -0.2528668963334389
-0.0701724825407871 -0.3525773471611184 -0.1191251683597531
-0.0996054214299250 -0.2403984598883422 -0.2956710725793953
0.1780346907489484 -0.4113857381563354 -0.1048097883281399
-0.0294065887490387 0.2720114980680280 0.3486124327038648
-0.4798110510053623 -0.3355534104054933 -0.1852987185140926
-0.3665464714548564 0.2075690988568114 0.2694266580431963
0.1133111875557202 -0.2227514480948055 -0.2590764021067964
-0.1406226086608054 -0.4189507820831385 0.3088237152465895
0.0680333642741405 -0.2111368469802083 -0.2553044485184070
-0.4148504401659146 0.4167859838103150 0.1340827608723209
0.0981584472830925 0.4689579868281698 -0.0462899898936637
-0.3862033846677429 -0.1257825520975047 0.1831323545429924
0.4085408874535799 -0.3720445038767159 -0.0622674900554345
-0.1978335045949186 0.4701205267877842 0.0330750111032777
-0.3634056574313420 -0.2404495981274098 -0.3820360843166377
-0.1485942690739942 -0.0010504452984850 -0.2856549133089174
-0.3926204222965283 -0.2983105362984929 0.1648472607245151
0.1147648641733641 0.3045240577938538 0.1774534895552574
0.0973177586475799 0.3455440892714117 0.1749658197901889
0.0922566715223023 0.2099372668501715 -0.4237942912838009
0.3443508737966177 -0.0916600745040544 0.0756452455521821
-0.4638962730024641 0.4712299594389351 0.3249840181538771
0.1891554976356470 -0.0040108377950711 0.2462264433328438
0.4472605904736280 0.2961461569950087 0.2951654158653410
0.0914265641986787 -0.1059008664280664 0.3536775111457251
-0.0551885749134858 -0.4661523285875728 0.4069241386917633
0.0391423127443613 0.4808220058218524 0.2294690186835177
-0.3273613277874305 -0.0273030916903764 0.2656029900410986
0.4290449809630328 -0.0956890013285882 0.3966383276264482
0.4035770644170378 -0.1113647229117549 0.0461582060262574
-0.1609746422416863 -0.3572531585137753 -0.2510136718809292
-0.0336956748563928 0.0463328434951151 0.2992472193456499
-0.1019649111870561 0.2895596675427831 0.2092274972159976
-0.4344924836326312 0.2961722402936475 0.3055290612120684
-0.4151541770058643 -0.4468139944415505 -0.1972018818964252
-0.3229683748770798 0.0675542303988081 0.1791602575002548
0.3269632732726439 0.0848721194655587 0.2923481927540867
-0.2598945031900824 0.0831547732042200 -0.0864353625684466
-0.3986877645016362 0.4817718568872791 -0.0740612389975407
0.0532679907802219 -0.4793839300487123 0.3407923607012034
0.3839028616681024 0.2113953549882974 0.0061936076745940
-0.4700499166353185 0.2554096120401362 -0.4375145320336765
0.3933293994381664 0.0469820369216879 -0.4497037326289275
0.1159878729234812 -0.3896366941182139 -0.0117473363284975
-0.1647316342956487 0.2117166151458595 -0.0120107433185112
0.3174324991414729 -0.4768907407967415 0.0704156380024217
0.1905422124459020 0.4811777728852632 -0.1240823894221762
0.2931359493145248 -0.3800524501965561 0.1628656623739823
0.3990462625818231 0.3205218673572450 0.1802870895694427
0.0577502019544380 0.2364582268693435 0.2559311061599248
-0.1940238937253047 -0.4624614012767747 -0.2829502486274113
0.1634612061562288 0.2058948007061998 0.3601923671762846
0.3880145206557555 0.4429232510526099 0.3733673567725349
0.1385118417996017 -0.1389151025899432 -0.2093369080107563
0.2473421939550536 -0.4556827162659152 0.4668217158663802
0.1864677809901853 0.0242718204283657 0.3168036690882624
0.2512777063545070 0.0557966743809332 0.2551202119293342
-0.1669358566930616 0.2133286365608519 0.1201628240587447
0.1791570087400981 -0.0217611940806430 0.2145814540098809
0.0127796108974498 -0.0872447675690842 -0.4252638133639355
0.2853779945713525 0.0459616527200711 0.3448015907925662
0.0373541270879895 0.0251754369589532 -0.4331453251878461
-0.1944054799621124 0.4817902580143116 -0.3764072390404283
-0.4514055879140333 -0.2453096345513934 0.1770437522682879
0.3129190267895129 0.1272566771821737 0.4742526526450906
-0.4518630807682318 -0.3279140231330521 0.0955581002118657
-0.3462304288040994 0.1303408037966068 0.3488658382635230
0.0349715517679488 -0.3165824120704145 -0.0764806819231608
-0.4318563716914107 0.3591263794502057 0.1625823673066957
-0.0524204573560274 -0.1277864956709709 -0.4839647694178363
0.1940024100479697 0.0416245598658187 -0.1049035119376715
-0.4099981229429387 -0.1957105050204316 0.2454945673431305
0.3543550075809516 -0.1191573269453986 0.4335917701410820
-0.1939437696616264 0.3286500553231878 0.3937102750558574
-0.3760949109578797 0.0010322067896708 0.3333747457378852
-0.3748923974104675 -0.4429456650945557 -0.1685926534958610
0.4523030906933009 -0.4600618992140091 -0.3624501086334167
0.0237826565293983 0.1277536176414451 -0.0399047048158363
-0.0424787879032282 -0.2778339369942228 0.3980534130789113
-0.1969632875858304 -0.0185849730263323 -0.2465392064006485
0.0226945003720362 -0.0527678946847820 0.2162574163089138
0.0733472008938027 0.0741310290415064 0.4637292148342896
-0.0196329430011468 0.2220183188139649 0.4787219046322180
-0.0872006777984084 0.1718293901273031 -0.1907433063054918
-0.0141326985561498 0.3973745164543446 0.2173346236630251
-0.2269317352705335 -0.1003178881356417 -0.4662693828124108
0.2436822222275515 0.1099482788002153 -0.2122697661709592
0.2060294363444037 0.4851280800935227 -0.4203893192184817
-0.1785338418554576 -0.3915033876025370 0.4556548502782385
-0.2319800348070759 0.0495401123218947 -0.4039418299696795
-0.4787709116215249 -0.0644190615813367 -0.4674620138732005
-0.3367897661565015 -0.3677542732124927 0.2083467114715718
-0.3987734904701054 -0.3131828904811644 -0.3762786202271378
0.3950968659815803 -0.4386107070976982 0.2085036201727952
-0.0557680575140473 -0.0692824629192844 -0.1577004837432216
-0.2289125115136363 -0.4343133296678001 -0.2412750788267780
-0.2395201042221797 -0.0643913039391035 0.0100843093966357
0.0612510262646440 0.3119936264350295 -0.3792621039377285
-0.0662096542312302 0.4486864003414233 0.2784204414069191
-0.3158867662034226 0.3810537999758766 -0.1862525043326427
-0.1761374972356206 0.0275583916209171 -0.4853613297078310
-0.3621806679155952 0.2874102694986777 -0.1758691155487605
-0.3419791182019519 -0.1598761821290197 0.3574327836966347
-0.2192271879952886 -0.1086616720504138 0.2560223775934254
0.4130106912327731 -0.4041084413333018 -0.3651826394422902
0.1517527676702135 0.2794543205193311 -0.1887896502333667
-0.1921372560209859 0.0012406635333410 -0.1715788774131382
-0.3022096899735848 -0.2791224446385417 -0.4724833565416943
-0.0743819833064183 -0.0134332844295791 0.1080811384943191
-0.2861054947588504 0.4207873759564559 0.3434637646289062
-0.1814580997132597 -0.2363976938616641 0.3961902247389374
0.0006993642152007 0.3824907753578561 -0.1690143417698818
-0.1175929492625092 0.3208037210085262 0.3319200467195693
-0.2817452260787248 0.1375764807623250 0.1497250183267120
-0.0641634552352366 0.1269146316728183 -0.2566153014016514
-0.3366885246532813 0.2850438453069025 0.2497467245605756
-0.2054726793986077 -0.3715263893198257 0.2356240619082924
0.0486013463294094 -0.4789472435178320 -0.0729070940101505
-0.4303467995325797 0.3786889011367512 -0.1421988266272848
0.4426397398787840 0.4258414699303339 -0.0620414501964612
0.0913139538670538 0.1452118775523923 0.4327663919798792
-0.2386649593837142 0.2875347734858538 0.4885277024914028
0.4782189887097583 -0.3158108103140400 -0.3592760330907980
0.1106035636828451 -0.0880620677215439 -0.1365498380544537
0.5000000000000000 -0.1074939472525045 -0.1651070578225080
0.5000000000000000 -0.0435264803873592 -0.1024753169640196
0.5000000000000000 -0.1898010724550276 -0.1018224553573691
0.5000000000000000 -0.1637143672751223 -0.1297286947917239
0.3011606098234831 0.2526109763996909 -0.5000000000000000
0.3686642417824664 0.1563025155108293 -0.5000000000000000
0.2677459521103936 0.1821231636873857 -0.5000000000000000
0.0086676873355175 0.3021448886480161 -0.4988195061425087
0.3672818836703765 0.1188333885240457 -0.5000000000000000
-0.2527456492377369 -0.3958929065097095 0.5000000000000000
-0.0567378055813867 -0.3499315311703715 0.5000000000000000
-0.2054625577345353 -0.3863794462398001 0.5000000000000000
-0.5000000000000000 0.2507349389652575 0.0655868267019085
-0.1459775337394481 0.5000000000000000 0.4117948108682450
-0.3677498015033075 0.5000000000000000 0.2323719760401067
-0.4254252102267356 0.5000000000000000 0.3237966512096178
-0.3063262461926715 0.5000000000000000 0.3317601131902339
-0.5000000000000000 -0.1089547013265161 -0.1254655925889281
0.5000000000000000 0.1316579875150483 -0.1860998289281217
0.5000000000000000 0.2399245890743782 -0.1375632063358609
0.5000000000000000 0.3112187537782173 -0.1803899285058779
0.5000000000000000 0.2430137889277801 -0.0394238582888527
0.5000000000000000 0.2905530339385961 -0.1430601888777007
0.5000000000000000 0.3968322673172535 -0.0744242460665620
0.5000000000000000 0.0471450283633212 0.4750026177115013
-0.3675061919188269 -0.2145213397929525 0.5000000000000000
-0.0491404800405695 0.1352693324776455 -0.5000000000000000
-0.2935561341152568 0.2003055869999790 -0.5000000000000000
0.1128610202875515 0.1630507194332449 -0.5000000000000000
0.0789479575681482 0.4231468518939529 0.5000000000000000
-0.1273746023696562 0.3146138472825245 0.5000000000000000
0.1692163657241379 0.3717767528594736 0.5000000000000000
0.2299753300704193 0.5000000000000000 0.4392866802240687
0.5000000000000000 0.3093269884182348 0.3860319917556999
0.1043159469111921 0.3551716659696993 0.5000000000000000
-0.5000000000000000 0.2480601976927153 -0.4347126908891632
0.2541840376091312 0.3417722634368268 0.5000000000000000
0.4416727306190809 0.2749872056549800 0.5000000000000000
0.5000000000000000 0.3079973210659412 0.3845434417867205
0.1204443622978631 0.5000000000000000 -0.2436537538512588
0.1893706883739482 0.5000000000000000 -0.1228307434145780
-0.5000000000000000 -0.0131089356797108 -0.2588400439346579
0.5000000000000000 0.0833967290560494 -0.2781122667941527
0.5000000000000000 0.0634264356324399 -0.2867534317303337
0.5000000000000000 0.0876090690570689 -0.3099727770118000
-0.5000000000000000 0.4411248050034735 0.4969575146943084
-0.2059236889948553 0.5000000000000000 0.0167040549814722
-0.4688462068489805 -0.5000000000000000 0.3061212682258557
-0.5000000000000000 -0.3658093360240490 0.2983717320248634
-0.5000000000000000 0.1049895947952459 0.2835185105232945
-0.5000000000000000 0.1891631008275182 0.2664292468281629
-0.5000000000000000 0.1487909874926589 0.3062729773191563
0.4766747084175199 -0.4581901078177304 -0.5000000000000000
-0.5000000000000000 0.3220936650229113 -0.3051757244871803
-0.5000000000000000 0.3708980986756454 -0.2774566031616989
0.5000000000000000 -0.1074965607973931 -0.3739445856413449
0.4978959987773831 -0.1939037217434150 -0.2057700419572718
0.5000000000000000 -0.1041362474146674 -0.3277808743232044
0.5000000000000000 -0.1126376838513499 -0.3869387051965925
-0.0263341498705407 0.5000000000000000 -0.2729626435129813
-0.2155413490940815 0.5000000000000000 -0.3553425468144287
-0.3154315565328553 0.5000000000000000 -0.2268435850467879
-0.1818486787360552 0.5000000000000000 -0.2193629340136707
-0.5000000000000000 0.0324135450874255 0.2216226589012454
-0.5000000000000000 -0.0539891034253821 0.2086060262458386
-0.5000000000000000 -0.0716953475060057 0.1658877749033361
-0.5000000000000000 -0.0290298461115279 0.1907061683825476
-0.5000000000000000 0.0024314832023484 0.1613900232596373
-0.5000000000000000 0.3527463420672903 -0.0974170910955749
-0.5000000000000000 0.2481290529150539 -0.0133032408153223
-0.5000000000000000 0.3357101186688432 -0.1946842862073669
-0.5000000000000000 0.3021160753862803 -0.1586202213749349
-0.5000000000000000 0.3478134507670962 -0.1449450732386247
-0.4351225440796708 0.5000000000000000 0.4234765956283803
-0.4571982984815002 0.5000000000000000 0.3716325860029066
0.0496191314193046 -0.0641745793530133 0.5000000000000000
-0.1933287977040370 -0.1270627704499033 0.5000000000000000
0.1417973409597832 -0.0116615769067387 0.5000000000000000
0.0792755849958396 -0.0491250223888863 0.5000000000000000
0.0730671120328196 0.0462407729941292 0.5000000000000000
-0.0793898102019811 -0.0694328815363283 0.5000000000000000
0.5000000000000000 0.1944328505943065 -0.0282085630881097
0.5000000000000000 0.2072315416364113 0.0206248647588622
0.5000000000000000 0.3473068593102087 -0.0282351273111262
0.2813417698491559 0.4977245265046940 -0.3567320820556872
0.1387675794819454 0.5000000000000000 -0.3309898387490942
0.1214694814760098 0.5000000000000000 -0.3970212425714393
-0.0780614784900076 0.5000000000000000 -0.3784758748918563
0.1976601899310445 0.5000000000000000 -0.4101877523373505
0.5000000000000000 -0.1946033980126454 0.2237830056343682
0.5000000000000000 -0.1946063486727203 0.2237599320569258
0.5000000000000000 -0.1945697970696551 0.2237682832643109
0.5000000000000000 -0.1946065952451698 0.2238116913187327
0.5000000000000000 -0.1945892038735424 0.2237420379715816
0.5000000000000000 -0.1945691282811712 0.2238348908249900
0.5000000000000000 -0.1945836721824742 0.2237176385414548
0.5000000000000000 -0.1946319070890514 0.2237600529619401
0.5000000000000000 -0.1949249983882313 0.2236438380694337
-0.0306430133551736 -0.5000000000000000 0.4335010942102101
0.0279492873314047 -0.5000000000000000 0.4179396256399531
0.1960064765174905 -0.5000000000000000 0.4832844399645440
-0.5000000000000000 -0.0659258933189298 -0.4735530164416247
-0.1657847549684510 0.1545347576767082 -0.5000000000000000
-0.0382376324764986 0.1388452082225796 -0.5000000000000000
-0.0034126433839183 0.2685509329779405 -0.5000000000000000
-0.0417715910851060 0.1228484490791683 -0.5000000000000000
-0.0615375064907051 0.1272081840871160 -0.5000000000000000
-0.0893142769158413 0.0996858912049535 -0.5000000000000000
0.5000000000000000 -0.0367451799858172 -0.3956752117351992
0.1268591533886075 0.1558002845672357 -0.5000000000000000
0.5000000000000000 -0.1510537240391606 -0.3779227725934768
0.3027556394004874 0.0992341309968117 -0.5000000000000000
0.1731009569158073 0.5000000000000000 0.3800190430349648
-0.2538364540582775 0.5000000000000000 -0.1546300011421470
-0.2907090238168711 0.5000000000000000 -0.1272138997324498
-0.3776343241138047 0.5000000000000000 -0.0973010514622877
-0.3216959292997224 0.5000000000000000 -0.1648891953280529
-0.2319632268485878 0.5000000000000000 -0.1600774547831910
0.1036879298375672 -0.2389802205966614 0.5000000000000000
0.0375762796163692 -0.0246820893683532 0.5000000000000000
0.0695008448207153 -0.1570560369252056 0.5000000000000000
-0.0845723862888508 0.5000000000000000 -0.0904949167701831
0.5000000000000000 -0.0172149199819534 0.4561817011551096
0.5000000000000000 -0.1521166966380282 0.4746150948296844
0.5000000000000000 -0.1037938581802296 0.4290946336432466
0.5000000000000000 -0.1188305926451530 0.4625131274339866
0.5000000000000000 -0.2325727748015912 -0.1963965395615099
0.5000000000000000 -0.1910080510920552 -0.2234381073248950
0.5000000000000000 0.0558823253470169 -0.2331570969541281
0.5000000000000000 0.0974590483879997 -0.2306621042830776
0.5000000000000000 0.0728972055646597 -0.1559229090479926
0.5000000000000000 0.0884135015280786 -0.1510709222309392
0.5000000000000000 0.0714297035131382 -0.2082754029032532
0.0669755576818107 0.5000000000000000 0.1143247281998720
0.5000000000000000 0.4073870720798441 0.2492256644783039
0.1409247208859637 0.5000000000000000 0.1916139155689890
-0.5000000000000000 0.4293801497876725 0.1242001397525442
-0.5000000000000000 0.4694044143761949 0.2909420547716944
-0.5000000000000000 0.3844032702300271 0.1469770166494320
0.0108565925021191 0.5000000000000000 0.4969907135866373
-0.4618066297270460 -0.5000000000000000 0.3119594155718343
-0.1181224358491081 -0.5000000000000000 0.3138955172861860
-0.4646652479477784 -0.5000000000000000 0.3033237692696930
-0.4562779839325927 -0.5000000000000000 0.3071034178187242
-0.4338439137332710 -0.5000000000000000 0.3153601948939663
0.4558169365939260 -0.5000000000000000 -0.3341784831458059
-0.5000000000000000 -0.2513541940435237 -0.0989282205505109
-0.5000000000000000 -0.2609622809069898 -0.1578799918822609
-0.5000000000000000 -0.2065120720419255 -0.0540415466810419
-0.5000000000000000 -0.2745677829505916 -0.0304504439108831
0.5000000000000000 -0.0117162379220934 -0.0935281047949921
0.5000000000000000 0.1057773425170252 -0.3369720539067121
0.5000000000000000 0.1931376551131789 -0.4088111241850320
0.5000000000000000 0.0939319289999083 -0.4331744708315080
-0.5000000000000000 0.0854247685065436 0.3137914436162499
-0.5000000000000000 0.0943731843309379 0.2603445224894322
-0.5000000000000000 0.0666919817115188 0.2798509579900391
-0.5000000000000000 0.1365856172496597 0.3429323596508724
-0.5000000000000000 0.0676920525535241 0.2957165161585276
-0.3901653866213622 0.1570166114594067 0.5000000000000000
-0.5000000000000000 0.1325655322669088 0.2476101021178859
0.0211377223695085 0.5000000000000000 0.2970911477378644
0.1382581123574296 0.5000000000000000 0.3587911835384316
0.1162375143950710 0.5000000000000000 0.2145389358124152
-0.0599171249063387 0.5000000000000000 0.2728877582469750
-0.3796495187218521 -0.2607468409273044 -0.5000000000000000
-0.3320094537804110 -0.2109987307346289 -0.5000000000000000
-0.4138007529038776 -0.1978750698788941 -0.5000000000000000
-0.3837904088190107 -0.2691892432833113 -0.5000000000000000
-0.3525699371691478 -0.2692439003191517 -0.5000000000000000
-0.5000000000000000 0.4125405549628622 -0.0523316574406654
-0.5000000000000000 0.3567018777323945 0.0567102644188918
-0.5000000000000000 0.3784231140970729 -0.0777294075075778
-0.4423556394187414 0.5000000000000000 0.0624164084889474
-0.4716775698147990 0.5000000000000000 0.0076752855213186
-0.5000000000000000 0.4165750661863558 -0.0382311743621038
0.5000000000000000 -0.3217994634644289 0.3252733555521883
0.5000000000000000 -0.2779873777657199 0.3421890274032238
0.5000000000000000 -0.2687605842719363 0.3775366427327170
0.5000000000000000 -0.1938648681228816 0.3665002322922455
0.5000000000000000 -0.3343018490306018 0.2798441516979049
0.5000000000000000 -0.3511527930306665 0.3647007858435810
0.5000000000000000 -0.3711902331277971 0.2743776745456016
0.5000000000000000 -0.3184204548810819 0.1919499149165895
-0.3543330471229357 0.2143052438658514 -0.5000000000000000
-0.3121217127024333 0.2456940973387212 -0.5000000000000000
-0.0279900264849257 0.2921496266966386 -0.5000000000000000
0.4272999171103075 0.5000000000000000 0.0606637629587184
0.2461573932168968 0.5000000000000000 0.0222658150975377
0.5000000000000000 -0.0446389475396072 -0.3546363003396230
0.5000000000000000 -0.0339134566681149 -0.2462074788189246
0.5000000000000000 -0.0458888799088540 -0.1929993690344544
0.5000000000000000 -0.1436922162148399 -0.3475571021022515
0.5000000000000000 -0.0841264916012367 -0.2223903970350084
0.5000000000000000 -0.0187236000393891 -0.2101916187047648
0.1546176391506821 0.5000000000000000 -0.0682769922112014
0.1196925445798710 0.5000000000000000 -0.0605589329866263
0.1620038024266488 0.5000000000000000 -0.0969544495822953
0.3083757437996459 0.5000000000000000 -0.0559352501394304
0.1935171399965555 0.5000000000000000 0.0640784714768465
-0.5000000000000000 0.3455247760668693 0.0853043307352011
-0.5000000000000000 0.2428925375853918 0.1532705835328460
-0.5000000000000000 0.0973986677906173 -0.3075305985035746
-0.5000000000000000 0.0429250768604572 -0.2947542454325670
-0.5000000000000000 0.0397814398267415 -0.3649500188302065
-0.2646951998700373 0.5000000000000000 -0.4261907843996791
-0.2246575399909098 0.5000000000000000 -0.3939256358022939
0.5000000000000000 -0.2047273961147493 -0.0297825066252920
0.5000000000000000 -0.1406151578190717 0.0362184430818887
-0.5000000000000000 -0.1111254653529471 0.2599587972090716
-0.5000000000000000 -0.1299940813230406 0.3538292759431391
-0.5000000000000000 -0.0814350049107569 0.2735213496730901
-0.5000000000000000 -0.1154669988684525 0.3137674450706637
0.2116705435674440 -0.0365288054785801 -0.5000000000000000
-0.5000000000000000 0.2027445854316968 0.0042849328722752
-0.5000000000000000 0.3099869165729234 0.0739070551847154
-0.5000000000000000 0.1939828072396133 0.0386208008188763
-0.5000000000000000 0.2130649755102875 0.1065177140854143
0.0189802308642286 0.5000000000000000 -0.4918572167420718
0.5000000000000000 0.4161158073078329 -0.4518804756362534
0.5000000000000000 0.4364876883812585 -0.3543568537441789
0.1744916342602750 0.4151144325065328 -0.5000000000000000
0.2118261154096262 0.5000000000000000 -0.4814023236646432
-0.5000000000000000 0.1897150485101060 -0.3874001429205181
-0.5000000000000000 0.1895300137336908 -0.3054119011811667
-0.5000000000000000 0.0362175447318163 -0.4329225095500482
-0.5000000000000000 0.1439658707856853 -0.3733809001753731
-0.5000000000000000 0.1102887298397760 -0.1731531637029487
-0.5000000000000000 0.2202174101864646 -0.4049501388805168
-0.5000000000000000 0.1845907283088080 -0.2624677347525885
-0.4351301736632160 0.2123276121051861 -0.5000000000000000
-0.3356183671469564 0.1867335856035572 -0.4918133687107304
0.0589236108991801 -0.5000000000000000 0.2135241801296615
0.0334749832561950 -0.5000000000000000 0.1674956325592921
0.0676997795976948 -0.5000000000000000 0.2890539076244241
0.2368051496119305 -0.5000000000000000 0.1131286923822166
0.1456098711840100 -0.5000000000000000 0.1814787680975083
0.2478648314640098 -0.5000000000000000 0.1962944444380923
-0.1154937600657160 0.5000000000000000 -0.0823116259872057
-0.3863269586455136 0.5000000000000000 -0.1722945791298753
-0.2214178300629855 0.5000000000000000 -0.0922801144664109
-0.4363620987700536 0.5000000000000000 0.0613298165080799
-0.1275329286167644 0.5000000000000000 -0.0725163493063243
-0.2445913776229532 0.5000000000000000 -0.0679444977913921
-0.5000000000000000 0.0905972145321895 0.1402555237603656
-0.5000000000000000 0.0167854695603152 0.0308258450785198
-0.5000000000000000 0.4746048915723432 -0.0689714727876616
-0.5000000000000000 0.4850836807755650 -0.0545316624976292
-0.5000000000000000 0.4009398295694295 -0.1199071443111485
-0.4154567845351640 -0.5000000000000000 -0.1763857689667801
-0.3848948671796540 -0.5000000000000000 -0.1535073183374450
0.5000000000000000 -0.0400191078391809 0.0036230740237975
0.3863495644783952 -0.3995723233030744 -0.5000000000000000
0.2995688467317992 -0.3214851252501496 -0.5000000000000000
0.3645379412643637 -0.3420770606007394 -0.5000000000000000
0.3106060587784494 -0.3046434329004242 -0.5000000000000000
0.0174657668663547 0.5000000000000000 0.1205233596979120
0.1325832317751465 0.5000000000000000 0.1932337128287341
-0.5000000000000000 0.2290895345990887 -0.4645866382127997
-0.5000000000000000 0.1805300780905741 -0.4986939244393244
-0.5000000000000000 0.2455112649601718 -0.4461753720097693
0.2037859480861189 -0.3592751321172993 0.5000000000000000
0.3235737011386516 -0.3149314989795025 0.5000000000000000
0.2834116280886409 -0.4126925417769741 0.5000000000000000
-0.5000000000000000 -0.1068816056907270 -0.1423034897096437
-0.5000000000000000 -0.1134425238518851 -0.1249967844326194
-0.5000000000000000 -0.0127716494665430 -0.0053821283224851
-0.5000000000000000 -0.1220671679978194 -0.1342267333924823
-0.5000000000000000 -0.0961711268638481 -0.1169183675825428
-0.5000000000000000 -0.1081295543557515 -0.1184217922913133
-0.5000000000000000 -0.1023120852934706 -0.1260092923047917
0.5000000000000000 -0.4685164063251969 0.1478990998676934
0.5000000000000000 -0.4587563661329255 0.1774529530836205
0.5000000000000000 -0.4703895871228373 0.1706205558559756
0.4463421738368391 -0.4527518502106460 -0.5000000000000000
0.5000000000000000 -0.4293027022895501 -0.4905337713132398
0.5000000000000000 -0.0442296274053032 -0.0642005124487923
0.5000000000000000 -0.0102562683768496 -0.1020527482363935
0.5000000000000000 -0.0199659085504506 -0.0612765114690152
0.5000000000000000 0.0048577666256879 -0.0878803460053694
0.5000000000000000 -0.0013287566138593 -0.1137223048668849
-0.5000000000000000 -0.1257625021965469 0.2363481677734691
-0.5000000000000000 -0.1227376327433806 0.2362635622576645
-0.5000000000000000 -0.1265335931574210 0.2306685703229462
-0.5000000000000000 -0.1425638243276539 0.2261830127654993
-0.5000000000000000 -0.1319387898882594 0.2347297704630938
-0.5000000000000000 -0.1281031565165871 0.2394679570170361
0.2046628049733517 0.4639992428778422 0.5000000000000000
0.3262078488023027 0.5000000000000000 0.4543970571819547
0.3182509269159334 0.4458272940166256 0.5000000000000000
0.2989187801129404 0.4840035066151384 0.5000000000000000
0.3330926258177233 0.5000000000000000 0.4851753453986145
0.4900695631772172 0.4669844948389012 0.5000000000000000
0.3111657080224942 0.5000000000000000 0.4582707865219030
0.4815183912508730 0.5000000000000000 0.3994768428299835
0.3684503278201824 0.4683581931193719 0.5000000000000000
0.4033744309784702 0.4396112074701467 0.5000000000000000
-0.5000000000000000 -0.1886614012908439 0.4020648295524807
-0.5000000000000000 -0.1923734171529216 0.2607429166304571
-0.5000000000000000 -0.1677447687330297 0.3400181335680614
0.5000000000000000 -0.0964476964363406 -0.0232658963719371
0.5000000000000000 -0.1232296270794075 -0.0324793469694135
0.5000000000000000 -0.1073693268756116 -0.0446097425787597
0.5000000000000000 -0.0985398661683718 0.0028467336651048
-0.5000000000000000 -0.1055136683923160 -0.2338023321332439
-0.5000000000000000 -0.1328830197235863 -0.1785464207925984
-0.5000000000000000 -0.0742758069807293 -0.2050163572257792
-0.5000000000000000 -0.1119258770871280 -0.1799303042366865
-0.5000000000000000 -0.1256631406280420 -0.2045206532655090
-0.5000000000000000 -0.2660901247977975 -0.1881335645730250
-0.5000000000000000 -0.0345647685021755 -0.3302986155965365
-0.5000000000000000 -0.1442580833738771 -0.2405134859075864
-0.5000000000000000 -0.1008227746993183 -0.2010660473826510
-0.5000000000000000 -0.1089313986090683 -0.1910434419052147
-0.5000000000000000 -0.3902423682287270 0.4097060892779395
-0.5000000000000000 -0.3073136869396625 0.4421015918062672
-0.4265215026143549 -0.5000000000000000 0.3653088060795395
-0.3656886210161296 -0.4102936543804592 0.5000000000000000
-0.3090335186451389 -0.4478790924298188 0.5000000000000000
-0.5000000000000000 -0.3584717749686126 0.3988881744318526
-0.2869756626839247 -0.5000000000000000 0.4460560067234829
-0.0190853947824346 -0.5000000000000000 0.2310509408961291
0.5000000000000000 0.3114764793778994 0.3061337463282331
0.5000000000000000 0.3322540236088565 0.2493869491154768
0.5000000000000000 0.3959974149697671 0.3527873192302717
-0.5000000000000000 0.3259677752549872 -0.4754378187174900
-0.5000000000000000 0.2686813217490839 -0.4852101982516902
-0.5000000000000000 0.0880833069666677 -0.4995220591396556
-0.4063484320510408 0.2241544132982027 -0.5000000000000000
-0.4922168509055614 -0.0797487941263076 -0.5000000000000000
-0.1943198767173944 0.3194385829674861 0.5000000000000000
-0.5000000000000000 0.3563655375942247 0.4943313302668220
-0.3458808732832597 0.3500560988508601 0.5000000000000000
-0.5000000000000000 0.4294610320642164 0.4353238905288500
-0.5000000000000000 0.4564866515979693 0.4481188130500274
-0.5000000000000000 0.4779539644102500 0.4080942781499316
-0.3527389049003807 0.4497175886884323 0.5000000000000000
-0.4424122189610717 0.3952716569489901 0.5000000000000000
-0.5000000000000000 0.4183045349758004 0.3950078559328971
-0.2783975878004579 0.5000000000000000 0.4613440306916883
-0.3644216428255303 0.5000000000000000 0.4461955726983640
-0.5000000000000000 0.3222475773525265 0.3374072997763340
-0.5000000000000000 0.2985051872147220 0.4144046569961249
-0.5000000000000000 0.3378541671349571 0.4557721757280629
-0.5000000000000000 0.3560760240109710 0.3557590137009156
0.0849627908856158 0.5000000000000000 -0.2693772626512729
0.1722376520916532 0.5000000000000000 -0.1332267753541062
-0.1760012678158464 0.5000000000000000 -0.3615739624902341
0.2589711992889800 0.1927404936860195 0.5000000000000000
0.2024498427598771 0.2388479222032752 0.5000000000000000
0.3235106589431281 0.1584760349537672 0.5000000000000000
0.0255678030760046 0.4548420234490564 0.5000000000000000
-0.5000000000000000 -0.4447648127359905 0.4583666658904822
-0.5000000000000000 -0.4451750361757547 0.2840104749129184
-0.5000000000000000 -0.4691564398168111 0.4509899628212201
-0.5000000000000000 -0.2091110454320941 0.0996546646599597
-0.5000000000000000 0.0065934532276044 0.0320212479566990
-0.5000000000000000 -0.1898693318522798 0.0277015588222973
-0.5000000000000000 -0.2387897635271011 0.0499797899816009
-0.5000000000000000 0.0878650577950796 0.2312190526137857
-0.5000000000000000 0.0355425057192466 0.2683180054308515
0.5000000000000000 -0.0537338303737309 -0.0099605056116559
0.3209846173299103 -0.5000000000000000 0.0795831305019495
-0.5000000000000000 -0.3654064155730670 -0.3408868948104095
-0.5000000000000000 -0.3355002377568843 -0.1938867910661630
-0.3021970594048932 -0.5000000000000000 -0.4097549699302728
-0.2627527542310805 -0.3582873315587062 -0.5000000000000000
-0.4568518135613514 -0.3291092706724806 -0.5000000000000000
-0.4532772885494464 -0.4180107326721152 -0.5000000000000000
-0.1405693152445560 -0.4230172183216581 -0.5000000000000000
0.2524160477310899 0.5000000000000000 -0.0194029620884123
0.5000000000000000 0.0253635462468055 -0.3628629445329772
0.5000000000000000 -0.0410403332541940 -0.4058212519790007
0.5000000000000000 -0.0200561797741248 -0.4117191595997529
0.0097357127690938 -0.5000000000000000 0.0083197974662618
-0.0781684334954058 -0.5000000000000000 0.1020305959288781
-0.2312789085574190 -0.5000000000000000 0.1390185945364618
-0.0419644043901611 -0.5000000000000000 0.1915002973575707
-0.1108936936384746 -0.5000000000000000 0.0737397241536749
-0.1459749080013679 -0.5000000000000000 -0.2750530955930807
0.5000000000000000 0.1584445588123024 0.3299514657882977
0.5000000000000000 0.1787100527479652 0.3238172615824856
0.5000000000000000 0.1097270169437039 0.4062610145044883
0.5000000000000000 0.1693241047565811 0.3853326820920201
0.5000000000000000 0.2015317365594128 0.1258310118846946
0.5000000000000000 0.3031242749536603 0.3824690915510389
0.1682352521833793 -0.1210832463956684 0.5000000000000000
0.0928817565344957 -0.1551427222564542 0.5000000000000000
-0.0027376496322604 -0.5000000000000000 -0.0010968952189593
0.0243679193191250 -0.5000000000000000 0.0033238736778649
0.0853401711732542 -0.5000000000000000 0.0189626627427639
0.0332147942157910 -0.5000000000000000 0.0125226682399333
0.0259837785219227 -0.5000000000000000 -0.0142206408562595
0.1252283788159252 -0.5000000000000000 0.0817238574110230
-0.0776939969379537 -0.5000000000000000 0.0121343133885708
-0.3587597760324195 -0.5000000000000000 -0.4032594922033886
-0.0182237776932594 -0.5000000000000000 -0.3579278331104336
-0.2418063199397394 -0.5000000000000000 -0.3419890599100437
-0.3110625948809460 -0.5000000000000000 -0.4388872859499094
-0.5000000000000000 0.1158601119231853 -0.1415862672104101
-0.5000000000000000 0.1801403619367141 -0.1059652156036360
-0.5000000000000000 0.2235096035287704 -0.1558824578230098
0.1962526799605397 -0.5000000000000000 -0.2434016875373814
0.5000000000000000 -0.3413979860125371 -0.1707102750163934
0.1673837373285531 -0.5000000000000000 -0.1299452433156161
-0.5000000000000000 0.2402402117303385 0.3520792959890175
-0.5000000000000000 0.2324641256974957 0.4745687390567608
-0.3222816623204531 0.2707951751943470 0.5000000000000000
-0.3653219562538399 0.1778215159803004 0.5000000000000000
-0.3314503758993050 0.2271518005223439 0.5000000000000000
-0.1969498892078009 0.1979457274291237 0.5000000000000000
-0.2739955189304242 0.1763855127029227 0.5000000000000000
-0.3277317203683814 -0.5000000000000000 -0.0258469841882907
-0.2500642647123229 -0.5000000000000000 -0.0558603869635915
-0.1043022814419686 -0.5000000000000000 -0.0954168333388189
-0.2264262875011935 -0.5000000000000000 -0.0448876351306082
-0.5000000000000000 -0.3722086259790829 -0.0000886313695904
-0.5000000000000000 0.3604238890801465 0.0898871323198000
-0.5000000000000000 0.3508311840954642 0.0976034349927969
0.5000000000000000 -0.0410592136192420 0.2245419897854538
0.5000000000000000 -0.0748130309783154 0.3460192416587231
0.5000000000000000 0.0295250584852191 0.2582686768204706
0.1081612291912012 -0.3425592791027163 0.5000000000000000
0.5000000000000000 0.0157842725463618 0.0964896191330774
0.5000000000000000 0.0007325072867610 0.1136199682194621
0.5000000000000000 0.0712433981754545 0.0615914559308990
0.5000000000000000 -0.0144203690476976 0.0342942180036960
0.5000000000000000 0.1614418531093242 0.0864671842624858
0.5000000000000000 0.0324077862416028 0.0337093932614824
0.5000000000000000 0.0475557407035981 0.0492527887376437
0.5000000000000000 0.0294095213730924 0.2767817772977024
0.5000000000000000 0.1143880735800378 0.3228405931070866
-0.5000000000000000 0.3694541049528466 -0.1447438956860389
-0.5000000000000000 -0.3775980158725689 -0.3444052850120449
-0.5000000000000000 -0.3436656267042032 -0.1994544908695476
-0.5000000000000000 -0.4467095785626178 -0.2424305042509245
-0.4284425730495675 0.5000000000000000 0.0681108760947103
-0.4419880684270930 0.5000000000000000 0.0675498456609174
-0.3965994305730079 0.5000000000000000 -0.0308304702385290
0.5000000000000000 -0.3648627617989345 -0.0546144458325342
0.3366693907253233 0.5000000000000000 0.4211630109186051
-0.5000000000000000 -0.0875274425242211 0.4660771683277351
-0.3750186840289169 -0.1861349864698684 0.5000000000000000
-0.3102540633031561 -0.1920610805806570 0.5000000000000000
-0.5000000000000000 -0.2966792470393326 0.4422271631911292
-0.4994049647038139 -0.2070615670798165 0.5000000000000000
-0.5000000000000000 -0.0983167125635640 0.3782750432611975
-0.5000000000000000 -0.2206052722428983 0.4673373616379978
-0.3024767144954880 -0.2335354625125356 0.5000000000000000
-0.3485652421525531 -0.1501004194893120 0.5000000000000000
-0.5000000000000000 -0.1849498204294553 0.4675020765455141
-0.1736787006028793 -0.0946668233615803 0.5000000000000000
-0.0588095905303814 -0.1699906849178952 0.5000000000000000
-0.3409893076483108 -0.2010143747298507 0.5000000000000000
0.1133447279117597 -0.2385605380497816 0.5000000000000000
0.0997540562396407 -0.1581606672427193 0.5000000000000000
0.5000000000000000 -0.4565972208341186 -0.4553172804194996
0.5000000000000000 0.4079749723635304 0.0354454209797273
0.4363830212735689 0.5000000000000000 0.0591290222888523
0.5000000000000000 0.3507297764840003 0.0839320806915862
0.5000000000000000 0.2366827837641233 0.0783105074094516
0.2976259157767084 0.5000000000000000 0.0135351683771170
0.5000000000000000 0.3054004315542505 0.0372396168969941
-0.0266247790501753 0.5000000000000000 0.4655192363848042
-0.5000000000000000 0.1124123055512454 -0.1226627925989805
-0.5000000000000000 0.1152485986133417 0.0163232836559272
0.3133027650070824 0.5000000000000000 -0.3554112649841893
0.5000000000000000 0.4161367069233928 -0.4518595976976636
0.5000000000000000 0.4574552039811675 -0.2298619706153238
0.5000000000000000 0.4469503551550744 -0.3466885145494675
-0.5000000000000000 0.3286235369483295 -0.4717299084665297
-0.5000000000000000 0.3115502301495525 -0.3551917453655312
-0.5000000000000000 0.3215701868981729 -0.2748967494450800
-0.5000000000000000 0.2911690689298975 -0.2742350672580972
-0.0295987744119562 0.5000000000000000 -0.1430225851944152
-0.0223376079807326 0.5000000000000000 -0.0699275742539383
-0.1275164411462997 0.5000000000000000 -0.0409696810977257
0.0437451354714551 0.5000000000000000 -0.1022971799883869
-0.1161451560393030 0.5000000000000000 -0.0956254686370260
-0.0767059979857014 0.5000000000000000 -0.0935989472171510
-0.5000000000000000 0.4823440887276287 0.3214254775817256
-0.2926396000210907 -0.3003174273118933 -0.5000000000000000
-0.5000000000000000 0.0176274026753893 0.3737763224591221
-0.5000000000000000 0.0810244495832697 0.4134247477624730
-0.5000000000000000 0.0126863101446709 0.3974264899522196
-0.2225804210266499 0.3395119822732722 -0.5000000000000000
0.5000000000000000 0.4513196955891116 -0.2135560017623029
0.0907069181293662 0.5000000000000000 -0.2976323807549567
0.1822690044457521 0.5000000000000000 -0.3158260103264126
0.1555934536140285 0.5000000000000000 -0.2473097770387180
0.5000000000000000 -0.2137930293396757 0.4941814356545089
0.5000000000000000 -0.1531460610206338 0.4484250244465386
0.1266755116455488 0.1643999632549033 0.5000000000000000
0.0618295487613933 0.1988968299267229 0.5000000000000000
0.0356595659052049 0.1101662696519831 0.5000000000000000
-0.0220027850029439 0.2092418720073609 0.5000000000000000
0.0288354534358840 0.1590896942254855 0.5000000000000000
0.5000000000000000 0.2801696231286536 0.2972828612119739
0.5000000000000000 0.2870224092325090 0.2180635001633531
-0.5000000000000000 0.4210156427307172 -0.2613199413281975
-0.5000000000000000 0.4783082558940261 -0.1710837770577335
-0.5000000000000000 0.4174670237644095 -0.1936420421612206
0.1354112856544908 0.1601134143281933 -0.5000000000000000
0.5000000000000000 0.4155730336167632 -0.4516741601963831
0.5000000000000000 0.1017225043748177 -0.3203224756588943
0.5000000000000000 0.2616036819061938 -0.3354174447937608
0.3247755211595051 0.1074663467023676 -0.5000000000000000
0.5000000000000000 0.0893488180608509 -0.3385879767357888
-0.5000000000000000 -0.1275104265902589 -0.3812642140565880
-0.5000000000000000 -0.1002039632754781 -0.4053688597881477
-0.2834176066833599 0.5000000000000000 0.1000681471869317
-0.3304076299787931 0.5000000000000000 0.0950439501158007
-0.3959744867007448 0.5000000000000000 0.0555694705576114
-0.2638294678729882 0.5000000000000000 0.1455871916824736
0.2411210689085713 0.1650272835777395 0.5000000000000000
0.3445398556598865 0.2070039441237519 0.5000000000000000
0.2103067370958521 0.1683149349217713 0.5000000000000000
0.5000000000000000 0.3059672345691833 0.3866847465083954
0.2299291931749546 0.1473717973579830 0.5000000000000000
0.2208216570251895 0.1273425211902816 0.5000000000000000
-0.0310528344619310 -0.5000000000000000 0.3954693310815700
0.0251992039815795 -0.4879571325274489 0.4052875022720845
0.0522388962329607 -0.5000000000000000 0.3436092806421727
-0.3977896186914222 0.5000000000000000 -0.1824748291629850
-0.3980658158293275 0.5000000000000000 -0.1541076945349405
-0.3940783748205652 0.5000000000000000 -0.1797457327704740
-0.3993428186303805 0.5000000000000000 -0.1777408207098636
0.1212847308891193 0.1660865038390717 -0.5000000000000000
0.0326134983477188 0.2727919216525471 -0.5000000000000000
0.1532215757814054 0.1498499807247939 -0.5000000000000000
0.1163262120794927 0.1508727611731112 -0.5000000000000000
0.5000000000000000 0.1587015220947091 -0.2356162914062536
0.5000000000000000 0.1020521849952058 -0.0891310493777153
0.5000000000000000 0.1366123614767648 -0.0726806553169610
-0.1800642938889310 0.2935228184782327 0.5000000000000000
-0.0443322688475032 0.2351980221967089 0.5000000000000000
-0.2189567207265842 0.2851868180058647 0.5000000000000000
-0.1941098933450082 0.5000000000000000 0.0592974649204092
-0.0018128940029890 0.5000000000000000 0.2119016441988083
-0.5000000000000000 0.1000807466564784 0.1966812994079749
-0.5000000000000000 0.0947425257525898 0.1086019874433704
-0.5000000000000000 0.1362965573725875 0.2131418087779198
-0.5000000000000000 0.0857631068986034 0.1795188016876094
-0.5000000000000000 0.1055618299410110 0.1716934721986332
0.2632955630018708 -0.0042326247406117 -0.5000000000000000
0.5000000000000000 -0.1540256102694668 -0.3857210911968876
0.1677620039792555 -0.2671538680201775 -0.5000000000000000
0.1424703787804191 -0.0435839688488387 -0.5000000000000000
0.1809589530701284 0.0004868928589766 -0.5000000000000000
0.1236778410926747 -0.0225382281470283 -0.5000000000000000
0.5000000000000000 -0.0942134256432145 -0.4633648950610093
0.2862520260420915 0.0714529646702000 -0.5000000000000000
0.1671637090166994 -0.0773148950483274 -0.5000000000000000
0.0471068340525077 -0.5000000000000000 -0.1727261347580713
0.2062968615299962 -0.5000000000000000 -0.2317991403999865
0.2245311279946517 -0.5000000000000000 -0.2328371366425430
0.1256804913845621 -0.5000000000000000 -0.2944047956847934
0.1221865378879330 -0.5000000000000000 -0.2545288582494152
0.2596643647704106 -0.5000000000000000 -0.2705514793700581
0.2294706551673098 -0.5000000000000000 -0.2582449096174645
-0.4359327019708697 -0.0208333380789811 -0.5000000000000000
-0.5000000000000000 0.0044963408262452 -0.4718551416072059
-0.4198060637735396 0.0247788531546257 -0.5000000000000000
-0.5000000000000000 0.0151691466543758 -0.4992464070245413
-0.5000000000000000 0.2594425036515604 0.4517027801012934
-0.5000000000000000 0.3272766825755654 0.4923091691389312
-0.3310548647005799 0.3139561238277126 0.5000000000000000
-0.5000000000000000 0.3542252042332194 0.1501814358853772
0.0132015827971574 0.5000000000000000 -0.4712866327912322
0.0705394522892234 0.5000000000000000 -0.4024121620510542
0.1641511709548248 0.5000000000000000 -0.3740019205649933
0.1125790699547459 0.4366181062826487 -0.5000000000000000
-0.5000000000000000 -0.2903762721604792 -0.0055763776270711
-0.5000000000000000 -0.3416374717353355 0.0247862740989034
-0.4018230082394481 0.5000000000000000 0.1194239623959110
-0.2563772540128542 0.5000000000000000 0.0555680224086706
-0.4424065987131218 0.5000000000000000 0.2607613803994447
0.0453678427551820 -0.5000000000000000 0.3972640456126822
0.0754579553693495 -0.5000000000000000 0.3442140226449327
0.2102042118417698 -0.5000000000000000 0.4239646820225913
0.2687252693571134 -0.5000000000000000 0.2179353940661680
0.4367988649914274 -0.4424112775417373 -0.4869481234696735
0.3745697629382114 -0.4873172792975529 -0.5000000000000000
0.4867398581895009 -0.3991919923168583 -0.5000000000000000
-0.3308312843858415 0.1678652012285969 -0.5000000000000000
-0.4000542572158505 0.1320097062486463 -0.5000000000000000
0.5000000000000000 -0.3349324861928195 -0.1655826242231515
0.5000000000000000 -0.3330750689561638 -0.1692016260858425
0.5000000000000000 -0.3397366078404064 -0.1696244580464194
0.5000000000000000 -0.3427237519243834 -0.1685640721500959
0.5000000000000000 -0.3385232341155686 -0.1720309984857268
0.5000000000000000 -0.3435308711951994 -0.1613131772102993
0.5000000000000000 -0.3584346154852158 -0.1983728893995833
0.5000000000000000 -0.3464110139380267 -0.1869725463635935
0.5000000000000000 -0.3340972645878499 -0.2218749156129526
0.4434860573066343 -0.1992865734126878 0.5000000000000000
0.4742175315740577 -0.1651527335071058 0.5000000000000000
0.0492623762439249 -0.3365167373821334 0.5000000000000000
0.1005615683002349 -0.2591467195278531 0.5000000000000000
-0.0138924481137821 -0.3196513635964682 0.5000000000000000
0.1224935341264335 -0.3296163045544084 0.5000000000000000
0.1235712557572842 -0.3657711957457236 0.5000000000000000
-0.4855316814123825 -0.3341458126271157 -0.5000000000000000
-0.4732503884322887 -0.3259810379506078 -0.5000000000000000
-0.3984880369084979 -0.3046803504419779 -0.5000000000000000
-0.0634068611148209 -0.4944105800977163 -0.1224885226847519
0.0388733319479936 -0.5000000000000000 -0.0779004675602066
0.3994092734600942 -0.0681639636064759 0.5000000000000000
-0.3903818661699274 0.5000000000000000 -0.4531432449579160
-0.4230027201218478 0.5000000000000000 -0.4141923309178708
-0.2796181383071810 0.5000000000000000 -0.4041504670842438
0.3265013899547009 -0.1957832797328423 0.5000000000000000
-0.5000000000000000 0.1049817294836544 -0.1592087441812970
-0.5000000000000000 0.0326002419811344 -0.2460640187417234
0.4557664589713724 0.0498933231255360 0.5000000000000000
0.5000000000000000 0.0779463613054565 0.4372337133504290
0.3073127357146367 0.0671247550398499 0.5000000000000000
-0.1775049425608065 0.3018757025361358 0.5000000000000000
-0.2399164495318080 0.3048322446627598 0.5000000000000000
-0.1607635432244200 0.2609874169767975 0.5000000000000000
-0.5000000000000000 0.1074108463288369 -0.1416520259019713
-0.5000000000000000 0.0491632909729069 -0.2789995217933279
-0.5000000000000000 0.1040848475145257 -0.1487822724968792
-0.5000000000000000 0.0340693431445440 -0.0065806279665853
-0.5000000000000000 0.1102999571368545 -0.1505648817428984
-0.5000000000000000 0.1007840483010064 -0.1337651744604898
-0.5000000000000000 0.0973941239990278 -0.1441075309896751
-0.4996800335281025 -0.4272673724514856 -0.5000000000000000
-0.5000000000000000 -0.3328122408724660 -0.3510036936955158
-0.3584694270619140 -0.5000000000000000 -0.2827983384431810
-0.5000000000000000 -0.3398341692598119 -0.3105125066724191
-0.5000000000000000 -0.3919104462914233 -0.3424666295154069
-0.5000000000000000 -0.3861312079397372 -0.3532304577513891
-0.4211601441520765 -0.5000000000000000 -0.3536406229363491
-0.5000000000000000 -0.3724043230550270 -0.3668367044943975
0.4862837550308962 -0.5000000000000000 0.2571481114776979
0.3208281094467290 -0.5000000000000000 0.2119470025908428
0.5000000000000000 -0.2504347366956429 -0.0410029423099752
0.5000000000000000 -0.2975820333318030 -0.0212694744698104
-0.5000000000000000 -0.3319173448993798 -0.1864182850155208
-0.0277122827571489 0.0296766070749055 -0.5000000000000000
-0.0593262959476498 -0.0929569700457373 -0.5000000000000000
-0.1746792271882653 -0.0512167657224624 -0.5000000000000000
-0.1577211191586594 0.0287714031982878 -0.5000000000000000
0.5000000000000000 0.2028453690057185 0.0887666339040270
-0.5000000000000000 0.0413622371961590 -0.2929506067613824
-0.5000000000000000 0.0075853503628453 -0.2327111868314913
-0.5000000000000000 -0.0158625343571825 -0.2139879488369731
0.3930579803339522 0.0221376452408855 0.5000000000000000
0.4769764709212601 -0.0121162666537536 0.5000000000000000
0.3679650999972328 0.1026805215604085 0.5000000000000000
0.4315157563521388 -0.0385268924328828 0.5000000000000000
0.5000000000000000 -0.0836278661999920 0.4137416401323458
-0.5000000000000000 -0.3312250710838732 0.4506801959109241
-0.5000000000000000 -0.2932086282885024 0.4237308715328969
-0.5000000000000000 -0.3054571880809753 0.4420691401635742
-0.5000000000000000 -0.2952624606559198 0.4371141871160285
-0.5000000000000000 -0.3011862955176002 0.4404268750941811
-0.5000000000000000 0.2331215435689364 0.2690183539855713
-0.5000000000000000 0.2838243131737918 0.2933727336707975
-0.5000000000000000 0.1990479298290828 0.3058975770642267
-0.5000000000000000 0.3251684063201353 0.1984241533557392
-0.2800077251189535 0.4066046408614009 -0.5000000000000000
-0.5000000000000000 0.3303332434306990 -0.4763531419968474
-0.0495675383976024 0.5000000000000000 -0.4987306472094107
-0.2407945182159089 0.4193268696536407 -0.5000000000000000
-0.2143228477913470 0.3672406675839865 -0.5000000000000000
-0.3050205774311562 0.2973915377295245 -0.5000000000000000
0.5000000000000000 0.0317866284603684 0.1536068884359647
-0.5000000000000000 -0.4893177207357130 0.1278079487068013
-0.2008833852114273 0.5000000000000000 -0.0098950186047122
-0.3565699642529172 0.5000000000000000 -0.0803680929861938
0.3361829870663477 0.1419952129118753 0.5000000000000000
-0.5000000000000000 -0.0454542822376563 0.2614234835475289
-0.5000000000000000 -0.0034478168258641 0.2837875732176461
-0.5000000000000000 -0.0198223190885141 0.2607844262081844
0.1934520175044284 -0.0660329791320800 0.5000000000000000
0.1069736550435511 -0.1297756380311911 0.5000000000000000
0.2224262458365001 0.0431582069859346 0.5000000000000000
-0.5000000000000000 -0.0580063338378437 0.2947740147950074
-0.4430610544833679 -0.5000000000000000 0.1889774078790019
-0.3403081972289814 -0.5000000000000000 0.2554261406687091
-0.3639548112631974 -0.5000000000000000 0.2234971001182949
-0.5000000000000000 -0.4783812272034184 0.2451044284822226
-0.5000000000000000 -0.4433550130760647 0.2134641321165094
-0.3585838967217584 -0.5000000000000000 0.2501827445898162
0.0460741548522202 -0.2844604968859387 -0.5000000000000000
-0.0240372928333964 -0.1639229090443902 -0.5000000000000000
-0.1793135946284950 -0.2838380764564901 -0.5000000000000000
-0.4429668653621974 -0.5000000000000000 0.1675460285845715
-0.4125316482769990 -0.5000000000000000 0.1473047551167460
-0.4380833801335709 -0.5000000000000000 0.1308406778074437
-0.5000000000000000 -0.4693675851556309 0.1379509917274637
-0.3166602007152572 -0.5000000000000000 0.1637602571957028
-0.5000000000000000 -0.4388333882883735 0.1035054429255962
-0.3845514563398307 -0.5000000000000000 0.1332812002624825
0.5000000000000000 -0.3997754416504998 0.1193736208076623
0.5000000000000000 -0.2780961965648326 -0.0223931982791124
0.5000000000000000 -0.3343506928513552 0.0014227673584206
0.5000000000000000 -0.0400751932548707 0.2481870345010538
0.5000000000000000 0.0461197866906832 0.3770110357608594
0.5000000000000000 -0.0129486972666718 0.1426915341307908
0.5000000000000000 -0.0969365953046022 0.1543982993409216
0.3063941627840613 -0.5000000000000000 0.0825896697969423
0.5000000000000000 0.4161006338252112 -0.4518543451414034
0.5000000000000000 0.4375090653375120 -0.2152576072441481
0.5000000000000000 0.2112289043528156 -0.2886702997139768
0.5000000000000000 0.4281655641835018 -0.3387934963777827
-0.5000000000000000 0.1908636471979133 0.1823143223081574
-0.5000000000000000 0.0227175984574776 -0.3095552024216471
0.1425361147823116 -0.2362035221748872 0.5000000000000000
0.2886631913219172 -0.1641049140524030 0.5000000000000000
0.4497705673397188 -0.2561483518833440 0.5000000000000000
0.3161126229592714 -0.2435897511798054 0.5000000000000000
0.1776477007080193 -0.1707156664127307 0.5000000000000000
0.5000000000000000 -0.4693926870831152 -0.4737407531343891
0.5000000000000000 0.3716274062420523 0.0315958069710545
0.5000000000000000 0.3915619283027183 0.0701831728660582
0.5000000000000000 0.4308764234057550 0.0171673733495726
0.5000000000000000 0.4168949383687224 0.0040759813897336
0.1918137389636275 0.2807962148236011 0.5000000000000000
0.3110385317109370 0.2450691396094594 0.5000000000000000
0.1429374545349077 0.2123776775518631 0.5000000000000000
0.5000000000000000 0.3073826558366383 0.3862398554427789
0.1383735273205967 0.2479794252522773 0.5000000000000000
-0.5000000000000000 0.0190062589164467 0.0298156587347497
-0.0752695027625351 -0.5000000000000000 0.4287803784269105
-0.5000000000000000 -0.3244101786003616 -0.1817494963138010
-0.4356755204557985 0.5000000000000000 -0.0325735906056234
-0.3865741660308147 0.4995892716124937 -0.0514576075967831
-0.1892667335907593 -0.5000000000000000 -0.1901311133345022
-0.0078983546280464 -0.5000000000000000 -0.1206521340357142
-0.4930936600646311 -0.3708547944362560 -0.1585547060585873
-0.5000000000000000 -0.4571699739330704 -0.2380975219438764
-0.0983511242042141 -0.5000000000000000 -0.0233700853035258
-0.1849552940040816 -0.5000000000000000 -0.0140401137141993
-0.1327951459796822 -0.5000000000000000 -0.0275679221784754
-0.0799463069951755 -0.5000000000000000 -0.0678804445067687
-0.1221214906623542 -0.5000000000000000 -0.0223893489824419
-0.0914885452225792 -0.5000000000000000 -0.0020774984616406
0.0387912052501016 -0.4899315411681953 -0.3436655571483005
-0.1145018719329427 -0.5000000000000000 -0.2850866648686489
-0.1452072642337296 0.3335819052352182 0.5000000000000000
-0.0403611990144785 0.5000000000000000 0.4218014703216056
-0.2153169834330278 0.3761931743714286 0.5000000000000000
0.1103324736736645 0.5000000000000000 0.4466605990827936
-0.1130594885804430 0.4693013486930009 0.5000000000000000
-0.0658728904604683 0.5000000000000000 0.4346951353894363
-0.1134345808793340 0.5000000000000000 0.3597394573947855
-0.1224409810523597 0.5000000000000000 0.4675963077480829
-0.5000000000000000 -0.1432564642472556 0.1531784876254586
-0.5000000000000000 -0.2345156012435665 0.1624065666697208
-0.5000000000000000 -0.3035430464230153 0.0945126576881154
0.4440503107145610 -0.5000000000000000 0.4644331854389977
0.4899062780245931 -0.5000000000000000 0.4112521195615097
0.3737807070304313 -0.5000000000000000 0.3007864743505431
-0.5000000000000000 -0.0106101273244165 0.3209032488928086
-0.5000000000000000 0.2668451624324859 0.3934078596908538
-0.5000000000000000 0.2068896793376921 0.4406319616476043
0.1648327693165422 -0.2742453392569908 -0.5000000000000000
0.1227577013429429 -0.3823316370329358 -0.5000000000000000
-0.0786168230760006 -0.4037674206468725 -0.5000000000000000
-0.5000000000000000 0.3308608204740442 -0.4695987391639789
-0.5000000000000000 0.3570942394193992 -0.3249630829265406
-0.5000000000000000 0.3640653199803832 -0.2536501348641390
-0.4076325546849969 0.5000000000000000 -0.2352891201841791
-0.5000000000000000 0.3382030002525644 -0.2522729090815511
-0.0748431996673528 -0.1379913120479489 -0.5000000000000000
-0.3008607356745437 -0.2728674495558356 -0.5000000000000000
0.3784528753793932 0.0479622613975121 -0.5000000000000000
0.4089334779672545 -0.4515107587749208 -0.5000000000000000
0.5000000000000000 -0.4131760595497879 0.2667092528541293
0.4380717438809728 0.5000000000000000 0.0647672489732683
0.4281231589123776 0.5000000000000000 0.0224018489729277
0.2829872512349015 0.5000000000000000 0.0769357412121598
0.4996316727196175 -0.5000000000000000 0.0327031155992994
0.4110935552632797 -0.5000000000000000 0.0620103288960705
-0.5000000000000000 -0.2527461577357722 0.1862453288150263
-0.5000000000000000 -0.2194574696070438 0.2449485394102976
0.1909511264959876 -0.5000000000000000 -0.1138334629876877
0.1921887478177273 -0.5000000000000000 -0.1089912721451983
-0.4664811502856865 -0.2142539030660444 -0.5000000000000000
-0.3224328923485620 -0.1309923025827536 -0.5000000000000000
-0.4947172132103808 -0.1053479506685258 -0.5000000000000000
-0.4793837442344117 -0.4085673787078345 -0.5000000000000000
-0.3793982854725007 -0.3406126872645002 -0.5000000000000000
-0.1675431858879380 0.3059561967399533 0.5000000000000000
-0.1184350936622043 0.2775928663106366 0.5000000000000000
-0.1994047312651357 0.2962161032102382 0.5000000000000000
-0.5000000000000000 -0.3220899115784160 -0.1893810322614528
-0.5000000000000000 -0.3284151358864936 -0.1711050668216840
0.4508202995678914 -0.5000000000000000 0.1221280403133489
0.5000000000000000 -0.4894246712016343 0.1810495144155725
0.3798146863955835 -0.5000000000000000 0.1869693131592044
-0.5000000000000000 0.2095971540010612 0.1963995365265824
-0.5000000000000000 -0.2394774441923781 -0.4729004033843868
-0.5000000000000000 -0.0992795847631825 -0.4798486833589113
-0.5000000000000000 -0.2727919783449048 -0.4595332348704567
-0.0268286897925471 -0.5000000000000000 0.4626632544747261
-0.1159333196840785 -0.4466053715432809 0.5000000000000000
0.5000000000000000 -0.1680630145055845 -0.3717592026379933
0.1662281095532209 -0.2740954167323998 -0.5000000000000000
-0.5000000000000000 0.3221537670389352 -0.4726752544475888
-0.5000000000000000 0.3313618215341567 -0.4755504434981238
-0.1970027362773308 -0.5000000000000000 0.2412215778550771
-0.0467162631974778 -0.5000000000000000 0.2417722558861911
-0.5000000000000000 -0.0189413730992863 0.3310961170977863
-0.5000000000000000 -0.0835660325407235 0.3401954305590253
-0.4854665712473711 0.5000000000000000 0.1267952799500313
-0.2577298467054066 0.5000000000000000 0.2089652796626097
-0.5000000000000000 0.4401104366913777 0.1521363236366628
0.3107897913573773 -0.5000000000000000 0.0590680218973008
-0.4506054233147642 -0.4861971182920761 0.4999276428935178
0.5000000000000000 -0.1605867169018778 -0.3815203715448159
0.5000000000000000 -0.2462372483588110 -0.3684434305957915
-0.1289882090369740 -0.5000000000000000 -0.2569943603594024
0.0672906237943396 0.5000000000000000 0.0026027786221496
0.1658199744029781 0.5000000000000000 -0.0237116622063137
-0.0432991448634310 -0.4280599788227971 0.5000000000000000
-0.1395588686945014 -0.3874184879189278 0.5000000000000000
-0.5000000000000000 0.2684574913800641 -0.4380938605862298
-0.5000000000000000 -0.3058288985868438 -0.4142705929502649
0.0988787983133318 -0.2457904521720996 0.5000000000000000
0.0905972536495521 -0.2432390105994743 0.5000000000000000
0.5000000000000000 0.2460394040047885 0.3098383438078378
0.5000000000000000 0.1537375836953955 0.3185283619245959
0.5000000000000000 0.2373780583941322 0.2688331117677037
0.1639722533129394 -0.2712816583231795 -0.5000000000000000
0.1506605262937110 -0.2637550991119981 -0.5000000000000000
0.1687690652603506 -0.2755547907461437 -0.5000000000000000
0.1692493189922336 -0.2747271971834385 -0.5000000000000000
-0.5000000000000000 0.0087173347069167 0.0358273303960000
-0.5000000000000000 -0.1334887727371656 0.0846342129940642
-0.4962328766550189 -0.0259436526395737 -0.3464008555043751
-0.5000000000000000 -0.2101242396955276 -0.3908489013748597
-0.5000000000000000 -0.0780066077786545 -0.4593439085212102
-0.5000000000000000 -0.2586552071860080 -0.3860073673297904
0.5000000000000000 -0.4498592820742940 -0.1031924264568525
0.5000000000000000 -0.3963737771872257 0.0719179946215697
0.5000000000000000 -0.4070957484600798 -0.1033048264094759
0.5000000000000000 -0.4223389882004412 -0.0641512171332435
0.2301543604171755 -0.5000000000000000 -0.1074385354185073
0.5000000000000000 -0.3083092544237749 -0.0395838201463134
0.5000000000000000 -0.3490936555080471 -0.0231370542773215
0.2379959751735146 -0.5000000000000000 -0.1011205544087102
-0.1307133469454787 0.5000000000000000 0.0546725105857636
0.0313524923036877 0.5000000000000000 0.1982606388618555
-0.2749112126233577 -0.5000000000000000 0.3691981425555074
-0.4596734344881161 -0.5000000000000000 0.4479651880475076
0.1562005503595003 -0.5000000000000000 -0.3738774252402455
0.3297235337282260 -0.5000000000000000 -0.3973677824624973
0.3055468377214954 -0.5000000000000000 -0.4032854312297768
0.0577867682643887 -0.5000000000000000 -0.3382125251268446
0.0274156188743949 -0.5000000000000000 -0.3503470305236603
0.1317463592384271 -0.4082320206328256 -0.5000000000000000
-0.0588729615723066 -0.4650365223776499 -0.5000000000000000
0.5000000000000000 -0.0793091523712040 0.3822346673827919
0.0823338421855362 0.1926204906321676 -0.5000000000000000
0.3186289208662655 0.3951721569356652 0.5000000000000000
0.0353815486713921 0.5000000000000000 0.2428978567958843
-0.0405022534487061 0.5000000000000000 0.2914601549175225
-0.5000000000000000 -0.1884185084510660 -0.4146556953130689
-0.5000000000000000 -0.0707838146033479 -0.4661995597510110
0.0010125773267678 0.3541854010957094 -0.5000000000000000
-0.1065972872947560 0.5000000000000000 -0.4418345555829553
0.1020115724521693 0.5000000000000000 -0.4591974711914519
-0.4719099674117908 -0.2952168317802097 -0.5000000000000000
-0.5000000000000000 -0.2428163868672812 -0.2904742092970677
-0.4876178172343670 0.5000000000000000 0.2747917922575391
-0.5000000000000000 -0.3339240838745073 0.1487667260996833
0.2687898395417627 -0.1168996036070646 0.5000000000000000
-0.5000000000000000 0.3224349594762641 -0.2137703413360606
-0.5000000000000000 0.3728415907905325 -0.1780442015598423
0.1373247826233248 0.5000000000000000 0.1946997130276446
0.5000000000000000 0.4160860594705164 -0.4518808279771131
0.2790700026245589 0.1243999226416794 -0.5000000000000000
0.5000000000000000 -0.0158312192997562 0.1181117219976544
0.5000000000000000 -0.1187115372714665 0.0910902777840535
-0.2905427663553267 0.5000000000000000 -0.3120374076684412
-0.3946705437899033 0.5000000000000000 -0.2249739890174245
-0.5000000000000000 0.4864078960780988 0.3373924112798242
-0.4744596069571652 0.5000000000000000 0.3347978534780668
-0.3482888394179687 0.5000000000000000 0.2935985185429299
-0.5000000000000000 0.4598462228267049 0.3249585596032906
-0.5000000000000000 0.4758707312010010 0.3095357660965418
-0.4154231936660332 0.5000000000000000 0.3774599101965705
0.5000000000000000 -0.3816398987084540 0.2169431889484605
0.5000000000000000 -0.3864310075562973 0.2185174337491919
0.5000000000000000 -0.3521617826146011 0.1986175376112687
0.5000000000000000 0.3158022713285648 0.2841312997687580
0.5000000000000000 0.3011864455224935 0.2466880348451321
0.5000000000000000 0.3359351070555152 0.2900674942057834
0.5000000000000000 0.3074989842121486 0.3775325865707355
0.0808946332396703 -0.1521729190503819 0.5000000000000000
-0.4773745186603008 -0.5000000000000000 -0.0557471209314008
-0.5000000000000000 -0.3691039978292943 -0.1426715427356024
-0.0475788066062509 -0.1187754883516411 -0.5000000000000000
-0.1734639254194072 -0.0909352820610112 -0.5000000000000000
0.0202103426448704 -0.5000000000000000 0.4838548051473068
-0.0569592212225433 -0.5000000000000000 0.3833823605412056
-0.2317029910193015 -0.4830346871654024 0.5000000000000000
0.1232169225793435 -0.4631747534075257 0.5000000000000000
-0.0940418593765445 -0.5000000000000000 0.4109471244690875
0.3158300663432682 0.1353757836076569 0.5000000000000000
0.0154772060461125 0.5000000000000000 0.2210162283209255
0.1113287980668049 0.5000000000000000 0.2050795778935711
-0.0281938562282159 0.5000000000000000 0.2349877583332691
0.5000000000000000 0.0174594326436466 0.4233770498728269
-0.5000000000000000 0.0158978216709007 0.0335284281716053
-0.5000000000000000 0.0158420550254417 0.0272140549612784
-0.5000000000000000 0.0130279649895107 0.0291634066455073
0.5000000000000000 -0.0253006822518184 0.1092102038597792
0.5000000000000000 -0.0648630752054891 0.0170132551965394
0.5000000000000000 -0.2005248900524558 0.0051626736898978
0.5000000000000000 -0.1230522453138353 0.0747795187419089
0.2775019267209595 0.0499448607040760 -0.5000000000000000
0.0920278474349832 0.0401413343053086 -0.5000000000000000
0.5000000000000000 0.4161289711447960 -0.4518786117148650
0.5000000000000000 -0.3890772934553071 -0.3432470892332340
0.5000000000000000 -0.3181706348344442 -0.3529460578851393
-0.0882600146072436 -0.1271188779611498 -0.5000000000000000
-0.2459562833335180 -0.1063403615917019 -0.5000000000000000
-0.4327262839069658 -0.0794872812781288 -0.5000000000000000
-0.1926610429555242 0.0073146170528017 -0.5000000000000000
-0.3015262823355377 -0.2439198090346632 -0.5000000000000000
-0.5000000000000000 -0.4912206959085738 0.4831520047464365
-0.5000000000000000 -0.3908215778972127 0.4239322383565438
-0.4399447586638150 -0.5000000000000000 0.4950806753565954
-0.5000000000000000 0.2489956054874518 0.2293699976657575
-0.5000000000000000 0.3203615396186610 0.3102209885414645
-0.3604797463883120 -0.5000000000000000 -0.2666780918311494
-0.5000000000000000 -0.4850818618373489 -0.2304543963615890
-0.5000000000000000 -0.4660884295684753 -0.2512732035637322
-0.5000000000000000 -0.4673266853573865 -0.1642094106991606
-0.4335695187188089 -0.5000000000000000 -0.1206781906291205
-0.5000000000000000 -0.4735310739262495 -0.1873071752157109
-0.5000000000000000 -0.4712037788156406 -0.2124206151301829
0.3813371518978046 0.1748508154895964 0.5000000000000000
0.5000000000000000 0.3432355749310341 0.2031725875919568
-0.4788614241143130 -0.3081075673497297 -0.5000000000000000
-0.4024449119256125 -0.2936199867047027 -0.5000000000000000
0.5000000000000000 0.4538201336804404 -0.1973878510164939
0.5000000000000000 0.4620063865805126 -0.1590996297830176
0.5000000000000000 0.4327529297348445 -0.2049762438019398
0.5000000000000000 0.4402710450817250 -0.1474713831422375
0.2435326426091210 0.5000000000000000 -0.4255236643458696
-0.5000000000000000 0.4748660519535350 -0.0512117556802884
-0.5000000000000000 0.2112792245204341 -0.1964381458607997
0.0490588406252571 -0.5000000000000000 0.4450657112400425
0.5000000000000000 0.4448866416334590 0.4308373196803580
0.1862858690844923 0.5000000000000000 -0.4322343654007335
0.0595414858774412 -0.5000000000000000 0.4174934061078761
0.0147069200961857 -0.5000000000000000 0.3943638921436927
0.1594617505516383 -0.4719370292400664 0.5000000000000000
-0.3198661711062193 -0.5000000000000000 -0.2796138186253469
-0.3542956132677115 -0.5000000000000000 -0.2633851599111449
-0.3358535175425647 -0.5000000000000000 -0.2741494540591712
0.0152428873013434 -0.0390807991135143 -0.5000000000000000
0.0257387921760374 0.0072548837367011 -0.5000000000000000
-0.0357796544410526 -0.0986434064345982 -0.5000000000000000
-0.1329370179209842 0.0199691372279583 -0.5000000000000000
0.5000000000000000 0.0857375095295503 0.4102876971736203
0.5000000000000000 0.0061726687132356 0.1444501657336743
0.5000000000000000 0.1924341046866931 0.1126422266310122
-0.0548464079968169 -0.1344383289823774 -0.5000000000000000
-0.2618990598842323 0.2954892610544789 0.5000000000000000
0.5000000000000000 -0.4237388430484320 0.1283843019981339
0.5000000000000000 -0.4038007166846528 0.1476034257111777
0.5000000000000000 -0.4187419934627221 0.1645561539874875
0.5000000000000000 -0.3350438718906188 0.1695852606149178
0.2694490653450567 -0.5000000000000000 0.4793428168098066
-0.4216361868154732 0.5000000000000000 -0.0832118233302935
-0.5000000000000000 0.2613257502835903 -0.4086400798250042
-0.5000000000000000 0.2902239505375735 -0.2104283249355282
0.0300214289055265 -0.5000000000000000 0.2925491615102530
0.5000000000000000 0.1919039410886605 0.0169218586227379
0.5000000000000000 0.2075445639069458 0.0749989983559391
0.5000000000000000 0.1400058786451577 -0.0190894891289133
0.5000000000000000 0.1677675907793880 -0.0021862379186480
0.5000000000000000 0.2158992096995118 0.0276179981644318
-0.5000000000000000 0.2649763455714472 -0.4570259372919709
0.4828588798109903 0.0557770669878790 -0.5000000000000000
0.5000000000000000 -0.0398909729916952 -0.4577599165649806
0.3308415711473357 0.0952245761505341 -0.5000000000000000
0.5000000000000000 0.0568286914589231 -0.4314510921474155
-0.5000000000000000 -0.2813078209479404 -0.3000544632781385
0.5000000000000000 0.0792836800779732 0.4237610525047116
0.5000000000000000 0.0936646641662638 0.4460402290155590
0.5000000000000000 -0.4625052516652001 -0.3214926154198323
0.5000000000000000 -0.4270470811498207 -0.3011093513014456
-0.1715019671075079 0.5000000000000000 -0.3758908097968010
0.2657403091347495 -0.5000000000000000 -0.0072697740188229
0.4733536531050460 -0.5000000000000000 -0.4046081132134328
0.3143389216361160 -0.4241145263548310 -0.5000000000000000
0.4570164444246181 -0.4061838230739244 -0.5000000000000000
0.2108700764458301 0.5000000000000000 -0.2094162238148766
0.2080519927219473 0.5000000000000000 -0.1264441859776237
0.1988504860018819 0.5000000000000000 -0.1114512555464122
-0.0602187868701207 -0.1365249406803115 -0.5000000000000000
-0.2776172885225698 -0.2706833813488055 -0.5000000000000000
0.0579782297115786 -0.5000000000000000 0.2028227220314616
0.5000000000000000 0.3166186819408686 0.1619242256766481
0.5000000000000000 0.2279420102268326 0.1057208492270980
0.5000000000000000 0.3656009550058428 0.2316941931917884
-0.1683995785833428 -0.5000000000000000 -0.3161383934603927
-0.1174796415923489 -0.5000000000000000 -0.1818425707300671
-0.2599516804921941 -0.5000000000000000 -0.3087641761490308
-0.2125452701575131 -0.5000000000000000 -0.3062404236400832
0.5000000000000000 0.4160432545264911 -0.0563151082200519
0.5000000000000000 0.0007211727568479 0.1357002346569424
0.4748930519862837 -0.5000000000000000 -0.3715768371669905
0.4875621344363156 -0.5000000000000000 -0.3892013304000299
-0.0180418409854696 0.2189103261750941 0.5000000000000000
0.5000000000000000 0.3070727395144693 0.3849620383476290
0.5000000000000000 0.4244851341953892 0.3235845110114927
0.3160724882998410 0.5000000000000000 0.4132042752998983
0.1678544751865861 0.5000000000000000 0.2160852640013814
0.5000000000000000 0.4817117702495700 0.3567758767359205
0.5000000000000000 0.3143073537988045 0.3848189657051230
0.3949785942244569 0.5000000000000000 0.3411278858912715
0.4916127683285837 0.3871036206389369 0.5000000000000000
0.2525949384088850 -0.4572796785193876 0.5000000000000000
0.5000000000000000 0.1939599912846768 0.1028076479016978
-0.1956111695005283 -0.3579423417902648 0.5000000000000000
-0.2066630808968464 -0.2723017518445570 0.5000000000000000
0.5000000000000000 -0.4704779694682623 -0.3484688892922840
0.5000000000000000 -0.4457323629338322 -0.3438799075992064
0.2660763245180582 -0.4551177195925845 -0.5000000000000000
0.1775883040767099 -0.3988437802593640 -0.5000000000000000
0.2501070560354865 -0.3982774069790653 -0.5000000000000000
0.5000000000000000 0.1443410515983957 0.4840550529164521
-0.2373139103086547 -0.5000000000000000 0.1947648641604346
0.2655819352068446 0.0941978296460046 -0.5000000000000000
-0.1940393684932059 0.5000000000000000 -0.3617269658169494
-0.1859350584016247 0.5000000000000000 -0.3717625182905875
-0.3563072047885147 -0.0334108044812441 0.5000000000000000
0.2859328738945265 -0.4918473783236972 0.1981959120735799
-0.5000000000000000 -0.2475316082952302 0.1372373724137187
-0.5000000000000000 -0.2743237574537413 0.1660306839497803
-0.5000000000000000 -0.2749390946654711 0.1343493693905841
0.2891676683991636 0.1393027802827274 0.5000000000000000
0.5000000000000000 0.3038608979259638 0.3876407493107835
0.3049812032971605 0.1233287279280029 0.5000000000000000
0.2860249957826986 0.1114785863107726 0.5000000000000000
-0.5000000000000000 -0.3142582926139481 0.0717005155649150
-0.5000000000000000 -0.3421218631362192 0.0990142790445236
-0.5000000000000000 -0.3339458135161749 0.0762326645127800
-0.3804874812817104 0.1586714829644424 0.5000000000000000
-0.1317308991791784 0.1730099254425640 0.5000000000000000
-0.2623566268238630 0.1570763447724887 0.5000000000000000
-0.5000000000000000 0.2758699632831945 0.1651013956395765
-0.5000000000000000 0.3682675492439670 0.2032411242466870
-0.5000000000000000 0.3913116239299461 0.1716298571873092
0.4070228464112645 0.4899507931529463 -0.0488897228313690
-0.0783496587008783 -0.1551390275435555 -0.5000000000000000
-0.0386774581903626 -0.1359337555967139 -0.5000000000000000
-0.3833491464931412 0.1478334479225000 0.5000000000000000
-0.5000000000000000 -0.2099475583121797 0.2684830580249249
-0.5000000000000000 -0.3257360242692734 0.3678434402476684
-0.5000000000000000 -0.1126912194840341 -0.0366202582727839
-0.2894905758010295 -0.2896189906209590 -0.5000000000000000
-0.2331518094728933 -0.3378057061047791 -0.5000000000000000
-0.2507146657427428 0.2847564349573690 0.5000000000000000
0.5000000000000000 0.4827803312331580 -0.0812903160361836
0.5000000000000000 0.4382836318857433 -0.0821553605323317
0.5000000000000000 -0.4465526843730052 -0.3660043411658758
0.5000000000000000 -0.3966729493143486 -0.3702132549548236
0.4959081754092936 -0.3993200265197367 -0.4548259221555881
0.5000000000000000 -0.3205247277315386 -0.3613049028025615
0.5000000000000000 0.4302683171541501 0.2328241143291728
0.1502284823927285 -0.1490723858311180 0.5000000000000000
-0.5000000000000000 -0.4715584335934460 -0.1322738953632776
-0.0654032295166253 0.0207624883952445 0.5000000000000000
-0.2641552320507234 0.1463723963647188 0.5000000000000000
-0.4087969666914115 -0.5000000000000000 -0.0989271929701633
-0.3585227386136658 -0.5000000000000000 -0.1356656893277557
-0.1635060719071496 -0.5000000000000000 -0.1273831975190308
0.0567506190063581 -0.1813390172359150 0.5000000000000000
0.3794689603416441 0.5000000000000000 -0.0372124016718495
-0.0105206464489910 0.1311324374990560 0.5000000000000000
-0.0457538116063118 0.2062508714226687 0.5000000000000000
-0.0279899050777750 0.1701380255615975 0.5000000000000000
-0.1987224921422986 0.2600372223998769 0.5000000000000000
0.0643871683719430 0.0570261992777575 0.5000000000000000
0.1284883380541356 0.0740224334636907 0.5000000000000000
-0.1563357520566612 0.1342744098481833 0.5000000000000000
0.0102565375381440 0.2180012687133242 0.5000000000000000
0.0092191341203765 0.2374282801354582 0.5000000000000000
-0.1555128770036580 0.1859167500376595 0.5000000000000000
0.1846083074539928 0.5000000000000000 0.1170547613702297
-0.5000000000000000 -0.0545070058585548 -0.4648781865162376
0.5000000000000000 -0.3003669689902680 -0.3325111551245645
0.2164482800876627 0.5000000000000000 -0.4236621247894397
-0.2604971578063102 -0.0315527304156622 -0.5000000000000000
-0.5000000000000000 -0.3848627647959834 0.1691157674675610
0.1724401101796000 0.4470741204939140 -0.5000000000000000
0.2082890736137893 0.5000000000000000 -0.4428982177233637
-0.2836103115744240 0.0638773364388618 -0.5000000000000000
-0.2063870960439768 0.0374133150601029 -0.5000000000000000
0.3615200390753270 -0.4996824795016110 -0.4847551367675824
-0.5000000000000000 -0.1938654436200843 0.3514196702441917
-0.2497657512266575 -0.4342780318406014 0.5000000000000000
-0.5000000000000000 -0.0257427339727125 -0.4896694648063470
0.1147139565037709 -0.5000000000000000 -0.0926053777044330
0.4376339038353159 0.5000000000000000 -0.0468691630569837
0.5000000000000000 0.4934836593987371 -0.0496803905693610
-0.5000000000000000 -0.3439195014104735 -0.4203163697172143
0.5000000000000000 -0.4882366583205263 0.2758671192817040
-0.0686395856040498 -0.0285690874560671 0.5000000000000000
0.0011407589310130 -0.5000000000000000 -0.0878360124365200
-0.5000000000000000 0.1960559751961875 0.1636609738539408
-0.5000000000000000 0.2288473505702232 0.1875021064206519
0.3847311269340607 0.5000000000000000 -0.0501723374430435
-0.1270526164074968 0.5000000000000000 0.2613575920351603
0.4905635125341905 -0.3187489202172654 0.1751111318014590
0.5000000000000000 0.3588258919724393 -0.0256504063548644
-0.5000000000000000 -0.3325646049512428 0.3902001261058981
-0.5000000000000000 -0.3470319795641091 0.3943370925774786
0.0205063197659877 -0.1595326608128871 0.5000000000000000
0.0317863527975848 -0.1734766248273830 0.5000000000000000
0.5000000000000000 -0.3109647727109297 0.1476828942101990
0.5000000000000000 -0.3205435754221049 0.1527392223274703
0.5000000000000000 -0.2975345896192231 0.1664571006375301
0.2032000751633957 0.4975873280678503 0.0852435736912263
-0.2154043799284870 0.5000000000000000 0.2808339575586055
-0.2317498107339122 0.5000000000000000 0.4317269716720725
-0.3224674385641396 0.5000000000000000 0.4165433461020894
-0.0487675122904414 -0.5000000000000000 0.2184824421191441
0.2182467205165574 -0.5000000000000000 0.2019758933525703
-0.5000000000000000 0.3907734626928686 -0.1751439501341337
0.1090176145269800 -0.5000000000000000 -0.0881779828320176
0.4919334112895610 -0.3639264100603323 -0.5000000000000000
0.1595387435309084 0.1079133502471469 0.5000000000000000
-0.2451338942701750 0.2329887677055246 0.5000000000000000
0.5000000000000000 -0.3152384623824919 -0.3679777072799407
0.4889282708785196 -0.3417938126689063 -0.5000000000000000
235 19
236 31
237 81
238 86
239 23
240 63
241 130
243 153
244 35
245 76
246 199
0 17
0 20
0 22
0 26
0 247
0 102
0 224
248 105
249 120
250 132
251 220
252 30
253 11
254 68
255 96
256 151
257 216
258 230
259 77
260 57
1 261
1 5
1 262
1 38
1 49
1 60
1 263
1 466
1 87
1 130
1 242
1 172
1 197
1 200
1 208
1 211
1 216
1 225
2 3
2 6
2 16
2 33
2 264
2 101
2 105
2 114
2 265
2 266
2 163
2 184
2 267
2 193
2 209
2 268
2 223
2 269
270 152
3 6
3 32
3 47
3 50
3 67
3 101
3 114
3 271
3 128
3 129
3 134
3 272
3 160
3 162
3 163
3 195
3 273
274 61
275 157
276 83
277 11
278 19
279 63
280 39
281 124
4 282
4 35
4 90
4 91
4 118
4 127
4 174
4 176
4 182
4 199
4 202
4 283
4 213
4 221
4 227
284 15
285 116
286 177
287 816
288 60
289 110
290 5
292 19
293 69
294 61
295 173
296 210
297 222
298 42
299 89
300 122
301 138
302 146
303 17
304 22
305 110
306 212
307 229
308 39
309 132
310 7
311 57
312 88
313 135
314 192
315 213
316 68
317 151
318 230
320 61
321 73
322 173
323 198
324 58
325 62
326 93
327 100
328 131
329 139
330 140
331 158
332 1349
333 136
334 756
335 165
336 201
337 466
338 130
339 242
340 172
341 200
342 211
5 10
5 11
5 19
5 343
5 63
5 344
5 69
5 117
5 345
5 126
5 130
5 153
5 164
5 170
5 172
5 197
5 346
5 225
5 234
6 16
6 33
6 50
6 105
6 114
6 129
6 137
6 163
6 347
6 195
6 209
6 223
348 9
349 24
350 149
351 210
352 222
7 36
7 37
7 48
7 58
7 62
7 353
7 135
7 138
7 142
7 185
7 189
7 192
7 354
7 355
7 213
7 214
7 221
8 30
8 82
8 85
8 95
8 99
8 107
8 148
8 188
8 205
8 207
8 217
8 219
9 24
9 34
9 49
9 60
9 356
9 110
9 121
9 155
9 188
9 194
9 210
9 212
9 216
9 222
10 64
10 109
10 112
10 119
10 126
10 164
10 170
10 172
10 180
10 196
10 200
10 211
357 77
358 100
359 139
360 183
291 19
291 361
291 81
291 86
291 117
291 362
291 164
291 233
11 19
11 31
11 363
11 63
11 68
11 364
11 181
11 365
11 197
11 366
11 367
12 18
12 29
12 368
12 124
12 128
12 129
12 134
12 137
12 159
12 163
12 369
12 370
12 1358
371 120
372 132
373 179
374 105
375 35
376 56
377 90
378 118
379 136
380 187
13 14
13 30
13 41
13 54
13 74
13 75
13 95
13 381
13 103
13 108
13 115
13 967
13 382
13 383
13 384
385 31
386 63
387 130
388 153
14 54
14 74
14 840
14 111
14 115
14 967
14 141
14 145
14 186
14 206
15 42
15 389
15 390
15 391
15 106
15 392
15 116
15 393
15 177
15 394
15 185
15 395
16 105
16 396
16 137
16 163
16 397
16 398
16 209
16 399
400 125
401 196
402 201
403 203
404 218
17 20
17 22
17 24
17 25
17 405
17 406
17 407
17 408
17 65
17 409
17 120
17 410
17 149
17 155
17 964
17 212
17 229
411 37
412 58
413 100
414 139
415 158
416 165
417 204
418 1349
419 38
420 87
421 242
18 29
18 34
18 45
18 59
18 422
18 121
18 124
18 128
18 129
18 151
18 155
18 159
18 188
18 423
18 1358
19 27
19 31
19 43
19 424
19 425
19 426
19 63
19 86
19 117
19 427
19 164
19 428
19 181
19 197
19 429
19 234
430 45
431 121
432 157
433 1288
434 1358
20 22
20 25
20 29
20 32
20 50
20 435
20 65
20 120
20 124
20 143
20 155
20 168
20 179
20 436
20 224
20 226
21 437
21 38
21 49
21 60
21 64
21 70
21 466
21 79
21 83
21 438
21 99
21 1068
21 126
21 152
21 190
21 194
21 439
21 200
21 212
21 217
21 225
440 87
441 173
442 81
443 140
444 52
445 57
446 89
447 213
448 69
22 26
22 449
22 450
22 451
22 79
22 102
22 155
22 168
22 452
22 212
22 224
23 319
23 61
23 73
23 96
23 453
23 130
23 242
23 454
23 455
23 198
23 456
23 457
23 208
458 38
459 60
460 70
461 466
462 79
463 152
464 212
465 38
467 37
468 46
469 150
470 156
471 158
472 1271
24 25
24 29
24 34
24 473
24 474
24 475
24 121
24 124
24 149
24 155
24 964
24 210
24 212
24 229
25 476
25 477
25 65
25 478
25 124
25 149
25 155
25 168
25 964
26 479
26 82
26 102
26 480
26 146
26 148
26 155
26 168
26 207
26 219
26 224
481 149
482 964
483 229
27 43
27 81
27 85
27 86
27 98
27 117
27 119
27 164
27 205
27 234
484 145
485 186
28 31
28 43
28 55
28 62
28 66
28 82
28 85
28 107
28 131
28 140
28 486
28 169
28 181
28 188
28 219
487 816
488 215
489 1302
490 233
29 32
29 34
29 65
29 491
29 124
29 129
29 137
29 155
29 168
29 492
29 195
29 1358
493 38
494 466
495 152
496 76
497 100
498 165
30 499
30 41
30 74
30 79
30 83
30 95
30 500
30 108
30 115
30 501
30 148
30 502
30 503
30 504
30 207
30 217
30 505
506 156
507 204
508 1271
509 816
510 1302
31 511
31 43
31 55
31 512
31 68
31 86
31 151
31 513
31 181
31 514
31 197
31 515
31 234
32 50
32 65
32 120
32 124
32 128
32 129
32 143
32 160
32 168
32 179
32 195
516 52
517 89
518 122
519 174
520 182
521 213
33 522
33 523
33 524
33 525
33 526
33 527
33 163
33 528
33 529
33 530
33 531
532 57
533 182
534 213
535 43
536 81
537 86
538 140
539 64
540 74
541 83
542 95
543 112
544 115
545 1068
546 125
547 190
548 205
34 45
34 59
34 121
34 124
34 151
34 155
34 188
34 216
34 222
35 549
35 550
35 90
35 118
35 551
35 136
35 1047
35 552
35 199
35 553
35 554
35 221
35 555
36 37
36 41
36 48
36 62
36 72
36 108
36 122
36 135
36 142
36 182
36 189
36 191
36 213
36 214
36 219
36 221
36 227
37 46
37 56
37 58
37 62
37 72
37 76
37 100
37 118
37 136
37 756
37 150
37 158
37 165
37 189
37 199
37 221
37 556
37 227
37 1271
557 134
558 159
559 163
38 60
38 70
38 466
38 87
38 560
38 152
38 561
38 200
38 562
38 225
38 563
564 201
39 40
39 71
39 78
39 105
39 565
39 132
39 566
39 567
39 568
39 569
39 570
39 184
39 571
39 572
39 220
39 573
39 232
39 574
39 575
40 71
40 576
40 577
40 132
40 578
40 144
40 220
40 579
580 61
581 157
582 173
583 67
584 101
585 175
586 105
587 1047
588 90
589 1047
41 62
41 72
41 75
41 590
41 108
41 122
41 127
41 591
41 174
41 176
41 182
41 592
41 593
41 207
41 214
41 219
42 594
42 595
42 97
42 106
42 116
42 138
42 146
42 177
42 185
43 62
43 81
43 85
43 86
43 92
43 98
43 107
43 131
43 140
43 596
43 178
43 181
43 234
597 156
598 80
599 115
44 600
44 601
44 602
44 80
44 109
44 112
44 603
44 115
44 975
44 125
44 141
44 161
44 604
44 203
44 206
44 218
45 59
45 96
45 121
45 157
45 605
45 1288
45 216
45 222
45 1358
45 230
606 63
607 69
608 153
46 609
46 610
46 54
46 62
46 72
46 75
46 91
46 103
46 104
46 154
46 158
46 611
46 176
46 202
46 612
46 227
46 613
614 161
47 615
47 77
47 82
47 616
47 128
47 134
47 147
47 617
47 159
47 160
47 162
47 167
47 618
47 171
47 619
47 175
47 620
48 58
48 62
48 88
48 93
48 621
48 133
48 135
48 139
48 166
48 169
48 183
48 191
48 622
623 104
624 154
625 156
626 158
627 228
628 1271
629 104
49 60
49 68
49 130
49 181
49 194
49 197
49 208
49 216
49 222
49 225
630 80
631 975
632 161
633 218
634 79
635 155
636 212
50 114
50 120
50 143
50 160
50 179
50 195
50 209
50 220
50 223
50 226
51 637
51 638
51 98
51 840
51 109
51 111
51 112
51 113
51 117
51 119
51 975
51 141
51 161
51 178
51 639
51 206
51 215
51 228
52 89
52 122
52 182
52 213
52 214
53 71
53 78
53 640
53 641
53 114
53 144
53 642
53 177
53 643
53 644
53 184
53 645
53 193
53 232
53 646
54 74
54 75
54 91
54 103
54 840
54 104
54 111
54 967
54 186
54 647
54 648
54 649
54 650
54 651
652 120
653 179
654 93
655 139
656 147
657 76
55 66
55 82
55 658
55 93
55 131
55 140
55 147
55 151
55 659
55 167
55 660
55 661
55 169
55 662
55 181
55 663
55 188
55 664
665 93
666 147
667 229
56 90
56 118
56 136
56 756
56 150
668 80
669 115
670 145
671 65
672 120
673 964
674 123
675 163
57 676
57 677
57 678
57 679
57 680
57 681
57 682
57 683
57 684
57 685
57 185
57 199
57 686
57 687
57 213
57 221
57 688
58 62
58 76
58 93
58 100
58 689
58 139
58 158
58 169
58 183
58 189
58 690
691 816
59 692
59 693
59 151
59 159
59 694
59 695
59 696
59 1288
59 697
59 216
59 1358
59 230
698 105
699 79
700 102
319 61
319 73
319 701
319 96
319 702
319 703
319 704
319 198
60 87
60 110
60 705
60 706
60 707
60 708
60 152
60 173
60 194
60 208
60 210
60 212
60 222
60 225
709 61
710 121
711 124
712 157
713 210
714 222
715 132
716 218
717 106
718 177
719 185
720 87
61 73
61 96
61 721
61 722
61 157
61 173
61 723
61 724
61 208
61 222
725 100
726 139
727 67
728 101
729 192
730 193
731 231
732 134
733 159
734 110
735 149
736 229
62 66
62 72
62 81
62 85
62 92
62 93
62 103
62 108
62 131
62 135
62 140
62 154
62 158
62 169
62 178
62 191
62 1349
62 219
63 737
63 68
63 96
63 130
63 738
63 153
63 739
63 740
63 197
63 741
63 742
64 70
64 83
64 112
64 743
64 1068
64 744
64 125
64 126
64 190
64 196
64 200
64 201
65 745
65 746
65 747
65 120
65 124
65 137
65 964
65 195
65 209
65 748
66 82
66 93
66 94
66 131
66 133
66 142
66 167
66 169
66 191
66 219
67 94
67 101
67 749
67 750
67 162
67 171
67 175
67 192
67 751
67 752
67 753
67 231
67 754
755 136
757 150
758 110
759 149
760 210
761 229
762 130
763 242
764 153
765 172
68 96
68 151
68 766
68 181
68 767
68 188
68 194
68 197
68 768
68 216
68 230
769 78
770 193
771 232
772 124
773 137
774 97
775 102
776 116
777 146
778 224
69 779
69 780
69 781
69 782
69 783
69 784
69 153
69 170
69 172
69 180
69 785
69 786
69 787
788 840
789 113
790 123
791 975
792 161
793 187
794 215
70 466
70 1068
70 795
70 796
70 196
70 797
70 200
70 201
70 211
70 798
71 78
71 799
71 116
71 800
71 144
71 801
71 177
71 184
71 220
71 226
71 232
802 179
72 75
72 103
72 108
72 127
72 176
72 182
72 202
72 227
73 87
73 96
73 803
73 242
73 804
73 173
73 805
73 198
73 806
73 208
74 85
74 95
74 98
74 103
74 108
74 111
74 112
74 115
74 141
74 178
75 91
75 103
75 108
75 967
75 176
75 807
75 808
809 120
810 124
811 132
812 756
813 150
814 165
815 1271
817 1334
818 1302
466 87
466 819
466 200
466 211
466 820
466 225
821 81
822 86
823 98
824 113
825 117
826 123
827 187
828 215
829 233
830 100
831 183
76 100
76 832
76 833
76 136
76 756
76 150
76 165
76 834
76 189
76 199
76 835
76 836
76 221
837 80
838 203
839 218
841 228
842 183
843 87
844 110
845 173
846 100
847 79
848 83
77 849
77 88
77 139
77 147
77 850
77 171
77 175
77 183
77 851
78 105
78 852
78 853
78 184
78 854
78 193
78 232
79 855
79 83
79 856
79 99
79 102
79 857
79 858
79 859
79 148
79 155
79 860
79 212
79 861
80 862
80 115
80 863
80 141
80 145
80 864
80 865
80 866
80 161
80 203
80 867
80 206
80 868
80 869
870 204
871 1271
81 86
81 92
81 98
81 123
81 140
81 178
81 872
81 1349
81 873
874 115
875 172
876 180
877 196
878 211
82 84
82 107
82 128
82 142
82 148
82 151
82 155
82 159
82 160
82 167
82 168
82 879
82 188
82 219
82 224
83 95
83 880
83 99
83 1068
83 881
83 148
83 190
83 217
83 882
84 97
84 114
84 116
84 128
84 142
84 143
84 160
84 168
84 223
84 224
84 226
883 88
884 139
885 175
886 183
887 139
888 1047
889 182
890 199
891 213
892 221
893 116
894 144
895 177
896 179
85 95
85 98
85 107
85 108
85 112
85 119
85 178
85 205
85 207
85 219
85 234
86 98
86 117
86 164
86 234
87 897
87 110
87 898
87 899
87 242
87 900
87 152
87 173
87 901
87 208
87 222
87 902
903 147
904 91
905 124
906 149
907 175
908 89
909 106
910 138
88 94
88 911
88 135
88 139
88 166
88 171
88 175
88 183
88 192
88 912
88 231
88 913
89 106
89 914
89 122
89 138
89 185
89 213
89 214
90 91
90 915
90 118
90 916
90 917
90 918
90 919
90 202
90 920
90 227
921 109
922 180
923 218
91 104
91 924
91 925
91 176
91 926
91 927
91 202
91 928
91 929
91 227
91 930
92 98
92 113
92 123
92 140
92 931
92 154
92 156
92 158
92 178
92 932
92 1349
92 933
93 934
93 131
93 133
93 139
93 147
93 935
93 936
93 167
93 169
93 171
93 937
94 133
94 135
94 142
94 147
94 160
94 162
94 166
94 167
94 171
94 175
94 191
94 192
94 231
95 108
95 112
95 190
95 205
95 207
95 217
938 156
96 130
96 939
96 940
96 157
96 941
96 942
96 197
96 208
96 216
96 222
96 230
97 106
97 114
97 116
97 138
97 142
97 146
97 160
97 177
97 185
97 943
97 224
98 111
98 112
98 113
98 117
98 119
98 123
98 178
944 1068
99 102
99 148
99 155
99 188
99 194
99 212
99 217
100 945
100 946
100 139
100 165
100 183
100 947
100 948
100 949
950 816
951 151
952 159
953 1288
954 230
101 114
101 955
101 956
101 162
101 193
101 957
101 958
101 231
101 959
102 960
102 148
102 155
102 168
102 207
961 136
962 115
103 104
103 108
103 111
103 154
103 158
103 178
963 149
840 104
840 111
840 113
840 965
840 161
840 186
840 966
840 206
840 228
968 145
104 111
104 969
104 154
104 970
104 971
104 972
104 973
104 228
104 974
976 161
105 977
105 978
105 979
105 184
105 980
105 981
105 209
105 220
105 223
105 982
105 983
105 984
985 122
986 174
987 176
988 165
989 204
990 1271
106 991
106 138
106 177
106 185
107 181
107 188
107 205
107 217
107 219
107 234
108 178
108 207
108 219
992 144
993 177
109 112
109 117
109 119
109 994
109 975
109 125
109 141
109 995
109 170
109 180
109 996
109 196
109 215
109 218
109 233
110 997
110 998
110 999
110 1000
110 1001
110 173
110 210
110 212
110 222
110 229
1002 180
1003 218
1004 153
1005 816
1006 204
1007 159
1008 1288
1009 1358
111 112
111 113
111 115
111 141
111 154
111 178
111 206
111 228
1010 123
1011 156
1012 174
1013 182
112 115
112 117
112 119
112 125
112 126
112 141
112 170
112 190
112 196
112 205
113 123
113 154
113 156
113 178
113 1014
113 228
113 1015
114 116
114 142
114 143
114 160
114 162
114 177
114 184
114 193
114 223
114 226
114 231
1016 125
1017 196
1018 201
1019 203
1020 218
1021 184
1022 193
1023 232
115 125
115 967
115 141
115 145
115 1024
115 1025
115 203
115 206
1026 156
1027 204
1028 1271
116 144
116 177
116 184
116 1029
116 223
116 224
116 226
1030 125
1031 201
1032 203
1033 136
1034 199
117 119
117 1035
117 1036
117 164
117 170
117 215
117 233
1037 152
1038 173
118 136
118 150
118 1039
118 189
118 199
118 202
118 221
118 1040
118 227
119 126
119 164
119 170
119 190
119 205
1041 185
1042 213
120 1043
120 132
120 179
120 195
120 209
120 220
120 1044
120 1045
1046 156
1048 170
1049 233
1050 161
121 1051
121 124
121 157
121 1052
121 222
121 1358
1053 136
1054 199
1055 152
1056 203
1057 189
1058 221
1059 134
1060 147
1061 159
1062 170
1063 180
1064 215
1065 233
122 138
122 1066
122 146
122 174
122 182
122 1067
122 207
122 214
122 219
1069 125
1070 201
1071 203
1068 190
1068 200
1068 201
123 1072
123 1073
123 1074
123 156
123 1075
123 1076
123 1077
123 1078
123 1079
1080 124
1081 137
1082 136
1083 1047
1084 975
1085 187
1086 215
975 141
975 161
975 1087
975 1088
975 1089
975 1090
975 215
1091 139
1092 130
1093 163
1094 137
1095 209
1096 125
1097 201
124 137
124 155
124 168
124 964
124 1358
1098 242
1099 173
1100 198
125 141
125 1101
125 1102
125 196
125 201
125 203
125 218
126 164
126 170
126 172
126 181
126 190
126 197
126 200
126 205
126 217
126 225
126 234
1103 132
127 174
127 176
127 182
127 1104
127 202
127 227
1105 183
1106 212
1107 229
128 129
128 134
128 143
128 151
128 155
128 159
128 160
128 168
128 188
129 134
129 137
129 155
129 159
129 160
129 163
129 168
129 1108
129 195
130 242
130 1109
130 172
130 197
130 1110
130 208
130 216
130 225
131 140
131 1111
131 169
131 1349
131 1112
1113 173
1114 210
132 144
132 179
132 1115
132 1116
132 220
132 1117
132 1118
132 1119
132 1120
1121 158
1122 204
1123 1349
133 135
133 139
133 142
133 166
133 167
133 169
133 171
133 191
134 1124
134 159
134 163
134 1125
134 1126
134 1127
135 142
135 166
135 169
135 191
135 192
135 1128
967 145
967 186
967 1129
967 1130
1131 180
1132 196
136 1133
136 756
136 150
136 189
136 1134
136 199
136 1135
136 1136
136 1137
1138 175
137 1139
137 163
137 1140
137 195
137 209
137 1141
242 208
138 142
138 146
138 185
138 191
138 213
138 214
139 147
139 1142
139 166
139 171
139 183
1143 146
1144 148
1145 207
140 1146
140 1147
140 1148
140 1349
140 1149
141 161
141 206
142 146
142 160
142 162
142 167
142 177
142 185
142 191
142 192
142 214
142 219
142 224
142 231
1150 153
1151 172
143 160
143 168
143 223
143 226
1152 198
1153 215
1154 233
1155 180
1156 196
1157 201
1158 211
1159 218
1047 1160
1047 1161
1047 1162
144 177
144 179
144 184
144 1163
144 220
144 1164
144 226
145 1165
145 1166
145 1167
145 1168
145 186
145 1169
145 1170
145 206
145 1171
1172 175
1173 159
1174 203
1175 218
1176 157
1177 1288
1178 216
1179 230
1180 198
1181 149
1182 212
1183 756
1184 163
1185 198
756 1186
756 150
756 165
756 1187
756 1188
1189 161
1190 186
1191 206
146 191
146 207
146 214
146 219
146 224
1192 170
1193 172
1194 180
1195 211
147 1196
147 160
147 1197
147 162
147 166
147 167
147 171
147 1198
1199 180
148 155
148 188
148 207
148 217
148 219
1200 232
1201 156
1202 158
1203 204
1204 1349
1205 165
149 964
149 1206
149 229
1207 152
1208 212
150 158
150 165
150 204
150 1209
150 1271
151 159
151 1210
151 1211
151 181
151 1212
151 188
151 1213
151 1214
151 216
151 230
152 1215
153 1216
153 172
153 1217
153 1218
153 1219
1220 203
1221 171
1222 175
154 156
154 158
154 178
154 228
1223 187
1224 215
155 168
155 188
155 194
155 212
1225 173
156 158
156 204
156 228
156 1271
156 1226
816 1227
816 1228
816 187
816 1334
816 215
816 1302
816 1229
157 1230
157 1231
157 1288
157 216
157 222
157 1232
157 230
1233 180
1234 218
158 165
158 204
158 1349
158 1235
158 1271
159 163
159 1236
159 1237
159 1238
159 1358
160 162
160 167
161 1239
161 206
161 1240
161 1241
161 1242
1243 230
1244 167
1245 187
1246 1302
1247 193
162 167
162 171
162 175
162 1248
162 231
163 1249
163 1250
163 1251
163 1252
163 1253
163 1254
163 1255
164 170
164 197
164 205
164 234
165 204
165 1256
165 1271
166 167
166 171
166 191
167 169
167 171
167 1257
1258 199
1259 221
1260 187
1261 215
168 224
168 226
1262 1334
1263 215
1264 1302
169 191
1265 175
1266 227
170 172
170 180
170 211
171 175
172 200
172 1267
172 211
172 225
173 1268
173 208
173 210
173 222
173 1269
1270 185
174 176
174 182
174 1272
174 1273
174 1274
175 192
175 1275
175 1276
175 1277
175 231
175 1278
176 1279
176 1280
176 202
176 1281
177 1282
177 184
177 185
177 1283
177 192
177 193
177 231
177 1284
179 1285
179 220
179 1286
179 226
179 1287
180 1289
180 196
180 211
180 218
180 1290
181 188
181 194
181 197
181 205
181 217
181 225
181 234
1291 185
182 1292
182 202
182 1293
182 213
182 214
182 221
182 227
1294 207
1295 218
1296 218
1297 232
1298 1288
1299 230
1300 187
1301 215
1303 233
1304 1358
183 1305
184 193
184 220
184 223
184 226
184 232
1306 186
185 192
185 1307
185 213
185 214
185 1308
186 1309
186 206
186 1310
186 1311
187 1334
187 215
187 1302
188 194
188 216
188 217
189 199
189 1312
189 221
190 205
190 217
190 225
191 214
191 219
1313 1288
1314 192
1315 193
1316 231
1317 232
192 1318
192 231
192 1319
192 1320
193 1321
193 231
193 1322
193 232
193 1323
194 212
194 216
194 217
194 225
1324 1358
1325 201
195 209
1326 233
1327 198
196 1328
196 200
196 201
196 211
196 218
197 216
197 225
197 234
1329 202
198 1330
198 1331
1332 200
1333 211
1335 213
199 1336
199 221
200 211
200 225
201 1337
202 221
202 227
1338 228
1339 1288
1340 230
203 218
203 1341
204 1342
204 1271
1343 213
205 217
205 225
205 234
207 219
1344 228
208 216
208 222
1345 224
1346 226
1288 1347
1288 230
209 220
209 223
209 1348
1350 230
210 212
210 222
210 229
1351 213
1352 221
1353 213
1354 221
1355 1349
1349 1356
1349 1357
1334 215
212 229
213 214
213 221
214 219
214 221
215 1302
215 233
216 222
216 230
217 225
219 224
220 223
220 1359
220 226
220 1360
220 1361
221 227
1362 227
1363 1271
223 226
1364 229
224 226
228 1365
1302 1366
1302 233
231 1367
232 1368
1369 233
1370 233
