1253 2372 0
0.4656646715012629 0.3282025534292648 0.2993749774917714
0.4954248730244342 -0.1065067139021015 0.0584797043522423
-0.2686763546019282 -0.3532352612999878 0.3518196098161394
0.1512227221244821 -0.0310741651816286 -0.1598936657170945
-0.1095725040661120 0.2345670604898043 -0.2923438904127421
-0.1981901350861905 0.0549964482359279 -0.3101393201893737
0.0286249312441680 0.1608434731694320 -0.3798981033173733
-0.1876725863694025 0.3959534347356373 0.3037292669116394
-0.2930941673919511 -0.3994922392812661 0.1349727630879985
-0.0890618668393968 0.1487954554161269 0.1415536648007136
-0.0094620917382057 -0.2214909100507027 -0.1859063220068878
-0.1642899973588534 -0.3219311513274262 0.2525266485182290
0.2917885768784197 0.1900636768175797 -0.1397064648307795
-0.3281946407751688 -0.2687770151066484 0.1774535220605563
-0.3391408243484980 0.4709601739961932 0.3598070862264866
0.0836337541274916 -0.2101564017667581 -0.1014193021465458
-0.0711714147418499 0.3113351944756463 0.4689737736278639
-0.1597906529610102 -0.1215517451868055 -0.1924716607661946
-0.2281378007364847 -0.0664891198233442 0.2003152436608950
0.2776549525189391 0.4844283775383724 0.3144377664565358
-0.2669635393039446 -0.0394472028875129 0.0952162378110457
-0.3822398693696845 0.1281521687873902 -0.2920460193707711
-0.0959969130594590 -0.4206814236902719 0.1319126501616811
0.4743536187433798 -0.4325115362157280 0.2198014977658086
0.2190380327860150 0.1368557384769024 0.1345629225498384
0.1256304004828688 0.0789312722498375 0.1055952556094880
-0.0001187972773074 0.0700184826132309 0.0903801170082390
0.3624752804507835 0.2044377218571748 0.4404595407291032
0.1458455371429871 -0.3783161073407804 -0.4047521924823014
-0.1725174660050549 0.0783191505902342 -0.2418043407626116
0.1169942743535699 0.1361279378237387 0.0735946384401141
-0.2634438449587481 -0.0957397719943649 -0.1203795014057758
-0.1913938363876169 0.1386686473613293 0.3896825849197658
-0.3876263675289818 -0.4625423511489555 0.2161330953123923
0.2150336496768809 0.4520480606773923 0.0273180943978513
-0.2702225504582936 -0.3619786307838395 0.2389129668111162
-0.4949237785271972 -0.1633397708438905 0.2141678525583108
-0.3113119058543755 0.3923064684550586 0.2805264093010423
0.2573394977692423 -0.3790390941290015 -0.1524642514030305
-0.1040103991457883 -0.0434045774821026 -0.4550101570735236
0.3702752839824692 0.2796819175894357 0.1833071986095863
-0.3126366538542304 -0.2310413918468464 0.3280608036839493
-0.4439386774263085 0.1237201353696286 0.0757336509762122
-0.3868918729413265 -0.1872815537995991 -0.3467380197154273
0.2186242708193608 -0.4803695890716492 -0.4730583055453800
0.0315469943599420 -0.3447746405574415 -0.1425822040010799
0.1959131324702395 -0.3253470016685711 0.2816274539147888
-0.4038963947996100 -0.1756360378727499 0.1714553458425761
-0.4769076835223486 -0.3187599399348550 -0.1801114000516673
-0.4451679286882431 -0.1873414949562917 -0.3975448034987538
-0.4257255940803583 -0.2516449393833979 0.1270160223065439
-0.4630467660930508 0.0215446139925282 0.3843189681611449
-0.3104166647401687 -0.2615964205618777 -0.4190469233741070
-0.3878719066324662 0.3606307600018186 -0.4182491099556362
0.1590912792654849 0.1041890957115630 -0.0097469752141454
0.0778314760020967 -0.0327555801422859 -0.4281390043619358
0.2674225477386194 -0.1047961014733375 0.1545671873771019
0.0075094168099441 0.3764748636719121 -0.0140772278601354
0.0968654955550337 0.3515561471975151 0.3258468273063166
0.4767674222974701 0.3698213197338195 -0.2624229357471438
0.0364608750961754 0.3071540512802045 0.1349174507256298
-0.2109677306136467 0.2169983846704762 0.2933512770743218
0.4249373559072004 0.1023865532275893 -0.1069182888123487
-0.3320270115983233 -0.1106523574877082 0.3541191780755594
-0.2392210166587678 -0.4763016093099325 -0.4134033734728246
0.1461206865494808 0.0388611801774675 -0.0452005463295481
-0.3248415052562977 0.2417014926915874 0.2329000519666312
0.4312217323913944 -0.3825079176203840 0.2932101965108356
0.4126524696216711 0.3843341022285794 -0.0933547395818955
0.1307162725053809 0.2725980673426103 -0.4222023712448005
0.4138966526303617 -0.0698872776682757 -0.2650067855377934
0.2409843899165907 0.4439959414650989 0.3207830076845569
-0.3346884425994641 -0.3489346995953763 -0.0136022189442271
-0.1337643475197177 0.2221404976434342 -0.3954286397027613
-0.2402625335259460 -0.3147926054738984 0.0311098198254260
0.1770947495572353 -0.1872389474744966 0.4540349413755381
-0.0492338343970021 0.2215369327142473 -0.3325796502487983
0.2892584693481728 -0.4698923310648881 -0.1456917829776363
-0.1778723317629686 0.0648676017112209 0.4025957196003786
-0.0605166204360925 0.0904185109143729 0.2589104365377359
0.0660971432529811 -0.3194266595583364 -0.2238558992927427
-0.4738455662246731 -0.1237517986314754 -0.3009294453240817
-0.1574869298306508 0.3646619886050868 0.2948655362352721
-0.2539980302636554 0.4285518494942251 -0.2829317855247004
-0.2495399679708038 0.1960648967791086 0.0616592475566341
0.0676559484562567 0.4220215263241724 0.0082999503824017
0.0856428277910524 0.2078035719671940 -0.3957965102214045
0.1618325865519469 -0.2509772264554708 0.2382349061819004
0.2175642963455150 0.2121660698642316 -0.2372547199550506
0.2341582085485609 0.1463982428471117 0.4632264203849717
0.4367247506720821 0.2069125978545397 0.4086860188957456
-0.3756736138534197 0.3822355732841783 -0.3400836039058827
0.4684396586079242 0.2633471591653977 0.4351016805077679
0.4781752283184715 0.2734780857030000 0.0735545131656370
0.1780276611259211 -0.4620104846969961 -0.1717266660215834
0.1878150865503141 -0.1970804547337533 0.1863168087093042
-0.4815519169986439 -0.0669355185104760 0.2991388797594907
-0.0535715375703181 -0.1015432351726158 0.4589022211131163
-0.0920087578053404 0.1690692656727983 0.2183104606056653
0.4219690105458625 -0.0559437227587463 -0.0350814089257881
-0.3064519672684022 -0.0306799278352583 -0.3061925427720052
-0.4506345647124076 -0.1871472195016656 0.4848100583875270
0.2193421119982803 0.1541704448552171 0.4725362417683057
0.1007769603506016 -0.0635417581951199 0.1592111064501175
-0.1027089403266542 0.4713099009560626 0.2281940810510672
0.1434893020421119 -0.1246277814131473 -0.4384389579036554
-0.4789677924537152 -0.0533045270906196 0.4026280371410889
-0.3906482987422857 -0.1690545236366947 -0.3409217586022397
-0.1200740539453102 -0.2253554705383924 -0.4092875005962255
-0.2804664624016128 0.2160476577807932 0.0015475455191106
0.0943641380019312 0.2429621377737884 0.1022039871911112
0.4702679720426673 0.1994028367101566 0.4094591373799378
-0.2617121113044067 0.0560332865527074 -0.0167848936268643
-0.2527482587172618 -0.4377342674408224 0.1828223910462438
0.0846169043144320 0.1316635826501941 -0.0606761356296347
0.4382863767199213 0.0831933524887545 0.2999239642602739
-0.0511163783511333 -0.1669884604352301 0.3028109995098750
-0.1730230605796124 -0.0759689889651548 -0.0542265555017389
-0.3562488217945881 -0.0984266810596319 0.2646415033669078
0.2761638829220511 -0.2426487289145857 -0.2712724133130843
-0.1071495393509776 -0.0617788514021835 -0.2498097522044651
0.4789121937338467 0.1201679382529436 0.1254492117229740
-0.0210647068699370 -0.2075700754005610 -0.0775615576977503
0.2290158214850380 -0.2763032896535859 -0.3112734263645833
0.2208731466880430 0.0239744527803219 0.0433149445303826
-0.4483404397885588 -0.2078337263133278 -0.1496582048855294
-0.1257208156382782 -0.4653992594604360 -0.1617441950833546
-0.4305933808050031 0.4720422526509541 0.4731147553615020
-0.1688507527260509 -0.1624173789378295 0.2368988654773156
-0.1046732085656857 0.4345279752973993 0.1385634047605991
-0.4691321620380571 0.2909819880562626 0.1961937893171191
0.0938454501045464 0.2329006748034010 -0.1192082816501956
-0.1721930613237383 0.3910465059950574 0.0435554240354855
-0.1002068280837272 -0.3247783409149881 0.4037658470385586
0.1797839603813026 -0.1992629256517008 -0.1370491032520372
-0.0189017797047559 -0.3810542925655327 0.3945313407816323
0.2820211043841103 -0.3451123243186699 -0.0561130320776571
0.1216336668504548 0.2356704270911605 0.3706025113165291
0.3595294339682682 -0.4872451163473370 -0.1069413738318939
-0.1280675395422088 -0.0374664595982990 0.0621281734040053
-0.0297316052990517 0.1949066106773521 0.2173839851255745
0.0888821657356932 0.3467351275823153 -0.3385854185886615
-0.4839774441350733 -0.0577994071885898 0.2068391169325082
-0.0769536227066943 0.3913550285570135 0.4176649071936929
-0.3426409359859749 -0.0280205441913195 -0.3323520206285112
-0.1612755390535298 0.4519090147165437 0.2500303981601667
0.2750991416275075 -0.3842106035609552 -0.0887362352308482
0.0129959999541414 0.3208543126669811 0.3122865053983192
0.4377721724017407 0.3059207672600057 0.3542594704193390
0.1282462163332770 -0.4438545584073765 -0.2997140897538602
-0.0656635012167016 0.2726924425231392 -0.0936044819795133
0.3351771322018510 -0.3724320914370881 0.3971317588092875
0.4176426105189641 0.2084900658311375 0.1449337968294227
-0.2942975464788897 0.2315738058596669 0.0732289633345783
-0.0352598371028608 -0.3303199352977284 0.2534798939024694
-0.1544838984949627 -0.4472083500713639 -0.2533257030062551
-0.1583446283733961 -0.2493151323332473 -0.1693034009156022
0.3296960785279111 -0.3754395065997049 0.3567730251905171
-0.0311148298283678 0.0593151646219431 0.2798529177375330
-0.4512897290504662 -0.4888206755099886 0.2271050541575975
-0.2167508037416408 -0.3266453756609041 -0.0934286097757887
0.1947945977230086 0.0380445526868520 0.3995334549507986
0.1743409849504200 0.3944779081910149 -0.0400119767530879
-0.0054691490877103 -0.0931609205872612 -0.2257054623826028
0.3766031389371832 0.4046474101659581 0.4756314224891679
0.3450003606127842 0.4746740942621596 0.2834601776175635
0.0969569143122141 0.1222064168742936 0.4492730216509394
-0.2812367843930423 -0.1145947266562132 -0.3186010004690784
-0.0984537536572604 -0.1111829713624461 -0.0756918496417246
0.2212920348214683 -0.0812293177516780 -0.0193979901814805
-0.0902482575397056 -0.2452530997308261 -0.2340165975948195
0.3937113647390234 0.1334696128486255 -0.4086215744944665
-0.0460000593584703 0.3894742136803442 0.0524201214139014
0.1220947920677671 -0.2334297908462051 0.4362252603143368
-0.4782075046766519 0.1595153797174194 0.3409542578607295
-0.2636902994762695 0.3888513420467771 0.3163028114909509
-0.4398161795603156 -0.0951550002453097 0.1775413173728007
-0.2504040849296244 0.4611788965849471 -0.1685624294994721
-0.4253411740948920 -0.2527089349822578 0.3000823849006758
0.4393862284908294 0.2456593335847113 0.3041160232941651
-0.3967394461658358 0.0077197968356192 -0.1296284736337668
-0.4534586015039631 -0.2289532548371122 0.4831720501574574
0.1496722730547556 -0.0236271408509955 0.2923842572985766
0.3216342895926428 0.0837286435348011 -0.3371723197441530
-0.1513753289467312 0.4258129558818517 -0.4820518997088961
-0.4543131685785224 0.4007369614996145 -0.2959780771763429
0.1173074110987214 -0.2730451193254993 0.0939117918134511
-0.1949040139352010 0.3241564660511057 0.1670924391679493
-0.1586779333691107 0.0960491956857999 -0.0768216524892993
-0.4710009412505289 0.1919495032999801 -0.3284103347102835
0.3000371971725658 0.4693361770090801 0.1236918702285696
0.0106542814314759 0.4017783346511328 -0.2997896591338106
-0.1522822557238653 0.2595396189342887 0.0792799896920687
-0.0851644905507093 -0.3364405252562038 0.3627161746137775
-0.4627636208403398 0.3892826357658823 0.3908565875419263
-0.4331189952763405 -0.2778816352775421 -0.0197604609015890
-0.0707495059213801 -0.1215433975058234 0.2282658700559240
-0.1797748225681343 0.1399063650674467 -0.1202230991947682
0.4580204080238603 -0.2790302302189032 -0.2942485574935075
-0.2162980800442379 0.0955547892326239 0.0766451181516445
0.2542974676086149 0.2360316597882399 -0.0313268400234367
0.2243994917199118 -0.4154826388365930 0.4143961558008675
0.2519400711755923 -0.0373714759755480 0.4180481953064984
0.1543138578821181 0.2427346271436959 0.4184344400385897
-0.4484114283078828 0.1904306847662931 -0.2635936219846656
0.4597798966079808 0.3170290295678042 0.1013042839519747
0.0664836623262956 -0.1164371243065031 -0.3236461082143617
0.2970644038351680 0.1643395065444634 0.2957914344611994
0.1911274978935887 0.0517449850931262 0.1455449194544472
-0.3335888041200119 0.1236021026911239 0.4720100923245198
0.3780159073461296 -0.2397262558048666 0.0044880686796571
-0.0760738896670083 0.0442826073784376 -0.0715571384978592
-0.3062444170816540 0.0444471986204125 -0.4047421672877703
-0.3234757654552384 -0.4152535054478835 0.3795588614762968
-0.0550550708360557 0.4705514516539440 -0.4266294753984696
0.4782386916312088 -0.3799507048167240 0.1097052878990654
-0.2650866598268749 0.3687251685696402 0.1909312863148869
-0.2285795551231358 -0.2722415895782467 0.4607731416910679
-0.2020548481486979 0.2335137222510616 0.3768666130346294
-0.1022273074072246 0.0056307069147307 0.4627409886328675
-0.3023411513071741 0.3414634662000656 -0.0802602230338240
-0.1392824356185482 0.3682030825116668 -0.3334721378902122
0.1587555549201717 0.4109262500223888 -0.0313091184040736
0.0832363567603727 -0.3619338217769980 0.1443587711339180
-0.4339110046201551 0.1135369892626728 0.2851545027208530
-0.2076556650685179 -0.2667219180163674 -0.1886195618023909
-0.3070635639103012 0.4373589631138033 -0.1377440679505377
-0.4239138852048677 -0.0322021194603155 0.2483284268410727
0.2279189810571116 -0.3250389043969902 0.2094696368323089
-0.1016336175582934 -0.0343028485912040 0.0631522338128263
-0.4442341855000391 0.1500709816164228 -0.0420407976611442
0.1755214768923427 0.2467615650189995 0.3592678766324270
0.3856942594388825 -0.5000000000000000 0.2693270405450545
0.3446123201579117 -0.5000000000000000 0.3108928608601535
0.3075294706846393 -0.5000000000000000 0.3486802877133776
0.3057721535299240 -0.5000000000000000 0.3344098168014737
0.2611242641585500 -0.5000000000000000 0.3640570265811445
0.2573495773618434 0.5000000000000000 0.0325174796497310
0.3151030662109481 0.5000000000000000 0.0070866262113589
0.2937460656603490 0.5000000000000000 0.0818303051692411
0.4006715765362345 0.5000000000000000 -0.1438631056787001
-0.3405402961091623 -0.4994161978420880 0.1291551832600060
-0.2846655428989823 -0.5000000000000000 -0.0886362803359265
-0.1590307092579896 -0.5000000000000000 -0.1552086673496038
-0.1890082891482957 -0.5000000000000000 -0.2123101281963703
0.5000000000000000 0.3130012003407705 0.2720520492228438
0.5000000000000000 0.3283233148974779 0.2691828157907742
0.5000000000000000 0.3426705556611725 0.3311382729069764
0.5000000000000000 0.4234746850153608 0.2285965626395045
0.2243956980443537 0.5000000000000000 0.0010730768434983
0.4083278409489250 0.5000000000000000 -0.1710095082432310
0.5000000000000000 0.1167523683308765 -0.4572767480275764
0.5000000000000000 -0.1386856588481194 0.0426501971916491
0.5000000000000000 -0.1361305631037568 0.0660648111175151
0.5000000000000000 -0.0820916652204132 0.0217470272631767
0.5000000000000000 -0.1247775241041655 0.1182571630025598
0.5000000000000000 -0.1118378916368576 0.1044456053392844
0.1417530086737628 -0.2796678058643732 0.5000000000000000
0.0412235004743956 -0.4100218352197328 0.5000000000000000
0.1899914953823270 -0.4060825998361607 0.5000000000000000
0.1046097443000446 -0.3240078836989508 0.5000000000000000
0.1496155668333085 -0.4235592870826361 0.5000000000000000
-0.1439836982877356 -0.5000000000000000 0.2850221096170289
-0.3020645995501251 -0.3355810781096180 0.5000000000000000
-0.2075536985707226 -0.3869190963711806 0.5000000000000000
-0.5000000000000000 -0.3082401048550943 0.4056119140000068
-0.1137891583858932 -0.5000000000000000 0.4022317855204486
-0.4432441671941902 -0.3555399414552790 0.5000000000000000
0.4444927985710567 0.1620583992165991 -0.5000000000000000
0.5000000000000000 0.4563356049905197 0.0474267963558273
0.5000000000000000 0.3602684679091286 0.0735130895925907
0.2960610574061663 -0.4077595455864801 0.5000000000000000
0.2301260369836934 -0.4312461951786437 0.5000000000000000
-0.1188460536379068 0.1745673944317241 -0.5000000000000000
-0.0728954933918449 0.0976464496339421 -0.5000000000000000
-0.2088027231171114 0.5000000000000000 0.3833581788504899
-0.2929455660079750 0.5000000000000000 0.3825389983515124
-0.1465884024584102 0.5000000000000000 0.3007052829297501
-0.3513240774786323 0.5000000000000000 0.4530017134921124
-0.1756970184995568 0.5000000000000000 0.4187767087617848
-0.1901577684108777 0.5000000000000000 0.3356984945296710
0.0098131021976676 0.5000000000000000 0.4559455441577427
0.0933829612408975 0.0848679527758077 -0.5000000000000000
-0.0218066381684970 -0.0194088506847375 -0.5000000000000000
0.1062442972728272 -0.0055574704892999 -0.5000000000000000
0.1157583242163742 0.1112022953768986 -0.5000000000000000
-0.1078505392667718 0.1780115398927754 -0.5000000000000000
0.2012041753143474 0.0659168773954329 -0.5000000000000000
0.0147836803686129 0.1413826936554552 -0.5000000000000000
0.0851914052017977 0.1969918824733742 -0.5000000000000000
-0.1739379329750750 -0.2904021671716280 0.5000000000000000
-0.0255915012039053 -0.2425358348214515 0.5000000000000000
-0.2340164174155621 -0.2675804676929783 0.5000000000000000
-0.1030912774599576 0.4776509298914074 0.5000000000000000
0.0404030255302626 0.5000000000000000 0.4857964009891296
-0.3114323729857944 0.3593564883101852 0.5000000000000000
-0.2788114953988693 0.4402079841039775 0.5000000000000000
0.5000000000000000 -0.2947200711467737 -0.0360805547394735
0.5000000000000000 -0.3209148959278568 -0.0455651967733918
0.5000000000000000 -0.2846712588674860 -0.1367124826440306
0.5000000000000000 -0.2794200997762774 -0.0265580155107996
0.5000000000000000 -0.3394836680849246 0.0464061273822015
-0.5000000000000000 -0.4109769204559720 0.2486659633884667
-0.1573875664631703 -0.5000000000000000 -0.0277106166782368
-0.5000000000000000 -0.4310219280582855 0.1780280725475171
0.2847426035636198 -0.5000000000000000 -0.1640035003985756
0.2003751569511508 -0.5000000000000000 -0.1871408334822290
0.4473936523047286 -0.5000000000000000 -0.2774997602731132
0.4454522755628521 0.5000000000000000 -0.1033560356669762
0.1641657921167824 -0.2434057748158045 0.5000000000000000
0.2495856594985193 -0.3965528456751215 0.5000000000000000
0.1874623179217415 -0.4216839127314342 0.5000000000000000
-0.1389094249251390 -0.5000000000000000 0.2806235446589852
-0.1005823326069458 -0.5000000000000000 0.1205900040788876
-0.1633203156898148 -0.5000000000000000 0.1420754783813104
0.5000000000000000 0.1533853448823980 -0.2269517603592173
0.5000000000000000 0.2808253282111959 -0.3598498147219912
-0.5000000000000000 0.4240358776631764 -0.3165098981441737
-0.5000000000000000 -0.3632170975415530 0.2570157218000498
-0.5000000000000000 -0.2620355925058661 0.2690772389726246
0.5000000000000000 -0.4246625953608303 0.2096082758897931
0.5000000000000000 -0.3892152670319843 0.2411644403707364
0.5000000000000000 -0.3834910740334472 0.1226101177386712
0.4977617602866541 -0.5000000000000000 -0.3251409139448273
-0.3648863552094992 0.5000000000000000 0.3379105085018934
-0.5000000000000000 0.4575937039782385 0.4020812233989097
-0.4077087765002164 0.5000000000000000 0.3295515401823576
-0.3360242919753565 0.5000000000000000 0.3601413910938350
-0.2914559625935208 0.5000000000000000 0.2878449124417012
-0.4293101985760222 0.5000000000000000 0.3848218537002520
-0.3182693535768611 0.4598262770171436 0.5000000000000000
0.5000000000000000 -0.0759421655533883 -0.2880624210827177
-0.2345712952560540 0.1413719578566219 0.5000000000000000
-0.2249157639552718 0.1028459836084644 0.5000000000000000
-0.3214738089758750 0.1278718660593970 0.5000000000000000
-0.5000000000000000 0.0129061174109885 0.4171322733554448
-0.5000000000000000 -0.0599663551473027 0.3291423434098889
-0.5000000000000000 -0.0475505517120507 0.4206781279587519
0.5000000000000000 -0.4837584149768118 -0.1312249026366999
0.5000000000000000 -0.3913907623048383 0.0787139965688233
0.2152750706462373 -0.5000000000000000 -0.4555649921669798
0.1562960355010758 -0.5000000000000000 -0.3298731255987256
-0.5000000000000000 0.3910789412728897 -0.3993710876201323
-0.5000000000000000 0.4035992281537303 -0.3363361699383207
-0.5000000000000000 0.2621874540764246 -0.3482585076397131
0.0848602525833435 -0.5000000000000000 -0.2723372902072293
-0.0145114261098888 -0.1476112871428804 -0.5000000000000000
0.0200170077286854 -0.1551819137903538 -0.5000000000000000
0.0323798763424688 -0.1676083430935517 -0.5000000000000000
-0.0055313784036264 -0.1821264934289451 -0.5000000000000000
0.0045560424244088 -0.1708491570414458 -0.5000000000000000
0.0056195702354725 -0.1793013481014916 -0.5000000000000000
0.0137682588896345 -0.1723206691485836 -0.5000000000000000
0.3355380655493171 -0.3461688964307501 -0.5000000000000000
0.4401367219207443 -0.2942994220304118 -0.5000000000000000
0.5000000000000000 -0.1834484227786645 -0.3744539741974502
0.5000000000000000 -0.2886775781399538 -0.4119082062612991
-0.0513412911399461 0.2941944774447160 0.5000000000000000
-0.1498312326248320 0.2997561277805826 0.5000000000000000
0.0124316715989267 0.3216362361561027 0.5000000000000000
-0.0678940096714962 0.3306234397358805 0.5000000000000000
-0.1600092403822099 0.3224391701740496 0.5000000000000000
-0.1050723178826775 0.3297042873638960 0.5000000000000000
0.1092769959536641 -0.0647129827012331 -0.5000000000000000
0.1248442836074637 -0.0648175880849263 -0.5000000000000000
0.1282777354048181 -0.0699035246077338 -0.5000000000000000
0.2701375454117363 0.5000000000000000 0.4414604971514349
0.2790437259199819 0.5000000000000000 0.3462415839310798
0.2539498209134270 0.5000000000000000 0.3111859452400236
-0.5000000000000000 0.1608473559055023 0.3424745360292827
-0.1450267222136024 0.4210127805977256 -0.5000000000000000
-0.5000000000000000 -0.4377033328481279 0.2621744155159959
-0.5000000000000000 -0.3232156897784194 0.2029578010329345
-0.5000000000000000 -0.4639155723234131 0.2520357633536639
-0.5000000000000000 -0.3240249467725086 0.3008182691900087
-0.3674463095948469 0.5000000000000000 -0.4351789593475295
-0.3650331617850717 0.5000000000000000 -0.4135935710963448
-0.2842516368096903 0.5000000000000000 -0.4556656196734336
-0.5000000000000000 -0.0501660503833496 0.1339569414454037
0.0925068441857589 -0.5000000000000000 0.1466122334765297
-0.5000000000000000 -0.4525600683388747 0.1744422512463884
-0.5000000000000000 -0.4070910717633822 -0.0225510668461524
-0.5000000000000000 -0.3985690384074616 0.0645345341552135
-0.2086202583159271 0.0697695568020823 0.5000000000000000
-0.3164706982357851 0.1142956864889334 0.5000000000000000
-0.1369482471412741 0.0226121172745807 0.5000000000000000
-0.5000000000000000 0.4117547152412967 -0.4353250161719230
-0.5000000000000000 0.4152396712898497 -0.3883078087389607
-0.1246526054072462 0.1773491477014355 -0.5000000000000000
-0.5000000000000000 0.0818656626386255 -0.2688242610889762
-0.5000000000000000 0.1669989992202588 -0.2183312584607718
-0.5000000000000000 0.1399574141538667 -0.3316561142880842
0.0223923555764052 0.2567013476768247 0.5000000000000000
0.0495363157692171 0.2564235471069760 0.5000000000000000
0.1383115921737151 -0.1312597637168831 -0.5000000000000000
0.1961156609848177 -0.5000000000000000 -0.4539507225705031
-0.0999650873803744 0.2837293767237282 0.5000000000000000
-0.3355597371777520 0.1636969523683664 0.5000000000000000
-0.2881687373783324 0.2571629999546438 0.5000000000000000
-0.4224291037580140 0.2403641946777518 0.5000000000000000
-0.1344110083838453 -0.5000000000000000 0.2693235286226689
-0.0936691703761896 -0.5000000000000000 -0.0158974315043027
-0.1926673041539755 -0.5000000000000000 0.1994698253744882
-0.0548841933803451 -0.5000000000000000 0.1434156676622252
0.0385502725272691 -0.5000000000000000 -0.0007556311788555
0.3869792058369690 -0.5000000000000000 0.1659447306045909
0.5000000000000000 -0.4621084372589583 0.2226552613938287
0.3333453581388350 -0.5000000000000000 0.1605057533724268
0.5000000000000000 -0.3929707854808846 0.1764120889453189
0.5000000000000000 -0.4274113284543277 0.1933652350244964
0.5000000000000000 -0.4354451884694759 0.2268532917633596
0.5000000000000000 -0.4145361959787195 0.2097026904706661
0.4800138133494593 -0.5000000000000000 0.1241607557666600
-0.5000000000000000 -0.3336890065501703 -0.1421099142007565
-0.5000000000000000 -0.3273220859762769 -0.0243816476442183
-0.4471151140384040 0.4899981015118944 0.5000000000000000
-0.5000000000000000 0.3882521289660816 0.2949318551519317
-0.5000000000000000 0.3097324054952073 0.2176564299723013
-0.5000000000000000 0.3884296046795271 0.3710089160793249
-0.5000000000000000 0.3797240802484983 0.2650645464850148
0.1776560611531932 0.1645348390831735 0.5000000000000000
0.0572522026271389 0.1468327059112095 0.5000000000000000
0.2248929981435885 0.5000000000000000 -0.4835926103420521
0.0611409973461220 0.5000000000000000 -0.4648175593813920
0.5000000000000000 0.0197011029847159 -0.1968237756775066
0.5000000000000000 -0.0544166994996855 -0.2656677907986847
0.5000000000000000 -0.0490979088453875 -0.1677538310181224
0.1794518094846859 0.2897587594701090 0.5000000000000000
0.2460701505478311 0.0944530020176531 0.5000000000000000
0.5000000000000000 0.1017773246371033 0.4066663057333408
0.3647329020922375 0.1843289924645486 0.5000000000000000
0.3111098590428776 0.1555056332528580 0.5000000000000000
-0.0096154002398884 -0.4969417769705791 -0.5000000000000000
0.1701532389824952 -0.3562108451334620 -0.5000000000000000
0.2219491452922386 -0.2652789078042747 -0.5000000000000000
0.2476079741496142 -0.5000000000000000 -0.3722734457161847
0.3224489052463925 -0.4415379523748966 -0.5000000000000000
0.2045754067410190 -0.3567181186574225 -0.5000000000000000
0.0608230322230573 -0.3563565753881184 -0.5000000000000000
0.0143990436473168 -0.5000000000000000 -0.3646409719313457
0.0012662433048301 -0.3976473596384426 -0.5000000000000000
0.0324095609577457 -0.2811162789162194 -0.5000000000000000
0.4506161689102349 0.0681776265597220 -0.5000000000000000
0.4454525706903201 0.0825903836805227 -0.5000000000000000
0.4431822922075117 0.0761627623705288 -0.5000000000000000
-0.5000000000000000 -0.0613754872161959 0.0912650479757929
-0.5000000000000000 -0.1345423662443050 -0.0457489648472532
-0.4209454712613151 -0.5000000000000000 0.3371726582105774
-0.4503984490514331 -0.5000000000000000 0.2853830766182300
-0.4149938262375780 -0.5000000000000000 0.4223880181170575
-0.0535154655181016 0.1982821902229813 0.5000000000000000
-0.3854076929535533 0.5000000000000000 0.2700384759918800
-0.4110095923871407 -0.5000000000000000 0.2512747926887371
-0.4540473599368876 -0.5000000000000000 0.2393111256362607
0.0913646314468614 0.3341440099535740 0.5000000000000000
0.1113873435279482 0.3469306976735801 0.5000000000000000
0.1565980499389240 0.2403715796826631 0.5000000000000000
-0.0344529575052326 0.2958063970325553 0.5000000000000000
0.0468971461508101 0.3468867392740711 0.5000000000000000
0.1480149792331187 0.3270512608591126 0.5000000000000000
0.0828054090292375 0.4030877842845578 0.5000000000000000
0.2458295575527034 0.3711039944757919 0.5000000000000000
0.1071810336160078 0.3080602502141314 0.5000000000000000
0.1049659173544798 0.3168329545802200 0.5000000000000000
-0.5000000000000000 -0.4456800617338382 0.1965565995130829
-0.2984761891594934 -0.5000000000000000 0.2208270633413900
-0.5000000000000000 -0.3848220784009624 0.3451332708047880
-0.5000000000000000 -0.3083108489668714 0.4055246632564852
0.1472965591168603 0.5000000000000000 0.0610685727626569
0.1770641622314571 0.5000000000000000 -0.0012580322412657
0.1611073722033915 0.5000000000000000 0.0353531455963323
0.2146502472492725 0.5000000000000000 0.0817095550465894
0.1246474378908761 0.5000000000000000 0.2410690076721884
0.2433138105316510 0.5000000000000000 0.0525520547324862
-0.1444272706417050 -0.5000000000000000 0.2796383723711802
-0.1497567927600401 -0.5000000000000000 0.2715317290060272
-0.1311162614295910 -0.5000000000000000 0.2881728661873065
-0.1337222083839251 -0.5000000000000000 0.2806085149938360
-0.1356705278961674 -0.5000000000000000 0.2851588288566070
-0.1523754834551917 -0.5000000000000000 0.2893913543629053
-0.1269609094867490 -0.5000000000000000 0.2749671192486163
-0.5000000000000000 -0.3082424680479277 0.4055823179987542
-0.5000000000000000 -0.0752119351816342 0.3195312436839988
-0.5000000000000000 -0.1795492622831810 0.4906071837646374
-0.5000000000000000 -0.0640910186143990 0.4143590438169594
0.2499499981227477 -0.5000000000000000 -0.4920386459831995
-0.2903275264252670 -0.4211185874582020 0.5000000000000000
0.5000000000000000 0.3639416367637004 -0.2703758832274792
0.1401623784343793 0.1902577420219408 -0.5000000000000000
-0.4654099146037681 0.5000000000000000 0.2706292798566463
-0.5000000000000000 0.2573063199630471 0.2609390339681438
-0.5000000000000000 0.3726111516874362 0.3651316681969105
-0.2468929884805366 0.5000000000000000 0.2100102750821848
-0.5000000000000000 0.4422850284331547 0.1706144285429034
0.0745775047887752 0.4887068613774900 0.4652897110082356
-0.5000000000000000 0.4139008624760324 -0.2629678968793230
-0.5000000000000000 0.4561267380902340 -0.1216123917401210
0.3304908289133519 0.0300024502654344 0.5000000000000000
0.2925884529564779 0.0024612724968508 0.5000000000000000
-0.2294002634995758 -0.5000000000000000 -0.4208787512162095
-0.2217897117276794 -0.5000000000000000 -0.4019808068001957
-0.1512621003723756 -0.5000000000000000 -0.2862912611040677
0.2528411403669957 -0.5000000000000000 -0.3603764058339392
0.0579044586610858 -0.5000000000000000 -0.0169168213850671
-0.1142754083971052 0.1487992496255135 -0.5000000000000000
0.0104920216674034 -0.0848309542205153 -0.5000000000000000
-0.0995099368602080 -0.0323168460251884 -0.5000000000000000
-0.1723388253376299 -0.1168861699627360 -0.5000000000000000
-0.0617230909199994 -0.0534003208606380 -0.5000000000000000
-0.0739148309928310 0.0039645216713260 -0.5000000000000000
0.2119305207571048 -0.5000000000000000 -0.4772483676763792
0.1087954996154819 -0.5000000000000000 -0.4943729249439020
-0.1539196087710273 -0.5000000000000000 -0.4641779780934755
-0.0873864312008904 -0.5000000000000000 -0.4298523040373415
0.5000000000000000 0.2761486138492925 0.1940950981274141
-0.5000000000000000 -0.3082036904866354 0.4056010254271308
-0.5000000000000000 0.0848797460678620 0.0898550290302096
-0.5000000000000000 0.0373890511368596 0.1089624271649382
-0.5000000000000000 0.2436339538042439 0.2459026456581530
-0.5000000000000000 0.1007291916439881 0.1188607635241823
-0.5000000000000000 0.1532487173698871 0.0325894052265157
-0.5000000000000000 0.1726929717369111 0.1002248909273363
-0.5000000000000000 0.1420252480948366 0.1222827237285672
-0.5000000000000000 -0.2062132066213003 -0.3755068289186163
-0.2928156137856028 -0.2032649657016087 -0.5000000000000000
-0.5000000000000000 -0.2434804669536702 -0.3475849120089057
0.1499019701984036 -0.5000000000000000 -0.3963041731010716
0.2153713903525734 -0.4525399181649449 -0.5000000000000000
0.2574190295288156 -0.5000000000000000 -0.4921222986722655
0.2446693605489039 -0.5000000000000000 -0.3946152036281011
0.2224399204290896 -0.5000000000000000 -0.4673446494035962
0.2816058207901755 -0.4845370448563553 -0.5000000000000000
0.2280754977719919 -0.4468078884773451 -0.5000000000000000
0.1563368505875767 -0.5000000000000000 -0.4437037393252362
0.2275766250034945 -0.4834018495554985 -0.5000000000000000
-0.4416077313775190 0.4559494885952955 0.5000000000000000
-0.4438021995970378 0.2480475240432705 0.5000000000000000
-0.0629014060552670 -0.5000000000000000 -0.1145150688996900
-0.2728742462214612 -0.4986862259083182 0.1443127666891254
-0.1117422463032668 -0.5000000000000000 -0.1383744182411830
0.1875810523145175 0.2918572367818834 -0.5000000000000000
0.5000000000000000 0.4116138600436078 -0.0715282179205802
0.5000000000000000 0.4264430498281231 -0.0502036017535295
0.5000000000000000 0.4088034709731278 -0.0335427757467922
0.5000000000000000 0.4285591622666990 -0.0460610700715011
0.5000000000000000 0.4200304464002443 -0.0379960969387018
0.5000000000000000 0.4305423595130737 -0.0542532890700919
0.5000000000000000 0.3480855371736239 0.0928320520964931
-0.1375517053808600 0.1934870578996288 -0.5000000000000000
-0.1170222068700268 0.1817550051045851 -0.5000000000000000
-0.1030770642902878 0.1808525623593210 -0.5000000000000000
-0.1299508463281190 0.1795346719079834 -0.5000000000000000
-0.1290493490429012 0.1697192059161530 -0.5000000000000000
-0.1273984496791380 0.0015284133622701 0.5000000000000000
-0.3691132812489654 -0.1140275340067411 0.5000000000000000
-0.2951010030364598 -0.0354970333960286 0.5000000000000000
-0.1693311826166420 -0.1064751844088748 0.5000000000000000
-0.4405735403262575 -0.1755183571578759 0.5000000000000000
-0.2932132244344403 -0.1303267247373651 0.5000000000000000
-0.4420039136665990 -0.2088714497252980 0.5000000000000000
-0.3482091969902537 0.0603512924223814 0.5000000000000000
-0.2822539453455845 -0.2198873356185614 0.5000000000000000
-0.1949372971604992 -0.0336455245304575 0.5000000000000000
0.2201996164000587 -0.1973295882496788 0.5000000000000000
0.3167038706829837 -0.2875538449304256 0.5000000000000000
0.1981687807718966 -0.2261494596297665 0.5000000000000000
0.2759206935041680 -0.1244833646629612 0.5000000000000000
0.1084552207816745 -0.5000000000000000 -0.1886600606548474
0.0477605256255360 -0.5000000000000000 -0.0151819406618897
0.2793799117212183 -0.5000000000000000 0.1570327117482318
0.5000000000000000 -0.3317893533008394 0.1297381977403819
0.5000000000000000 -0.1888865077148297 0.2935042383290246
0.1624989582857514 -0.1641156102829061 0.5000000000000000
0.1237975333321137 -0.1878713397043322 0.5000000000000000
0.1991792134328333 -0.0669631136343180 0.5000000000000000
-0.5000000000000000 -0.0082773728473608 -0.0313506315286364
-0.5000000000000000 0.1049672070281483 0.0007104927861566
-0.5000000000000000 -0.2249699806802800 0.2500163767053324
-0.5000000000000000 -0.1502719609626813 0.0227281579984687
-0.5000000000000000 -0.2133146934044164 0.1375413441928724
-0.5000000000000000 -0.1874019342125022 0.2637852240126427
-0.5000000000000000 -0.3856296218886504 -0.2498800494810393
-0.5000000000000000 -0.3133355942792166 -0.1670645724439577
-0.5000000000000000 -0.3610348314890567 -0.1800789221895279
-0.5000000000000000 -0.3673211937662338 -0.0927968824257721
-0.5000000000000000 -0.3259042954788514 -0.1715643358292754
-0.5000000000000000 -0.3015739273236430 -0.1321918292376860
-0.5000000000000000 -0.3062318426733321 -0.2265709012342318
0.5000000000000000 0.0486535429647307 0.3170249383724238
0.5000000000000000 0.0162660623076342 0.1245901666061487
0.5000000000000000 0.0085389805254872 0.3473101310849493
-0.0679901610111494 -0.5000000000000000 -0.1931883970880295
0.0563297943663814 -0.5000000000000000 -0.2607481022376892
0.3673442556385866 -0.5000000000000000 0.1194179211863817
0.5000000000000000 0.3765694118011855 -0.2710195935545695
0.4892052299728459 0.3402453425123187 -0.1727949708392953
0.5000000000000000 0.4871339271684285 -0.2239214360150883
-0.5000000000000000 -0.2031290470965804 -0.3869551880472173
-0.3754164956290117 -0.0590325868613637 -0.5000000000000000
-0.3246123785862677 -0.2014030625240130 -0.5000000000000000
-0.4425627691484316 -0.1318099253795025 -0.5000000000000000
-0.5000000000000000 -0.1594948677605985 -0.3872081501576095
-0.5000000000000000 -0.2283379567855578 -0.3739815966757842
-0.5000000000000000 -0.3646614207437179 0.1639881638499272
-0.5000000000000000 -0.2281969103606574 0.0650517591819281
-0.5000000000000000 -0.2557217688176716 0.2204600609549699
-0.5000000000000000 -0.3439145491557496 0.0736405141289201
-0.5000000000000000 -0.1773411285542454 0.0192002416377641
-0.5000000000000000 -0.2447185005286565 0.1204376741830271
0.5000000000000000 0.2702175622714915 0.0702047154069176
0.5000000000000000 0.1341403213626935 0.1163997376190293
0.5000000000000000 0.2205797112156111 0.1118348423170345
0.5000000000000000 0.3031231631735750 0.0903066953790469
0.5000000000000000 0.2123084937165901 0.3954101858714441
-0.1509494227365770 0.4376454708947729 -0.5000000000000000
-0.2538229458799073 -0.3296188026700892 0.5000000000000000
-0.4070457688581521 -0.2620924263007733 0.5000000000000000
-0.2641229168501816 -0.3324194214937212 0.5000000000000000
-0.3130417423533762 -0.3503508692823545 0.5000000000000000
-0.2714955555786603 -0.3034200929914255 0.5000000000000000
-0.4369173032036878 -0.4220413533397533 0.5000000000000000
-0.5000000000000000 0.0192228387719503 0.4323010381907467
-0.5000000000000000 0.0772747920300224 0.3697446299375156
-0.5000000000000000 -0.0144773719436652 0.4626029373620385
0.0720714234936440 0.5000000000000000 0.4810601171745189
0.0455635142111004 0.5000000000000000 0.0622026429516098
-0.0730589770558657 0.5000000000000000 0.2031408564585540
-0.0521829039928702 0.5000000000000000 0.1326336397380191
0.2369965219592634 -0.5000000000000000 -0.1147333209964247
0.1458295653103754 -0.5000000000000000 -0.1278197060247031
-0.5000000000000000 -0.4358898183981087 -0.3376325341703962
-0.5000000000000000 -0.3457983462907164 -0.4423442936800102
-0.5000000000000000 -0.2165715342281631 -0.3864174873970398
-0.2484085563067586 -0.2764574295120299 -0.5000000000000000
-0.2796258996610286 -0.2307104700457746 -0.5000000000000000
-0.1968569705771031 -0.3431106560614772 -0.5000000000000000
-0.5000000000000000 -0.2706079809393045 -0.3651884456528379
-0.2371384730291816 0.3777730076974553 -0.5000000000000000
-0.3403007067564657 0.3519088720289395 -0.5000000000000000
-0.3804555122256569 0.5000000000000000 -0.3963643858251740
-0.3860824312845326 0.2731656768748082 -0.5000000000000000
-0.5000000000000000 -0.0313659788527814 0.1120203626745125
-0.5000000000000000 -0.0567393148273437 0.1932834176791178
-0.5000000000000000 -0.0737276205911436 0.1603959597759615
-0.5000000000000000 -0.0309272067973227 0.0447368779177771
-0.4569843190111265 -0.1900301329021012 0.5000000000000000
-0.4603047759033309 -0.2298867440227217 0.5000000000000000
-0.0680890373765537 0.3908724921475246 0.5000000000000000
0.0396541744910199 0.4617218483088648 0.5000000000000000
-0.2099054884608360 0.5000000000000000 -0.0328191293647749
0.0811831134035825 0.5000000000000000 -0.3627580118705597
-0.1077329233112884 0.5000000000000000 -0.2562332952854733
0.0554882085025461 0.5000000000000000 -0.3465922019142591
-0.0059406977360090 0.5000000000000000 -0.4061031014632167
-0.5000000000000000 -0.0874691806660094 -0.2899600903276086
-0.5000000000000000 0.0171664225005306 -0.2810670760688414
-0.5000000000000000 0.0268543816982596 -0.1923206343025484
-0.5000000000000000 0.1391070236545159 -0.2588372920144232
-0.5000000000000000 0.0444689997018194 -0.3009969865404697
0.0906004135338334 -0.5000000000000000 0.4204996982564256
0.1944261001645967 -0.5000000000000000 0.4265584924891823
-0.4399818936222250 0.5000000000000000 -0.2914695400320456
0.1291360807349290 0.5000000000000000 -0.0115944791199916
0.3711185460614731 0.5000000000000000 -0.1517615129534507
0.1544981945968253 0.5000000000000000 -0.0223745544477776
-0.5000000000000000 -0.4181229376787098 0.1423820695595690
-0.5000000000000000 -0.4630863013914728 0.2073735398337832
-0.2425250152109843 0.4956818442691612 0.0045540114934962
0.0961525072080299 -0.0896556243888190 -0.5000000000000000
0.0425695578514096 -0.0510441179748930 -0.5000000000000000
0.1918658251661248 -0.0062679670847729 -0.5000000000000000
0.5000000000000000 -0.1754049117856221 0.2842151464542026
-0.4698130903181462 0.2374766573036186 0.5000000000000000
-0.3652474159453404 0.1089104847814374 0.5000000000000000
-0.0045699022017113 0.5000000000000000 -0.0414795805823697
0.1559367195824818 0.5000000000000000 -0.1911389928209914
0.5000000000000000 0.2749167548063166 0.0578818168278979
0.5000000000000000 0.3134262891070316 0.0703902354218766
0.2117451489554613 -0.1907817134309889 -0.5000000000000000
0.1501397716796966 -0.2259623973271286 -0.5000000000000000
0.2454094472736224 -0.2336314255825638 -0.5000000000000000
0.2109644406090185 -0.2282844560092286 -0.5000000000000000
0.4987924242160253 -0.5000000000000000 -0.2994241663448360
0.1046889230958339 0.5000000000000000 0.2895060130275635
-0.1424216930295384 -0.3348789355473791 0.5000000000000000
-0.0943690364243359 -0.3704858647274577 0.5000000000000000
0.0305560062567726 -0.2655860403663231 0.5000000000000000
0.3488926960776753 0.5000000000000000 0.2472568710301860
0.3138508206896766 0.5000000000000000 0.1143705984744643
0.5000000000000000 -0.2921287982333377 -0.3344583467394945
0.5000000000000000 0.3784784705668837 -0.3146191275263503
0.5000000000000000 0.4007150233145818 -0.2995259511629208
0.3409891095732928 0.5000000000000000 -0.2911317999855981
0.5000000000000000 0.3103374880787430 -0.3381562124151717
0.5000000000000000 0.2916911494734505 -0.1895995289514232
0.5000000000000000 0.3134825053628230 -0.1703797893059379
0.5000000000000000 0.3083775643676446 -0.2863851304461449
-0.5000000000000000 -0.1227183094005083 -0.2795550166248904
-0.5000000000000000 -0.1927859127886243 -0.1343871694056470
0.1017447894424456 0.5000000000000000 0.2792738606721518
0.2586993779497337 -0.5000000000000000 -0.3333347167792061
0.2424573274102697 -0.5000000000000000 -0.3435729642759328
0.2520026847345699 -0.5000000000000000 -0.3691249050096962
0.2917361990604713 -0.5000000000000000 -0.3576848877151932
0.2406263844578691 -0.5000000000000000 -0.3638323450922688
0.2580404458612889 -0.5000000000000000 -0.3686568739905484
-0.2214684012582578 0.5000000000000000 0.0076037398017295
-0.2333181690209299 0.5000000000000000 -0.0187765474700347
-0.2395524377113232 0.5000000000000000 0.0253856501849050
-0.5000000000000000 0.4549000767635460 0.1374917213870752
-0.2769817042807617 0.5000000000000000 -0.0529673778606040
0.5000000000000000 -0.3147047689510079 0.3943245335078477
-0.5000000000000000 0.4626653033554582 0.4542350248344399
-0.5000000000000000 0.4059199176126626 0.4010399816584291
0.3763433305220596 0.5000000000000000 0.2794939287213349
0.2438834721393676 0.0940359502796812 0.5000000000000000
0.2432851190942909 0.0947641799782475 0.5000000000000000
0.2450953214907416 0.0925868555670096 0.5000000000000000
0.2436647876784419 0.0921029987357206 0.5000000000000000
0.2413398654351860 0.0931965306158605 0.5000000000000000
0.2442366306262263 0.0910887963293287 0.5000000000000000
0.5000000000000000 -0.0978560253609551 -0.2740211542052464
0.5000000000000000 -0.0907487867469065 -0.1750127854666767
0.5000000000000000 -0.1296487726316152 -0.2580107329006995
0.5000000000000000 -0.1107016167230108 -0.2348363216346665
0.5000000000000000 -0.2113843981341597 -0.2883701627602856
0.5000000000000000 -0.1567742831421785 -0.1877547149437446
0.5000000000000000 0.1309076943763446 -0.1959485275723338
0.5000000000000000 0.0984618221180848 -0.1463378473605968
0.5000000000000000 0.1198327100558740 -0.1329583457836350
0.5000000000000000 -0.0042057276637785 -0.0746502574386369
-0.5000000000000000 -0.4607823608162206 -0.3344145362034894
0.5000000000000000 -0.3913656509702175 0.3570411078746938
0.5000000000000000 -0.3914530974626851 0.3644021544905105
-0.5000000000000000 -0.0526046859426569 0.4988886069762234
-0.5000000000000000 -0.1737603197532869 0.3249004734487575
0.5000000000000000 -0.4620041327525867 0.2584683897799344
0.5000000000000000 -0.4206079598325573 0.1422443900889519
-0.2518120399303327 -0.5000000000000000 -0.3903798340707222
-0.2677402845449370 -0.5000000000000000 -0.4104148260952996
-0.3730534979982377 -0.5000000000000000 -0.3262273314186658
-0.1925197943079818 -0.5000000000000000 -0.3949878540017394
-0.2163681013018444 -0.3679906172475786 -0.5000000000000000
-0.2333932387596249 -0.5000000000000000 -0.4269956665971782
-0.5000000000000000 -0.4027167684836783 -0.0569678973675485
-0.1621067369748336 -0.4399164199513980 -0.5000000000000000
-0.2442619435128338 -0.4706425726230518 -0.5000000000000000
-0.5000000000000000 0.2535551872204442 0.2597087029747421
-0.5000000000000000 0.3343697526493843 0.3513690038907917
0.5000000000000000 -0.3414842539648540 0.3451886036282742
0.5000000000000000 -0.3507139996427919 0.1765704936109262
0.5000000000000000 -0.3533503937633177 0.1961215050126449
0.5000000000000000 -0.3588340739640809 0.2909375953170153
0.5000000000000000 -0.4111575198006472 0.2728035362442399
0.5000000000000000 -0.3693221509536161 0.2414993298781900
0.5000000000000000 -0.2225264058854995 0.2939986869828259
0.4021733531009834 -0.5000000000000000 0.3883191332376488
0.4036080240679079 -0.5000000000000000 -0.1195711898891917
0.5000000000000000 -0.4438311732825724 0.0015680993998955
-0.4984723688360922 -0.5000000000000000 0.2058373467348867
-0.5000000000000000 0.1996417718921604 -0.3201144575492903
-0.1435439444536485 0.2302092448811171 0.4967616057825442
-0.0725510402384284 0.2858569170857270 0.4938944465138443
-0.2004968049939866 -0.5000000000000000 -0.2508754028533646
0.1345965048238501 -0.5000000000000000 -0.1869872745778792
0.0399689362791681 -0.5000000000000000 -0.1834076660907760
0.0007060793834566 -0.5000000000000000 -0.2276752373398101
0.1189892051886154 -0.5000000000000000 -0.2169195993406099
0.5000000000000000 0.3482748022033700 -0.1275618979194907
0.2690621682556087 0.5000000000000000 0.0433346689336115
-0.3633857266836362 0.1168378109211332 0.5000000000000000
-0.4476328922397258 0.2234046035803328 0.5000000000000000
0.3122866852064999 0.3264877362896180 -0.5000000000000000
0.1478535026700092 0.2837466809965635 -0.5000000000000000
0.1351577389395616 0.3277385451878210 -0.5000000000000000
0.2074488795438806 0.2674440932233403 -0.5000000000000000
0.5000000000000000 0.3829804754677968 -0.4476180372051482
0.2231048856059842 0.2177552915876561 -0.5000000000000000
0.3011848856627714 0.2927669909317407 -0.5000000000000000
0.2018508799720919 0.3578612778779883 -0.5000000000000000
0.1182348901144624 0.3070945819348213 -0.5000000000000000
0.5000000000000000 0.2847936038277233 -0.3716132103246541
0.1422175277531814 0.2657160595962746 -0.5000000000000000
-0.4108909283129681 0.0921663541965298 0.5000000000000000
-0.4667043360019810 0.1967357890042994 0.5000000000000000
0.5000000000000000 -0.0566498439449795 -0.3778569565777074
0.5000000000000000 0.0772135303178343 -0.2506345745464006
0.5000000000000000 0.0008088658989828 -0.3660949811403680
0.4808345930417687 -0.1192786439554473 -0.5000000000000000
-0.1190993278778719 0.2253569284430468 0.5000000000000000
0.2664987503562830 0.5000000000000000 0.4632302233441661
0.1263210348256849 0.5000000000000000 0.2922349851215891
0.2165424510138854 0.5000000000000000 0.3103868324142619
-0.5000000000000000 -0.3944437818635451 -0.0347825590456803
-0.5000000000000000 -0.3754845686112182 0.0427222782574887
-0.3745698990839092 -0.5000000000000000 0.0080779088739971
-0.1537182249878730 0.3401149983404104 -0.5000000000000000
-0.0067687214207703 0.2891489474611712 -0.5000000000000000
-0.0213678775966142 0.2325459507771219 -0.5000000000000000
-0.4802733670401612 -0.5000000000000000 0.2386457532673533
-0.5000000000000000 0.1069516231853743 -0.1447961482917173
-0.5000000000000000 0.3350936507777679 -0.2514679623803978
-0.5000000000000000 0.1934530102145365 -0.2887846801897369
-0.5000000000000000 0.1932276013743034 -0.2267408416633168
-0.5000000000000000 0.2448787941920843 -0.1332597314148046
-0.5000000000000000 0.1679245786509411 -0.0851758187080533
0.2431200906295947 -0.5000000000000000 0.1799573482782691
0.2885408295841663 -0.5000000000000000 0.1183585697390562
0.2952403323607629 -0.5000000000000000 0.1730428774770278
0.2764740374463984 -0.5000000000000000 0.1962842342818197
0.3175603438878216 -0.5000000000000000 0.1372192809295090
0.2621812989393450 -0.5000000000000000 0.1423437524469708
0.2828285818812133 -0.5000000000000000 0.1492696472355844
0.0171956975527701 -0.1781887137248480 0.5000000000000000
0.1472417187679304 -0.1588031841349514 0.5000000000000000
0.5000000000000000 -0.1811812673962926 0.3026074662531858
0.5000000000000000 -0.1433647463130830 0.3290158058195329
-0.5000000000000000 0.4596592614209526 0.3395529496498249
0.3728703507404518 0.3786704223718947 -0.5000000000000000
0.5000000000000000 0.1427400095859839 -0.2892728249574074
0.5000000000000000 0.1347121786014147 -0.2611214582388751
0.3262305399349170 -0.5000000000000000 -0.1566598506289702
0.2947003565822043 -0.5000000000000000 -0.1261345958161629
0.3944491538321270 -0.5000000000000000 -0.1835177035907414
0.3103644856399859 -0.5000000000000000 -0.0635997891658667
0.0871961160186866 -0.5000000000000000 -0.0322364107414217
-0.0539065643951645 0.1862136270388311 0.5000000000000000
-0.4600083935619664 -0.0215353320145737 0.5000000000000000
0.0691797260908636 0.5000000000000000 0.0282551414949969
-0.0259092126122014 0.5000000000000000 0.0982675138989098
-0.0902985500312211 0.5000000000000000 -0.4850065782765479
-0.0482156823580740 0.5000000000000000 -0.4445392178573026
0.5000000000000000 0.2683160925635403 0.0501787999242266
0.5000000000000000 0.1303347498822843 0.0976491628034437
-0.5000000000000000 -0.1676015449017239 -0.3419185494577715
-0.3692140446919380 -0.0281716489954455 -0.5000000000000000
-0.5000000000000000 -0.1168306059738967 -0.2730510288070267
-0.5000000000000000 -0.1118789198166619 -0.2655429549196677
-0.4498608665567533 -0.0995358185903827 -0.5000000000000000
-0.5000000000000000 -0.1166266402648754 -0.3074544942714200
-0.5000000000000000 -0.1168913227366868 -0.2857879101365338
-0.5000000000000000 -0.1307444676641226 -0.1900182628336166
-0.5000000000000000 -0.1263847382715625 -0.3015830881434787
-0.5000000000000000 -0.1690087206352674 -0.3151683993410200
-0.3053210271485191 0.3511710658524734 0.5000000000000000
-0.3357733412646165 0.5000000000000000 -0.3536057710142673
-0.1890992890259222 0.5000000000000000 -0.2985278016780851
-0.2550941392152323 0.5000000000000000 -0.3145769822893736
-0.3267707291597478 0.5000000000000000 -0.1666006291759271
-0.1639711192258221 -0.3749847142804800 0.5000000000000000
-0.1430957326308906 -0.3919473028640555 0.5000000000000000
-0.1667425847418547 -0.3825256644301409 0.5000000000000000
-0.2242349781464519 -0.4009489428274285 0.5000000000000000
-0.2100161652315990 -0.3331690581091378 0.5000000000000000
0.1180073916225421 -0.5000000000000000 0.3441727400171296
0.2265745205467763 -0.5000000000000000 0.3625312925730625
-0.4089051850071282 0.4364623407028970 0.5000000000000000
-0.2289760833945655 0.3668749538389109 0.5000000000000000
-0.3297920200690618 0.3580736445421994 0.5000000000000000
-0.3001613354408867 0.3065076063133920 0.5000000000000000
-0.4233401654645999 0.2541249131135088 0.5000000000000000
0.3660642010059681 -0.5000000000000000 -0.1199908704447712
0.4599304244108108 -0.5000000000000000 -0.2489521383207009
0.0388049818386111 0.5000000000000000 -0.0196707121167272
0.1587210316396807 0.5000000000000000 -0.1460871200811347
-0.1967394421289408 -0.5000000000000000 0.1076368203917144
0.2149896817300543 0.1684024483324793 -0.5000000000000000
0.2139883339744598 0.0881857075611163 -0.5000000000000000
0.0952584025261253 0.2823586518159031 -0.5000000000000000
0.1163326536330319 0.2235087982081574 -0.5000000000000000
0.5000000000000000 -0.1843743631331167 0.2913875778792341
0.5000000000000000 0.2826604747703129 -0.3657816557909545
0.1034273554966271 -0.2174597294405723 0.5000000000000000
-0.2362776682749184 -0.5000000000000000 0.2111401076703659
-0.3866147612559119 -0.5000000000000000 0.2261618946499956
-0.2529634058620333 -0.5000000000000000 0.2644473201476862
0.2365846876275068 0.1285355917105246 0.5000000000000000
0.5000000000000000 0.1211906954737374 0.4021303763161641
0.3983064933394138 0.1806554315462837 0.5000000000000000
-0.2052387138563562 0.3855265380785924 -0.5000000000000000
-0.3777975537392924 0.5000000000000000 -0.3783762978285536
0.4765782993699825 0.2853550807516795 0.5000000000000000
0.5000000000000000 0.2660728041224412 0.3737869151879386
0.4210084062550812 0.2145955569679934 0.5000000000000000
0.5000000000000000 0.2882053490620656 0.4239594511553516
0.5000000000000000 0.2539448486192593 0.4385286235283216
0.5000000000000000 0.2468386643086225 0.0262345725951576
0.5000000000000000 0.2735283884408300 0.0988145534225415
0.5000000000000000 0.2779216378176020 0.0340945056976688
0.5000000000000000 0.2699118172384344 0.0871624723910452
0.4017510762101454 -0.4291815941534175 -0.5000000000000000
0.4841424967360272 -0.4892925671956683 -0.5000000000000000
0.4729358317670074 -0.4339889957496706 -0.5000000000000000
-0.5000000000000000 -0.2123407260168369 -0.1270627228881930
0.0497254668967493 -0.2428830835685248 0.5000000000000000
-0.1544707076737295 0.4138037754851091 -0.5000000000000000
-0.1571440695656835 0.3827810946087378 -0.5000000000000000
0.0655027824682793 -0.5000000000000000 -0.0317518057681856
0.4470483049629426 0.5000000000000000 -0.2047943171608913
0.0592596509950040 0.5000000000000000 0.1693045887597452
0.2548946729854676 0.5000000000000000 0.1179940207542845
0.5000000000000000 0.1408290841451735 0.4043298225038318
0.5000000000000000 0.0797388179202468 0.3651110500437028
0.5000000000000000 -0.3175171519970952 0.1186681108637196
0.5000000000000000 -0.1817264206540513 0.2883475676978773
-0.5000000000000000 -0.0692560194885310 0.3036307359804662
-0.5000000000000000 0.0105936143139715 0.3251246533962205
-0.5000000000000000 -0.0680513054047781 0.2910516027281296
-0.5000000000000000 -0.0993521887415078 0.3033210621979037
0.2240656336344378 0.5000000000000000 0.4715376442953292
0.2724992398325219 0.5000000000000000 0.4731928742165710
0.2784548587338558 0.5000000000000000 0.4479127923416239
0.2494965232171423 -0.3174116713208900 -0.5000000000000000
0.2266684756859446 -0.5000000000000000 0.3920141788101856
-0.1023045602473360 -0.1308115186487130 0.5000000000000000
-0.0632260533088297 -0.0677399647800640 0.5000000000000000
-0.0257169070503742 -0.0959429776021542 0.5000000000000000
0.5000000000000000 -0.0295647103471488 -0.0632437918263641
0.5000000000000000 -0.0747509239240899 -0.0592057747296908
0.5000000000000000 0.1080853372697442 0.1067294333915444
-0.5000000000000000 0.1759431067761619 0.3626645881093942
-0.5000000000000000 0.3750652299376899 0.4165162223426597
-0.5000000000000000 0.2535992627341110 0.4990390999059314
-0.4991312588087244 -0.1925084417993488 0.5000000000000000
-0.4778264310164336 -0.1967736150098077 0.5000000000000000
-0.4811353168312408 -0.1308086800829318 0.5000000000000000
-0.5000000000000000 -0.1904225267291250 0.4038569260944749
0.1536472116304832 0.1756708385566069 0.5000000000000000
0.2597651452359222 0.1556534904511593 0.5000000000000000
0.2250886366032046 0.1376952554833521 0.5000000000000000
0.5000000000000000 -0.3643515773208135 -0.1614006631414637
0.5000000000000000 -0.4379025362886408 -0.1686803462101183
0.5000000000000000 -0.3812925884513101 -0.1767449846580676
0.5000000000000000 -0.2991037129203062 -0.2838159591670150
0.5000000000000000 -0.3531082245035203 -0.1430547770089359
0.5000000000000000 -0.4285245800164400 -0.1538368363204573
0.5000000000000000 -0.2952216920825232 -0.2770715218583194
-0.0994788739078712 0.5000000000000000 0.2240443297082002
-0.1503980018614118 0.5000000000000000 0.2096502122715257
0.0502984192131529 0.5000000000000000 0.2714532480092721
-0.1554099596075227 0.5000000000000000 0.2735537438735553
0.1199756292931465 -0.1212966378120871 -0.5000000000000000
0.2166661379266669 -0.0543812305016772 -0.5000000000000000
0.3177709603470989 -0.1286033636337584 -0.5000000000000000
0.1758342851415808 -0.1269010607887194 -0.5000000000000000
-0.4374078070550990 -0.5000000000000000 0.2202260383273208
-0.5000000000000000 -0.0488043132251276 0.4536817684358887
-0.5000000000000000 -0.0928147711395008 0.3781687940383071
-0.3567298788398306 -0.0411230408067206 -0.5000000000000000
-0.2928644233254008 -0.1986472856623045 -0.5000000000000000
-0.0790748882042616 -0.2751998958901147 -0.5000000000000000
-0.1667151117993292 -0.2622307898767792 -0.5000000000000000
-0.2051532349810911 -0.2153732467277159 -0.5000000000000000
-0.1095617075348436 -0.3318095110015720 -0.5000000000000000
-0.0321248559004067 -0.2443720423545208 -0.5000000000000000
0.5000000000000000 0.1866124527267488 0.3785501918990812
0.5000000000000000 0.0971264038657951 0.2802405980140648
0.5000000000000000 0.1212066114708390 0.1403478849738767
0.5000000000000000 0.2094409152138023 0.2833859295576655
-0.5000000000000000 0.1766364870487848 0.0063755145341375
-0.1534746046751797 -0.0133214402921298 0.5000000000000000
0.5000000000000000 -0.3353868490684906 0.3611652130726742
0.5000000000000000 -0.3355428425328950 0.3575142670922010
0.5000000000000000 0.2180638664565898 0.3572423544831639
0.4134475343710413 0.1773975477515511 0.5000000000000000
0.5000000000000000 0.2616763922845996 0.4138171798287336
0.5000000000000000 0.1988703079628734 0.4160807834800834
-0.4072366102968902 -0.5000000000000000 -0.2114704662751386
-0.5000000000000000 0.2588632900691913 0.2518114501305988
-0.5000000000000000 0.2533717631984482 0.2561816890719048
-0.5000000000000000 0.2368759640206427 0.2749492872140496
-0.5000000000000000 0.2693116507896184 0.2753055658761708
-0.5000000000000000 0.2524768676295693 0.2766086788563132
-0.5000000000000000 0.2443952748463501 0.2621118433549642
-0.4293413267720757 0.4437443832385382 0.5000000000000000
-0.3754798702348292 0.3669921683800113 0.5000000000000000
-0.4415171133413975 0.3709890621893454 0.5000000000000000
-0.4362192611141577 0.2527535869838474 0.5000000000000000
0.5000000000000000 -0.3100513179454110 0.0845074107606345
0.5000000000000000 -0.3630393040069099 0.1098769224405655
0.5000000000000000 -0.3316653167212150 0.1226732134844665
0.5000000000000000 0.0909752980081982 0.2595341704508878
0.5000000000000000 -0.0693110371364233 0.3123148768410525
-0.3471369452276124 -0.0126479909039128 -0.5000000000000000
-0.3358063211651687 0.0068077965294284 -0.5000000000000000
-0.5000000000000000 -0.0378867089621446 0.2030752208159466
-0.5000000000000000 0.0400666076126567 0.0430969137346346
-0.5000000000000000 0.0927342143704581 0.2402965773588898
-0.5000000000000000 0.0146720031206235 0.2174306113045324
-0.5000000000000000 0.1166286240474986 0.0479874328484436
0.3423097978978973 -0.3643275760669741 0.5000000000000000
-0.1404840661331409 -0.1677309717301183 0.5000000000000000
-0.3936562057615973 -0.4421935296231425 0.5000000000000000
-0.5000000000000000 0.3164665831352909 0.2625065226172898
-0.5000000000000000 0.2143637096464404 0.3545466357996543
-0.5000000000000000 0.3805186508456949 0.3913696495058498
-0.5000000000000000 0.3011537825903354 0.4382784306581127
-0.3732593712444959 0.5000000000000000 0.4062112482945566
-0.2847682658708012 0.5000000000000000 0.3289286709704808
-0.5000000000000000 0.2329498463064105 0.1049705038695028
-0.5000000000000000 0.1311175955674171 -0.0260984434563006
-0.5000000000000000 0.1784086573837837 -0.0987273943661780
-0.5000000000000000 0.1951969848855852 -0.0054328096438235
-0.5000000000000000 0.1630086118271759 -0.0112066623068223
-0.5000000000000000 -0.2234953305117957 0.4983941512503268
0.4623277548375340 0.5000000000000000 -0.1981523674472569
-0.5000000000000000 -0.1679477441743207 0.3016608602018731
0.4503156735612092 -0.1567814688314413 -0.5000000000000000
0.5000000000000000 0.1197385615680165 0.1259876181307151
0.5000000000000000 0.1240514024725138 0.0693300391767756
0.5000000000000000 0.1378070768978641 0.1315181425658037
0.4306535430549104 -0.1691130134144181 -0.5000000000000000
-0.1515690562085384 -0.5000000000000000 -0.1255859816220444
-0.4686007044936132 -0.4098266813636904 0.5000000000000000
-0.1031355557016209 -0.5000000000000000 -0.2227343346785867
-0.0177521135053805 -0.4982160488303289 -0.2326007209091634
-0.1126325074004904 -0.5000000000000000 -0.2922619414681140
-0.5000000000000000 -0.2078881819968419 -0.0777211393111982
-0.5000000000000000 -0.1685332353738177 -0.0821701563915130
-0.5000000000000000 -0.2248365982069409 -0.0800993195704967
-0.5000000000000000 -0.2381027843025759 -0.2411324498032724
-0.5000000000000000 -0.4010795285223719 -0.0414535398351683
0.1204736682774374 0.3805950956943600 -0.5000000000000000
-0.1089831978367996 0.4224807816340272 -0.5000000000000000
0.0960334277789438 0.4024563620026845 -0.5000000000000000
0.0252574418383201 0.4428327356759326 -0.5000000000000000
-0.4858008338680567 0.5000000000000000 0.4568842288678215
-0.3946685938868448 0.4669362720556006 0.5000000000000000
-0.4622314859870816 0.4575206793981358 0.5000000000000000
-0.3906602944157113 0.5000000000000000 0.4491690649672069
-0.4433844207631065 0.5000000000000000 0.4763157867262566
0.4976516915192404 -0.4685063230347276 -0.2898156018013611
-0.1753040026642124 0.5000000000000000 0.1648912053011587
0.3972081402418141 0.1713058717513475 -0.5000000000000000
0.3942807903217513 0.3936674281274583 0.5000000000000000
-0.5000000000000000 0.2948090901319095 0.1922437478235735
-0.5000000000000000 0.2910195726773191 0.2095717723023018
-0.5000000000000000 0.3715130990544128 0.1743717322381910
-0.5000000000000000 0.2821100682280794 0.2099626408325799
-0.3024849258467897 0.5000000000000000 -0.4211373686851734
-0.3991876060568105 0.5000000000000000 -0.3646850952386396
0.4971977301419837 -0.1755045859493062 -0.3600246304579118
-0.0585908284429953 0.2589255244008606 0.5000000000000000
-0.0830022374347176 0.4518928096491364 0.5000000000000000
0.0332906655007624 0.4968881592691996 0.5000000000000000
0.4979226858656397 -0.1462136712615162 -0.5000000000000000
0.5000000000000000 0.3941859943346493 -0.4371760824733226
-0.2075169142841608 0.5000000000000000 0.1430673695410424
-0.5000000000000000 0.4452864843542357 0.1437946569700245
-0.1416563377015361 -0.2230302723396108 0.5000000000000000
-0.2059172126591585 0.5000000000000000 -0.2200695770789264
-0.0680755107737944 0.5000000000000000 -0.3080356416062600
-0.0755498255964276 0.5000000000000000 -0.3935304450739383
0.5000000000000000 0.0977629262965114 -0.4398532448489019
0.5000000000000000 0.0741241500704965 -0.4237849105090600
-0.5000000000000000 0.3269609443720789 0.0576929148679753
-0.0521481053762522 -0.4757845624290679 0.5000000000000000
0.1090028003573281 -0.4782604499649197 0.5000000000000000
-0.0984899846022897 -0.5000000000000000 0.4045331715049394
0.0374131058190326 -0.5000000000000000 0.3152217986716254
0.4900918872892777 0.0156190635966545 0.0806320048949996
0.3175436948090886 -0.5000000000000000 -0.0251422647005373
-0.0141764692715942 0.2108137399681725 0.5000000000000000
-0.5000000000000000 0.1384826173945440 0.3498649932981485
-0.5000000000000000 0.1157633354190002 0.3744871988091537
-0.5000000000000000 0.1488037361589865 0.3958404404152019
-0.5000000000000000 0.1143086417842042 0.3395973629608551
-0.5000000000000000 0.0785683688452397 0.3325803288454223
0.3980762071017875 -0.5000000000000000 -0.1607434080231186
0.3419784673448473 -0.5000000000000000 -0.0682591804445259
-0.1931038314280800 0.5000000000000000 0.2140219169015368
-0.2320882191091757 0.5000000000000000 0.1842352186890598
-0.5000000000000000 -0.2421807832615805 -0.0037686452460674
0.3533179536193491 0.4380602496249447 0.5000000000000000
-0.1665353901551138 -0.0188107998500315 -0.5000000000000000
-0.1834004841636499 0.0103250233527889 -0.5000000000000000
0.0894548808801769 0.5000000000000000 0.2983010277183335
0.1002168014702230 0.5000000000000000 0.2883600553058440
0.0914819868390909 0.5000000000000000 0.3656409567870860
0.1542155080943138 0.5000000000000000 0.2459245332543618
-0.5000000000000000 0.2340940257684520 -0.3562295864052856
-0.2794367619156661 -0.1635023452809254 -0.5000000000000000
-0.2636237022018528 -0.1867005094880540 -0.5000000000000000
0.5000000000000000 -0.3586115502256996 0.0793375821695186
0.2146209724211322 0.4190084056196419 -0.5000000000000000
0.0983277854127106 0.3471666793516339 -0.5000000000000000
0.1968972687639653 0.5000000000000000 -0.3195517408467755
0.1847842258033383 0.5000000000000000 -0.3959745851392859
0.5000000000000000 0.2865605569390365 -0.3695226852084885
-0.3836415339379581 0.1333044870473194 0.5000000000000000
-0.4575259435244785 0.2308254332556927 0.5000000000000000
-0.5000000000000000 -0.0603117979114536 0.2149835796262161
0.4144532617604195 0.5000000000000000 0.2551006183941485
-0.2070334567995764 0.4269213282993420 0.5000000000000000
-0.1438836071605018 0.3989849158242864 0.5000000000000000
0.0517477760563765 0.1677996220967922 0.5000000000000000
0.0653180465566428 0.2351429309791912 0.5000000000000000
-0.2119043564038824 0.5000000000000000 0.3050437869692620
-0.5000000000000000 -0.0029263196005728 -0.0851547330365880
-0.5000000000000000 0.3859817504574038 -0.2199762921569546
-0.5000000000000000 0.3360905526320027 -0.0042458298616543
-0.5000000000000000 0.3808813681041819 -0.0319065951047151
-0.0353992531798644 -0.1973839732134956 0.5000000000000000
-0.2008909918571123 -0.2274446123818826 0.5000000000000000
-0.1280223968778507 -0.0667220688697664 0.5000000000000000
0.4122091292912587 -0.5000000000000000 -0.1866743749884157
0.3156977247228088 -0.5000000000000000 -0.0298407038723947
0.0591554531641824 -0.5000000000000000 -0.0141597203098360
0.0309047668166455 0.0079194668582015 0.5000000000000000
0.0213765982012378 0.0644536742369816 0.5000000000000000
0.0703271574715688 -0.0236119810023991 0.5000000000000000
-0.0939812204690360 -0.0007498338756576 0.5000000000000000
0.4974580697035503 -0.5000000000000000 -0.4781812938951220
0.4361614445676023 -0.5000000000000000 -0.2121395886281822
0.4615155557167922 -0.5000000000000000 -0.2951789249988765
0.5000000000000000 0.1753356995157411 -0.0045889681971230
0.5000000000000000 0.0301331880855918 0.0525844679439165
0.5000000000000000 0.1653079140944799 -0.1286564180328391
0.5000000000000000 0.2926492263825096 0.2912626577345504
0.5000000000000000 0.3046189965906502 0.4014109873093303
0.5000000000000000 0.3384569486180278 0.3634298462477693
0.5000000000000000 -0.3809069184711026 0.0980979774874255
0.0441345945302188 -0.5000000000000000 0.1533163744380299
0.1573534441735471 -0.5000000000000000 -0.3233280043084693
0.3969996141202147 0.1251132755845656 -0.5000000000000000
0.5000000000000000 0.2399026909737848 0.1721549431450402
0.5000000000000000 0.2570560731504060 0.2624461549281187
0.5000000000000000 0.3035211453576568 0.1325550697869316
0.5000000000000000 -0.1996317716480794 0.3042970153249738
0.3619375965866350 -0.5000000000000000 0.4340846474972599
-0.5000000000000000 -0.4005339447267378 -0.0456057863676437
-0.5000000000000000 -0.3766199946978183 -0.0336107049238446
0.5000000000000000 0.2237851521891591 0.1543830574504303
-0.1130850931833166 -0.4191347996940242 -0.5000000000000000
-0.0195089081456589 -0.2718663636111769 -0.5000000000000000
0.1167652660333252 0.5000000000000000 0.4631278282184102
0.1091994989622327 0.5000000000000000 0.4213611636909353
0.0733515544859686 0.4775724148877273 0.5000000000000000
-0.5000000000000000 -0.2562352959585020 0.3025934758862605
-0.5000000000000000 -0.3490951320407437 0.0306624517950188
0.5000000000000000 0.1307555986476628 -0.4801972296904625
0.4792113366463519 0.2103024427767201 -0.5000000000000000
-0.3466662747246448 0.1352339204962713 0.5000000000000000
-0.4381179921357878 0.2343144638811069 0.4861475923194806
-0.2970166333855957 0.4376301959530609 0.5000000000000000
0.3247065259139409 0.5000000000000000 0.3388413032999904
-0.4828582300235411 -0.2342254316944347 0.5000000000000000
0.5000000000000000 -0.1993710187790163 0.3001608492517274
-0.4834868390171551 -0.5000000000000000 0.2589440459035328
-0.4475163857566074 -0.5000000000000000 0.2100696336110388
0.1386941017089308 -0.4804438131945886 0.5000000000000000
0.1372485917970490 -0.0125540945739322 0.5000000000000000
0.1025476786418691 -0.1824189519206073 0.5000000000000000
0.1788419985674563 -0.0531289058773145 0.5000000000000000
-0.5000000000000000 0.3956145943311925 0.4602535296696703
-0.4561081727003353 0.2578574691462044 0.5000000000000000
0.2196222350901230 0.5000000000000000 -0.1911956009876278
0.5000000000000000 0.2805019883923632 -0.1275578701422721
0.5000000000000000 -0.0020732042688330 0.0148899631647348
0.3743317240159171 0.3434474629713712 0.5000000000000000
0.1992460314912785 0.4422001617185254 -0.5000000000000000
0.0950783085584570 0.4664800523493438 -0.5000000000000000
0.5000000000000000 0.2464968445151594 0.2617937552667818
0.5000000000000000 0.4829750465582782 0.4562926995473640
0.3683529672288683 0.3902389556517424 0.5000000000000000
0.5000000000000000 0.3183852200188742 0.4251047586482902
0.5000000000000000 0.3713651167677609 0.3962567110731144
0.3374725977072254 0.4081490861885125 0.5000000000000000
0.2842037606162227 0.5000000000000000 0.2921593995620473
0.2536360614413832 0.5000000000000000 0.2086021761774926
0.4885752013779825 0.5000000000000000 0.4049614292015632
0.5000000000000000 0.3843593950739312 0.3513599449223356
0.4888730154020435 0.5000000000000000 0.1924761696019278
0.1530858281312157 0.1095605482631393 0.5000000000000000
0.0004243144985225 0.1860089225024107 0.5000000000000000
0.0662636283518948 0.1180846968016744 0.5000000000000000
0.3324540426486596 0.0640234773396444 -0.5000000000000000
0.2992597810915197 0.0352375850584469 -0.5000000000000000
-0.1093319232489021 0.4128873364623041 -0.5000000000000000
0.0158202254537424 0.4155576096762077 -0.5000000000000000
0.0178550652445151 0.3547531096292597 -0.5000000000000000
-0.0119567711501703 -0.2500906419889638 -0.5000000000000000
0.5000000000000000 0.2722575966388396 -0.3735169787109471
-0.5000000000000000 -0.0856291320904614 0.2110670263282511
-0.5000000000000000 -0.0520016786475006 0.2519755657304068
0.5000000000000000 -0.1711790971484675 0.3025476548732276
0.5000000000000000 -0.1897549587168263 0.2889683033635871
0.0887940857322016 -0.2360695853790626 0.5000000000000000
0.4489874093083322 -0.0716332897066256 -0.5000000000000000
-0.5000000000000000 -0.1233513885166202 0.0461125013438781
-0.5000000000000000 -0.1016438024033200 -0.0592161542865447
-0.5000000000000000 -0.1892692837135335 -0.0290486969123987
-0.5000000000000000 -0.3589677537918174 0.4120047213088055
-0.5000000000000000 0.1607686772887309 0.3558647770762425
0.3008100571679280 -0.5000000000000000 0.4365305167764518
-0.5000000000000000 -0.1643200828369637 0.1472619973928490
0.0001939976791436 0.2136316554221635 0.5000000000000000
-0.0541902347720854 0.1439941290159217 0.5000000000000000
-0.2636673510537686 0.5000000000000000 -0.1717492668722542
-0.3194856748066676 0.5000000000000000 -0.1544846073630341
0.5000000000000000 0.3193516505739868 0.1056862157079237
-0.5000000000000000 -0.3081837993134701 0.4055410483849045
-0.5000000000000000 -0.2186019396073524 0.3090569011802564
0.5000000000000000 -0.0286684872035257 0.1486596570062587
-0.5000000000000000 -0.3081262608801369 0.4057258136951920
-0.5000000000000000 -0.2127489433480122 0.4054625583176866
-0.4680800650988775 -0.2510960795218021 0.5000000000000000
-0.5000000000000000 -0.3082648221397925 0.4056170141223600
-0.0010934775853696 0.5000000000000000 -0.2147667451041790
-0.1967600794966933 0.5000000000000000 -0.4284994926026782
-0.1258635634612817 0.4712859848910564 -0.5000000000000000
-0.5000000000000000 0.3770036851373870 -0.2763002047509053
-0.4876522863570849 0.5000000000000000 -0.2925815313159369
-0.3468832286027219 0.5000000000000000 -0.1637645391422453
-0.5000000000000000 -0.2579592331558075 0.0485834817458628
-0.4391813705696004 0.0337220732081042 0.5000000000000000
-0.5000000000000000 0.1987406670453189 -0.3115930872690467
-0.5000000000000000 0.1645949075560324 -0.3345769419291688
-0.4027744751561977 0.2187064799700100 -0.5000000000000000
0.4838787540915387 -0.5000000000000000 0.0381395253721801
0.2668325952678419 0.5000000000000000 0.0799908021098897
0.4860658611349973 0.5000000000000000 0.1581625494766327
0.1434972664545750 0.5000000000000000 -0.3049673638301594
0.5000000000000000 0.4850569103364201 -0.3006755804506672
-0.1034352292356443 -0.5000000000000000 0.4030892470804670
0.5000000000000000 -0.1573185459231462 -0.0481695992370555
-0.5000000000000000 0.4229685742757724 0.2595195003859585
-0.5000000000000000 -0.2636161637059463 -0.0023967483659884
-0.5000000000000000 0.2197766958817501 0.4874285377031254
0.5000000000000000 0.3149850105644107 0.0913093540455339
0.4123091283488791 0.5000000000000000 -0.1964846134853608
0.2087380928983233 0.5000000000000000 -0.1756849858969851
0.5000000000000000 -0.2770845023331792 -0.3039476464363218
-0.5000000000000000 0.1574279380317166 -0.3157349741511296
-0.5000000000000000 0.1316931301497592 -0.3466732839710325
0.5000000000000000 -0.1290115236053796 0.3282956783729146
0.4273233536939257 0.4932650332898146 -0.1857730291260004
0.5000000000000000 0.4256855943586959 0.1384490024115912
-0.1251848165558551 -0.5000000000000000 0.4028417613338643
-0.0930955185237323 -0.5000000000000000 0.3895252385391156
0.3387232443051791 -0.5000000000000000 -0.0072680677391685
0.2974221752426357 -0.5000000000000000 -0.0055702887319568
-0.3286674554876831 0.1338548977466884 0.5000000000000000
-0.5000000000000000 0.4409938264479024 0.1573439737323297
-0.5000000000000000 0.4358627059817049 0.1221143412123367
-0.5000000000000000 0.4485335270776177 0.1136817184349231
0.0497674533079252 -0.5000000000000000 -0.0042072330245935
-0.3600269295104837 0.1680079673983729 -0.5000000000000000
-0.4520943228861696 -0.3801801608839779 0.5000000000000000
-0.1016938650074078 0.5000000000000000 -0.4107238753821745
0.4674032716050222 0.5000000000000000 -0.2346734392893026
0.0820666666810802 -0.5000000000000000 0.2096340110292395
-0.3326165245394500 0.5000000000000000 -0.1492537999864937
232 23
233 67
234 151
235 157
236 201
237 34
238 68
239 190
240 1236
242 72
243 126
244 155
0 40
0 71
0 148
0 245
0 164
0 165
0 246
0 179
0 205
0 247
0 248
0 231
249 34
250 1236
251 171
1 252
1 56
1 95
1 99
1 253
1 254
1 255
1 1060
1 256
1 202
1 210
257 75
258 135
259 151
260 173
261 201
2 11
2 262
2 35
2 41
2 263
2 264
2 133
2 154
2 178
2 181
2 265
2 193
2 266
2 267
2 213
2 217
3 6
3 15
3 55
3 65
3 70
3 114
3 119
3 134
3 163
3 168
3 169
3 183
3 206
3 211
3 229
268 171
269 190
270 205
271 151
272 201
4 21
4 29
4 73
4 76
4 141
4 150
4 191
4 197
4 204
4 220
4 221
4 230
5 6
5 21
5 29
5 39
5 273
5 55
5 73
5 100
5 120
5 274
5 180
5 212
275 7
276 14
277 104
278 127
279 143
280 145
281 494
282 6
283 39
284 55
285 86
6 29
6 39
6 286
6 55
6 73
6 76
6 86
6 88
6 131
6 150
6 163
6 287
6 288
6 183
6 188
6 197
6 211
6 289
290 133
291 173
292 217
293 143
294 494
7 14
7 82
7 295
7 104
7 129
7 143
7 145
7 296
7 175
7 187
7 216
297 136
298 138
299 198
300 210
301 215
8 13
8 302
8 241
8 22
8 33
8 35
8 303
8 50
8 304
8 72
8 74
8 538
8 113
8 126
8 178
9 18
9 26
9 30
9 60
9 61
9 66
9 79
9 84
9 98
9 110
9 114
9 140
9 192
9 199
9 224
10 15
10 17
10 45
10 80
10 119
10 122
10 123
10 134
10 156
10 160
10 163
10 168
10 170
10 206
305 77
306 94
307 1031
308 68
309 75
310 151
311 201
11 13
11 22
11 312
11 35
11 41
11 74
11 116
11 122
11 128
11 154
11 186
11 193
11 217
11 223
313 22
314 113
12 54
12 59
12 595
12 62
12 65
12 315
12 88
12 114
12 131
12 162
12 171
12 183
12 200
12 316
317 185
13 18
13 318
13 33
13 35
13 41
13 47
13 50
13 74
13 118
13 122
13 128
13 319
13 168
13 178
320 23
321 67
322 215
323 1031
14 324
14 37
14 325
14 326
14 327
14 127
14 328
14 329
14 145
14 330
14 175
14 194
331 70
332 32
333 78
334 209
335 51
336 96
337 106
338 138
339 215
340 44
341 149
342 53
343 185
344 189
345 149
346 39
347 55
348 105
349 108
350 120
351 170
352 206
15 38
15 45
15 80
15 119
15 122
15 123
15 128
15 134
15 136
15 163
15 168
15 169
15 186
15 196
15 229
353 28
354 123
355 1041
356 198
16 357
16 358
16 359
16 360
16 58
16 761
16 361
16 762
16 137
16 143
16 147
16 203
16 218
16 362
17 31
17 108
17 117
17 120
17 125
17 156
17 163
17 167
17 168
17 170
17 206
17 225
363 39
364 55
365 105
18 20
18 26
18 47
18 51
18 63
18 78
18 79
18 118
18 128
18 139
18 158
18 168
18 196
18 199
18 224
18 227
18 229
19 71
19 366
19 494
19 367
19 368
19 165
19 190
369 174
370 184
371 33
372 50
373 159
374 178
375 53
376 91
377 184
20 31
20 42
20 47
20 378
20 112
20 117
20 118
20 139
20 142
20 168
20 176
20 199
20 211
20 227
379 223
241 33
241 380
241 72
241 538
241 126
241 381
241 382
241 159
383 78
384 209
385 219
386 53
387 185
21 29
21 388
21 389
21 73
21 390
21 100
21 144
21 180
21 189
21 391
21 204
21 212
21 230
392 137
393 203
394 105
395 44
396 762
397 209
398 218
399 1143
22 400
22 35
22 401
22 45
22 74
22 538
22 402
22 113
22 122
22 126
22 146
22 403
22 154
22 186
22 404
22 223
23 46
23 405
23 406
23 67
23 407
23 408
23 409
23 410
23 157
23 411
23 412
23 201
23 215
23 228
24 25
24 30
24 40
24 54
24 58
24 62
24 79
24 110
24 121
24 124
24 137
24 140
24 147
24 152
24 158
24 166
24 1060
24 182
24 200
24 207
24 208
24 231
25 26
25 30
25 54
25 65
25 79
25 103
25 124
25 140
25 158
25 208
413 48
414 195
415 127
416 37
417 130
418 194
419 216
26 30
26 54
26 65
26 79
26 98
26 103
26 114
26 124
26 158
26 196
26 199
26 211
26 229
420 102
421 166
422 141
423 214
424 62
425 70
426 99
27 427
27 428
27 89
27 90
27 92
27 429
27 102
27 111
27 115
27 148
27 430
27 164
27 431
27 179
27 203
27 207
28 432
28 44
28 433
28 434
28 435
28 80
28 436
28 437
28 108
28 438
28 123
28 439
28 1015
28 149
28 155
28 440
28 170
28 441
29 31
29 55
29 73
29 76
29 112
29 120
29 163
29 180
29 188
29 197
29 211
29 230
30 54
30 79
30 98
30 110
30 114
30 140
30 200
442 70
443 171
444 183
31 47
31 50
31 445
31 74
31 100
31 112
31 117
31 120
31 125
31 156
31 167
31 168
31 446
31 176
31 180
31 195
31 225
447 33
448 159
449 213
32 51
32 61
32 761
32 78
32 79
32 98
32 137
32 140
32 158
32 166
32 450
32 209
32 218
32 224
451 37
452 33
453 159
454 58
455 71
456 102
457 762
458 143
459 148
460 494
461 164
462 203
463 231
33 35
33 464
33 538
33 465
33 113
33 159
33 466
33 178
33 467
33 213
34 40
34 468
34 469
34 58
34 60
34 68
34 470
34 85
34 471
34 104
34 110
34 472
34 147
34 162
34 190
34 473
34 200
34 1236
34 222
474 35
475 113
476 135
477 154
478 193
479 213
480 223
35 41
35 74
35 113
35 178
35 481
35 213
482 96
483 101
484 106
36 47
36 50
36 96
36 118
36 142
36 176
36 178
485 44
486 213
487 59
488 86
37 66
37 489
37 490
37 491
37 130
37 492
37 145
37 175
37 187
37 194
37 493
37 216
495 185
496 226
497 115
498 202
499 64
500 64
501 155
38 45
38 502
38 77
38 80
38 94
38 119
38 123
38 134
38 136
38 146
38 1031
38 186
38 198
38 503
39 504
39 55
39 100
39 108
39 505
39 120
39 506
39 507
39 508
39 144
39 167
39 509
39 212
510 44
511 44
512 64
513 155
40 58
40 60
40 71
40 93
40 110
40 137
40 147
40 514
40 152
40 165
40 179
40 190
40 200
40 205
40 207
40 231
41 63
41 101
41 116
41 118
41 128
41 178
41 181
41 515
41 217
42 516
42 517
42 84
42 109
42 112
42 518
42 519
42 520
42 130
42 521
42 142
42 153
42 180
42 197
42 199
42 522
42 224
42 227
42 230
43 48
43 49
43 52
43 81
43 523
43 107
43 108
43 125
43 524
43 167
43 525
44 526
44 527
44 528
44 529
44 530
44 531
44 532
44 533
44 1015
44 149
44 534
535 127
536 1143
537 45
539 126
540 69
541 595
542 68
543 93
544 190
545 205
546 1236
547 205
548 53
549 73
550 86
551 189
552 212
553 219
554 63
555 78
556 97
557 101
558 116
559 181
560 209
561 217
562 219
563 75
564 151
565 173
566 202
45 567
45 74
45 80
45 94
45 119
45 122
45 123
45 126
45 134
45 1015
45 146
45 149
45 156
45 160
45 186
45 568
45 223
46 67
46 569
46 75
46 87
46 570
46 135
46 154
46 157
46 571
46 173
46 193
46 201
46 223
46 228
572 75
573 173
574 202
575 180
576 230
47 50
47 74
47 117
47 118
47 128
47 577
47 168
47 578
47 176
47 178
47 579
47 580
48 52
48 581
48 64
48 72
48 81
48 582
48 583
48 125
48 584
48 155
48 585
48 195
48 586
48 587
48 225
588 115
589 1060
590 202
591 126
592 149
593 215
594 59
596 1236
49 52
49 81
49 597
49 107
49 598
49 599
49 600
49 601
49 602
50 603
50 72
50 74
50 117
50 604
50 605
50 606
50 156
50 607
50 178
50 608
50 195
609 93
610 121
611 152
612 205
613 111
614 184
615 133
616 181
617 193
618 213
619 217
620 213
51 63
51 621
51 78
51 79
51 96
51 106
51 118
51 622
51 174
51 623
51 209
51 224
51 227
624 494
625 85
626 104
627 129
628 77
629 94
52 630
52 64
52 631
52 632
52 108
52 125
52 633
52 634
52 155
52 635
52 167
52 636
52 225
53 73
53 91
53 637
53 638
53 639
53 184
53 185
53 189
53 204
53 640
641 112
642 142
643 176
644 180
645 101
646 181
647 143
648 494
649 667
650 141
651 177
652 191
653 214
654 81
655 144
656 180
657 204
658 212
659 135
660 201
661 185
662 85
663 1236
664 222
665 72
666 159
54 62
54 65
54 114
54 124
54 200
55 105
55 668
55 120
55 669
55 163
55 670
55 183
55 206
56 75
56 87
56 95
56 99
56 103
56 124
56 169
56 671
56 1060
56 182
56 202
56 208
56 210
672 1143
673 209
57 60
57 667
57 85
57 110
57 131
57 132
57 141
57 150
57 162
57 172
57 674
57 191
57 192
57 675
57 222
676 93
677 205
678 105
679 108
680 123
681 170
682 1031
58 60
58 71
58 110
58 137
58 683
58 143
58 147
58 494
58 190
58 203
58 231
684 133
685 135
686 173
687 165
688 190
689 198
59 595
59 68
59 88
59 690
59 141
59 162
59 691
59 692
59 200
59 693
59 1236
595 62
595 68
595 694
595 93
595 695
595 162
595 200
595 696
595 1236
697 81
698 125
60 61
60 82
60 85
60 98
60 104
60 110
60 129
60 699
60 140
60 147
60 162
60 172
60 187
60 190
60 192
60 200
60 222
700 77
701 94
702 123
703 1031
704 149
705 198
667 706
667 85
667 129
667 132
667 707
667 708
667 172
667 177
667 191
667 709
667 216
667 220
667 226
667 710
711 151
61 66
61 82
61 98
61 140
61 174
61 175
61 187
61 192
61 209
61 218
61 1143
61 224
712 127
713 194
714 165
715 89
716 102
717 115
718 161
719 166
720 202
721 70
722 99
723 134
724 169
725 198
726 210
62 65
62 70
62 727
62 93
62 99
62 121
62 124
62 728
62 729
62 152
62 730
62 169
62 1060
62 183
62 200
731 64
732 67
733 151
63 78
63 97
63 101
63 106
63 116
63 118
63 128
63 178
63 734
63 735
63 196
63 217
63 219
736 67
737 215
64 738
64 739
64 108
64 740
64 741
64 742
64 743
64 744
64 155
64 745
64 746
65 70
65 103
65 114
65 124
65 169
65 183
65 211
65 229
66 84
66 747
66 748
66 130
66 153
66 174
66 175
66 187
66 192
66 194
66 199
66 216
66 1143
66 224
67 749
67 750
67 751
67 151
67 752
67 753
67 157
67 754
67 755
67 756
67 215
67 228
757 138
758 215
759 159
760 189
763 155
764 94
765 126
766 1015
767 149
68 93
68 162
68 768
68 190
68 769
68 200
68 205
68 1236
770 209
771 1143
69 73
69 772
69 76
69 86
69 88
69 773
69 774
69 775
69 776
69 141
69 777
69 778
69 779
69 780
69 171
69 781
69 782
69 221
783 209
784 1143
70 785
70 786
70 99
70 105
70 119
70 1041
70 787
70 134
70 169
70 788
70 183
70 198
70 206
70 210
761 78
761 762
761 137
761 140
761 147
761 166
761 789
761 209
761 218
761 219
71 790
71 791
71 148
71 494
71 164
71 792
71 165
71 190
71 203
71 205
71 231
72 74
72 126
72 793
72 155
72 794
72 160
72 795
72 195
72 225
73 76
73 86
73 91
73 796
73 797
73 184
73 189
73 204
73 798
73 221
799 159
800 180
801 185
802 189
803 204
804 220
805 230
74 117
74 122
74 126
74 156
74 160
74 168
74 195
806 135
807 136
808 157
809 201
810 215
811 223
812 228
75 87
75 95
75 97
75 813
75 151
75 157
75 814
75 815
75 173
75 182
75 816
75 202
817 194
818 141
76 86
76 141
76 150
76 197
76 221
819 171
820 183
77 821
77 94
77 138
77 822
77 146
77 1031
77 823
77 824
77 825
78 79
78 158
78 166
78 826
78 827
78 196
78 209
78 219
78 224
828 85
829 129
830 184
831 214
79 98
79 140
79 158
79 196
79 224
832 93
833 121
80 94
80 119
80 123
80 126
80 1015
80 149
80 155
80 156
80 160
80 170
81 834
81 100
81 107
81 835
81 125
81 836
81 144
81 837
81 838
81 167
81 839
81 840
81 841
81 180
81 842
81 843
82 844
82 104
82 129
82 140
82 143
82 145
82 147
82 175
82 187
82 218
83 91
83 845
83 846
83 177
83 184
83 185
83 204
83 214
83 847
83 220
83 221
83 226
83 848
849 133
850 135
851 193
852 213
853 217
84 109
84 112
84 114
84 150
84 153
84 188
84 192
84 197
84 199
84 224
854 135
855 201
856 127
857 143
858 175
859 218
860 1143
861 138
862 1031
85 104
85 129
85 162
85 172
85 863
85 864
85 222
538 113
538 126
538 159
538 865
86 88
86 131
86 141
86 150
86 866
86 867
86 868
86 171
86 183
86 869
87 95
87 97
87 116
87 133
87 135
87 154
87 870
87 173
87 186
87 193
87 223
87 228
88 114
88 131
88 141
88 150
88 162
88 171
88 183
88 197
88 211
88 871
872 173
873 113
874 159
875 213
89 102
89 115
89 161
89 166
89 876
89 207
90 92
90 877
90 111
90 115
90 148
90 878
90 179
91 879
91 880
91 184
91 185
91 189
91 204
91 220
91 221
91 226
92 111
92 881
92 148
92 882
92 883
92 164
92 179
92 884
92 885
93 121
93 886
93 887
93 152
93 888
93 889
93 200
93 205
890 123
891 1031
892 198
893 125
894 173
895 184
896 221
94 123
94 146
94 1031
94 149
94 897
898 1236
899 104
900 190
901 111
902 115
95 97
95 103
95 903
95 116
95 169
95 904
95 173
95 182
95 186
95 196
95 210
95 228
96 106
96 118
96 905
96 906
96 142
96 907
96 176
96 908
96 227
909 494
910 164
911 165
912 123
913 201
97 116
97 133
97 914
97 915
97 158
97 916
97 161
97 173
97 182
97 202
97 219
98 140
98 187
98 192
98 218
98 224
99 124
99 917
99 169
99 1060
99 918
99 208
99 210
919 121
100 120
100 125
100 144
100 167
100 180
100 212
920 174
921 194
922 1143
101 106
101 923
101 924
101 178
101 181
101 925
101 926
101 217
102 927
102 928
102 166
102 929
102 203
102 207
930 136
931 138
932 146
933 198
103 116
103 124
103 158
103 169
103 182
103 186
103 196
103 208
103 229
934 136
935 138
936 198
104 937
104 129
104 938
104 939
104 143
104 145
104 147
104 940
105 108
105 941
105 119
105 123
105 942
105 170
105 943
105 944
105 183
105 206
945 159
106 118
106 946
106 947
106 227
107 948
107 125
107 949
107 144
107 167
108 950
108 120
108 125
108 951
108 952
108 155
108 953
108 167
108 170
108 954
108 206
108 225
955 111
956 115
957 121
958 179
109 112
109 959
109 130
109 132
109 150
109 153
109 188
109 197
109 220
109 230
960 219
110 114
110 131
110 140
110 147
110 162
110 190
110 192
110 200
961 151
962 157
111 115
111 148
111 963
111 964
111 179
111 965
111 966
112 117
112 120
112 142
112 180
112 188
112 197
112 199
112 211
112 230
967 155
113 213
968 130
969 153
970 174
971 194
972 1143
973 224
974 127
975 175
976 194
977 1143
114 131
114 150
114 183
114 188
114 192
114 199
114 200
114 211
978 210
979 215
980 228
115 121
115 981
115 161
115 179
115 1060
115 182
115 982
115 202
115 207
983 144
984 212
985 142
986 180
987 224
988 227
989 230
990 151
116 128
116 133
116 991
116 154
116 158
116 173
116 182
116 186
116 193
116 196
116 217
116 219
992 213
993 130
994 174
995 194
996 1143
997 127
998 145
999 130
1000 180
1001 204
1002 220
1003 230
1004 181
117 120
117 139
117 156
117 163
117 168
117 176
117 188
117 211
1005 1236
118 128
118 176
118 178
118 1006
118 227
119 123
119 1041
119 134
119 136
119 1007
119 198
119 206
120 163
120 167
120 180
120 188
120 206
120 211
121 1008
121 1009
121 152
121 1010
121 179
121 1060
121 182
121 207
121 208
122 128
122 139
122 156
122 160
122 163
122 168
122 186
122 196
122 229
123 1041
123 1031
123 149
123 170
123 1011
123 198
123 206
124 169
124 1060
124 208
1012 126
1013 213
1014 126
1016 155
125 1017
125 167
125 1018
125 180
125 195
125 1019
125 1020
125 225
126 1015
126 1021
126 155
126 160
1022 141
1023 184
1024 191
1025 214
127 1026
127 1027
127 1028
127 175
127 1029
127 194
127 1030
128 139
128 154
128 168
128 186
128 196
128 229
129 132
129 1032
129 145
129 172
129 187
129 216
1033 171
1034 164
130 132
130 1035
130 153
130 1036
130 194
130 1037
130 1038
130 216
130 220
1039 184
1040 185
131 141
131 150
131 162
131 188
131 192
131 197
131 200
131 211
762 137
762 147
762 1042
762 203
1043 143
1044 494
1041 1045
1041 198
1046 141
132 1047
132 150
132 153
132 172
132 177
132 187
132 191
132 192
132 1048
132 216
132 220
133 135
133 1049
133 173
133 193
133 217
1050 177
1051 191
1052 214
1053 171
1054 183
134 136
134 163
134 169
134 186
134 198
134 206
134 210
1055 220
135 1056
135 154
135 1057
135 173
135 193
135 201
135 1058
135 223
135 228
135 1059
136 138
136 146
136 186
136 198
136 1061
136 210
136 215
136 223
136 228
137 140
137 147
137 158
137 166
137 1062
137 203
137 207
137 231
1063 174
1064 209
1065 1143
1066 224
1067 227
138 146
138 1031
138 1068
138 1069
138 215
1070 145
1071 216
139 168
139 199
139 211
139 229
1072 195
1073 164
1074 144
1075 212
1076 143
1077 147
1078 494
1079 190
1080 189
140 147
140 158
140 187
140 218
1081 144
1082 167
1083 215
141 150
141 162
141 1084
141 1085
141 191
141 1086
141 1087
141 1088
141 214
141 221
141 222
1089 209
1090 1143
142 1091
142 176
142 227
1092 165
143 147
143 494
143 1093
143 218
143 1094
1095 166
1096 203
144 167
144 180
144 212
145 175
145 187
145 1097
145 216
1098 180
1099 185
1100 220
1101 226
1015 149
1015 155
1102 173
1103 217
1104 219
146 1031
146 186
146 1105
146 198
146 1106
146 1107
146 223
1108 161
1109 166
1110 202
1111 219
1031 1112
1031 1113
1031 1114
1031 198
147 218
1115 152
1116 1060
1117 200
148 1118
148 164
148 179
148 203
148 1119
148 1120
148 231
1121 215
1122 223
149 155
149 1123
150 153
150 188
150 191
150 192
150 197
150 220
1124 171
1125 152
1126 179
1127 205
151 157
151 1128
151 173
151 1129
151 201
1130 155
1131 195
152 1132
152 179
152 200
152 207
153 187
153 192
153 216
153 220
153 224
154 186
154 193
154 223
154 228
155 160
155 1133
155 170
155 1134
155 225
494 1135
494 1136
494 1137
1138 178
1139 195
1140 171
1141 171
1142 209
1144 175
1145 165
1146 181
156 160
156 168
156 170
156 195
156 225
157 1147
157 173
157 201
157 215
157 228
158 166
158 182
158 196
158 208
158 219
159 1148
159 1149
1150 201
1151 161
1152 173
1153 202
160 170
160 195
160 225
1154 194
1155 1143
161 166
161 1060
161 182
161 202
161 207
161 219
162 1156
162 200
162 1236
162 222
1157 200
1158 1060
1159 164
163 168
163 170
163 206
163 211
1160 191
1161 214
1162 179
164 165
164 1163
164 1164
164 1165
164 1166
164 1167
1168 165
1169 190
165 1170
165 190
165 205
165 1171
165 1172
166 1173
166 1174
166 182
166 203
166 207
166 208
166 1175
166 219
166 231
1176 171
1177 183
167 180
167 225
168 211
168 229
169 186
169 196
169 210
169 229
1178 184
1179 214
1180 221
170 1181
170 206
170 225
171 183
171 1182
1183 176
1184 227
172 187
172 192
1185 202
1186 228
173 182
173 1187
173 201
1188 183
1189 176
1190 180
1191 195
1192 213
174 1193
174 209
174 1143
174 224
175 187
175 194
175 216
175 218
175 1143
1194 201
176 1195
176 227
1196 203
1197 219
177 191
177 1198
177 214
177 220
177 221
177 226
177 1199
1200 205
178 181
178 1201
178 1202
179 203
179 207
179 231
1060 182
1060 1203
1060 202
1060 207
1060 208
180 197
180 230
181 1204
181 1205
181 1206
181 217
182 202
182 207
182 208
182 219
1207 213
1208 191
183 206
183 211
184 214
184 1209
184 1210
184 221
185 1211
185 189
185 204
185 1212
185 220
185 226
185 1213
1214 195
186 196
186 210
186 223
186 228
1215 209
187 192
187 216
1216 189
188 197
188 199
188 211
189 1217
189 204
189 212
189 1218
1219 215
190 1220
190 200
190 205
190 1221
191 1222
191 214
191 220
191 221
191 222
1223 1236
192 199
192 216
193 1224
193 213
193 217
1225 210
194 1226
194 1143
195 1227
195 225
196 219
196 229
197 211
197 220
197 230
1228 1143
1229 205
1230 1236
1231 222
198 1232
198 210
1233 204
1234 212
199 211
199 224
199 227
199 229
200 205
1235 202
203 207
203 231
204 220
204 221
204 230
205 1237
1238 213
1239 223
207 208
207 231
1240 215
1241 223
209 218
209 1242
209 1143
209 224
210 215
210 228
1243 216
1244 220
1245 226
211 229
1246 223
212 1247
1248 213
214 1249
214 221
215 228
218 1143
220 221
220 226
220 230
1236 222
1236 1250
221 226
223 228
223 1251
224 227
226 1252
