1278 2303 0
-0.4751799590895041 -0.4056530365870111 -0.0182107373031390
-0.2609166615653581 0.0409958887683910 0.0102477634643056
0.0702844174624331 0.4093854778930922 -0.4464569798957752
0.2040160275791310 0.4423344026971042 0.1745563919990013
-0.4665364347240974 0.4655644116521127 0.2408030075366079
-0.0025466883463292 -0.3947055662414771 0.4681757447602037
0.3233449508323961 0.1061125414003937 0.0304707496849778
0.1697663926427019 -0.4580268775712916 -0.1380173599191531
0.1828092186042745 -0.2680821080994645 -0.2312706940093059
-0.2711289400152346 -0.1871367316618813 -0.4097701339794387
0.3626569537272067 0.3366518826824983 0.1966240196361856
0.0881767346558228 0.3947439022056560 -0.3004304310211719
0.1480437936897342 -0.0118406575923404 0.1257409645256079
-0.2249523261321379 -0.2743947458656127 -0.4428767597647041
0.3693736102885313 0.2934641452682146 -0.4089006831084187
-0.4011925834018980 -0.2026798645011063 0.1214545408589121
0.0284138571086075 0.2324948415003048 0.0234548132510620
0.1956976621081968 0.2806218180239587 -0.2729275787181222
-0.1259072676798850 0.3204162715754224 -0.1125761145545050
-0.3273069488736347 0.4164872799561462 -0.1406252016259542
0.3446538957979347 -0.3875878463570116 -0.0418094211388373
0.4598715015816939 -0.0824970660798286 0.1341701185469613
-0.2597743056598109 -0.4351865644506265 -0.4175963303534792
0.2194723761451466 -0.0837982436357910 -0.1902342369757451
-0.2043309459357961 0.0476128645956109 0.1907517788008727
0.3852515378561698 -0.4418197249355569 -0.1036957154242054
-0.4437578772232220 0.2773676968250335 0.3211836020923227
0.2130231484802220 0.0181681041964773 0.4375027155475039
-0.1981437639668996 0.4356587047248736 0.0437627549251826
0.0701644246714663 -0.3146307302465507 -0.0963787112584466
-0.2614103218405455 -0.4558075656819572 0.1095501034879997
0.3529091449335625 0.1183693866553449 0.0097065468025038
0.3406098823009447 0.3858359333386432 -0.0633433191384010
0.3562903356476588 0.2774810215284813 0.4678269103536510
-0.3727472898588238 -0.4488361790447558 0.1357234796680250
0.3298672582818051 0.0283903265146956 -0.1333124019960308
-0.1238195635633351 -0.1008796328221170 -0.2714775440395962
-0.3452741967894309 0.4818732963247100 0.0762220821033417
-0.1879958978739636 -0.0918421007636605 -0.4352648291635853
-0.2236870126647179 0.3452258368125893 0.3786708996077338
0.4275930419929941 0.2952505338298345 -0.0490656715343987
-0.3155304398435128 0.1347830692359587 -0.0188563334099736
-0.1928191255032352 0.1077744621685419 -0.0306996116040808
0.4259022444848136 -0.4689954782074637 -0.4873381879543081
-0.3769066620346236 -0.4765536358758057 -0.0508008805655791
-0.1098652691389810 -0.0067801690941615 0.4276797785033256
0.0435392368163764 0.3540079894749814 -0.1160677194933690
-0.3317496746166829 -0.0499706608029856 0.4322156599525377
-0.0516561727722946 -0.3866385948661677 -0.0266065323119281
-0.1298867141926305 0.0513584140677893 0.1889088033673415
0.4523518926464173 0.2317490560994434 0.1154334800005790
-0.3143158514364471 -0.2679130434718781 -0.3220023464328186
-0.3174368520599632 0.2573644679459652 -0.4168967528258287
-0.1674643088277235 0.1236797867475221 0.2269272136892079
0.0091340883724885 0.3653761583618115 0.3422109560522367
-0.1922301123713122 0.4612345443683533 0.3650292773632157
-0.4333763506262036 -0.3384048096404111 -0.3193123746249306
-0.4080454830520014 -0.1434861027929815 -0.1446067598568579
0.3384349456712582 0.0251694703928094 0.3144042465290340
-0.0681006001133066 0.0670257399182559 0.1958366778612545
-0.3117261896082672 0.1526211288673839 0.4207537690109469
0.4247312340071787 -0.3470439275630756 0.1940013745273780
0.4099732666961218 0.2663693564858338 0.0082149847063884
0.3616988464271338 -0.4624559842117025 -0.3190898908508890
-0.1610549132281101 0.2258567950438712 -0.0392831801720180
-0.4653147708626288 -0.1525622652868797 0.2187017169157089
0.0157261186969781 -0.2195281800232201 -0.2025571116582127
-0.3708960483801794 0.2889439673644119 0.4091410841144588
-0.3918950523497972 -0.4697132852376760 -0.0230221413761685
-0.0153526965440179 -0.4895286066769481 0.2856496465125113
-0.2217273451752204 0.1621325320486604 0.2643152905780671
-0.2639504556165520 -0.2671279303519673 -0.3252986306317698
-0.1841899360487090 0.3120170639545050 0.4027244836494901
-0.3914809738057431 -0.4013739944773881 -0.2774216872598770
-0.0153345738549588 -0.2088936530161555 0.2401682334474716
0.3383163622835554 -0.1701489509225860 -0.1374055901379042
-0.1260847012092399 0.2467310129455088 0.4069709089124846
-0.4879389320897695 0.4740836667519886 0.1720129696192880
-0.4102701741147721 0.1022538411503069 -0.3506372776297438
0.0602753506744489 -0.3466139003633643 -0.2261701189734564
-0.0627972675686372 0.1411874898658448 0.1746328134187611
0.0943642131833456 -0.4078180360404300 0.4341292614273422
-0.1391693468878193 -0.3749768374607962 -0.1173113036666097
-0.1327564429229046 -0.1000916608355170 0.0082477288573588
0.4016436659774740 0.1219991804137928 -0.2362949808731750
-0.1490008771988932 -0.0692157333812640 0.0342890933534464
-0.0173854572643183 0.1753103943478153 -0.2648645611932475
0.0207068367082071 -0.3430682740498004 0.2870320708393013
0.2513753747808489 0.2905457451898173 0.0901333332230173
0.1997484776462317 -0.4391659125202809 0.3108758436477271
-0.0741487248154324 0.4599933964612448 0.2386173963748245
-0.2267954046945990 -0.3737556207679622 -0.4365928143004401
-0.0330837623392684 -0.2021961927542157 0.2564886850772703
0.3126131890110533 -0.1670410384499567 0.3574017162465505
-0.2272587522899317 -0.0540232036390186 -0.1081148685990971
-0.2118805396095753 0.1520231429880192 -0.2662762193840559
-0.4056914509841433 0.0658189908868130 -0.3481864180484605
0.1994643109170952 -0.0410684620987841 0.1421183834270148
-0.3163164721162131 -0.4499267618686734 -0.0742338343706867
-0.0892426844880849 -0.2882451390576206 -0.2515825939166644
0.4083601995644126 0.0204582912332286 0.3401563194237201
0.1107683429105796 -0.0643501920853988 -0.2717886917784824
0.3243087274465932 0.0225615351695326 0.1528621958432064
-0.2615180693545405 0.1115239484931583 -0.0101054023963868
-0.1327082004311201 -0.1434222832373515 0.1010940009135458
0.2181384023281581 -0.0652733991859780 0.3758234841197426
-0.4379389914241784 0.0340424111005859 -0.0346768554612137
-0.2730611557923974 0.1946721221824819 -0.1544381398655667
-0.4255116231469367 0.3530742461061154 0.2750500725962851
-0.4713406739376468 -0.3301182912493924 0.2587649264995425
0.2132310317276862 0.0554948652412562 -0.0577407837306493
0.0241634736475937 -0.0848202464073300 -0.0917721576551562
-0.1894857393336681 0.0368141499717769 -0.1085653106054939
0.0915438230862794 0.1611751970809936 -0.4347763657115336
-0.3628359287498240 0.0859746979276304 0.0319741338204738
-0.4577557234740711 -0.2148423656472645 0.1569707736329843
-0.0503114279378104 -0.3929843411488350 -0.3657392014851233
-0.0086822869978306 -0.4893295295325451 0.0747637287059441
-0.1107253281662443 0.1451246095111449 -0.4151137351375499
-0.0925800872419280 -0.0651704116053681 0.1134207064328654
-0.1401908954929702 0.3518447100430689 -0.1256947093375949
-0.2686643104414264 0.3445573162761250 -0.3521832891558035
-0.3922083400891239 -0.4589986610228874 -0.2981324184127157
0.4809924429050422 -0.4361440134420434 0.1038470728579453
-0.3291166809212646 -0.0013204972468598 -0.1360371165288666
-0.0457838497046770 -0.1596783633741253 -0.0325309543474647
-0.3527782200958838 0.2062344032829119 -0.0559629822158614
0.2915464264234463 -0.1168242274803242 -0.3964027357952571
0.2889997296163679 -0.1340785980113005 -0.1673228929951248
0.0158095403749553 -0.4724958436793208 0.4785157074812309
0.1411472893660548 0.2427874673083051 -0.3326692051109911
-0.0367527024160716 0.3850630221261470 0.2857945121090482
0.4293060498326084 0.1045257209295037 -0.3687151848755000
-0.1018039115813496 -0.3437139318607075 0.4631182248625366
0.1669246518796119 0.4845946723752428 -0.1101408496343844
0.0952836881517455 0.0497171764870512 0.1497293033535857
-0.1989820033648830 0.1813682248398363 0.4443025865799412
-0.0679901778179289 0.4173187060774462 0.0714856397905075
0.2199970881688804 0.2010907724229560 -0.3432962564312593
0.2217289328673477 0.0729670457706907 -0.3746267282857257
0.2084385757741897 0.3090800397829845 -0.1036525006326294
-0.4448898924134286 0.0746193737729638 -0.2325942370432276
-0.3898750747320989 0.2808423070446573 -0.4818696867614942
-0.2978248663509715 0.2916604809721855 0.0387032504449097
-0.0138597581351952 0.0152988201613134 0.0123414122227040
0.1007783172582424 0.2546927851936276 0.4252673084847210
0.2386219644618967 0.4523813379678757 -0.4586614380827379
0.4389303497217075 -0.1767162973356895 0.0349294175703589
0.4800370050244276 -0.4190924001849239 -0.0698841954142877
0.3591259593963981 0.1755747650969601 -0.0106153030620463
0.0239871073464967 -0.4704339195538102 0.2857738313324902
-0.1802924490942308 0.3854377858153413 0.2520996156228371
-0.1053929878615673 0.0046023603312719 -0.2372337399513764
0.3261487239732763 -0.4055863618115742 0.2072215888818690
-0.1824661899917675 -0.3070099252375460 0.0352517457259364
-0.0599376908208043 0.0082226558350280 0.1807409906100661
-0.0548202768103533 0.1135057029105468 0.2563417062168433
-0.1607940623337405 -0.1915946779808352 0.4765360817842750
-0.0793918932806565 -0.3901226380857563 0.2343317925633029
0.1750413085108184 -0.3057121277838578 -0.2671459319632378
-0.2135740664619790 0.4152522625746009 -0.3198498160655735
0.4380294885681723 -0.0659387031131248 -0.2062680922144782
0.0754400942778706 -0.0594617371187795 0.2779167154134514
0.2065536293504582 -0.2204103438395098 -0.2129908033186621
-0.0123487471324309 0.4296382880791164 -0.2231980463108878
0.3509835854494291 0.3567006349439338 -0.4174815098756476
0.2639299484383176 -0.4272374649365224 0.3735392369109455
0.4815306484910553 -0.3779061518983496 -0.0280294250745463
-0.1329889954599760 -0.2024913361189304 0.3156535603817552
0.3051790057911314 0.1403839437746083 0.1996017989964848
-0.4143876929236586 0.3071986465835980 0.4701430115809442
0.2401320997285621 0.2018905087501930 0.2974813824018624
0.4817809024433135 0.0550324359706245 0.0508129518933878
-0.0489841796287097 -0.0119065641818591 -0.2990993755289850
-0.4536084490012969 -0.1869838336670189 0.1124540837677936
-0.0098143559184902 -0.0347527219973525 0.2142292063020711
0.4365771802740147 -0.1509519137372244 0.2018591439564201
-0.2100055517219639 0.3501354093978303 -0.3956585081346190
0.4768652048630315 0.2816005364566694 0.4377829992143676
0.1910843260485853 0.3773983342714986 -0.2911533829372719
0.1031748058603059 0.1411472392831826 0.2635079819651673
0.3046220673467421 0.1324797616229047 -0.1243201100810585
0.2710084561738517 -0.0666692194780214 0.4742121142926110
0.0999547139860623 -0.0001111705697767 0.3009231432316792
0.1254803514309318 0.2396613811334316 -0.3486165969953144
-0.4552869017354965 0.2683954454851643 -0.2077815396677130
0.1021830720915488 -0.4759227399769795 -0.2050892084921278
-0.0004090133968604 -0.0158795499989607 0.0295149949448955
0.1483587734098331 0.0234357991098376 0.0663912599365414
-0.4066960077711260 0.3259505867200524 -0.2673060107932698
0.2765953313513281 0.3082729078627892 0.1142406131354970
0.4539158519041302 -0.4061484559912645 0.2724723194914433
-0.4038058509466829 0.0952370746253832 -0.2887831555657478
0.2376993838275418 0.1971059515346167 0.1709542065581340
-0.1847216169141958 0.1874249545855713 -0.0557183449700886
0.4471434263047915 0.0039386374970878 0.3107827821620406
0.2675674080620564 -0.3006028804124348 0.3965966486924082
-0.2808743162712976 0.4765391290771319 0.2414046705218101
-0.2768693297249680 -0.1795285728046107 0.1646062814411261
-0.4104220426365390 0.2561315699537225 0.0415858980043792
-0.1055442873991002 0.3285415591864828 0.0407177426571435
-0.0873666447030634 -0.0908622835247500 0.0958340955730027
0.1074085682495273 0.4370703481757708 0.0630792030414052
-0.3390937392824576 -0.2240597660417907 0.0439158533057000
0.3482623103510954 -0.4215650188340053 -0.2870450120364257
-0.0287516750086176 0.1078904282239339 -0.3471558740778986
-0.3602485042334309 0.1640868057658090 0.3342714447709750
-0.1391621867803532 0.1829964505322576 0.3832408504374951
0.2974614166792083 -0.0169282204998371 -0.1704082104688714
0.3876299083198674 -0.1656818166108778 -0.2755287660453792
-0.2069271201353663 -0.3564944921646865 -0.1805744477161429
-0.2402045678206062 0.0618873508454602 0.2230041082506834
-0.3598601416216695 0.0166384307342381 0.0248358468485716
-0.4120506506472137 -0.1287036407130658 -0.0877948389206312
0.1750500676645469 -0.0132674748869332 -0.0002821702093655
0.3369781106541067 -0.2003816542366481 0.1096149381194435
-0.0089096882179349 -0.1061913771975381 -0.4365870426177360
-0.2533980917832976 -0.0633491072175264 0.1160625376472186
-0.4209389698151844 -0.1444766176145376 0.3239342063211557
-0.1853189228063523 0.1426712581071082 0.4473213136212844
-0.2303029587416423 -0.1675280868692697 -0.5000000000000000
-0.1801068817554169 -0.1046026587335258 -0.5000000000000000
-0.0538943571438581 -0.1145406907393830 -0.5000000000000000
-0.2306079608440129 0.5000000000000000 -0.3868493349361369
0.3184197847108498 0.0795796536751569 0.5000000000000000
0.3862915448430713 0.2486666208227263 0.5000000000000000
0.4271883714102498 0.1213750259166206 0.5000000000000000
0.4479447029235942 0.1148682103539783 0.5000000000000000
0.4763749261683796 0.1664755605135880 0.5000000000000000
0.4321789845728653 0.1616631510392587 0.5000000000000000
0.3994279288640342 0.1784569679304217 0.5000000000000000
0.4741571814290336 0.2351914746010063 0.5000000000000000
-0.5000000000000000 -0.3926112767387591 -0.0469951467455999
-0.5000000000000000 -0.3730883218059038 -0.0201000942617311
-0.5000000000000000 -0.3854945795144405 -0.0807530226060219
-0.5000000000000000 -0.4175632515975586 -0.1042309683477564
-0.5000000000000000 -0.4901436473144438 0.0104838177673852
-0.5000000000000000 -0.4095718273288509 0.0057133817103392
-0.5000000000000000 -0.4327646725809231 -0.0441639276530325
-0.5000000000000000 -0.3940892990433018 0.1101607850258273
0.0843551280363025 0.5000000000000000 -0.3682256051060324
0.0313381696331071 0.4644491224847307 -0.5000000000000000
0.0515321755503527 0.4905550631715913 -0.5000000000000000
0.0770780921394099 0.4161453841159214 -0.5000000000000000
0.0707849824959012 0.4344566919554995 -0.5000000000000000
0.1056855902923117 0.5000000000000000 -0.4403264952928604
0.0778939284171652 0.5000000000000000 -0.2790885910792840
0.1063596801610044 0.4453912859308866 -0.5000000000000000
0.1218473880288262 0.5000000000000000 -0.3401278353824947
0.0450485730694397 0.4081925530266518 -0.5000000000000000
0.1681048412021570 0.5000000000000000 -0.3550472998549916
0.0403470765541813 0.3602588364128942 -0.5000000000000000
0.2529421312371265 0.2829274259184908 0.5000000000000000
0.2649986181955903 0.5000000000000000 0.2485935413843244
0.2531374048281676 0.5000000000000000 0.0462925644080388
0.0869056137760607 0.5000000000000000 0.3922398096958171
0.2724120593552149 0.4853596279982028 0.5000000000000000
0.2535702322685779 0.3799349708218205 0.5000000000000000
0.1486315564166969 0.4479243820535083 0.5000000000000000
0.3387870699649937 0.5000000000000000 0.4999940402817523
0.1310288292906704 0.5000000000000000 0.2377086585631505
-0.4409771974045221 0.5000000000000000 0.3223000031854041
-0.5000000000000000 0.4355235044162735 0.2449775682311371
-0.5000000000000000 0.4838725592066717 0.2266120087563074
-0.5000000000000000 0.4766572167891731 0.2404461895824597
-0.3832475239743280 0.3655004945771357 0.5000000000000000
-0.5000000000000000 0.4384506433490944 0.2020467860042177
-0.5000000000000000 0.4015211351731642 0.3064429625581936
0.0587691209189218 -0.3589529402416674 0.5000000000000000
0.0041287140880405 -0.3948640394689729 0.5000000000000000
-0.0126533097097879 -0.4007994432267719 0.5000000000000000
-0.3139246353256971 -0.1759992952204753 -0.5000000000000000
-0.2658253723180022 -0.2470024711376865 -0.5000000000000000
-0.2420382058254005 -0.1064360013321566 -0.5000000000000000
-0.3587363321093446 -0.2129533729897644 -0.5000000000000000
0.5000000000000000 0.3178938585403426 -0.0450924916398397
0.1383839173769379 -0.5000000000000000 0.0690261571534385
0.1223338345894168 -0.5000000000000000 0.1271509350069896
0.1051500568027813 -0.5000000000000000 0.1250877945488672
0.1416243461797166 -0.5000000000000000 0.1796100789600523
0.0463246893598706 -0.5000000000000000 0.1036854506484178
0.0912448697424705 -0.5000000000000000 0.1942408603115026
0.1170761392401708 -0.5000000000000000 0.0079571608875513
0.4126805797597459 -0.5000000000000000 -0.4805409875028928
0.3564408263944311 -0.5000000000000000 -0.3426930321856705
0.0707213753470753 -0.2195716243194053 0.5000000000000000
0.0584878657365809 -0.2156787109929370 0.5000000000000000
0.2002844468467297 -0.1170482748198182 0.5000000000000000
0.1138667336783753 -0.1363465872476401 0.5000000000000000
0.2615123267426160 -0.0808440538722534 0.5000000000000000
0.2382923166856309 -0.2814106240426283 0.5000000000000000
-0.4135279006507502 -0.4944141123092468 -0.4934523679149564
-0.3706565947694095 -0.5000000000000000 -0.2912616161876297
-0.4077713001061086 -0.5000000000000000 -0.1112573132812316
0.1323842841777984 -0.5000000000000000 -0.2303132769406208
0.1951628527869208 -0.5000000000000000 -0.1235212357041907
0.2353808665316682 -0.5000000000000000 -0.1463621139811361
0.2006673456715534 -0.5000000000000000 -0.1495652002361772
0.1253813882830261 -0.5000000000000000 -0.1686693252858626
0.2158544292307304 -0.5000000000000000 0.0025860671248020
0.0819319782848356 -0.2156973803021617 -0.5000000000000000
0.0220622910371491 0.4786827169164221 -0.5000000000000000
-0.0574959615246377 0.4391531499697324 -0.5000000000000000
-0.2167347442531303 -0.3107206680955688 -0.5000000000000000
-0.2172470702413087 -0.3671077483793255 -0.5000000000000000
-0.1495311458707935 -0.3713772721494035 -0.5000000000000000
-0.0478094195144471 -0.4404011905743567 -0.5000000000000000
-0.4281193840103669 -0.2412850398945459 0.5000000000000000
-0.4093573766749013 -0.1629709167084761 0.5000000000000000
-0.3124422697222312 -0.2079620419527272 -0.5000000000000000
-0.1652205915280793 -0.1916097592657800 -0.5000000000000000
-0.3481160919949222 -0.1335171991716606 -0.5000000000000000
-0.3299904674597812 -0.1210858797119434 -0.5000000000000000
-0.3810460301755816 -0.1522642217132461 -0.5000000000000000
-0.3471753423141274 -0.1612018647529849 -0.5000000000000000
-0.2803282766643114 -0.1869825543698702 -0.5000000000000000
0.2786584995409285 0.5000000000000000 0.0244319491294259
0.5000000000000000 0.3532626207024682 0.4676642434001649
0.3462139554426457 0.4945585786601420 0.5000000000000000
0.5000000000000000 0.3653484356457831 0.2435765289590873
0.5000000000000000 0.4152940559803205 0.1162489285160080
-0.0495037972314924 0.2519038162958592 -0.5000000000000000
0.0807372326591762 0.5000000000000000 -0.2533541345333539
-0.0111961310064907 0.5000000000000000 -0.3784323447437664
0.0211118990017497 0.3154184921611053 -0.5000000000000000
0.4087159284296958 -0.4520478372114543 -0.5000000000000000
0.3178782565516374 -0.3892669072327827 -0.5000000000000000
0.3112716076174220 -0.3724826663147625 -0.5000000000000000
0.3224993658386934 -0.2947996660139555 -0.5000000000000000
0.4903438654341681 -0.3025590791322454 0.5000000000000000
0.4382764397841993 -0.2472739962569364 0.5000000000000000
0.4924527432775849 -0.2620982862302121 0.5000000000000000
0.4935015223153036 -0.3205749205760514 0.5000000000000000
0.4787332638823993 -0.2760689386383692 0.5000000000000000
-0.2711685428402830 -0.5000000000000000 0.1118822861462690
-0.3492533400097738 -0.5000000000000000 0.1302428260300604
-0.3632769307357177 -0.5000000000000000 -0.0221885473427982
-0.3719906550532459 -0.5000000000000000 0.0063979346300592
-0.4073795100815352 -0.5000000000000000 -0.0813705855063196
-0.3941203493685563 0.5000000000000000 0.1467572894593854
-0.3465779352407002 0.5000000000000000 0.3680415705078569
-0.4517746150226989 0.5000000000000000 0.2847258916830668
-0.3593229866417951 0.5000000000000000 0.3106295127843148
-0.4535672574342147 0.0784404077481197 -0.5000000000000000
-0.4513995190808259 0.0578037290923887 -0.5000000000000000
-0.2069094270890396 -0.2996789741836320 -0.5000000000000000
-0.2609346420088558 -0.2748222994617874 -0.5000000000000000
-0.1626496322452645 -0.2216914045234903 -0.5000000000000000
-0.2377794436497777 -0.2619570260421252 -0.5000000000000000
-0.2391645817852046 -0.2822506276735171 -0.5000000000000000
-0.2557043486013985 -0.5000000000000000 0.1998092135869725
-0.3070481738043944 -0.5000000000000000 0.2185973000564080
-0.3330731355177818 -0.5000000000000000 0.0670871378794810
-0.3343817640713325 -0.5000000000000000 0.1040656694213472
0.5000000000000000 0.2160876371273650 -0.1407194073365666
0.5000000000000000 0.3485566425318601 -0.2979347444592072
0.3537934366442561 0.2990537864786391 -0.5000000000000000
0.2948956514852739 0.2614134742752369 -0.5000000000000000
0.3684999601184495 0.3128433654376295 -0.5000000000000000
0.3492770938447246 0.2811367719889213 -0.5000000000000000
0.3773605191017177 0.2376761825788182 -0.5000000000000000
0.3451318275515288 0.2602891276142590 -0.5000000000000000
0.5000000000000000 0.2500439499385899 -0.3095869763390292
-0.5000000000000000 -0.2392522227518382 0.0396854607358198
-0.5000000000000000 -0.3157866837756904 -0.0931464113552068
-0.2445727344191524 -0.2416421251703776 0.5000000000000000
-0.5000000000000000 -0.1602178511191869 -0.2003003517290162
-0.5000000000000000 -0.0958922589320148 0.0477398686252090
0.2438288733553860 0.2505345370146521 -0.5000000000000000
0.0481600826461289 0.2810012238600680 -0.5000000000000000
-0.1896655144264136 0.5000000000000000 0.0659640942319759
-0.3172272327471218 0.5000000000000000 0.0797115701328210
-0.1878870316953052 0.5000000000000000 0.2844293438969822
-0.1060133996873490 0.5000000000000000 0.1950955586590450
-0.1205278580411898 0.5000000000000000 0.0837223831392945
-0.1962318208201460 0.5000000000000000 -0.1177963742353815
-0.2595812716879257 0.5000000000000000 0.2115886332059719
0.5000000000000000 -0.1961854250704931 -0.4386999194934321
-0.3312377155173682 0.5000000000000000 -0.0990845262104607
-0.4802089257068453 0.3976207773542706 -0.5000000000000000
-0.5000000000000000 0.3507840906227855 -0.0599935144872922
-0.5000000000000000 0.3964874907600970 -0.2645309858669077
-0.3655452828534451 0.5000000000000000 -0.2522483304669522
0.3267740044670646 -0.5000000000000000 -0.1200013028750027
0.5000000000000000 -0.3277860890366122 0.0307258485625036
0.2708747407776344 -0.5000000000000000 0.0750430137088160
0.5000000000000000 -0.0720067585113940 0.2310874173408193
0.5000000000000000 -0.0205242236890226 0.1594764124127750
0.5000000000000000 -0.1070320538696094 0.0037092189206432
0.5000000000000000 -0.0990061410112586 0.1684338928938773
0.5000000000000000 0.1057108928775889 -0.4080966659586467
-0.2150074429423857 -0.5000000000000000 -0.4473489842967005
-0.3070432745870494 -0.4679942176533620 -0.5000000000000000
-0.2353976638685560 -0.5000000000000000 -0.3292184790277795
-0.2830223327196193 -0.4400770409080021 -0.5000000000000000
-0.2691922074890450 -0.5000000000000000 -0.2030283807991521
-0.1240336578820438 -0.5000000000000000 -0.2132984102267326
-0.3869651879768718 0.4967788422488100 0.0980255882628014
0.5000000000000000 -0.1571119230236454 0.2580070710285403
-0.4059487677149385 -0.2546150467641777 -0.5000000000000000
-0.4800451840222147 -0.2978570563385210 -0.5000000000000000
-0.2244516879822065 0.3179876059837318 -0.5000000000000000
-0.2108719138413129 -0.5000000000000000 -0.4499372813563814
-0.1997210909609213 -0.5000000000000000 -0.4452679312806575
0.3748056622563951 0.2874188649310716 0.5000000000000000
0.4818887594799872 0.2978267342225879 0.5000000000000000
0.2799241102502982 -0.2957335615605574 0.5000000000000000
-0.1400855388183219 -0.0319564442590569 0.5000000000000000
-0.2935402110844267 -0.0609827650620568 0.5000000000000000
-0.1666169134706887 -0.1778644125322963 0.5000000000000000
-0.3067807777023537 -0.1137048572768750 0.5000000000000000
0.0218473583910844 -0.4786019216845196 0.5000000000000000
-0.5000000000000000 -0.4705105624623977 -0.4138251593999387
-0.4006005355363186 -0.5000000000000000 -0.4746774899388151
-0.3345186068678226 -0.5000000000000000 -0.4168530092904996
-0.3782572621564455 -0.4790276995172201 -0.5000000000000000
-0.3763092051141889 -0.5000000000000000 -0.4019070181235384
0.0984665011973376 -0.0821575717333164 -0.5000000000000000
0.2299548612240886 -0.0452977020955557 -0.5000000000000000
0.1540473375807027 -0.1424733917029717 -0.5000000000000000
0.0853764212739898 -0.1845425751718581 -0.5000000000000000
-0.4345843618986324 -0.0008822926711841 -0.5000000000000000
-0.4266354859067090 -0.0360934176869685 -0.5000000000000000
-0.5000000000000000 -0.3138535945876084 0.1833113055447576
-0.5000000000000000 -0.2335214173709286 0.0934591987486085
-0.5000000000000000 -0.2170822140212497 0.0614004739836180
-0.2215741167341905 -0.5000000000000000 0.0817830724646165
-0.0312032658102888 -0.5000000000000000 0.2557062668286401
-0.1433007476899195 -0.5000000000000000 -0.0296064361915353
-0.0242063320982530 -0.5000000000000000 0.0696099793071794
-0.1172264562408959 -0.5000000000000000 0.1179070040005675
0.4017712840046639 0.5000000000000000 -0.2066733691099712
0.4763693580236017 0.5000000000000000 0.1814731995923590
0.4334699090051226 0.5000000000000000 -0.4663313451872468
0.3263231202773080 0.5000000000000000 -0.3775749579748208
0.4092364052976651 0.5000000000000000 -0.3189318611379751
0.3502539548019880 -0.5000000000000000 -0.1315274748697155
0.4398944676790928 -0.5000000000000000 0.0028369606207705
0.2975606413862635 -0.5000000000000000 0.0336225993460476
0.4437674741281626 -0.5000000000000000 -0.0509487478155534
0.4195372703885120 0.0949409693923292 -0.5000000000000000
-0.3722178952738913 0.5000000000000000 -0.0097296433365214
-0.3920680043288722 0.5000000000000000 0.0720958002639071
-0.0712350208124262 -0.0635365386743937 0.5000000000000000
-0.0248688047595012 -0.1544270338708898 0.5000000000000000
-0.1326962020097156 -0.1804114827437072 0.5000000000000000
0.0068663462765899 -0.1136453898002730 0.5000000000000000
-0.0188224098845435 -0.1114000376214222 0.5000000000000000
0.1255108156024008 -0.4068164067574654 0.5000000000000000
0.2246170624185817 -0.4246641167471773 0.5000000000000000
0.2635853690599346 -0.4197019689208878 0.5000000000000000
0.2663138892451667 -0.3273371679471284 0.5000000000000000
0.5000000000000000 0.2256164170803707 -0.0775907606502096
0.5000000000000000 0.2116748525568968 -0.0163835925985899
0.5000000000000000 0.2154092740515424 -0.0663783974949772
0.5000000000000000 0.1844304882591431 -0.1186198488992102
0.5000000000000000 0.1750642361963455 -0.1628725793025197
0.5000000000000000 0.1969005307540266 -0.0758142270304617
0.5000000000000000 0.1779264339487315 0.0705073016548026
0.5000000000000000 0.1153688946208317 -0.0065407495395156
0.2439800856706609 0.1215987886827547 -0.5000000000000000
0.1337508638691881 0.1443304053930586 -0.5000000000000000
0.2014974064497372 0.1502113855369930 -0.5000000000000000
0.2037451238556875 0.1013912725533428 -0.5000000000000000
-0.5000000000000000 0.2714878254659630 0.1212417830062855
-0.5000000000000000 0.2917209049159716 0.0908096847808918
-0.5000000000000000 0.1862862398955494 0.1607039062688899
-0.5000000000000000 0.2684880549184525 -0.0672269651140572
-0.5000000000000000 0.2655789544558937 0.0260862065271584
0.4091493164919792 0.0315954725667130 -0.5000000000000000
0.4067677713498977 -0.0066885905647334 -0.5000000000000000
-0.4731389112639190 0.1703754706433435 0.5000000000000000
-0.5000000000000000 0.2583556080733246 0.2796301313260929
-0.5000000000000000 0.2904492357515101 0.2407202098123505
-0.5000000000000000 0.2978390941778001 0.3623840743618261
-0.5000000000000000 0.2498370082912877 0.4344109202823934
0.2354958818297164 0.1141018219142773 0.5000000000000000
0.2011028816678048 0.0200933401925296 0.5000000000000000
0.2459193430903975 0.0535850768245333 0.5000000000000000
0.1927941691072624 0.0492283426905424 0.5000000000000000
0.1609354085891985 0.0564587872036236 0.5000000000000000
0.2638920064949726 -0.0052312771349155 0.5000000000000000
0.2183078058978484 0.0037320468940935 0.5000000000000000
0.2482705295930910 0.0121607424363542 0.5000000000000000
-0.2711623271702719 0.5000000000000000 -0.0183230349919159
-0.2120294475487949 0.5000000000000000 -0.1140077783577230
-0.3500608559681249 0.5000000000000000 -0.2286736411290303
-0.3079169250348863 0.5000000000000000 -0.1477062419268216
-0.2360398847525858 -0.5000000000000000 0.1178731748814281
-0.2688080661704634 -0.5000000000000000 -0.0734506467225541
-0.2366271198196849 -0.4593286598222456 0.5000000000000000
-0.2342747030565576 -0.5000000000000000 0.2293777328713633
0.3310050083175199 0.2676263889051724 0.5000000000000000
0.1786248226120325 0.2487348372640308 0.5000000000000000
0.2580854243551423 0.2303646761532544 0.5000000000000000
0.2231708767572038 0.2157762956700160 0.5000000000000000
0.2791148214750710 0.5000000000000000 -0.0048361293158128
0.2830166112559152 0.5000000000000000 -0.1969594072780609
0.5000000000000000 0.4293495377439638 0.0541970011640829
-0.1489841204294463 0.0178254324341336 0.5000000000000000
-0.2956968628046719 -0.0120838005413388 0.5000000000000000
-0.2791597148286003 0.1202386853629520 0.5000000000000000
0.4410994281701664 -0.3159029893999954 0.5000000000000000
0.3913820664004439 -0.2486961294491053 0.5000000000000000
0.4158855863288161 -0.3311110394714247 0.5000000000000000
0.4487101656572290 -0.3363378049978406 0.5000000000000000
0.3586493639632424 -0.3032296528051610 0.5000000000000000
0.4241717510921277 -0.2843310375622047 0.5000000000000000
0.5000000000000000 0.2545400268127686 0.1785406087046412
0.5000000000000000 0.2884684079869523 0.4365058667816084
0.4823276952670352 -0.5000000000000000 -0.3679161183857232
0.4445775734536066 -0.5000000000000000 -0.2397233495961623
0.4854022136803420 0.4899416202599917 0.2691790222729393
-0.2603802363157008 0.4618509523635368 -0.5000000000000000
0.1256019764152448 -0.0125808263538108 0.5000000000000000
0.1348077873143378 0.0133875540003097 0.5000000000000000
0.0415433013492737 -0.5000000000000000 -0.4651091137160288
0.0912933332969997 -0.5000000000000000 -0.2523686177801095
0.3599254330935640 0.2704183028023002 0.5000000000000000
0.4009174607938781 0.2876225660021816 0.5000000000000000
0.3631764882934553 0.2855716045108599 0.5000000000000000
0.3759161588299731 0.2718652572789355 0.5000000000000000
0.3442841897189281 0.2883749645295912 0.5000000000000000
0.3554815933979828 0.2731656620017749 0.5000000000000000
0.4734181578189245 0.3325966819748015 0.5000000000000000
0.3489644989531762 0.4284302659164129 0.5000000000000000
0.5000000000000000 0.2418773421373862 0.1601593546443858
0.5000000000000000 0.2815988575942358 0.4265124563500038
-0.5000000000000000 -0.4916661159878711 0.0115419430688816
-0.2403093167258231 -0.2879211650735092 0.5000000000000000
-0.4305679878812100 -0.5000000000000000 0.1651206010702657
-0.2929689097987171 -0.4590075949373731 0.5000000000000000
-0.2583456795376174 -0.4579433753506151 0.5000000000000000
-0.5000000000000000 -0.4557886513448289 0.3028282793026536
0.3926411680429549 -0.5000000000000000 -0.2796325907507833
0.5000000000000000 -0.1147532361832418 0.3160445585396756
0.5000000000000000 -0.0070784664015182 0.3810721567764934
0.5000000000000000 -0.0097377517317041 0.1530563981540029
0.2380916769151967 -0.0366579750059919 -0.5000000000000000
-0.1282961003753557 -0.1821409119940667 -0.5000000000000000
0.5000000000000000 -0.0843620883210716 -0.1942856200910527
-0.3424479290511598 0.5000000000000000 0.0396896886193950
-0.5000000000000000 0.3563517761686908 -0.0439231769072342
-0.5000000000000000 0.3979897117046878 -0.2594156097901627
-0.3618367022909390 0.5000000000000000 -0.1579975978364265
-0.3319450543632566 0.5000000000000000 0.0927207093005821
0.4948428767408196 -0.0571030521217432 -0.5000000000000000
-0.3699536364030551 -0.2543273516342276 -0.5000000000000000
-0.1890862745263219 -0.0793544117496319 -0.5000000000000000
-0.1480130613592339 -0.1603828318037059 -0.5000000000000000
-0.0644414500379551 -0.0489355847656535 -0.5000000000000000
-0.2731883985839469 -0.0774547026017354 -0.5000000000000000
-0.2435569547242943 -0.0527765238945720 -0.5000000000000000
-0.1976706389623976 -0.0700384870965378 -0.5000000000000000
-0.2046144788631123 -0.1009679483631258 -0.5000000000000000
-0.2080731953398224 -0.1067051041807925 -0.5000000000000000
-0.2068336795368989 -0.3542561096960899 -0.5000000000000000
-0.1624800529268400 -0.3219970319905390 -0.5000000000000000
-0.1369699048421375 -0.3533561364368100 -0.5000000000000000
0.4739770543212067 0.5000000000000000 0.2796511034956756
0.2063817453955284 0.5000000000000000 0.1892116381568729
-0.1844145440105829 0.3686800655295945 0.5000000000000000
-0.1761362656094091 0.3252785274994505 0.5000000000000000
-0.2927640642804955 0.3440149864500447 0.5000000000000000
-0.0748524474011348 0.3674954049882594 0.5000000000000000
-0.2129903558609641 0.2906585198417075 0.5000000000000000
-0.3759366906414747 0.3630292467559870 0.5000000000000000
-0.3487120052926012 0.2145564410432744 -0.5000000000000000
-0.4050809207851018 0.1239780227965595 -0.5000000000000000
-0.3306414185547075 0.1469174182969632 -0.5000000000000000
-0.4028675506082942 0.1068560242468125 -0.5000000000000000
-0.3910944633753747 0.2648528732651729 -0.5000000000000000
0.4320878421550047 -0.1441013203415915 0.5000000000000000
0.4802561579398451 -0.0609298254742713 0.5000000000000000
0.5000000000000000 -0.1338588417385650 0.4709912327453993
0.5000000000000000 -0.0721697346518116 0.4969932543725070
0.5000000000000000 0.3387573458874302 -0.1643488101243409
0.5000000000000000 0.3314242623071500 0.0782490263062411
0.5000000000000000 0.3200477073641241 0.0319924309199321
0.5000000000000000 0.3843966744542260 0.0345903400703862
-0.3647292728562211 -0.2713247145213030 -0.5000000000000000
-0.4394543367237450 -0.3153177900731837 -0.5000000000000000
-0.3323336340257935 -0.2707890121717906 -0.5000000000000000
-0.2657221087290295 -0.3568566065831397 -0.5000000000000000
-0.5000000000000000 -0.3502370300386316 -0.2223537898089940
-0.5000000000000000 -0.2970683594973850 -0.1632796384720054
-0.5000000000000000 -0.3676374117854725 -0.1969335171809218
-0.5000000000000000 -0.2917297916225813 -0.0206980477767668
-0.5000000000000000 -0.3966088905520183 -0.1484678273375282
-0.5000000000000000 -0.3325464897361491 -0.1316469830935812
0.4294977594775516 -0.4868682421006565 -0.5000000000000000
0.3882033228704417 -0.4633568437418474 -0.5000000000000000
0.5000000000000000 -0.4287171915399463 -0.3724411015555254
0.4258950028312340 -0.3043023500719608 -0.5000000000000000
0.5000000000000000 -0.4939530882967135 -0.4514928649233150
0.4635409909299226 -0.5000000000000000 -0.4459713238547668
0.1193022511531246 -0.5000000000000000 0.3393595881033774
0.1534668998000952 -0.5000000000000000 0.3072673584974006
0.0246820504756824 -0.5000000000000000 0.1309299641936646
0.0668221815768864 -0.5000000000000000 0.3999411865705996
0.0731639910982622 -0.5000000000000000 0.2949834460253213
0.5000000000000000 -0.0099751112782487 0.1629718737152845
0.5000000000000000 0.1156389003516593 0.1795966447762194
0.5000000000000000 -0.0160180109881801 0.1302060064454270
0.5000000000000000 0.0054832582256948 0.1351041131599836
0.5000000000000000 -0.0095483429754080 0.1785784337389024
-0.1568329257571184 0.4599043474697576 0.5000000000000000
-0.3306549424190267 -0.5000000000000000 -0.0041088930150558
-0.3749389308498027 -0.5000000000000000 -0.0456803222338555
-0.3165118327458806 -0.5000000000000000 -0.1051506347007125
-0.1119990261561674 0.5000000000000000 -0.0924634220502683
-0.2000469080485484 0.5000000000000000 -0.3298246046047872
-0.0719459285829114 0.5000000000000000 -0.2664950414347789
-0.5000000000000000 -0.1424042394235893 -0.1475959288807195
-0.5000000000000000 -0.0388939959192024 -0.0828049602261261
-0.5000000000000000 -0.1711470237454891 0.0211657447750357
-0.5000000000000000 -0.1350679613378361 -0.1192461797686193
0.0634819823812753 -0.0735003846660613 -0.5000000000000000
0.1432889321844330 0.0118403470761678 -0.5000000000000000
-0.0007069621248196 -0.0999422790814342 -0.5000000000000000
-0.1396790811140290 0.1156637272349489 0.5000000000000000
-0.1473473485192117 0.1413605246958799 0.5000000000000000
-0.1432696039190348 0.1575163030969721 0.5000000000000000
-0.1578413752376967 0.1509896370867617 0.5000000000000000
-0.1406273003973262 0.1406258137568027 0.5000000000000000
-0.1453486236700373 0.1472180759910185 0.5000000000000000
-0.1552058159717173 0.1424489139797125 0.5000000000000000
-0.0883262722112450 0.4451970137668868 -0.5000000000000000
-0.0939463511846748 0.0000387700363871 0.5000000000000000
-0.0672865363552418 -0.1319839908708735 0.5000000000000000
-0.1034991893928661 -0.0206308393332338 0.5000000000000000
-0.0759219774448844 0.0025008793384777 0.5000000000000000
-0.1658877714019603 0.0661191541734923 0.5000000000000000
-0.0501857591004262 0.0063853076056845 0.5000000000000000
-0.0514485884687465 0.2499492367608690 -0.5000000000000000
0.1124711870473752 -0.3033055450747255 0.5000000000000000
0.1176500744455601 -0.3498452653319878 0.5000000000000000
0.1144128690768528 -0.3208158960629053 0.5000000000000000
0.1422583780448611 -0.3371033775935208 0.5000000000000000
0.1090371001379493 -0.3016232481675516 0.5000000000000000
0.1510899619855987 -0.2586270179542527 0.5000000000000000
0.0136838661198015 -0.3304080364999453 0.5000000000000000
0.1228851628393101 -0.2797756811141525 0.5000000000000000
0.1612658459299359 -0.3421020990333158 0.5000000000000000
0.2138455109486782 -0.1687493796941991 0.5000000000000000
0.1672072616353529 -0.3125726369192889 0.5000000000000000
0.4788501314427628 -0.5000000000000000 0.4343449547278579
0.5000000000000000 -0.4836108058081472 0.4189237659785713
0.4049265451308819 0.5000000000000000 0.1712089987946233
0.4836403950385630 0.5000000000000000 0.2528778790544178
0.5000000000000000 0.4362836290442160 0.3660299730909186
0.5000000000000000 0.4878361250275175 0.2933778694847761
0.3737779407581182 0.5000000000000000 0.4654601925715869
0.5000000000000000 0.4798869379220966 0.3232707545729908
0.5000000000000000 0.4774976232922765 0.2705821694881472
0.5000000000000000 0.4774816632546304 0.2244922165038195
-0.4907924431029243 0.1563705006983895 0.2117516612546275
-0.5000000000000000 -0.3313945906012556 -0.3635650599227539
-0.2774645759282827 -0.1389063472077154 0.5000000000000000
-0.5000000000000000 0.0570520689017186 0.2650621757112648
-0.3964641270319271 -0.0840505370596191 0.5000000000000000
-0.3177305864991599 0.0157629173452432 0.5000000000000000
-0.3258960928773083 -0.0632077350551879 0.5000000000000000
-0.3264614653187724 -0.0324610769424988 0.5000000000000000
-0.5000000000000000 -0.0990343461219056 0.1822076828359263
-0.3161323813351501 -0.0512914084696170 0.5000000000000000
-0.2403408467334100 0.0498345549073885 0.5000000000000000
-0.5000000000000000 -0.0756103356675904 0.0707995046069211
0.2146064548655045 0.5000000000000000 -0.0565857002903021
0.2587417773339472 0.5000000000000000 -0.0343881099993006
0.2697213470027678 0.5000000000000000 0.0144609315397592
0.2196052482596978 0.5000000000000000 0.0993662167613800
-0.5000000000000000 0.4451895739906077 -0.0509146800840767
-0.5000000000000000 0.3612747515310051 -0.0382440579010754
-0.5000000000000000 0.3990981894837363 -0.2559712125814005
-0.5000000000000000 0.4465123327046975 -0.1191403556315576
-0.5000000000000000 0.4921281821340267 0.0376175302149195
-0.5000000000000000 0.1189678488309457 -0.3237838626582885
-0.5000000000000000 0.1094514650273717 -0.3227619022717910
-0.5000000000000000 0.0927888619825973 -0.2139942335292951
-0.5000000000000000 0.1174742651007176 -0.2441626293900679
-0.5000000000000000 0.1407066920147103 -0.2646685851914047
-0.5000000000000000 0.1058618591897785 -0.2823766918563530
-0.5000000000000000 0.1489200322677353 0.0905169485571253
-0.5000000000000000 0.1875989862679053 -0.2674961442565205
-0.5000000000000000 0.1174356973984276 -0.3069698679507606
-0.5000000000000000 0.1616844558981322 -0.2148949268249045
-0.0943182518717120 -0.5000000000000000 -0.1611162384887490
0.3166092190005239 0.0991875495867943 -0.5000000000000000
0.3476912994936542 0.0965289149570539 -0.5000000000000000
0.2552967817394038 0.0823918445834975 -0.5000000000000000
0.1932303517294952 0.5000000000000000 0.2187733461390428
0.1776201492240461 -0.3446822655618466 -0.5000000000000000
0.5000000000000000 0.2123728081737678 0.2481538604080660
0.5000000000000000 0.2775475806850164 0.1641477666988758
0.5000000000000000 0.2722136377351426 0.1228897446290805
0.2796426596011665 -0.0666185436597261 0.5000000000000000
-0.5000000000000000 -0.1652703323601698 -0.3318467944799314
-0.4312671877460036 -0.1679408127646137 -0.5000000000000000
-0.2904542789361250 -0.4253427586839288 -0.5000000000000000
-0.3970432853970849 -0.1848461267459846 -0.5000000000000000
-0.3841469403068996 0.2137113438823963 -0.5000000000000000
-0.3099843895385434 0.2587286418100992 -0.5000000000000000
-0.3764694063234618 0.2853901513188620 -0.5000000000000000
0.0650368931370339 0.5000000000000000 0.4207713707468587
0.1384108659370050 0.3565213175195501 0.5000000000000000
-0.0068797488649383 0.3740692649800065 0.5000000000000000
0.0792542934263950 0.4146275303181453 0.5000000000000000
0.0803304939169578 0.2317454527900763 0.5000000000000000
0.0673791091252515 0.5000000000000000 0.2925710210038638
0.0328329851550501 0.3465220971126117 0.5000000000000000
0.0037518061859785 0.3074969565826665 0.5000000000000000
-0.1554074168406101 0.3893553696380220 0.5000000000000000
-0.2726102178958799 0.5000000000000000 0.4508260648530660
-0.2828711919909510 0.3924025480966982 0.5000000000000000
-0.0616034359309723 0.4000776599960086 0.5000000000000000
-0.1390996605331490 0.5000000000000000 0.3959729393669671
-0.3754603065593124 0.3669499778014728 0.5000000000000000
-0.2062949798494327 0.5000000000000000 0.3224727794939458
-0.1852965714543889 0.5000000000000000 0.3981607461214608
-0.5000000000000000 -0.3932744652477171 -0.3337878051224881
-0.5000000000000000 -0.2954183408052105 -0.3265838777786816
-0.5000000000000000 -0.2172481212606639 -0.3284139667117183
-0.4712905997996718 -0.1907902745480786 -0.5000000000000000
-0.5000000000000000 -0.2830702736442635 -0.4050452633428695
-0.4807747824034162 -0.3135174377289660 -0.5000000000000000
-0.5000000000000000 -0.3458647727939975 -0.4478041063830262
-0.3011303909094923 -0.4318969175804370 -0.5000000000000000
-0.4254581310008826 -0.0906626755990028 -0.5000000000000000
-0.5000000000000000 -0.1428530489998251 -0.2755481353698701
-0.4735694389366711 -0.1228673735574306 -0.5000000000000000
-0.5000000000000000 -0.1022782751558673 -0.3209226198126117
-0.5000000000000000 0.1190282108011885 -0.4855699210508071
-0.5000000000000000 0.1009587496249453 -0.4878220554525241
0.3040465269460600 0.2052714377098589 0.5000000000000000
-0.1275847154120420 0.1559569177716260 -0.5000000000000000
0.5000000000000000 0.0958589824650884 0.4246980603401007
0.5000000000000000 0.2604550159200908 0.4523705402925494
0.5000000000000000 0.0647688901909964 0.3828728602563896
-0.0307274515586042 0.2372746478179619 0.5000000000000000
0.0390632797059911 0.1913368048770400 0.5000000000000000
-0.0252950194622654 0.2053234368589711 0.5000000000000000
0.0328005637743860 -0.3891395463159040 -0.4993053305091950
-0.0118323337522262 -0.2831291803707439 -0.5000000000000000
0.0051722313963120 -0.3275304007084752 -0.5000000000000000
-0.0392476629999448 -0.3577339890699622 -0.5000000000000000
0.5000000000000000 0.2950784885077410 0.4957635406668380
-0.1152747002664031 -0.1956297276328946 -0.5000000000000000
-0.1096960236354829 -0.2087246832296486 -0.5000000000000000
-0.1245095272503619 -0.2036771116689194 -0.5000000000000000
-0.1141824494752275 -0.2305731006847005 -0.5000000000000000
-0.0895529599354480 -0.1646293190007108 -0.5000000000000000
0.3804576317541856 -0.0254268964759133 0.5000000000000000
0.3759273237242545 0.0089954186468880 0.5000000000000000
0.1846034179907131 0.4888813620059674 0.1643062038787432
-0.2039045139328979 0.4139519997215877 -0.5000000000000000
-0.2041662368705847 0.3801879157016511 -0.5000000000000000
-0.0877814107619221 0.4173290003562318 -0.4929333777926235
-0.1124922843033243 0.2032939203359665 -0.5000000000000000
-0.1589880535125584 0.3051346483235575 -0.5000000000000000
0.0426487682488489 0.5000000000000000 0.3917648410151937
0.0611352528287147 0.5000000000000000 0.4158706800788623
0.0554066059781402 0.5000000000000000 0.3913969016888483
0.0630768494985681 0.0963943121109963 0.5000000000000000
0.0145459085220442 0.0386037895689121 0.5000000000000000
-0.2670153306240812 0.1600459083471804 0.5000000000000000
-0.5000000000000000 0.0645870162947614 0.2639649823751794
-0.3041013855487316 0.1458268457085322 0.5000000000000000
-0.2656159310036008 0.1910402187844038 0.5000000000000000
-0.2533780996016639 0.1502952235766016 0.5000000000000000
-0.2294568898426826 0.1171590803317937 0.5000000000000000
0.5000000000000000 -0.3254286847782096 0.0788614670795593
0.5000000000000000 -0.3488332805463964 0.2250492457488668
0.5000000000000000 -0.3305153094267904 0.3206289511853547
0.5000000000000000 0.3200888637437080 0.1280775572834791
0.5000000000000000 0.3083539360842644 0.0714062946133136
0.3008747631654526 -0.4527027163292188 -0.5000000000000000
0.5000000000000000 -0.4461888856763279 -0.1090806339858890
0.3337510077509215 -0.5000000000000000 -0.4496241954843960
0.5000000000000000 -0.4277300168605867 -0.3660656343759162
0.3437303226670964 -0.5000000000000000 -0.2518907028597154
0.4213783254990545 -0.5000000000000000 -0.3215611271909317
0.4105277194513930 -0.5000000000000000 -0.2265724217708459
0.4881487914594664 0.5000000000000000 -0.3643188466319474
0.5000000000000000 0.4250798096381922 -0.3632372352772441
0.5000000000000000 0.3676218113442227 -0.2960437838214106
0.1143625054646492 -0.4366000777350473 0.5000000000000000
0.0296816447405797 -0.4782670501381294 0.5000000000000000
0.3428323477498199 0.3396724830862127 -0.5000000000000000
0.1126626009151112 0.2165217670265792 0.5000000000000000
0.1242604468850195 0.1356146976501810 0.5000000000000000
0.1624891543346042 0.0351664690826381 -0.5000000000000000
-0.5000000000000000 -0.2092985915851451 0.2188391117345179
-0.4317750731368832 -0.1060214084472929 0.5000000000000000
-0.5000000000000000 -0.1479458792279729 0.1663002767075472
-0.5000000000000000 -0.1001499285965338 0.1819439477602544
-0.5000000000000000 -0.1020627716614494 0.0944077537052986
-0.0478469040291873 -0.5000000000000000 -0.4841506572711864
0.2152086665710798 0.4504774195023835 -0.5000000000000000
0.1456782152459029 0.4101010959492639 -0.5000000000000000
0.5000000000000000 0.4927214856381447 -0.3716418649216012
-0.0203624738770757 -0.5000000000000000 0.3020190501131343
0.0000775264101507 -0.5000000000000000 0.4776906434678848
0.0521200264671502 -0.2066209321853716 -0.5000000000000000
-0.3455067795642937 0.2695589124172875 0.5000000000000000
-0.3570552486680554 0.2849959233013279 0.5000000000000000
-0.4432385517552163 0.1923620261113922 0.5000000000000000
-0.3597421633874768 0.3151435166335874 0.5000000000000000
-0.3375161911989648 0.2237206557027215 0.5000000000000000
-0.2939108535809012 0.2676729232134218 0.5000000000000000
-0.3812295523864374 0.3600784667087397 0.5000000000000000
0.1187976832564243 -0.3946874296991288 0.5000000000000000
0.1869716301758542 -0.3977458017315500 0.5000000000000000
0.2246993724096035 -0.3987359240110906 0.5000000000000000
0.2311797274443897 -0.3258037657826895 0.5000000000000000
-0.5000000000000000 -0.4917320731305267 0.0109018616260445
-0.3866662184868183 -0.5000000000000000 -0.0218645115300691
-0.4286270099329687 -0.5000000000000000 0.0905747360491787
0.0599884361644515 0.1061889034824885 0.5000000000000000
0.0981056231320999 0.1130562627213190 0.5000000000000000
0.0974288234950993 0.0747635062158034 0.5000000000000000
0.0025407657282432 0.1354044924220550 0.5000000000000000
-0.0415800346252806 -0.5000000000000000 0.2639090529637154
-0.0122227585016327 -0.5000000000000000 0.3028102182308875
-0.0199002799059546 -0.5000000000000000 0.2714773754632231
-0.0293950031697456 -0.5000000000000000 0.2618668294914271
-0.0124028507979516 -0.5000000000000000 0.2579970959868781
-0.0531567596046836 -0.5000000000000000 0.2991923725793661
-0.1568467932938258 0.3065124425910989 0.5000000000000000
-0.0714083557476151 0.3545251432433744 0.5000000000000000
-0.1934478708581819 0.2789513873659007 0.5000000000000000
-0.1012752054182157 0.2903849464559318 0.5000000000000000
-0.5000000000000000 -0.4317153518882042 -0.3208570726845849
-0.5000000000000000 -0.3818704090653140 -0.4685099711903616
-0.2957415891250931 -0.4381835964134136 -0.5000000000000000
-0.2896699676965231 -0.5000000000000000 -0.1652395623997043
-0.0633594284971589 0.3016765111695011 -0.5000000000000000
-0.0423915327536174 0.5000000000000000 -0.4135549293415228
-0.5000000000000000 -0.4544531081042376 -0.3289428503074539
-0.5000000000000000 -0.4696817941568052 -0.2338551927673847
0.5000000000000000 -0.2992547535116150 0.0187053168620564
-0.0518910112090742 0.2474102755864388 -0.5000000000000000
-0.0434398806711655 0.2432286657048046 -0.5000000000000000
-0.0554005825515848 0.2436562487241186 -0.5000000000000000
-0.0589010229375106 0.2528557283326452 -0.5000000000000000
-0.0475133611897108 0.2485013288352833 -0.5000000000000000
-0.0518711697195392 0.2448204039320961 -0.5000000000000000
0.5000000000000000 -0.1409585844176559 -0.0493323022519178
0.5000000000000000 -0.1060265318888777 -0.1254199756898884
0.5000000000000000 -0.1326853211230146 -0.1261266526628825
-0.2656520051826375 -0.5000000000000000 0.0128968428442112
-0.1523078018833492 -0.5000000000000000 0.1701382425296947
-0.1197584918832452 0.2641232603023918 0.5000000000000000
-0.0525347531194134 0.3306973922526054 0.5000000000000000
-0.1622051661653612 0.2448608519411803 0.5000000000000000
0.0735926446540138 0.2291312558934650 0.5000000000000000
-0.0707546258299926 0.2543434420276791 0.5000000000000000
-0.3997376604533698 0.2975708435146045 0.5000000000000000
-0.5000000000000000 0.4635730427623608 0.1205332485845382
-0.5000000000000000 0.4072036815331148 0.0544199141884217
-0.5000000000000000 0.4652068167397991 0.1506696034688455
-0.4850126227631214 0.5000000000000000 0.1568841530140266
-0.4660267716805308 0.5000000000000000 0.1815892358727365
-0.5000000000000000 0.4598729134743967 0.1592028241619097
-0.5000000000000000 0.4794887514974708 0.1200104471351486
-0.4466146984404860 0.1324660599399710 -0.5000000000000000
-0.4359483932535320 0.0963044569458298 -0.5000000000000000
0.0803749307288928 0.2273270157857399 0.5000000000000000
0.4793753879503496 0.5000000000000000 -0.4423205892701379
0.3597694904456931 -0.1304399192796525 0.5000000000000000
0.4159542909671214 -0.0241479939442337 0.5000000000000000
0.2887652339306304 -0.0681468165959603 0.5000000000000000
0.2276991280596451 -0.5000000000000000 0.4412866576527937
0.0483710479738293 -0.4005114524698704 0.5000000000000000
0.1002383751293623 -0.4087726956240512 0.5000000000000000
-0.2267903949908499 -0.5000000000000000 -0.3062426257608286
-0.2555339540625415 -0.5000000000000000 -0.1420229000920656
-0.1023833900565252 -0.5000000000000000 -0.1702906549490922
-0.2031008832196990 -0.5000000000000000 -0.1903946706494914
-0.5000000000000000 0.1598039919083561 0.1870850535590153
0.2776635873253955 0.2246529243860436 -0.5000000000000000
0.2476479291968691 -0.0256983068243022 -0.5000000000000000
0.5000000000000000 0.0867563954968414 -0.1912592657769214
-0.5000000000000000 -0.4908539116704482 0.0147528897864073
-0.5000000000000000 -0.4918306922587783 0.0104295818058876
-0.2966652834544554 0.5000000000000000 0.1480775858591917
-0.4905456306642639 -0.4698201173269613 0.0932384788106660
-0.3901874471388936 -0.0719657718898134 -0.5000000000000000
-0.4090496438673066 -0.0606836316247661 -0.5000000000000000
-0.2776424687607272 -0.2711554643934336 0.5000000000000000
-0.2587191270613578 -0.2433309628948306 0.5000000000000000
-0.1343768202937010 -0.3154656658291785 0.5000000000000000
-0.1713159563276464 -0.2043170599376731 0.5000000000000000
-0.2230519784005584 -0.2360647906265864 0.5000000000000000
-0.2297825481479459 -0.2462529840524234 0.5000000000000000
-0.2782692507131849 -0.2159129579070789 0.5000000000000000
-0.4186065887156898 0.3020730324418944 0.5000000000000000
0.2790549597003628 -0.4602358485992000 -0.5000000000000000
0.2051218190431708 -0.3516137087678696 -0.5000000000000000
0.2970449789919652 -0.4459609868005052 -0.5000000000000000
-0.5000000000000000 0.0420321048073862 -0.0507532932959865
-0.1769067646298034 0.2093187831989630 0.5000000000000000
-0.4713492276520366 -0.5000000000000000 0.1409253495501506
-0.5000000000000000 -0.4736319486409108 0.0613952666934085
-0.5000000000000000 -0.4651928216930454 0.1791846091941680
-0.5000000000000000 -0.4462201809468117 0.1373735430668072
0.5000000000000000 0.2732446189840302 0.4716887817029126
0.2483807296388477 -0.5000000000000000 0.3979931363835750
0.2330981677577836 -0.5000000000000000 0.1767764293399740
-0.4230384514947319 -0.5000000000000000 -0.3652317747229043
-0.4223262732225795 -0.5000000000000000 -0.1655271786838785
-0.0222375027578538 0.3904959022868947 0.5000000000000000
-0.0615353163663139 0.5000000000000000 0.3147572888749295
0.0072969433101790 0.5000000000000000 0.2593396855995429
-0.2745976732986650 -0.4263301272890386 -0.5000000000000000
-0.1099741141908386 -0.5000000000000000 -0.1981077383308977
-0.2418811947118646 -0.3621774907218502 -0.5000000000000000
-0.0195099932891431 -0.0389423002300232 -0.5000000000000000
-0.0034596913249907 0.0061472127652099 -0.5000000000000000
-0.0440817636233831 -0.0048982475421375 -0.5000000000000000
0.0019165794402877 -0.0230470001518467 -0.5000000000000000
-0.0314375676616324 -0.0348548228670064 -0.5000000000000000
-0.0297379257719214 -0.0215752198981785 -0.5000000000000000
-0.0251997098457432 -0.0523195436348493 -0.5000000000000000
-0.0550709138342728 -0.1658156461685589 0.5000000000000000
0.3566887129993769 -0.1818297380349569 0.5000000000000000
0.3204388241808129 -0.1546128198239460 0.5000000000000000
-0.5000000000000000 0.3028697338587045 -0.2321439105325808
-0.2023061796138453 0.1773138096706217 0.5000000000000000
0.3115165571671833 -0.0773430077733029 -0.5000000000000000
0.3763341766409616 0.0276999595344822 -0.5000000000000000
0.3609852891329018 -0.0440244273922664 -0.5000000000000000
-0.2369401790232982 0.3576720545144718 -0.5000000000000000
-0.3574008866715964 -0.0576422475921451 -0.5000000000000000
-0.3139435768533130 -0.0010409021961533 -0.5000000000000000
0.4879190065708281 0.2709584380167593 0.5000000000000000
0.4334746227989517 0.4899112057995357 -0.4992643822843140
-0.2289291182224481 0.1929242443406677 -0.5000000000000000
-0.2977780240098593 0.0582319019285614 -0.5000000000000000
-0.2870571978616842 0.2389199458946942 -0.5000000000000000
-0.3929867556172255 -0.0136372991005167 -0.5000000000000000
-0.4612945973322924 0.0519457784608050 -0.5000000000000000
-0.4449269100297405 0.1172344644281242 -0.5000000000000000
-0.3667338129336283 0.0357667706763573 -0.5000000000000000
-0.4335484216653173 0.0752149722238493 -0.5000000000000000
-0.5000000000000000 -0.0023049554799121 -0.4198187051237826
0.2685879839439689 0.4958501064467014 0.5000000000000000
-0.2832146019831194 -0.5000000000000000 -0.1271005299252345
0.4791544446338634 0.0538445208162132 0.5000000000000000
0.4624821356239213 -0.0170714329391455 0.5000000000000000
0.4204644634423351 0.0072978493530377 0.5000000000000000
0.2839461520301813 -0.0765334121283200 0.5000000000000000
0.3118144238228563 -0.2834923493386784 0.5000000000000000
0.2175268005064686 -0.0442594592506688 -0.5000000000000000
0.1152014284411137 -0.1276550995936058 -0.5000000000000000
0.0701173672182590 -0.1749854832657153 -0.5000000000000000
-0.4566017881270490 0.3879616049703791 -0.5000000000000000
-0.4301269414588080 0.3262559100290242 -0.5000000000000000
-0.4829385420591980 0.3886379730859519 -0.5000000000000000
-0.5000000000000000 -0.2700491953008644 0.2333437404136378
-0.5000000000000000 -0.2300624814920097 0.2016757900860887
-0.5000000000000000 -0.2203123945269012 0.2368377092521209
-0.0599752460068474 -0.1622777094446685 0.5000000000000000
-0.5000000000000000 0.0586840101950629 0.2292462500252910
-0.5000000000000000 0.0625601720787609 0.2475496254073998
-0.5000000000000000 0.0989780221277555 0.2399172394801814
-0.5000000000000000 0.0661777921159521 0.2618189961936617
0.1258720698420317 0.5000000000000000 -0.1735964276512845
0.0604233835366038 0.5000000000000000 -0.2405878065257034
0.0857618103853583 0.5000000000000000 -0.1754471370493362
0.2252567403297946 -0.0619778445007629 0.5000000000000000
-0.3750278449161679 -0.0475592739481424 -0.5000000000000000
0.5000000000000000 0.0436821163503384 0.4799009747730449
-0.1643581658400462 0.1739327513074242 -0.5000000000000000
-0.2229848399482715 0.2851267950816346 -0.5000000000000000
-0.1092968817762159 -0.3237988817370355 0.5000000000000000
-0.1582365800147433 -0.1977845359611650 0.5000000000000000
-0.5000000000000000 -0.0722427009314766 -0.2148231872834940
-0.5000000000000000 0.0974442507064692 -0.1084887341468278
-0.5000000000000000 0.0596293948297833 0.0715218093103267
-0.5000000000000000 -0.0546197925274255 0.0207741342946211
-0.5000000000000000 -0.0072177733010681 -0.2240573077755544
0.0131465471281998 -0.4713610682142956 0.5000000000000000
-0.4267681558355041 -0.5000000000000000 -0.0226350777574206
-0.5000000000000000 0.3469324962803604 -0.0053134802574004
-0.3826410363086007 0.3634949882588954 0.5000000000000000
-0.5000000000000000 0.3428807276091662 0.1933467528407791
-0.5000000000000000 0.3290735283948746 0.3499555558451418
-0.4045478398913740 0.3038055114915527 0.5000000000000000
-0.3178987299304561 -0.4347502869680063 0.5000000000000000
-0.4699092935471446 -0.3239163584606610 0.5000000000000000
-0.5000000000000000 -0.3138556933891464 0.2341708435146307
-0.5000000000000000 -0.4080198649735939 0.3003538218901442
-0.5000000000000000 -0.3553309328883318 0.2589481152925638
0.1548785210032909 0.2825284025085354 0.5000000000000000
-0.3056070010407549 0.0189409259634843 -0.5000000000000000
-0.4821455307330174 0.1440304734926325 0.5000000000000000
-0.4401247736198012 0.2433123113011936 0.5000000000000000
-0.4541136315484485 0.1469547437498303 0.5000000000000000
0.1127710391226514 0.1506647351349688 -0.5000000000000000
0.0567801955299973 0.1309444705194636 -0.5000000000000000
0.0594468263062818 0.1587346221714231 -0.5000000000000000
0.0487325321667545 0.2128418945129578 -0.5000000000000000
0.4236201910669104 0.5000000000000000 -0.4881408777058031
0.5000000000000000 -0.4370161281181906 0.0715207803061067
0.5000000000000000 -0.4244720235101193 -0.0578133816516859
0.5000000000000000 -0.3931837947654034 -0.0270044814788738
-0.0669558923215133 0.5000000000000000 -0.3792658714444699
-0.0266452774799973 0.5000000000000000 -0.3548656050891216
-0.1410069149253940 0.5000000000000000 -0.1237151373172243
-0.2230714695987884 0.5000000000000000 -0.3442931170804951
-0.5000000000000000 -0.1943743709506534 0.1108724385052277
-0.5000000000000000 -0.2541179932397596 0.1790634048725802
-0.5000000000000000 -0.1634245977092754 -0.1243811743709362
-0.5000000000000000 -0.1381565940185389 -0.2556496583159287
-0.0657763531823143 -0.5000000000000000 -0.4545175702558375
0.0252219837415473 -0.5000000000000000 -0.2641001908282639
-0.0682744465811688 -0.3722797711915192 -0.5000000000000000
-0.0939411068144871 -0.5000000000000000 -0.1946191514732184
0.2871409545727769 -0.5000000000000000 0.3839386099768870
0.2708807957205339 -0.5000000000000000 0.4223331133279531
0.2112446327623708 0.4681800850649164 -0.5000000000000000
0.0153627005734444 -0.4488146416088843 0.5000000000000000
-0.0517621634404091 -0.3658552308101046 0.5000000000000000
0.2284601925686616 0.2436935193304013 -0.5000000000000000
0.3023212165246499 0.2057259343189209 -0.5000000000000000
0.2460850464865792 0.2336544207167287 -0.5000000000000000
0.2457681145621232 0.3576418566816715 -0.5000000000000000
0.2906251601778825 0.2862880401144256 -0.5000000000000000
0.2422020104587561 0.2695718614127621 -0.5000000000000000
0.2225399483683538 0.2429006976044401 -0.5000000000000000
-0.0139677444646303 -0.5000000000000000 0.0452731385494977
0.0030198022816863 -0.5000000000000000 0.0297063301826277
-0.0510685849113615 -0.5000000000000000 -0.0428350735315704
-0.0602000844425430 -0.5000000000000000 0.0054117226870236
-0.0069536021804466 -0.5000000000000000 0.0957137612424767
-0.2096404816343261 0.0881069025668895 -0.5000000000000000
-0.0876020866738255 0.1138668547825542 -0.5000000000000000
-0.1355202129159278 0.1339692747090369 -0.5000000000000000
-0.1104641791402973 0.1452774541432929 -0.5000000000000000
-0.4157805258447073 -0.4926380307256910 -0.0963769143870650
-0.0582908611085499 -0.1587722795493175 0.5000000000000000
-0.4015959476000669 0.2632720354862625 -0.5000000000000000
-0.4686719626724094 0.1863907223015180 -0.5000000000000000
-0.2950398836649802 0.2828955451899560 -0.5000000000000000
-0.2920347132937217 0.4159838120204258 -0.5000000000000000
-0.3757882032483397 0.3118821607616982 -0.5000000000000000
-0.3642666682785856 0.5000000000000000 -0.2675522483696100
0.5000000000000000 -0.4329323374168063 0.1090164983799636
0.5000000000000000 -0.3820947777737769 -0.0064104308546105
-0.4267664928206840 -0.1074888071211568 0.5000000000000000
-0.2584625351038249 -0.5000000000000000 -0.3150271224391692
-0.4446402378386518 -0.5000000000000000 -0.3138993788929856
-0.5000000000000000 -0.4127018085611976 -0.4788821969194319
-0.3076020261261798 -0.5000000000000000 -0.1909274880209963
0.2498566829902094 -0.5000000000000000 -0.3720732932905872
0.3921565141894480 -0.5000000000000000 -0.0385662901162122
0.4952320839533201 -0.5000000000000000 0.1221586777176008
0.5000000000000000 -0.3842831820606175 0.0765742161544264
0.5000000000000000 -0.4261501210560589 0.1251801978233337
0.3262772270367316 -0.5000000000000000 0.1063932575801737
0.5000000000000000 -0.4459350528997398 0.1449334286132531
-0.3987024879393352 0.3156513567348191 0.5000000000000000
0.5000000000000000 -0.3802503860921928 -0.0408238949004266
0.4984716723071700 0.1609153702108056 0.1856794771218404
-0.4583035517494074 -0.0947108460573938 -0.5000000000000000
-0.5000000000000000 -0.0431132835871980 -0.3685017031153300
-0.0168328044600866 0.3784651083362031 0.5000000000000000
-0.0408585789887736 0.3783516413391247 0.5000000000000000
0.2440530350356246 -0.0579996879615479 -0.5000000000000000
0.2813609723643132 -0.1141640598521377 -0.5000000000000000
0.3281579636580038 -0.1507734465455340 -0.5000000000000000
0.2256345942320663 -0.1387422873073278 -0.5000000000000000
0.1444764403982643 -0.1720774326591920 -0.5000000000000000
-0.4760849514538051 0.2607183699207131 -0.5000000000000000
-0.5000000000000000 0.2572385087818574 -0.2905767162352560
-0.5000000000000000 0.2837419948286181 -0.3777927064517281
0.0236689158449953 -0.4681947592520369 0.5000000000000000
0.0193588653691911 -0.5000000000000000 0.4880253029741883
0.0058534380213896 -0.4656333443155460 0.5000000000000000
-0.0674133000983241 -0.5000000000000000 0.4317040531127037
0.0239128651740881 -0.5000000000000000 0.4135125085230205
0.0428095109896340 0.2681011407933875 -0.5000000000000000
0.0540015395096585 0.5000000000000000 0.2804836502181118
0.3447946769504799 0.4404589414785686 -0.5000000000000000
0.3857009568188178 0.4202882476427394 -0.5000000000000000
0.4050394000146550 0.4420566956736562 -0.5000000000000000
0.5000000000000000 0.0746377669083933 -0.4152003310404746
0.2664494166127829 -0.0155459178578384 -0.5000000000000000
0.3737773489269552 0.1878824299782660 -0.5000000000000000
0.5000000000000000 0.0835621222851748 -0.2525490349025364
0.4114500053195431 0.1229546612631002 -0.5000000000000000
0.3732687882894471 0.1439602933497993 -0.5000000000000000
0.5000000000000000 0.1781502915117803 -0.3118756163332164
-0.3905653757288546 0.2736646679164061 0.5000000000000000
-0.3212454877351354 0.1475544204934758 0.5000000000000000
-0.0714840174963806 -0.2223327794787162 0.5000000000000000
-0.0931436660535797 -0.3431857539086239 0.5000000000000000
-0.0859469632072427 -0.3344244865601800 0.5000000000000000
-0.0801141432079721 -0.3501581486886265 0.5000000000000000
-0.1404068988833527 -0.3784586520233732 0.5000000000000000
-0.0908034338086375 -0.3620408852224122 0.5000000000000000
-0.1824655395453536 -0.5000000000000000 0.3785008152587412
0.1675107755326964 0.5000000000000000 -0.1314012612056155
0.1816364336592961 0.5000000000000000 -0.1416538176920495
0.1585625073569944 0.5000000000000000 -0.0782718134736346
-0.2005643688809943 0.2024230044020886 0.5000000000000000
-0.1958624882489277 0.1889743478438637 0.5000000000000000
-0.1966105541249746 0.1678113893127083 0.5000000000000000
0.3587472844246907 0.3455575592994282 -0.5000000000000000
-0.5000000000000000 0.3426098255452601 -0.0483913504299962
-0.5000000000000000 0.3284949864819274 -0.0884515363286675
-0.5000000000000000 0.3434437156883438 -0.0799161070187904
-0.5000000000000000 0.3345522436546518 -0.0419118853554934
0.5000000000000000 -0.4257432721645275 -0.3239439811942144
0.5000000000000000 -0.4192619179786582 -0.3144803912682591
0.5000000000000000 -0.4267597686379053 -0.3654632727372964
-0.0541072870668338 0.5000000000000000 -0.0037908223500312
0.0363147942528611 0.5000000000000000 0.2141056989932994
0.0161821255649208 0.5000000000000000 0.0860476580025413
0.1846236222148085 0.1620966178457247 -0.5000000000000000
0.1891115644994514 0.1007598061450194 -0.5000000000000000
0.2292141703494312 -0.0204088751791623 -0.5000000000000000
0.1145231154201528 0.0626321249736195 -0.5000000000000000
-0.0161377327589115 0.5000000000000000 -0.2046972199287485
-0.1018707752667814 -0.1754816420382704 0.5000000000000000
-0.0634783969501129 -0.1666277706746305 0.5000000000000000
-0.0539188179452724 -0.1555253327951398 0.5000000000000000
-0.5000000000000000 0.0202545070914810 -0.3314628633227504
-0.3690402996920322 0.2756394173701763 -0.5000000000000000
-0.3954875705909157 0.2865235253222426 -0.5000000000000000
-0.5000000000000000 0.3942907368048315 -0.2618214637877928
0.1121870083990622 0.3324332238143167 0.5000000000000000
0.1017688166187415 0.2637051578308746 0.5000000000000000
0.0830659699738750 0.2297081234593189 0.5000000000000000
0.0880551114019289 0.2762410562659920 0.5000000000000000
0.2417118225559033 0.5000000000000000 -0.3886005727843513
0.2374445685146999 0.4495143587964963 -0.5000000000000000
0.2939950423613178 0.5000000000000000 -0.4432576575453525
0.2383316171511408 0.4353860070483547 -0.5000000000000000
0.5000000000000000 -0.2783742419730342 0.0399863404296011
0.5000000000000000 -0.2370650004987631 0.2183762046892769
0.5000000000000000 -0.1653831944193245 0.1159180540458886
0.5000000000000000 -0.0971184468597224 -0.2276357752293894
0.4966228064555671 -0.5000000000000000 0.0396820050648210
0.5000000000000000 -0.4692144627382093 -0.0385267902884013
-0.2310483239221555 -0.5000000000000000 -0.3110535467507651
0.3849292559808833 -0.4097311225501614 0.5000000000000000
0.3640461003360568 -0.4139458889288421 0.5000000000000000
0.4003453622945132 -0.4096825030952682 0.5000000000000000
0.3603229858688184 -0.3823069938688164 0.5000000000000000
-0.5000000000000000 0.1608284826558401 0.1740797943085301
-0.5000000000000000 0.1409111139158369 0.1993371263304947
-0.5000000000000000 0.1553157066492098 0.2287219983581026
-0.5000000000000000 0.1715133901378935 0.2748430904970528
0.0823482466037269 -0.3193858181504453 -0.4885079786576692
0.2480559188980131 -0.4967946392766216 -0.3531394755825231
0.0264739704351004 -0.5000000000000000 -0.3258257455344188
0.0912076267243642 -0.5000000000000000 -0.2065960973865547
0.4860263286515101 -0.5000000000000000 0.2021827968340728
0.2752226852756015 -0.0696793109755970 0.5000000000000000
0.2826274801707603 -0.2643516833165339 0.5000000000000000
0.0127532927252507 -0.5000000000000000 0.2325561069256446
0.0299958945202035 -0.5000000000000000 0.2766780801025862
0.4907925847009170 0.1678469797821175 0.1457020388418057
-0.1547935061530746 -0.1835870437526383 0.5000000000000000
0.1414473793049678 0.1805554048039587 -0.5000000000000000
0.5000000000000000 -0.3521392540594222 0.0023404650211621
0.5000000000000000 -0.2915098388966527 -0.0141042644537894
0.5000000000000000 -0.3928318349321321 0.2750902796905894
-0.5000000000000000 0.2530756796965641 -0.2180276178840291
-0.5000000000000000 0.2375954324367627 -0.0841020178526489
-0.5000000000000000 -0.1722686618599509 0.0745754872598166
-0.2694168397869641 0.0111451965520391 -0.5000000000000000
0.5000000000000000 -0.2241843232338467 0.3139953774401105
0.5000000000000000 -0.3715737841057926 0.3390372871109774
0.2692060361632648 -0.5000000000000000 0.1324733652094376
0.5000000000000000 0.3186837400730524 0.4755849870776614
0.0178341521333801 0.0224600870904485 0.5000000000000000
-0.4294765139652764 -0.5000000000000000 -0.1332076506486893
-0.2719139357215525 0.2911526213193900 -0.5000000000000000
-0.5000000000000000 0.2647879243354487 -0.2573798266630424
-0.5000000000000000 0.2949927120895386 -0.3212554761008607
0.0799258688069366 0.2265354904160862 0.5000000000000000
0.0135210886800328 0.0555115324020044 0.5000000000000000
0.1818562569376965 -0.3241368108711928 -0.4919408915988077
0.4260221963244902 -0.2780231687270392 -0.5000000000000000
0.4248227459192455 -0.2791720854832320 -0.5000000000000000
0.4253046057408111 -0.2762528349953461 -0.5000000000000000
-0.3749396673205626 -0.1342505847762305 0.5000000000000000
-0.2454399689200492 -0.5000000000000000 -0.0935663047628299
-0.0615000598194246 -0.4137926478688368 0.5000000000000000
-0.1688162638923288 -0.5000000000000000 0.3185450423842535
0.1784602420146153 0.5000000000000000 -0.2615884576597262
0.2493225962900803 -0.0438881531499427 -0.5000000000000000
0.2362432580610020 -0.0397548452433507 -0.5000000000000000
0.5000000000000000 -0.1224195136141845 -0.2243863042381492
0.5000000000000000 -0.1671089694663405 -0.2501536220361513
0.2543990270017494 -0.5000000000000000 0.1877306442484529
0.1665063652601160 -0.5000000000000000 -0.0692692542521182
0.3012925145605499 -0.5000000000000000 0.1489280423851062
-0.2819929192866336 0.4333272877597366 -0.5000000000000000
-0.3556327585921614 0.5000000000000000 -0.2680915078577993
-0.2018826795099365 0.5000000000000000 -0.4345455376521620
-0.3218394870396019 0.5000000000000000 -0.2652856731664308
-0.1883765788653367 0.1447164343560556 0.5000000000000000
0.5000000000000000 0.0072023659850333 -0.1851794935345661
0.3581893785284377 -0.1523788058180334 -0.5000000000000000
0.5000000000000000 -0.0399521799244651 -0.0973551294796346
0.1519635025252661 -0.0574814012300496 0.5000000000000000
0.0563673722407636 -0.0023827353790464 0.5000000000000000
0.1510472127610452 -0.1914012688799365 -0.5000000000000000
0.0848467956802704 -0.2068514124785939 -0.5000000000000000
0.0824718810177611 0.2269374320033575 0.5000000000000000
0.0748389296500675 0.2268852433655713 0.5000000000000000
0.0406587789365234 0.5000000000000000 -0.0825377594332650
0.5000000000000000 -0.1486989901603937 0.2242020009786610
0.3394665860121519 0.3194328172205363 -0.5000000000000000
0.3009824768123597 0.3932063695106057 -0.5000000000000000
0.3600983635380333 0.5000000000000000 -0.4219356764369037
0.5000000000000000 0.4216951159682301 -0.0324314242433247
0.3162238919891070 0.3571195154895070 -0.5000000000000000
-0.3861446588892479 0.3561112350461700 0.5000000000000000
-0.5000000000000000 0.3119049358337180 0.4215596027840195
-0.4999595410371319 0.2547339974473397 0.5000000000000000
-0.5000000000000000 0.3867523653873144 -0.2627290255097249
-0.5000000000000000 0.3935274050070312 -0.2670681168192439
-0.5000000000000000 -0.4915276300610193 -0.0988468650381368
0.5000000000000000 -0.4034605012726320 0.3646502299960122
-0.5000000000000000 -0.1003701914864982 0.1803820034527999
-0.5000000000000000 -0.0995663370997617 0.1823960030625504
0.5000000000000000 0.1508015108709924 0.1407053494281026
-0.2991996254233049 0.5000000000000000 0.2383642332735029
0.5000000000000000 0.0584708325388963 -0.0060903813132272
0.5000000000000000 0.0480335313773136 0.0571300861284987
-0.0333616778486543 0.0802608338619976 -0.5000000000000000
0.2258485722210014 0.5000000000000000 -0.2853181947367666
-0.5000000000000000 -0.1066112012117788 0.0556192004657125
0.0300210075016326 0.0095462923237607 0.5000000000000000
0.2681515131048382 -0.0656170287322825 0.5000000000000000
0.1612810984906952 -0.0242575582826532 0.5000000000000000
-0.1983507900392293 0.0970192915378792 0.5000000000000000
-0.1899616551524866 0.1179339449984212 0.5000000000000000
-0.2721971979735202 0.4113130787696825 -0.5000000000000000
0.5000000000000000 0.2994884149676242 0.4122577242909020
0.0502724335503216 0.3092722443359373 -0.5000000000000000
0.2152508361831919 0.3672299240222915 -0.5000000000000000
-0.3680776751622492 -0.5000000000000000 -0.1125389782443531
-0.2647163688820997 -0.5000000000000000 -0.1492551546699542
0.3168502853262347 0.5000000000000000 0.4533921339379894
-0.0318774564310785 -0.5000000000000000 -0.1852817108201815
0.0924827344595530 0.5000000000000000 0.1982510306498189
0.1591286818713254 0.5000000000000000 0.1943003026452283
0.0661705618264283 0.0173926433655570 0.5000000000000000
-0.0464954256930184 0.1053997125186909 0.5000000000000000
0.2128496739516336 -0.2946561198439664 -0.5000000000000000
0.3526239787419843 -0.1663675408962076 -0.5000000000000000
0.2830120180130180 -0.0636076847436356 0.5000000000000000
-0.2175730729821716 -0.5000000000000000 -0.2042779733202573
0.5000000000000000 -0.4340752861380561 0.3128034480391463
-0.5000000000000000 -0.0681640784902427 0.0343526355334766
-0.5000000000000000 -0.0860864517465375 0.0160498292893441
-0.5000000000000000 -0.0895443584545803 0.0851451743385732
0.1631465860971393 -0.3054521847679438 -0.5000000000000000
0.1810269988287855 0.5000000000000000 0.1331412418460938
0.0405251633422916 0.2660912465064919 -0.5000000000000000
-0.4095873775489561 0.3055524864101609 -0.5000000000000000
-0.3799794670582932 0.3656979676266147 0.5000000000000000
0.4960014920330827 0.4987461376364810 -0.3469245908151304
-0.0236759000715000 -0.1154325759230848 -0.5000000000000000
0.5000000000000000 0.4939806177060496 -0.3105516007705882
-0.5000000000000000 -0.0958795152952789 -0.2891488270457201
-0.2752480741875217 0.5000000000000000 0.2338258383578056
-0.2611479873715479 0.5000000000000000 0.2846886231802165
0.1085906249698061 0.5000000000000000 0.0789752028958655
-0.0702327296925378 0.2232215133221812 0.5000000000000000
0.0787909614286093 -0.2968875328404806 -0.5000000000000000
0.0262446859741502 -0.1565024215005117 -0.5000000000000000
220 9
221 38
222 216
223 160
224 27
225 33
226 58
227 100
228 1064
229 169
230 171
231 178
0 232
0 15
0 233
0 34
0 234
0 56
0 68
0 73
0 235
0 236
0 237
0 886
0 98
0 109
0 115
0 238
0 1040
0 239
0 203
1 24
1 41
1 42
1 49
1 85
1 94
1 103
1 112
1 114
1 124
1 211
1 212
1 217
2 240
2 241
2 11
2 17
2 242
2 243
2 757
2 244
2 245
2 246
2 247
2 130
2 134
2 146
2 248
2 249
2 250
2 179
2 184
2 251
3 10
3 252
3 33
3 253
3 512
3 254
3 54
3 255
3 88
3 256
3 257
3 134
3 140
3 145
3 258
3 171
3 259
3 260
3 190
3 202
3 754
4 261
4 262
4 397
4 77
4 263
4 108
4 264
4 265
4 266
4 197
4 267
5 268
5 69
5 81
5 87
5 92
5 269
5 129
5 133
5 150
5 158
5 270
271 9
272 13
273 38
274 51
275 40
276 7
277 29
278 48
279 89
280 117
281 150
282 186
283 43
284 63
6 31
6 35
6 100
6 102
6 110
6 1064
6 149
6 169
6 181
6 193
6 195
285 74
286 92
287 105
288 162
289 182
290 196
292 122
293 1040
7 20
7 29
7 294
7 742
7 79
7 89
7 295
7 296
7 297
7 298
7 153
7 299
7 159
7 1156
7 159
7 186
8 20
8 29
8 66
8 75
8 79
8 153
8 159
8 163
8 1185
8 159
8 300
8 1155
8 215
301 11
302 757
303 13
304 91
305 116
306 116
307 109
308 218
9 13
9 36
9 38
9 309
9 51
9 57
9 310
9 71
9 83
9 311
9 94
9 99
9 104
9 312
9 125
9 313
9 314
9 315
10 32
10 33
10 40
10 512
10 316
10 50
10 62
10 317
10 169
10 178
10 318
10 190
10 319
10 320
11 17
11 46
11 757
11 321
11 322
11 323
11 130
11 134
11 140
11 164
11 179
11 184
11 324
325 43
326 63
327 204
328 209
329 61
330 93
331 176
332 191
333 215
334 30
335 34
336 44
337 68
338 1040
339 397
340 55
341 77
342 197
343 78
344 96
12 27
12 58
12 97
12 105
12 111
12 135
12 162
12 183
12 187
12 188
12 214
13 36
13 345
13 346
13 51
13 347
13 71
13 91
13 99
13 348
13 349
13 210
350 30
351 34
352 44
353 68
14 17
14 354
14 40
14 355
14 356
14 84
14 357
14 132
14 358
14 138
14 165
14 359
14 360
14 361
14 362
15 363
15 34
15 364
15 47
15 57
15 65
15 365
15 109
15 115
15 366
15 157
15 174
15 367
15 198
15 203
15 213
15 217
15 218
16 18
16 46
16 54
16 64
16 80
16 86
16 88
16 95
16 135
16 137
16 140
16 144
16 145
16 171
16 180
16 188
16 193
16 194
16 200
16 202
17 32
17 40
17 62
17 368
17 130
17 138
17 140
17 149
17 165
17 179
17 181
17 184
17 369
18 46
18 52
18 64
18 86
18 95
18 118
18 120
18 121
18 137
18 164
18 177
18 200
370 28
371 37
372 55
373 90
374 137
375 160
376 197
377 209
19 28
19 37
19 378
19 379
19 120
19 121
19 380
19 143
19 151
19 160
19 381
19 189
19 200
19 382
20 25
20 61
20 75
20 123
20 383
20 147
20 384
20 153
20 385
20 159
20 163
20 167
20 1156
20 1185
20 159
20 191
20 204
20 215
21 386
21 35
21 387
21 75
21 388
21 102
21 128
21 147
21 161
21 389
21 176
21 195
21 208
390 132
22 391
22 291
22 51
22 73
22 82
22 392
22 91
22 122
22 393
22 394
22 395
22 396
22 210
398 176
399 51
400 56
401 177
402 91
403 116
404 33
405 178
406 196
407 45
408 47
409 157
410 218
411 129
291 56
291 73
291 412
291 413
291 122
291 414
291 415
291 416
23 417
23 97
23 101
23 102
23 110
23 111
23 127
23 128
23 139
23 418
23 163
23 419
23 420
23 208
23 214
23 215
421 96
422 124
423 109
424 115
425 174
426 30
427 69
428 82
429 117
430 158
431 32
432 512
433 936
434 146
435 165
24 45
24 49
24 53
24 85
24 103
24 211
24 212
24 217
25 63
25 123
25 436
25 148
25 437
25 153
25 438
25 167
25 1156
25 439
25 204
440 132
441 37
442 397
443 45
444 92
445 157
446 162
447 175
448 81
449 89
450 166
451 196
452 40
453 50
454 62
455 84
456 132
457 149
458 1164
459 172
460 84
461 113
462 138
463 139
464 26
465 108
466 656
467 185
468 199
469 132
470 161
26 67
26 108
26 471
26 656
26 472
26 170
26 473
26 199
26 474
26 206
26 475
27 476
27 477
27 478
27 58
27 479
27 480
27 481
27 97
27 105
27 135
27 162
27 169
27 171
27 482
27 180
27 182
27 183
27 188
27 483
28 37
28 55
28 484
28 90
28 485
28 120
28 131
28 137
28 143
28 151
28 160
28 197
28 200
28 486
28 487
29 48
29 66
29 74
29 79
29 87
29 89
29 93
29 99
29 116
29 125
29 153
29 159
29 163
29 186
29 196
29 215
30 34
30 44
30 68
30 69
30 488
30 82
30 98
30 133
30 154
30 158
30 489
30 490
30 203
30 491
30 210
31 35
31 84
31 100
31 102
31 1064
31 149
31 169
31 1164
31 172
31 181
31 195
492 33
493 145
494 171
495 180
32 40
32 512
32 496
32 62
32 134
32 140
32 146
32 165
32 497
32 179
32 190
32 498
499 45
500 47
501 60
502 61
503 93
504 153
505 191
506 196
507 215
508 50
509 178
510 43
511 63
513 160
514 162
515 183
516 742
517 186
33 518
33 519
33 520
33 88
33 521
33 522
33 523
33 524
33 169
33 171
33 178
33 525
33 190
33 193
526 50
527 178
34 68
34 528
34 529
34 886
34 98
34 530
34 109
34 531
34 133
34 532
34 533
34 203
534 63
535 176
536 195
35 537
35 84
35 102
35 110
35 139
35 538
35 161
35 172
35 181
35 208
36 38
36 539
36 66
36 83
36 94
36 99
36 111
36 125
36 152
36 173
36 187
36 216
540 161
37 39
37 397
37 541
37 108
37 542
37 143
37 151
37 543
37 197
37 199
37 544
37 545
546 161
547 51
38 548
38 549
38 550
38 94
38 551
38 112
38 118
38 152
38 552
38 173
38 553
38 554
38 555
38 216
556 91
557 99
558 116
559 512
560 754
39 561
39 55
39 67
39 72
39 562
39 108
39 563
39 564
39 136
39 565
39 143
39 151
39 566
39 197
39 199
39 206
567 52
568 78
569 95
570 96
571 142
572 93
573 100
574 176
575 195
40 50
40 62
40 576
40 84
40 138
40 165
40 577
40 578
40 579
41 70
41 103
41 107
41 114
41 124
41 126
41 141
41 192
41 194
41 211
42 49
42 53
42 59
42 80
42 95
42 103
42 107
42 112
42 144
42 192
42 194
580 51
581 56
582 71
583 91
584 56
585 57
586 73
587 115
588 1040
589 203
43 590
43 63
43 591
43 592
43 593
43 594
43 595
43 204
596 81
597 89
598 117
599 129
600 150
601 102
602 1064
603 161
604 172
605 195
606 55
44 68
44 73
44 607
44 98
44 608
44 122
44 609
44 1040
610 137
611 160
612 164
613 57
614 106
615 174
616 213
617 101
618 139
619 216
620 45
621 53
622 76
623 136
624 156
625 207
626 219
627 757
45 47
45 49
45 53
45 59
45 628
45 104
45 119
45 629
45 630
45 155
45 156
45 157
45 168
45 631
45 175
45 632
45 633
45 207
45 211
45 217
45 219
46 757
46 634
46 86
46 88
46 120
46 134
46 137
46 140
46 164
46 177
46 184
46 200
46 202
635 74
636 81
637 87
638 89
639 92
640 105
641 133
642 162
643 166
644 182
645 196
646 153
647 191
512 648
512 649
512 650
512 651
512 652
512 653
512 654
512 655
657 56
47 60
47 658
47 659
47 106
47 114
47 660
47 661
47 662
47 157
47 663
47 664
47 665
47 666
47 667
47 198
47 206
47 211
47 212
47 213
47 217
47 218
668 134
669 179
670 190
671 754
397 77
397 672
397 108
397 673
397 674
397 197
397 675
397 676
677 78
678 96
679 106
680 114
681 126
682 141
683 656
684 185
685 192
686 199
48 74
48 79
48 82
48 87
48 89
48 99
48 116
48 117
48 125
48 150
48 154
48 158
48 687
48 186
688 84
689 132
690 139
691 754
692 1185
49 53
49 59
49 80
49 85
49 103
49 112
49 119
49 155
49 156
49 217
50 693
50 62
50 1064
50 149
50 169
50 1164
50 178
50 190
50 694
50 695
696 182
51 56
51 57
51 71
51 73
51 83
51 91
51 94
51 104
51 697
51 698
51 154
51 699
51 700
51 203
51 210
52 64
52 78
52 95
52 107
52 701
52 121
52 142
52 702
52 177
52 189
52 703
53 64
53 70
53 80
53 103
53 156
53 194
53 207
53 211
53 219
54 704
54 76
54 80
54 705
54 706
54 131
54 137
54 145
54 707
54 708
54 709
54 710
54 200
54 202
54 711
55 72
55 712
55 90
55 713
55 714
55 715
55 151
55 716
55 717
55 197
55 718
55 719
56 57
56 73
56 720
56 98
56 721
56 722
56 723
56 724
56 154
56 725
56 726
56 727
56 203
57 728
57 94
57 104
57 729
57 124
57 730
57 141
57 174
57 731
57 198
57 203
57 213
57 217
732 78
733 96
734 171
735 118
736 100
737 178
738 195
739 76
740 156
741 207
743 66
744 79
745 116
746 178
747 66
748 79
749 99
750 116
751 216
58 752
58 93
58 97
58 100
58 102
58 105
58 169
58 171
58 182
58 188
58 753
755 160
756 177
758 118
759 177
760 90
761 131
762 137
59 763
59 80
59 112
59 135
59 144
59 155
59 156
59 764
59 180
59 183
60 67
60 70
60 765
60 766
60 767
60 136
60 768
60 769
60 770
60 206
60 211
60 219
61 123
61 147
61 771
61 772
61 773
61 153
61 167
61 176
61 191
61 196
61 215
62 84
62 88
62 138
62 140
62 149
62 190
62 774
62 775
63 776
63 777
63 778
63 779
63 780
63 148
63 781
63 1156
63 782
63 204
783 1268
784 936
785 165
786 81
787 129
64 70
64 76
64 80
64 86
64 95
64 107
64 120
64 121
64 143
64 194
64 200
64 207
788 165
789 145
790 180
791 139
65 792
65 115
65 793
65 794
65 795
65 174
65 796
65 218
742 79
742 116
742 797
742 1156
742 1185
742 159
742 186
742 1155
798 146
799 179
800 1268
801 69
802 129
66 79
66 93
66 97
66 99
66 101
66 111
66 116
66 125
66 163
66 803
66 1155
66 215
66 216
67 72
67 804
67 108
67 805
67 806
67 807
67 808
67 136
67 809
67 170
67 810
67 199
67 206
811 81
812 89
813 166
814 196
68 73
68 815
68 98
68 816
68 817
68 1040
818 156
819 180
820 183
821 207
69 822
69 117
69 129
69 823
69 150
69 158
69 824
69 825
69 826
69 827
70 72
70 76
70 103
70 114
70 126
70 136
70 143
70 194
70 199
70 206
70 207
70 211
70 219
71 83
71 91
71 99
71 104
71 125
71 154
71 210
72 76
72 828
72 829
72 136
72 830
72 143
72 151
72 199
72 831
72 206
73 832
73 98
73 122
73 154
73 833
73 834
73 835
73 1040
73 203
73 210
74 87
74 92
74 93
74 104
74 105
74 125
74 154
74 162
74 175
74 196
74 201
757 836
757 837
757 160
757 164
757 177
838 122
839 1040
75 127
75 128
75 147
75 840
75 161
75 163
75 167
75 176
75 1185
75 159
75 204
75 209
75 215
841 86
842 113
843 118
844 177
845 184
846 205
847 147
848 161
849 209
850 98
851 158
76 80
76 852
76 853
76 131
76 136
76 854
76 143
76 151
76 156
76 855
76 200
76 856
76 207
857 170
77 858
77 108
77 859
77 860
77 861
77 862
77 863
77 864
78 95
78 96
78 107
78 865
78 126
78 141
78 142
78 866
78 185
78 192
79 99
79 116
79 159
79 159
79 186
79 1155
80 95
80 135
80 144
80 145
80 156
80 867
80 180
80 194
80 200
80 207
868 936
869 93
870 100
871 182
81 87
81 89
81 872
81 873
81 129
81 874
81 150
81 196
82 91
82 98
82 99
82 116
82 117
82 125
82 875
82 154
82 158
82 876
82 877
82 878
82 210
879 656
83 85
83 94
83 104
83 112
83 119
83 125
83 144
83 152
83 187
83 201
84 880
84 132
84 138
84 139
84 149
84 881
84 161
84 1164
84 172
84 882
84 181
883 886
884 1040
85 94
85 104
85 112
85 119
85 144
85 152
85 155
85 187
85 201
85 217
86 95
86 110
86 113
86 118
86 135
86 140
86 144
86 152
86 177
86 184
86 188
86 193
86 205
87 89
87 92
87 117
87 133
87 150
87 154
87 158
87 196
885 197
887 94
888 124
889 109
890 115
891 133
892 157
893 198
894 203
895 218
896 170
897 1156
898 1185
899 204
900 106
901 136
88 140
88 149
88 169
88 171
88 190
88 193
88 202
886 902
886 109
886 903
886 904
886 905
906 178
89 907
89 117
89 150
89 153
89 908
89 166
89 196
909 122
910 1040
90 911
90 131
90 137
90 151
90 912
90 913
91 99
91 116
91 914
91 915
91 916
91 210
917 101
918 113
919 118
920 139
921 173
922 205
923 216
92 104
92 119
92 133
92 924
92 154
92 158
92 162
92 168
92 175
92 201
93 97
93 100
93 925
93 102
93 105
93 111
93 125
93 926
93 176
93 182
93 195
93 196
93 215
927 185
928 136
929 127
930 132
931 161
932 177
94 96
94 104
94 933
94 112
94 124
94 152
94 934
94 198
94 217
935 178
95 96
95 937
95 107
95 112
95 118
95 144
95 152
95 938
95 939
95 177
95 192
95 194
96 940
96 112
96 941
96 942
96 124
96 141
96 943
96 944
96 192
96 945
97 101
97 102
97 105
97 111
97 162
97 163
97 182
97 188
97 214
97 215
946 754
98 122
98 154
98 947
98 203
98 210
99 116
99 125
99 154
99 210
100 102
100 948
100 1064
100 169
100 176
100 949
100 195
100 950
951 182
952 196
101 110
101 111
101 113
101 139
101 953
101 163
101 173
101 205
101 954
101 955
101 208
101 214
101 216
956 121
957 142
958 189
102 110
102 128
102 169
102 172
102 176
102 188
102 195
102 208
102 214
102 215
103 107
103 112
103 114
103 124
103 192
103 194
103 211
959 109
960 115
961 218
104 119
104 125
104 962
104 154
104 168
104 198
104 201
104 203
104 217
963 106
964 114
965 656
966 206
967 134
968 164
969 202
105 111
105 125
105 162
105 970
105 182
105 183
105 196
971 124
972 195
973 118
974 177
975 133
976 157
106 114
106 977
106 124
106 141
106 656
106 978
106 979
106 980
106 981
106 199
106 206
106 212
106 213
107 121
107 126
107 142
107 143
107 185
107 189
107 192
107 194
982 129
983 1040
108 984
108 143
108 170
108 985
108 986
108 197
108 199
108 987
988 170
109 115
109 989
109 990
109 991
109 992
109 993
109 218
110 113
110 130
110 139
110 169
110 181
110 184
110 188
110 193
110 205
110 208
110 214
111 125
111 144
111 152
111 162
111 163
111 173
111 187
111 188
111 214
111 216
994 145
112 119
112 124
112 144
112 152
112 155
112 995
112 192
996 656
997 170
998 206
113 130
113 138
113 139
113 999
113 1000
113 181
113 184
113 1001
113 205
113 1002
936 1003
936 1268
1004 123
1005 148
1006 167
114 124
114 126
114 141
114 656
114 199
114 206
114 211
114 212
1007 160
1008 164
1009 137
1010 160
115 1011
115 174
115 1012
115 218
1013 174
1014 213
116 1015
116 1016
116 1017
116 1018
116 186
1019 153
1020 166
1021 146
1022 129
1023 133
1024 130
1025 132
1026 138
1027 146
1028 165
1029 179
1030 184
117 1031
117 1032
117 150
117 158
117 1033
117 1034
117 186
117 1035
118 152
118 1036
118 1037
118 173
118 177
118 1038
118 1039
118 205
119 1041
119 144
119 155
119 175
119 187
119 201
119 217
120 121
120 137
120 143
120 160
120 164
120 177
120 200
1042 142
1043 185
121 142
121 143
121 1044
121 160
121 177
121 1045
121 189
121 1046
121 1047
1048 123
1049 167
1050 218
122 1051
122 1052
122 1053
122 1054
122 1040
122 210
1055 1156
123 1056
123 148
123 1057
123 1058
123 1059
123 153
123 1060
123 167
123 1061
123 191
1062 170
1063 167
124 1065
124 141
124 192
124 1066
124 212
124 213
124 217
125 154
125 162
125 187
125 196
125 201
1067 131
1068 151
126 141
126 143
126 185
126 189
126 192
126 194
126 199
127 128
127 1069
127 161
127 163
127 1070
127 1071
127 1185
127 1072
127 1073
127 208
127 209
128 161
128 163
128 176
128 208
128 215
1074 142
1075 185
1076 189
129 1077
129 1078
129 150
129 158
129 1079
129 1080
129 1081
130 138
130 140
130 179
130 181
130 184
130 193
130 1082
131 137
131 151
131 1083
131 200
1084 146
1085 165
1086 1268
132 1087
132 1088
132 161
132 1089
132 1090
132 1091
132 1092
132 1093
1064 149
1064 169
1064 1164
1064 172
1064 178
1064 195
1094 170
1095 206
133 1096
133 1097
133 1098
133 1099
133 154
133 157
133 158
133 168
133 1100
133 198
133 203
133 1101
133 1102
134 140
134 1103
134 164
134 1104
134 179
134 190
134 202
134 754
134 1105
135 144
135 155
135 171
135 180
135 183
135 187
135 188
135 193
135 205
136 1106
136 1107
136 1108
136 199
136 206
136 207
136 219
1109 165
1110 143
1111 185
1112 189
1113 199
1114 148
1115 167
1116 204
137 1117
137 160
137 164
137 1118
137 200
137 202
137 1119
138 139
138 149
138 1120
138 181
138 184
139 1121
139 1122
139 1123
139 181
139 208
1124 164
1125 157
1126 168
1127 175
140 149
140 179
140 181
140 184
140 190
140 193
140 202
141 192
141 1128
141 212
141 213
142 1129
142 185
142 189
142 1130
143 151
143 1131
143 185
143 189
143 194
143 197
143 199
143 200
144 152
144 155
144 173
144 175
144 180
144 183
144 187
144 188
144 205
145 1132
145 1133
145 1134
145 171
145 180
145 1135
145 200
145 202
146 165
146 1136
146 1137
146 179
146 1138
146 1139
147 1140
147 1141
147 161
147 1142
147 176
147 209
147 215
1143 161
148 1144
148 167
148 1145
148 204
1146 210
149 169
149 1164
149 172
149 181
149 190
149 193
1147 153
1148 166
1149 191
1150 196
656 1151
656 1152
656 1153
656 199
656 206
656 1154
1157 186
1158 186
1159 191
1160 182
1161 196
150 158
150 1162
150 1163
1165 157
1166 184
1167 167
1168 209
1169 191
1170 185
1171 199
1172 174
151 197
151 200
152 1173
152 173
152 187
152 205
1174 176
1175 191
153 1176
153 159
153 166
153 191
153 196
153 215
154 158
154 168
154 198
154 203
154 210
1177 178
155 175
155 1178
155 183
155 187
1179 1040
1180 177
1181 185
1182 189
156 1183
156 1184
156 180
156 183
156 207
1186 167
1187 204
1188 209
1189 218
157 168
157 198
157 217
157 218
158 168
158 1190
158 1191
158 1192
1193 179
1194 161
1195 208
1196 161
1197 209
1198 166
1199 186
1200 191
159 1155
160 164
160 177
160 1201
160 1202
160 1203
160 1204
1205 219
161 172
161 1206
161 1207
161 1208
161 208
161 209
162 175
162 1209
162 1210
162 183
162 187
162 201
163 1185
163 159
163 1211
163 1212
163 215
163 216
1213 180
1214 207
164 177
164 202
164 1215
1216 176
165 1217
165 1218
165 179
165 1219
165 1268
165 1220
165 1221
166 196
167 204
167 209
168 198
168 203
168 217
169 171
169 178
169 188
169 190
169 193
170 1222
170 1223
170 1224
1225 185
1226 189
171 180
171 188
171 193
171 202
1227 1040
1228 191
1229 174
1230 218
1164 172
1164 1231
1232 197
172 1233
172 1234
172 195
1235 205
1236 179
173 187
173 188
173 205
173 214
173 216
174 1237
174 213
174 218
175 1238
175 183
175 187
175 201
176 195
176 215
1239 182
1240 183
1241 211
1242 219
177 1243
178 1244
179 184
179 1245
179 1246
1247 1040
1248 210
1249 754
1156 1185
1156 159
1156 186
1156 204
1250 186
1251 202
1252 754
1253 183
1254 207
180 183
180 193
181 193
1255 1185
1256 209
182 196
182 1257
1258 210
1259 191
1260 212
1261 213
1262 218
1185 159
1185 204
1185 1263
1185 209
1185 1155
183 187
1264 754
159 204
159 1155
184 193
184 1265
185 189
185 192
185 199
187 188
187 201
188 193
188 205
188 214
189 1266
190 193
1267 197
1269 216
1268 1270
1271 213
196 215
197 1272
197 1273
198 203
198 213
198 217
198 218
199 206
202 754
202 1274
203 213
204 209
205 214
1275 207
206 211
207 219
1276 1155
1277 216
211 212
211 217
211 219
212 213
212 217
213 217
