1256 2276 0
-0.4349383182204125 0.4003066387682353 -0.0857257838369516
-0.4593982253489767 0.4682709954552923 0.2769134738252922
0.0165434761365442 0.2761385549667298 0.1456898750137482
-0.4196845945601356 -0.2398649727780572 0.1595808288452959
-0.3033110230038285 -0.3787104301944440 0.3855991545421529
-0.2805523255212610 -0.4679205218675802 0.2083590688878298
-0.4985799233793135 0.0076871948243632 -0.0303616349192313
-0.2455494691354302 0.3511783205081882 -0.0282543694367398
-0.3719406590942825 0.0206816284185705 -0.0766140102600917
0.2839029703106793 0.4958221933401170 0.0390221137053295
0.2047788171654529 -0.0017289825502468 0.2040885421141671
-0.3037974526115146 -0.3779952648339894 0.1700133329751591
-0.0084995371090399 0.1205719390331828 -0.0108694818363153
0.3676399888917697 -0.2789993192981762 -0.0991150014408101
0.3193391057235302 -0.1243940602382410 0.0712051622571174
-0.4430329042745970 0.4335870840940593 0.1151548408850638
0.2576493163745918 -0.1727671486784888 0.2099148665696519
0.1080789387833990 -0.4703690091584699 -0.1693105457753255
0.4258533455282135 0.4614552749827115 0.3277953144656698
0.1845415022941924 0.4648649504215802 0.2618315099752612
0.0176112285235940 0.0046890634470983 0.2103899147575428
0.3463434176682017 -0.2480989853710145 0.4921579290570658
0.2264876739283216 -0.1096682426755387 -0.2989188062556490
0.3605586671246183 -0.1867550120889586 0.2370935758475930
0.2560603090561180 -0.2355804503988443 0.3217022915404386
-0.4048116490030056 0.4471516279501495 -0.0404602892334818
-0.0783309994480400 0.1963803402780619 -0.0928941084150421
-0.2778313348249966 0.3045501009619850 0.1619547192089293
-0.1763809824542713 -0.2907176722901434 -0.3146596872709905
-0.3711765386638978 0.3554223404314523 0.3984031740525865
0.2806384230542447 -0.1121149873446675 0.0135318340944015
0.4548420081966966 -0.3403892830424150 -0.2565548202822280
-0.2691700007872146 0.4647808140434539 -0.2763010431610912
-0.4514439683857758 0.3864121926113616 0.2135124486697047
-0.4380806798496666 0.0268240364619590 -0.1418197176947690
0.2823925254283878 -0.4613938482685314 -0.3979267378886475
-0.2313021075445657 0.3060306617609348 0.4518310960981667
0.1453670580975787 0.4007324824867207 -0.0994451307638593
-0.2967225802207051 -0.4963461238311192 0.2830005974968510
-0.3605158952477456 -0.2083508276384836 -0.2599885359473642
0.4438324233253624 -0.3949662125142105 0.0438925543952129
0.3752131229590095 -0.3481002175967608 0.3037079029900536
0.0989347546624630 -0.0247569087466600 0.2381632305083950
-0.1303169616699321 -0.2727968593297896 0.2591113831428672
0.0506201218597475 0.4698317338946492 0.2525650073742152
0.3511287646432595 -0.3057476453350974 -0.4260048038162454
0.3960247233687858 -0.2824930309140251 0.2080663464781677
0.2637568523617452 -0.3110006279590614 -0.0851396475318615
-0.3139333849737946 -0.2958067810082190 -0.0905419237404094
-0.2203691987644200 0.1937811308762342 0.1176685609984138
-0.2650208145759920 -0.4011368947276025 0.4388166992543330
0.3896770154705309 -0.3810796628258795 0.4229802573541575
0.0167960429609481 -0.0569024849665061 -0.2595324640463803
-0.1005347229814480 -0.1377114009960615 0.1298214127374652
-0.0232136717340043 -0.1803081528758695 -0.4193818422152363
0.0842634827673528 0.1696451538061001 0.1676931746492190
-0.3102290556137158 -0.3187476612889629 -0.1865362921252492
-0.1021334413005788 -0.0200192448885290 -0.2642131381901142
0.3703460287174902 -0.2651374673126039 -0.2008673809805574
0.0084123728241111 -0.2220398148340012 0.4143931487491009
-0.0647632300711690 0.1066443510939993 0.3200179127621782
0.0005938379577969 -0.0379811121407711 0.2067825218866290
0.0527729302820676 0.0445689722495303 -0.0878936612890040
-0.2826869295643762 0.2965786098554093 0.3269628996226259
-0.1122460862109446 0.3251627311938316 0.4432605900295677
-0.2676867294240430 -0.2531303922608336 -0.0141532910555723
0.4001527447938444 -0.4241723504705333 -0.4313997468887724
0.0559080515530924 0.2057439890065191 0.0056854790318450
-0.0304118767554607 0.0279795019615705 0.4362647237802510
0.4470010460231955 0.3624296348540181 -0.0118325556043676
0.3171175803014534 0.3753323371811800 -0.0811341935928420
-0.1586471284139602 -0.1103519606724330 0.1535167880458564
0.0994631148425541 -0.0281211818821698 0.1942654096836906
0.4445460948094986 -0.0825979597517686 0.4829083451727312
0.0920548763294999 0.0407065880828800 -0.2955465451600516
-0.2819592757540988 -0.4770321106655772 -0.1352762649957791
0.3822286841301027 -0.2396881736262038 -0.1721142960819477
-0.4678492974333714 0.2360171957793189 0.0983078333932568
0.4177027490834994 0.0196120790999131 0.3560615956556911
0.2972030574727603 -0.3896566079802552 0.2046264732085227
0.2680762198467750 0.3709073257473791 0.1552013058193955
0.4226453453196368 0.2392037735189070 -0.1014834235182274
0.1083743597863799 0.3881633266423582 -0.2073791032384494
-0.3310984718041637 -0.0008285913326358 0.3540397325781146
0.1412932553852571 0.4809306354772904 -0.2443255585536118
-0.0896113957688935 -0.4739266250917726 -0.1675233324814261
0.3809782581789215 0.2431610352113536 -0.4324335049502698
-0.2412300293439406 0.2416770481765349 0.0257408089203497
-0.4262306195526559 0.4650677549305673 0.3430013547669462
0.4093699853239230 -0.0079757930351036 0.3270987026332148
-0.3375704451144967 -0.2036069462688553 0.1407835901001573
-0.2908899697503161 0.3264449110804563 0.1393385539531962
0.1524493441933190 0.2309390643213064 0.2360724332147820
-0.3526624585863974 0.2372159006151907 -0.3237279046711570
0.2944705889278221 -0.1355590019123246 -0.3555293908505175
0.2656711962952474 -0.3786053896771568 -0.1812456883708705
-0.2017589687648394 0.4691954074716872 0.3905189453253977
-0.2507722084957360 -0.0204113225841541 -0.1277007626281879
0.3439347978908753 -0.2191347499811517 -0.0900786944550759
-0.2944874808081124 0.1068347570889048 -0.0267810437640442
0.2632860579701401 0.4030638843954673 -0.4286860698895489
0.1671071862764464 -0.1121326842358498 0.4813151815972433
0.4812410056218455 0.4600706642251733 -0.2989920757047711
-0.0926920943916671 -0.2583032628739643 -0.1469266377452713
0.4433911982360637 -0.1341009781737223 -0.2419279826950354
-0.3340624100021669 -0.0694659500592331 0.3615545171086284
-0.4482706619398580 0.2928733121134246 0.2583782050619539
-0.3005280034776219 0.2174411708478751 -0.4155623188880954
0.2319228309875100 -0.2169242386033713 -0.0575641027870688
-0.3142369964597924 -0.0211386078579987 0.1833983605560643
0.3177121826838452 -0.4817375519835180 -0.3044783469889712
-0.0287248458691087 0.3319457515254903 0.3680194843660682
0.3732653052540605 0.3802678474882072 0.4214262219153486
0.0334411919039994 0.4152563337249557 0.2977421533313465
-0.1569363584017898 -0.2375529077305519 0.3769088148054202
0.1157971650698298 0.0241581194899595 0.3236738572163005
0.4376294138209023 -0.0529289495648532 -0.0106078189169958
-0.0509176941133370 -0.4667994314210958 -0.2120684765175610
0.1307736787995142 0.4280852927096726 0.3667556252652237
0.3227445612305514 0.0322081173281513 -0.3399262228996739
0.1689236025410742 -0.1427861158658075 0.1779812401210250
-0.4271860541260467 0.1574082084866777 -0.0741566514342379
-0.1708240995514927 0.4492072234260280 -0.0631440696758949
-0.4018295246331484 -0.3931020610952288 -0.4027626806531756
0.1873789819270880 -0.0246558377357520 -0.2570841769203782
0.2977873700570257 0.1363430270021472 0.2345685805023530
-0.3060792754365796 0.4759322531685932 -0.3442502431616234
-0.4568709631570237 0.1387072586358267 0.3861547416600680
-0.0936193375324132 -0.0224006271669452 0.3504226252996345
0.1603520269956616 -0.1595625771258652 0.1314533987982034
-0.4772602213436520 -0.3722029989317413 -0.2387197202445892
0.0577984779040627 -0.2468177769063026 0.1049848058494020
0.4787495699138766 -0.2545422712327567 -0.2155219348598129
0.4500321142472131 -0.4361307663531268 0.2809345090390362
0.3848083376264334 -0.0367720971514418 0.3089222174408773
-0.3286686545714956 -0.1973159484804663 0.0460598360224496
-0.3970443339537610 0.0206454619468772 0.2358196286858861
0.4677787492970001 -0.3855892411195350 0.2045126352694448
0.3748439121195965 -0.4509973714920242 0.2969773894196367
-0.2691546662618556 0.1550525192725775 0.0504893338418599
0.0732856879921187 -0.3481250221415202 0.2416883750450851
0.3487601018700580 0.3409438448562666 -0.0275022196824304
-0.3720169226880984 0.1780651650020784 -0.3707872642861772
-0.3513783703541756 -0.4519979826745428 0.0279614539958336
0.4296794151178475 0.3788478045548060 0.2696146930298214
0.4270345664394966 0.1547941825768178 -0.0631543804247662
0.3505830804361419 0.0284020288210249 -0.3267779094545727
-0.4269722175871837 0.1809983405245980 0.4208253694051023
-0.3275019264690975 -0.1963231734630450 -0.3159241059549882
-0.3656966039722200 0.2177270371434429 -0.2978022634363789
0.0119968883924152 -0.4286514849761990 -0.4038925426891335
0.4389458306971925 -0.4114555749085355 -0.4446030916860566
0.3359508493800080 0.1585283291084627 0.4707155424629660
-0.4822203272094156 -0.0033631780126390 0.3308834971706314
0.4361595699596489 -0.1645227177026471 0.4141035332232324
-0.1978111127612801 0.1487258809947487 0.2234328738078581
0.4218189611316780 -0.2694714826174574 -0.4678147849021211
-0.4646535749720502 -0.2020156683523426 -0.3603071329807431
0.1221047570523208 -0.2948459491974066 0.2209504681503185
0.3620330532805606 0.1741581664729677 0.3813327568115820
0.4683162827768670 -0.0118802748264883 0.4561694400384408
0.2844541406419411 0.0370812636668274 -0.4311949253173953
0.3736435804109825 0.3930976294095337 0.3884308282063745
0.2284034069951974 -0.3470835957684550 -0.1931461991864750
-0.4689369201189165 0.3827098277219064 -0.1473460725122770
-0.1186877106600851 -0.0233842759018131 -0.1018542101896917
-0.4162350382886279 -0.3838676343819091 -0.2330261217171732
0.1535969402410731 0.0172080168093782 0.1976325035837098
-0.0527527708327205 0.0736363041019810 0.1796801410793774
-0.1498816787970680 0.0643317274238721 0.0403780432842884
-0.2408131157699564 0.2683668754701059 0.3693928649889378
0.3891744139255213 0.2972054620701600 0.2590733995089431
-0.2370379515058320 -0.0261285192374267 -0.1832253892940232
-0.2204595368293969 -0.3452249037658759 0.3650453992654454
0.1237355772153170 -0.1995483306109682 -0.3500188935650214
-0.2892101934725230 0.1432487215343834 -0.2319327092204729
0.1796334247458377 -0.0840212948466803 0.3970122884423110
0.3305252173248345 0.1491479477212812 0.1718856843856832
-0.1117336088420320 0.3242683682782958 -0.0107823660905097
0.1253342392078753 0.0831960363960331 0.0476390981454091
-0.4829071765827779 0.0420271769748724 -0.2098568158661155
-0.3012566332512195 0.2919863623181875 -0.2923073704793757
-0.2871234614167039 0.1248797254686596 -0.2539472746645026
-0.1221946622054979 0.0978110313318370 0.1405569317848739
-0.1165748852197313 -0.3735909932009047 -0.1529464699860535
-0.2062492417719874 0.4162156878035724 0.3384325586850928
-0.3296751690387558 -0.3585477237625136 0.2680535939701862
0.0458503690866642 0.4475489630195154 0.0890050700395090
-0.0191532962629291 0.2646691742362385 0.2178538686026363
-0.1737556889506131 0.0981780593764458 -0.2678841874366952
0.4047415870987897 0.1299743518858347 -0.4593594012637190
0.2162809339856311 -0.4721107760088530 0.3036887548358655
-0.3267743581951992 -0.3796595424052327 0.0034159229647553
-0.2768750206188842 0.0916865771488808 -0.1823851049675002
-0.0941034757788114 -0.4614406468460940 -0.4475264484444442
-0.0029571999050168 0.1610756600971375 -0.4462338079106897
-0.3536095885980675 0.2141418556769052 -0.2509723145248335
0.2495601169809034 0.0071922183073503 -0.2904602687134800
-0.0607323394925432 -0.1127826521924870 -0.0304776399004719
0.2080865757321040 -0.0112794826842635 -0.3990552784962193
0.4728924974273681 -0.4528972110447648 0.1018773546205343
0.1154512439878561 0.1383034255532387 -0.1999808995003803
-0.4748107388744756 -0.3889915025247384 -0.3479291360913154
0.2987123688659661 -0.2229313550905512 -0.0899541824057279
-0.0573909280399082 -0.1855027990360462 0.3166918495297942
0.1976333442835724 0.3938937770679717 0.2389188533970379
-0.0836712854673447 0.2356389732350864 -0.3212105773684831
0.3824172955861604 -0.1789017777578819 -0.1796814760156392
0.2496909037695258 0.2583678309233228 -0.1183008025316871
0.2044464767327390 -0.1234422709300209 0.1739064081939727
0.2461077613953432 0.0896274732165165 -0.0744923250940197
0.1997869249753466 0.1126599303725015 -0.2404065250120419
-0.2931983463275879 0.3132191888760543 0.2612777639489169
-0.3506240914774962 -0.4654272423125430 0.3244398501508151
0.4107480157993686 -0.1966889271103575 0.3090430813811874
-0.2209288219608872 0.2684518485347961 0.1935677310771808
0.0890844556098792 0.3326095751942429 0.0343314258446205
0.0341726732884993 -0.3600692414614692 0.4602223539829010
0.0200497379330277 0.1240479085173944 0.4014683398969527
-0.5000000000000000 0.4004881510985221 0.0979874601631819
-0.5000000000000000 0.3505013101851648 0.0249732823010648
-0.5000000000000000 0.4716112175507522 -0.0443483980375552
-0.4285420950192915 0.5000000000000000 0.0402073272997707
-0.4548499406970291 0.5000000000000000 -0.0715686854964337
-0.5000000000000000 0.4478046933591468 -0.0873305416801114
-0.5000000000000000 0.3919294621621620 -0.0855818486791860
0.1823390333411286 -0.5000000000000000 0.3882493849876095
0.0721205474213729 -0.4471680048896570 0.5000000000000000
-0.5000000000000000 0.4033111296755157 0.1101935847699013
-0.4555148209927861 0.5000000000000000 0.3391513634348649
-0.5000000000000000 0.4698434820677349 0.3568897605423096
-0.5000000000000000 0.4639939064028823 0.3149104116703302
-0.4547520047361441 0.5000000000000000 0.2609124586192111
-0.5000000000000000 0.4985982420527273 0.1832350130758097
-0.4302222342154048 0.5000000000000000 0.0563430902990922
-0.5000000000000000 0.4141068351785574 0.2447576917152127
-0.4220080787832438 0.5000000000000000 0.2366502940070684
-0.5000000000000000 0.4870689585149111 0.2732848548511063
-0.5000000000000000 -0.2495309333229833 0.4592509751081129
-0.5000000000000000 -0.1649112063721212 0.0028127395139731
-0.5000000000000000 -0.2815537659489656 0.2569693298475862
-0.5000000000000000 -0.2832862955218580 0.0118635497812754
-0.3265224150247275 -0.5000000000000000 -0.1613564501397882
-0.4139596568967306 -0.5000000000000000 -0.2101477918664831
-0.3770087443541377 -0.5000000000000000 -0.1036731098454046
-0.4009137796135488 -0.5000000000000000 -0.2094191479425900
-0.4153931926226545 -0.5000000000000000 -0.2377526762694274
-0.3222038976484596 -0.5000000000000000 -0.4054652687468752
0.4295555827577525 0.3274902198370061 -0.5000000000000000
0.4520478879297839 0.3714493041253715 -0.5000000000000000
-0.4891186074596263 -0.1416027944206110 0.2741505476138633
-0.4943804391266891 -0.2631427794842498 0.5000000000000000
-0.3131785348722653 -0.3344326081426029 0.5000000000000000
-0.2802952189044838 -0.3407397929810680 0.5000000000000000
-0.3949239973236001 -0.3557664010318405 0.5000000000000000
-0.2782385646579683 -0.5000000000000000 0.1669868567823951
-0.2884618411333167 -0.5000000000000000 0.2132548909768011
-0.2164380932504800 -0.5000000000000000 0.1755722182009762
-0.2484148358203944 -0.5000000000000000 0.2549729443373775
-0.5000000000000000 -0.0523928501914802 -0.0210471540628408
-0.5000000000000000 0.0041656120084324 -0.0068896852757477
-0.5000000000000000 0.0118275073242479 0.0026649941621357
-0.5000000000000000 0.0667227199141917 0.0470944082494590
-0.2692446158114583 0.5000000000000000 -0.0032837075711900
-0.5000000000000000 0.4014856134608707 0.1033267196575519
-0.5000000000000000 0.4013407522771595 0.1003553438578993
-0.5000000000000000 0.4000001612278377 0.1068308808526408
0.5000000000000000 0.3758808449552710 -0.1564227434529463
0.5000000000000000 0.3332096024548851 -0.2133316752448999
0.5000000000000000 0.3480376877637156 -0.3195843277658669
0.5000000000000000 0.4384046473199052 -0.2926080585676767
-0.5000000000000000 -0.1565288147816774 -0.0062368078050364
-0.5000000000000000 -0.0249563518340301 0.1983971194734331
-0.5000000000000000 0.0397026959567856 0.2045608225686682
-0.5000000000000000 -0.1925433740540275 0.3843230406069547
-0.4615560029808234 -0.3523888525995306 0.5000000000000000
-0.5000000000000000 -0.2474265777939096 0.4821956645858076
-0.4999481322926194 -0.2369544648607768 0.5000000000000000
-0.5000000000000000 -0.2594218052764509 0.4931824039477533
0.0811542883563093 0.2660203171152838 -0.5000000000000000
0.0403930611863516 0.2077519941410519 -0.5000000000000000
0.0819927899369979 0.2328214537985423 -0.5000000000000000
0.0444558913052609 0.2447827873143434 -0.5000000000000000
0.0559511292495808 0.5000000000000000 0.2510569149791314
0.0975637878895333 0.5000000000000000 0.3043518565722783
0.0554900365039701 0.5000000000000000 0.1598152024848337
0.4552102551827918 0.1915718655947720 -0.5000000000000000
0.4525999192208736 0.1500188747050217 -0.5000000000000000
0.2812520685054155 0.5000000000000000 0.0633780402350241
0.3240448204232320 0.5000000000000000 0.0362059961330899
0.2842017607676353 0.5000000000000000 0.0208320041456824
0.2899725502619314 0.5000000000000000 0.0217033010609609
-0.4512355093664814 -0.0225792169732422 -0.5000000000000000
-0.3634950078439300 -0.1415613283962443 -0.5000000000000000
0.2191009994036452 0.1310806274157481 0.5000000000000000
0.0319701352841608 -0.1352269570690566 -0.5000000000000000
0.0098481332544924 -0.1667297360510820 -0.5000000000000000
0.0065950751845751 -0.1270524808345252 -0.5000000000000000
0.0621647380481748 -0.1689839632604143 -0.5000000000000000
-0.5000000000000000 0.2972879633065835 0.3343324484707597
-0.5000000000000000 0.3096517823280179 0.3076650481479380
-0.5000000000000000 0.3146644320888034 0.3307121168456181
-0.5000000000000000 0.2924402482428235 0.3165749015161543
-0.5000000000000000 0.2778347815119891 0.3408721094301792
0.5000000000000000 -0.2224620719347453 0.1912209645411647
0.5000000000000000 -0.3671483730699150 -0.4498923799264344
0.5000000000000000 -0.3000313194000316 -0.4606264758922872
0.5000000000000000 -0.2451848681299179 -0.1740123493251342
0.5000000000000000 -0.2180587232757164 0.1981630649035497
0.0090444291371372 -0.4004178990631097 0.5000000000000000
-0.5000000000000000 -0.1570257773847600 0.0596002954755705
-0.5000000000000000 -0.1511374761493055 -0.0118426631284357
-0.5000000000000000 -0.1627185534555183 -0.0107138831070471
-0.5000000000000000 -0.1640958769034747 -0.0058944440522765
-0.5000000000000000 -0.1588530710531554 -0.0006640758695631
-0.5000000000000000 -0.1622749222880297 -0.0032083404070973
-0.5000000000000000 -0.1652935181554647 -0.0373074875048588
-0.0881738518614425 -0.0066536072704342 -0.5000000000000000
-0.0750413378339271 -0.0758305551759398 -0.5000000000000000
-0.1130169880442902 0.0009777138558974 -0.5000000000000000
-0.1952799641670033 0.0972403127959461 -0.5000000000000000
-0.1362108991809522 0.0011621928200036 -0.5000000000000000
-0.1511290185718974 0.0309416906746876 -0.5000000000000000
-0.1283921488324646 0.0263409792896090 -0.5000000000000000
-0.0547040654304787 0.0903544813709830 -0.5000000000000000
0.1673712386242479 0.5000000000000000 -0.1036435945216997
0.1503686201451181 0.5000000000000000 -0.2137382743979283
0.3741251677042846 -0.5000000000000000 0.2936589439910466
0.4474927411653844 -0.5000000000000000 0.1478076540740049
-0.5000000000000000 0.3576042182439040 0.0586388127181084
-0.4288359578095685 0.5000000000000000 0.0447701957257299
-0.5000000000000000 0.4042547113960554 0.2142996757919941
-0.3940608586167555 0.5000000000000000 0.1361788885085204
-0.3504382281657085 0.5000000000000000 0.0537844427485079
0.3346312532131500 -0.1291623268937994 0.5000000000000000
0.0850853888317206 -0.5000000000000000 -0.1110348444335672
0.0626497623071068 -0.5000000000000000 -0.1093196007023458
0.1012386902867507 -0.5000000000000000 -0.1647064004372084
0.1470728257792488 -0.5000000000000000 -0.1089738860674229
0.1539629282790525 -0.5000000000000000 -0.2026990451738556
0.1084917149481692 -0.5000000000000000 -0.2663398330036181
0.1355541833127388 -0.5000000000000000 -0.1231872499629977
-0.0836415796616129 0.5000000000000000 -0.0488513088499828
-0.1471768145018226 0.5000000000000000 -0.0269663702739278
0.5000000000000000 -0.0982358263072526 -0.2203710967555083
0.5000000000000000 -0.0454991405206142 -0.0751882383587981
0.5000000000000000 0.4573538660554490 0.0882885138674310
0.5000000000000000 0.4155118329774760 -0.0277235215965013
0.5000000000000000 0.4276747608374886 0.0717834526452526
0.5000000000000000 0.4888931074197822 0.4526541859015162
-0.3793171736059092 -0.5000000000000000 0.0223666659434503
-0.3547125876588159 -0.2230459877458158 -0.5000000000000000
-0.3919142703473182 -0.2228321303278190 -0.5000000000000000
0.4517290802563263 0.5000000000000000 0.2872113031867906
0.4259301787434263 0.5000000000000000 0.2956121999809173
0.3698703965706357 0.5000000000000000 0.3779721131856462
0.4251493621656159 0.5000000000000000 0.3392875190130202
0.5000000000000000 0.4101219200144985 0.3070836459777353
0.3997909863227290 0.3807151298563005 0.5000000000000000
0.3988546899563555 0.5000000000000000 0.0859367225651561
0.5000000000000000 0.4558090221712201 0.2196498646415899
0.2216074116145122 0.4824111209849405 0.5000000000000000
0.5000000000000000 0.4847346697841532 0.3119254228223556
0.5000000000000000 0.4973167038918984 0.2262310785989758
0.4482659532296277 0.5000000000000000 0.3624606565076313
0.4741878533491716 0.5000000000000000 0.2405085330490658
0.3954021538256520 0.4875385532970878 0.5000000000000000
0.3892969386454823 0.5000000000000000 0.4293548873121299
0.0416969220692269 -0.5000000000000000 0.1069606484028428
-0.0187205520762064 -0.5000000000000000 0.2662647413994521
0.3434082533926257 -0.1976442482555899 0.5000000000000000
0.3396911943957797 -0.1301179477588169 0.5000000000000000
0.3322540933504681 -0.1352177783638506 0.5000000000000000
0.3875073053788597 -0.1064626804982641 0.5000000000000000
0.3440694365912434 -0.1176464272895418 0.5000000000000000
0.2631126922937530 -0.1204347316211195 0.5000000000000000
0.3418276863392225 -0.1205229805541126 0.5000000000000000
0.3527743067071451 -0.1324383613097701 0.5000000000000000
0.3187064245843045 -0.1216005374953797 0.5000000000000000
0.3436810750434885 -0.1319332860007958 0.5000000000000000
0.2002226449840408 0.5000000000000000 0.2134467716963720
0.1952682727126450 0.5000000000000000 0.3259648350855794
0.1945098270881904 0.4833809642105895 0.5000000000000000
0.1672969352204838 0.5000000000000000 0.2625782958667621
0.1404024727019771 0.5000000000000000 0.4513105634122331
-0.3166262287389338 -0.0522119970112483 0.5000000000000000
-0.3180106371242371 -0.0768436047634658 0.5000000000000000
-0.2321118347954528 -0.0603299857212419 0.5000000000000000
0.2990392218740829 -0.3216938498857568 0.5000000000000000
0.3642956915074577 -0.2332288110468015 0.5000000000000000
0.2921072637108173 -0.1338809863283047 -0.5000000000000000
0.3976101476168733 0.2470425847013147 -0.5000000000000000
0.4108323915952324 0.1585101909559719 -0.5000000000000000
0.5000000000000000 -0.0912686307387201 0.2531940657580689
0.5000000000000000 -0.2193833660961648 0.2025878133228466
0.2366612237577100 -0.1929327891497477 0.5000000000000000
0.1763928144849453 -0.2773242757882577 0.5000000000000000
0.1450246686251689 -0.2230188114776297 0.5000000000000000
0.2324712958443328 -0.4124127995724307 0.5000000000000000
0.3065817595492803 -0.2150501530710242 0.5000000000000000
0.2844375160904530 -0.2432464568906025 0.5000000000000000
-0.5000000000000000 -0.1021957894306572 0.2633517163938902
-0.5000000000000000 -0.1365456251374912 0.2999442401724302
-0.4495644357350796 -0.1082329181696046 0.5000000000000000
-0.5000000000000000 -0.1444535386214590 0.2892906738839007
-0.5000000000000000 -0.1626983541957261 0.3000046669438687
-0.5000000000000000 -0.1880374837968204 0.2794192269692765
-0.5000000000000000 -0.0313862025616911 0.2379681599939236
-0.5000000000000000 -0.0234261901474082 0.2427930212854188
-0.5000000000000000 -0.0166325564048897 0.2915102963557722
-0.4275702098266047 0.5000000000000000 0.0397088876517513
-0.4312259462174158 0.5000000000000000 -0.0484650930102338
-0.3408370430484585 0.5000000000000000 -0.0173599933023737
-0.2756667314455449 -0.4103082262761035 0.5000000000000000
0.5000000000000000 0.1055437011938509 -0.0938769681967628
0.0035824703382604 0.1735560821165567 -0.5000000000000000
0.0517752021828262 0.3810153700967260 -0.5000000000000000
-0.0375352688413237 0.3023596813524416 -0.5000000000000000
-0.5000000000000000 -0.0961058530044528 0.4193109655377495
-0.5000000000000000 -0.0249332155127207 0.3541949209319019
-0.1495875753546343 -0.3581726977459888 -0.5000000000000000
-0.1087714347763605 -0.4373626820454051 -0.5000000000000000
-0.2606313900539880 -0.4663412743771281 -0.5000000000000000
0.4653827226659708 0.3273975313842916 0.5000000000000000
0.4800703697666137 0.2847980964206174 0.5000000000000000
0.5000000000000000 -0.3435741515859888 -0.3331513329007658
0.5000000000000000 -0.3712476762512651 -0.4155773149056136
0.5000000000000000 -0.3211577771162630 -0.4205023394758306
0.1712540725660658 -0.1150243714705509 0.5000000000000000
0.3272406041330990 0.0517846088522464 -0.5000000000000000
0.3335208846513619 0.0512952182054372 -0.5000000000000000
0.3101243245037753 0.0491498705770735 -0.5000000000000000
0.3704707512287212 0.0974980394094253 -0.5000000000000000
-0.5000000000000000 0.0602434660166426 -0.4906613904666910
-0.3632814559949198 0.0544141472684920 0.5000000000000000
-0.4143550213091434 0.1529447366482101 0.5000000000000000
-0.3291000825898655 0.1195078980241619 0.5000000000000000
-0.3157659082333677 0.1880192171311092 0.5000000000000000
-0.0815644688645041 -0.2744735500595289 -0.5000000000000000
-0.2306499322012793 -0.5000000000000000 -0.3711700106703315
-0.3759534411010800 0.3445143866641681 0.5000000000000000
-0.4527279545417157 0.3733871415217471 0.5000000000000000
-0.3461793547256706 0.3526297690759045 0.5000000000000000
-0.5000000000000000 0.4511884420969361 0.4072243347794655
-0.4840087573901362 0.2764300136394533 0.5000000000000000
-0.3314146132972797 0.4230844526020882 0.5000000000000000
-0.3436687056778392 0.5000000000000000 0.4468900352627233
-0.4837188872067981 0.2352573837349846 0.5000000000000000
-0.3911988412480726 0.4792606730861242 0.5000000000000000
-0.5000000000000000 0.3532020700462667 0.4264314245267185
-0.2160041218055055 0.0593193124613570 0.5000000000000000
-0.3207321046363541 0.0159178080932428 0.5000000000000000
-0.2174408128650809 0.0067255221278769 0.5000000000000000
-0.2788836966129615 0.0642171200546730 0.5000000000000000
-0.2789845383185459 0.1410898866331744 0.5000000000000000
-0.3111216139795936 -0.1631591660200023 -0.5000000000000000
0.0283361854600992 0.0808852654738014 0.5000000000000000
0.1046523993914381 0.1575645224123620 0.5000000000000000
0.0505537396744473 0.2049250656317676 0.5000000000000000
0.0987935792080528 0.1061491400734421 0.5000000000000000
0.0623869634079046 0.1324356990673950 0.5000000000000000
0.5000000000000000 -0.2851696816306838 -0.2885860187960859
0.4978872459433222 -0.5000000000000000 -0.2589718531149806
0.5000000000000000 -0.3527936304552591 -0.2194351194290874
0.5000000000000000 -0.3520443266908432 -0.2663667763134170
0.5000000000000000 -0.3322096417721050 -0.2629195761065773
0.4682708073403458 -0.5000000000000000 -0.2929618941407141
0.4301395778958145 -0.5000000000000000 -0.1180924532811617
-0.1599221579168089 0.3651908864422400 -0.5000000000000000
-0.2135325355390058 0.3883688488093691 -0.5000000000000000
-0.3140195856102002 0.5000000000000000 -0.2731886438679601
-0.2725501551557533 0.5000000000000000 -0.1628621455838964
-0.2561499918332896 0.5000000000000000 -0.3922745833287281
-0.2421977194802426 0.5000000000000000 -0.3020659746623944
-0.1996385441479505 0.5000000000000000 -0.3456037969455950
-0.3756831608757527 -0.0416058040350681 0.5000000000000000
-0.3760368431823649 -0.0768094949618028 0.5000000000000000
-0.4514735198134311 -0.0459194679635686 0.5000000000000000
-0.5000000000000000 0.3502435328246014 0.0804820713791392
-0.5000000000000000 0.3957489982340787 0.2309202077261111
-0.5000000000000000 0.3588644982579773 0.2053178809913093
-0.5000000000000000 0.0041158202430791 -0.1399585469137786
-0.4264857640102176 -0.1587305247722520 -0.5000000000000000
-0.2825130408537207 -0.0356162993156401 -0.5000000000000000
0.2891543100642471 -0.5000000000000000 -0.4099835995062587
0.2793196906120725 -0.4483866501730515 -0.5000000000000000
0.2509444177548920 -0.5000000000000000 -0.3257112512754523
0.3111423638651711 -0.4374187499724103 -0.5000000000000000
0.2653861027388054 -0.5000000000000000 -0.4471764608099441
0.1770719593061891 -0.5000000000000000 -0.3677745095934042
-0.2627594648544423 0.3098093694478739 0.5000000000000000
-0.3317629857672268 0.3099876705831731 0.5000000000000000
-0.4143980370783059 0.2237080700873139 0.5000000000000000
-0.3000391118966778 0.2914505221512491 0.5000000000000000
-0.2443322967589921 0.3141158257887630 0.5000000000000000
-0.2341444147532091 0.2895665382340295 0.5000000000000000
-0.2106003523573357 0.3410789087368090 0.5000000000000000
-0.2056737697815419 0.2946112130614503 0.5000000000000000
-0.2462105483569580 0.3622248282552807 0.5000000000000000
-0.3386638502745580 0.5000000000000000 0.4492367711965795
0.2681663642927946 0.4358474067024348 -0.5000000000000000
-0.1889903731903618 0.5000000000000000 0.3935307711379493
0.0089313521641392 0.5000000000000000 0.4772248115667459
0.0444856275052215 0.5000000000000000 0.4919480247760880
0.1418229034435360 -0.1964936292192110 -0.5000000000000000
0.3531969922031108 -0.3033899233770116 -0.5000000000000000
0.4166179237273174 -0.2715123541362222 -0.5000000000000000
-0.1965742943272641 0.5000000000000000 0.4191028077922538
-0.5000000000000000 -0.1509012743448456 -0.2951113112885594
-0.5000000000000000 0.0304871818114100 -0.1977842173998617
-0.5000000000000000 -0.3771745756088731 -0.2810321514092660
-0.5000000000000000 -0.2906425644684054 -0.3559944628337062
-0.5000000000000000 -0.3875715955995322 -0.3493095668103006
-0.4288366152074026 0.5000000000000000 -0.1515138303768443
-0.3802016795259467 0.4880353363604350 -0.1146991475578106
0.0311428686409100 -0.3683145775782584 0.5000000000000000
0.0872596211708882 0.5000000000000000 -0.0250800725324978
0.2303805615115066 0.5000000000000000 -0.1679556903486432
0.0743689174275613 0.5000000000000000 -0.1347237114130196
-0.3039019453168095 -0.5000000000000000 0.3010581948716819
-0.0811075391759408 0.4863347666364787 -0.0627744500799409
-0.1669212663635057 0.5000000000000000 -0.0686821184548702
0.0448380594306665 -0.3530188279770612 0.5000000000000000
0.0035577201573149 -0.2311390423366634 0.5000000000000000
0.0270258006992054 -0.3413313514756324 0.5000000000000000
-0.3369674107847528 -0.2639141335576073 -0.5000000000000000
-0.5000000000000000 -0.2089176900409884 -0.2388086621423763
-0.5000000000000000 -0.2833357199114058 -0.0431712643960987
0.5000000000000000 -0.3812321366581031 -0.0666318887224797
0.5000000000000000 -0.3865451378191770 0.0171096692237643
0.5000000000000000 -0.2338320584302002 0.1893741253267742
0.4292185712657219 -0.5000000000000000 -0.0271371780756848
0.5000000000000000 0.3195760776090613 -0.2809626981375262
0.5000000000000000 0.3337316884442799 -0.4090757264934088
0.5000000000000000 0.4364839756754043 -0.3259429132697068
0.4984334449879138 0.4316194793803079 -0.2364573875111811
0.1040343502534223 0.5000000000000000 -0.2856994792144678
0.1319920757641421 0.5000000000000000 -0.2642486598982432
0.1674191935078118 -0.1139672981423975 0.5000000000000000
0.3700059631900978 -0.2882681528887769 0.5000000000000000
0.2407510524535205 -0.4216564515295528 0.5000000000000000
0.4381280444377216 -0.3056299886210962 0.5000000000000000
0.5000000000000000 -0.2250643083700840 0.2051146809833101
-0.5000000000000000 -0.3551117213553202 -0.2471456653929202
-0.5000000000000000 -0.2116239839417408 -0.3479823237857059
-0.0914909940530273 -0.5000000000000000 0.1411849319754775
-0.1459934035644139 -0.4683506844548260 0.5000000000000000
-0.4236421801514362 -0.4241495546282993 0.4934843221242010
-0.3289143495160933 -0.2577487583284188 0.5000000000000000
-0.3298336935999716 -0.1728039729512357 0.5000000000000000
-0.3270760520069767 -0.3094351847741764 0.5000000000000000
-0.4378141115080297 0.5000000000000000 0.3773228259879926
-0.0130176911330116 0.5000000000000000 0.2769497433123290
0.0730090688492540 0.5000000000000000 0.2558575168699032
-0.0163425537481868 0.5000000000000000 0.3664141353616223
0.0929324342667625 0.5000000000000000 0.4379070952463007
0.0516982561486821 0.5000000000000000 0.2389561943630321
0.3349550508203097 -0.2270155968126790 -0.5000000000000000
0.3339771886302086 -0.3289343925004423 -0.5000000000000000
0.3587871710645819 -0.3206708998669849 -0.5000000000000000
0.5000000000000000 -0.2231315665308884 0.2017197309328774
0.2108537738854578 -0.5000000000000000 0.2339658792330189
0.2316953961559842 -0.5000000000000000 -0.0143273994772889
-0.5000000000000000 0.4310184221050176 0.4988567493173840
-0.5000000000000000 -0.2923546805670930 -0.0237817364136339
0.5000000000000000 -0.1783112938222458 0.4339463296638355
0.5000000000000000 -0.4187929185432424 0.4297600070623458
0.5000000000000000 -0.4406466724913992 0.3372156966588474
-0.2616586223924456 -0.4017842143822339 0.5000000000000000
-0.3256332131453952 -0.4811170130418879 0.5000000000000000
-0.2694252570187590 -0.3565381250418237 0.5000000000000000
-0.2680408929418666 -0.4284674978129267 0.5000000000000000
-0.1707210973897406 -0.4648237153526253 0.5000000000000000
-0.2096633942099358 -0.5000000000000000 0.4089236609851333
-0.2408438531735661 -0.5000000000000000 0.4490936780282271
-0.3944316419095087 -0.3566572053039252 -0.5000000000000000
-0.3006244718619683 0.5000000000000000 -0.3656683043890327
-0.0990224989353546 -0.0017070293042555 0.5000000000000000
-0.1770946372649568 -0.0470422013029362 0.5000000000000000
-0.5000000000000000 0.1450616349718242 0.4271620611748778
-0.5000000000000000 0.0335391853067266 0.3664514030934006
0.3756911349000401 -0.3106293762850503 0.5000000000000000
0.5000000000000000 -0.3644590810470698 0.4387133251192806
0.3772837122567279 -0.5000000000000000 0.3977904161858071
0.2564098194966176 -0.4197488554184083 0.5000000000000000
0.3782368143301607 -0.4487425459812648 0.5000000000000000
0.4284998886101302 -0.3294464497826936 0.5000000000000000
0.3762668828482402 -0.3795260990845288 0.5000000000000000
0.5000000000000000 0.3053010424371165 0.1879427071723586
0.5000000000000000 0.3670078734021721 0.2762886607708486
0.5000000000000000 0.2512229798903388 0.3861472574737100
0.1347611933206695 -0.0020094632514598 -0.5000000000000000
0.0624654705742618 -0.0110856309726770 -0.5000000000000000
0.0403064649015835 -0.3950897099348948 0.5000000000000000
0.5000000000000000 -0.2563623618192205 -0.3285197940468690
0.5000000000000000 -0.2360606151511174 -0.2871359529414546
0.5000000000000000 -0.2606462829238642 -0.2634656014765934
0.5000000000000000 -0.2660266902185875 -0.3289508060332105
-0.5000000000000000 0.3115643280332105 0.0608146718601404
-0.5000000000000000 0.3315810361579706 0.0875210366842692
-0.5000000000000000 0.3140462220964726 0.0286006128913718
-0.5000000000000000 0.3529198709631958 -0.0093040370056361
0.4863176626398236 0.2971149003646755 0.1704074010748986
-0.0316294322811095 -0.2237174004806679 -0.5000000000000000
-0.0415852778755537 -0.1714264593845891 -0.5000000000000000
-0.2524533805879886 -0.0518297374041137 -0.5000000000000000
0.3891142485056083 -0.2434170943635679 0.5000000000000000
0.3757525606392655 -0.2641414487708197 0.5000000000000000
0.2982101397612960 -0.0245068095173354 -0.5000000000000000
0.2999937783875076 -0.0133264502011975 -0.5000000000000000
0.3014934657548597 -0.0137622267223946 -0.5000000000000000
0.2966094488363524 -0.0092047017170508 -0.5000000000000000
0.2961257217765524 -0.0152112705267021 -0.5000000000000000
0.2898825916051282 -0.0158641641552626 -0.5000000000000000
-0.3324656840034431 -0.2738896123392675 -0.5000000000000000
-0.2482701859216664 -0.5000000000000000 -0.3522812818403127
-0.5000000000000000 -0.2941553632369132 -0.0312345589413971
0.0249620341249167 0.0001797635274214 -0.5000000000000000
-0.2719262169605059 -0.0365712063421577 -0.5000000000000000
0.0276949050287004 -0.2186880684948569 0.5000000000000000
-0.0986944061174911 -0.2493629993943353 0.5000000000000000
0.0184297568737219 -0.2432210581338337 0.5000000000000000
-0.0079138285188190 -0.1838566647570852 0.5000000000000000
-0.5000000000000000 0.2344874009411924 0.1233317084806466
-0.5000000000000000 0.2474097217086185 0.1638398647129650
-0.5000000000000000 0.2203174238157682 0.0985582902943591
0.4073460855866049 -0.2052929170202180 -0.4923634598211224
0.3095566620518956 -0.1406036461868420 -0.5000000000000000
0.2510296220936268 -0.1626792023758671 -0.5000000000000000
0.2697409998265882 -0.0855191499886344 -0.5000000000000000
0.4565864359931132 -0.0779548329623900 0.5000000000000000
0.4862797651906705 -0.0236080254595713 0.5000000000000000
-0.1679797577317060 0.1876945750020727 0.5000000000000000
-0.1257428889370537 0.2167185014787068 0.5000000000000000
-0.1165171575022403 0.1046608907125186 0.5000000000000000
-0.2360009143680287 0.4256435984198359 0.5000000000000000
-0.1210972118882651 -0.4991333531752821 -0.5000000000000000
-0.2885529351243972 -0.5000000000000000 -0.4883923206731408
0.5000000000000000 -0.4046742734011727 0.3442609550599855
0.5000000000000000 -0.3762217716826523 0.2727759961821065
0.5000000000000000 -0.2454083099153178 0.4299043898506379
0.3530311835196445 -0.0017437367972227 -0.5000000000000000
-0.3463141347126458 -0.0245535987388500 0.5000000000000000
-0.3474892884701196 -0.0608855964221576 0.5000000000000000
0.4795487613222641 -0.5000000000000000 -0.3567639947092885
-0.0455566196742695 -0.5000000000000000 -0.1123679179303595
-0.0200462432907833 -0.5000000000000000 -0.1271847396476314
0.0166326338415653 -0.5000000000000000 -0.0242103673144896
0.0224187341376616 -0.5000000000000000 0.0098987077215268
-0.0170291206505358 -0.5000000000000000 0.2322116871102043
-0.0156364647327000 -0.5000000000000000 -0.0647649427342426
-0.5000000000000000 -0.3987495760434105 -0.2329621536187347
-0.5000000000000000 -0.4145509572231578 -0.3202919391938261
-0.4981662071798888 0.0190664857716979 -0.5000000000000000
0.4073876289785099 -0.1898503758744801 -0.5000000000000000
0.3755135057411510 -0.1136485350856766 -0.5000000000000000
0.4122124323901537 -0.1104235303667481 -0.5000000000000000
0.3926401327030370 -0.0737435358435563 -0.5000000000000000
0.4697154770285943 0.0820236266531734 0.5000000000000000
0.3717301147763918 0.1529795325728029 0.5000000000000000
0.4379817718185194 0.1523398078370392 0.5000000000000000
0.4801417263815725 0.0279404270957298 0.5000000000000000
0.4990502620464527 0.1877870807905258 0.5000000000000000
-0.0167407862240855 0.5000000000000000 -0.1909081352697009
-0.0749718413664056 0.5000000000000000 -0.0963689150704918
-0.1077783039485783 0.5000000000000000 -0.1325300204174128
-0.0629241327011915 0.5000000000000000 -0.2025428939572045
-0.5000000000000000 -0.0105452287434948 0.3848660377584431
-0.5000000000000000 0.4693367680987062 0.3915973601375126
0.5000000000000000 -0.3892124678562577 0.1809641260973031
0.5000000000000000 -0.4445075873377553 0.0990169687604561
0.5000000000000000 0.3168445255255817 0.1585668362435022
0.5000000000000000 0.3078070732380530 0.1501097411888297
0.5000000000000000 0.2800249979481373 0.0877750075675921
0.5000000000000000 0.2736435922211022 0.1898692902859955
-0.4305659419545095 0.5000000000000000 0.3072706560603605
-0.4232103609527326 -0.5000000000000000 -0.4093138065736125
-0.4456742148919859 -0.5000000000000000 -0.3927005574226405
-0.3242480534304715 -0.5000000000000000 -0.4596484083672178
-0.0659135104964437 0.5000000000000000 0.3117171140792932
-0.0957785500927507 0.3233700708670443 0.5000000000000000
-0.0409918374842006 0.5000000000000000 0.4039319575544080
-0.0958363122546536 0.3486180522800437 0.5000000000000000
-0.1180819054581501 0.3602008383388563 0.5000000000000000
-0.1292820706588421 0.3051787572726683 0.5000000000000000
-0.1049275062374287 -0.5000000000000000 -0.1843779321929332
-0.2828667022843157 -0.5000000000000000 -0.1646315756124707
-0.1386087382824842 -0.5000000000000000 -0.1918105042097834
-0.4220110369166752 0.5000000000000000 0.0219217637380330
0.4351828126244500 -0.5000000000000000 -0.4874629745309221
0.4249404905441176 -0.4349237177884526 -0.5000000000000000
0.4327616813438458 -0.5000000000000000 -0.3825331752463086
0.3973584805303644 -0.4140531677002676 -0.5000000000000000
0.4118962748307893 -0.5000000000000000 -0.2263245440508763
0.5000000000000000 -0.4370219015989615 0.2956236005471893
0.5000000000000000 -0.3980698858790754 0.2330966245314277
-0.4214754918701788 -0.4403523269774156 0.5000000000000000
-0.3655120354986193 -0.5000000000000000 0.4010563210352592
-0.3563870526131484 0.2056181542324374 0.5000000000000000
-0.2277918051245091 0.2148572958989984 0.5000000000000000
-0.2412766534792014 0.2569000890468022 0.5000000000000000
0.5000000000000000 -0.0911275368518707 0.4402027225458826
0.5000000000000000 -0.1401650955131696 0.3958508168107333
0.5000000000000000 -0.0358678566544201 0.4339368378009808
0.4142185663858415 -0.5000000000000000 0.3249264801695642
0.3725837486044764 -0.5000000000000000 0.3285405549650395
0.5000000000000000 -0.0848123298957055 0.2858763869351059
0.5000000000000000 -0.0749333789085720 0.2641701126313985
0.5000000000000000 -0.0782593006522413 0.2607451760707422
0.5000000000000000 -0.0811386885612136 0.2211230475768478
0.5000000000000000 -0.0816938692795442 0.2581494308162186
0.5000000000000000 -0.0948857734689764 0.2738015782853981
0.5000000000000000 -0.0690836621752638 0.2985437929424819
0.5000000000000000 -0.0952894042116174 0.2591980624297008
-0.3974816865161066 -0.4077087427323905 0.5000000000000000
-0.4454904376714011 -0.4192496506410325 0.5000000000000000
-0.5000000000000000 -0.3436694911401967 0.4626937667763334
-0.4445189187899899 -0.4407860836586819 0.5000000000000000
-0.5000000000000000 -0.3313988132803976 0.3461670671944456
-0.5000000000000000 -0.4229822439678679 0.3087189039569332
0.3675923934389841 0.2792407036387199 -0.5000000000000000
0.3192851708775642 0.3452782302041342 -0.5000000000000000
-0.1944526833076540 0.5000000000000000 0.1765449016940586
-0.1059202297707399 0.5000000000000000 0.0051016343630841
-0.1719796322159638 0.5000000000000000 0.0773811855125935
-0.1617952027337096 0.5000000000000000 0.1494481146929555
-0.1834405928830313 0.5000000000000000 0.2335235958898285
0.0223274911360230 0.0349371872015942 0.5000000000000000
-0.0338496023652864 -0.0040334096582990 0.5000000000000000
-0.0061869773271310 0.0483669408751247 0.5000000000000000
-0.0635287788741147 0.0441629406465480 0.5000000000000000
0.3959015278940441 0.5000000000000000 0.0270760430977770
0.5000000000000000 0.3929447675960822 0.0203850927119707
0.5000000000000000 0.3751368687740857 -0.0181773298272956
-0.2800164184390779 -0.5000000000000000 -0.1188678641074093
-0.1171730469728184 -0.5000000000000000 -0.1442555694216442
-0.5000000000000000 -0.3653357076809883 -0.2254164887584408
0.4772538293984526 -0.5000000000000000 0.0774624343329513
0.3874999860937061 0.5000000000000000 0.0221764059466649
0.2954626609962250 0.5000000000000000 -0.1676930962965601
0.4109339318215618 0.3433156165081990 -0.5000000000000000
0.3454480725176579 0.5000000000000000 -0.1595347440459225
-0.5000000000000000 -0.4221101154865105 -0.3789793913660470
-0.2220519238819243 -0.1290121858617898 0.5000000000000000
-0.2787999326600529 -0.3151740473529616 0.5000000000000000
-0.2860805172154453 -0.2699191836932676 0.5000000000000000
-0.2441094649312629 -0.3055510357673820 0.5000000000000000
-0.2604874835035916 -0.3315613657597851 0.5000000000000000
-0.2806928833325115 -0.3320742982513420 0.5000000000000000
0.4421088765414792 -0.1811526811602047 -0.5000000000000000
0.3349901337051933 0.2222852750264763 -0.5000000000000000
0.2647603309205879 0.3150029098842779 -0.5000000000000000
0.2772767536557346 0.0999067590293686 -0.5000000000000000
0.3649297029515088 0.1476907215972234 -0.5000000000000000
0.2289474785121364 0.1780712398889039 -0.5000000000000000
0.2632684067784695 0.2052744297458311 -0.5000000000000000
0.2481672743059221 0.1694410692841938 -0.5000000000000000
0.1542282471237060 -0.1241658121958941 0.5000000000000000
0.0396852606313066 -0.3272896917505633 0.5000000000000000
0.4404647534433742 -0.0882422364732753 0.5000000000000000
0.4460859915902551 -0.0809066581785263 0.5000000000000000
0.4507930123617421 -0.0818948619704457 0.5000000000000000
0.4441586475906758 -0.1048252665536467 0.5000000000000000
0.4371752506224892 -0.0708972268962956 0.5000000000000000
0.1405892125701652 0.0070362114362743 -0.5000000000000000
0.0875299619250793 0.0878691285552920 -0.5000000000000000
0.0860323059304529 0.0201721028157576 -0.5000000000000000
0.4274553189585439 -0.1431005460321776 0.5000000000000000
-0.5000000000000000 -0.2079718109481857 -0.3909875905504297
-0.2547223435517823 0.2138637440050766 -0.5000000000000000
-0.2274923434264196 0.2424066018551832 -0.5000000000000000
-0.1750517373453675 0.1655264277030751 -0.5000000000000000
-0.0496419066298659 0.1736655499309230 -0.5000000000000000
-0.1345200101001274 0.2202318626665043 -0.5000000000000000
-0.4332676315017171 -0.5000000000000000 0.3508370430535744
0.1633633017253174 -0.1146507689157449 0.5000000000000000
0.2122032521560172 0.1590304980254386 0.5000000000000000
0.2712756165531388 0.2250316691577531 0.5000000000000000
0.2020261682341605 0.1260746155622802 0.5000000000000000
0.2307617517323674 0.1469273769308069 0.5000000000000000
0.2485998347235568 0.1172389415112945 0.5000000000000000
0.2864624317761169 0.1542000420473447 0.5000000000000000
0.2556997502800060 0.1547954975721057 0.5000000000000000
0.2442812924654971 0.1690803653072490 0.5000000000000000
0.2096734759908913 0.0849095427844575 0.5000000000000000
0.2179596296146843 0.1801913037963559 0.5000000000000000
-0.2879711514103726 -0.5000000000000000 0.0116111692384671
-0.2865957576453340 -0.5000000000000000 -0.1297615391630093
-0.2311220910362363 -0.5000000000000000 -0.0746744747016869
-0.2627565727365125 -0.5000000000000000 -0.2423894434046245
0.1644531967746061 -0.0936973108008256 0.5000000000000000
0.1309953757835060 0.0387821051856570 0.5000000000000000
0.1647773400764212 -0.0283307327445578 0.5000000000000000
-0.1778659344608221 0.2906934630689114 -0.5000000000000000
-0.0802699243185245 0.2633414632098072 -0.5000000000000000
-0.5000000000000000 0.2326709163960560 0.0508711800875747
-0.5000000000000000 0.2676570462782178 0.1326325694755495
-0.5000000000000000 0.1789490751694693 0.1769518514333223
-0.0162584926948522 -0.3411643361320923 -0.5000000000000000
0.0173896219548878 -0.2435726052089537 -0.5000000000000000
-0.0728802108988921 -0.3851818309507374 -0.5000000000000000
-0.5000000000000000 -0.4153857058519837 -0.1673985826374721
-0.4537429828131112 -0.5000000000000000 0.0453111305204633
-0.4355023881511613 -0.5000000000000000 0.2262909285458389
-0.0848775631941529 -0.4678396040241796 -0.5000000000000000
-0.1895931506233280 0.5000000000000000 0.3646817322373701
-0.2608995907244666 0.2449852319827456 -0.5000000000000000
-0.2447194106339680 0.4082843031000581 -0.5000000000000000
-0.2318661172603031 0.3033147488809573 -0.5000000000000000
0.4940748461473697 0.5000000000000000 -0.3160096838954146
0.2337095509468241 -0.4254544614261733 0.5000000000000000
0.2404088679655290 -0.4289004579144459 0.5000000000000000
0.2249673674228617 -0.4205232235408380 0.5000000000000000
0.2294820181221854 -0.4304491622913728 0.5000000000000000
0.1767823553706160 -0.4088856647700900 0.5000000000000000
-0.3384636664422354 -0.5000000000000000 0.1431769775187562
-0.3403166301715612 -0.5000000000000000 0.3144507020819487
0.3759103102626426 0.0565194151907996 0.5000000000000000
0.5000000000000000 0.2097571277740761 0.2354289050948622
0.3996250827355266 0.0161546170775464 0.5000000000000000
0.5000000000000000 -0.0173475146693032 0.1677545714200706
0.5000000000000000 0.0429180330357023 0.3937065388022150
0.2139298986637105 -0.5000000000000000 0.2426715202892754
0.2476254268594881 -0.5000000000000000 0.0742939496461119
0.3779212908740065 -0.5000000000000000 0.0275627285762640
0.5000000000000000 -0.1873547497693835 -0.2290592659000917
0.5000000000000000 -0.2538066400759803 -0.2150581424744277
0.3844741690386640 0.5000000000000000 0.0377791987906863
0.5000000000000000 0.3012185477033649 -0.0764666858518737
0.5000000000000000 0.2161804719406157 -0.2225417511356042
0.5000000000000000 0.2463117055748156 0.1563571280210885
0.0647600590609022 0.5000000000000000 -0.1582119183860702
0.1780887836894603 0.3463928834770775 -0.5000000000000000
0.1532964066929833 0.5000000000000000 -0.4879405828261176
-0.0892152389998306 0.5000000000000000 -0.3626938432725160
-0.1194988009720469 0.5000000000000000 0.3350617392925824
-0.0563482041922370 0.5000000000000000 0.3035078838714486
-0.0405573621689726 0.5000000000000000 0.2955361472882330
-0.0724907731876626 0.5000000000000000 0.0791751326442146
0.0200654467577380 0.5000000000000000 0.1185830380501294
-0.0658291884842673 0.5000000000000000 0.2605587222107487
-0.0907261544363894 0.5000000000000000 0.3040880338623252
-0.0284519380039275 0.5000000000000000 0.2335601469083235
-0.4133657099347354 0.0822772906355033 0.5000000000000000
-0.3708548302630528 0.0205312700679903 0.5000000000000000
-0.3185297462332584 -0.5000000000000000 0.1416699252501198
-0.3226042378077427 -0.5000000000000000 0.2695070352802840
0.1092226019477740 0.5000000000000000 -0.1300814589674194
0.1744928332254133 0.5000000000000000 -0.2367288871878597
0.1067523879304675 0.5000000000000000 -0.2054511954768130
0.1453765960511176 0.5000000000000000 -0.3124371368066202
0.1559009847704337 0.5000000000000000 -0.2756821336367450
0.1382411592854548 0.5000000000000000 -0.2402463344492939
0.1526649859740639 0.5000000000000000 -0.4594800220481432
0.3889154528062675 0.3701594713179939 0.5000000000000000
0.3992000016950656 0.3676729081998708 0.5000000000000000
0.3646688366979829 0.2593492210173037 0.5000000000000000
0.3882425550598086 0.3263706626567220 0.5000000000000000
0.4172875854944367 0.3355926209010017 0.5000000000000000
-0.1393648957301814 -0.5000000000000000 -0.1539528482102113
-0.0869049301573400 -0.5000000000000000 -0.0920865990938117
-0.0886610525130700 -0.5000000000000000 -0.1583738102376199
-0.1595864075235562 -0.5000000000000000 -0.2671202236448916
-0.0909310007486013 -0.5000000000000000 -0.2400949309599498
0.5000000000000000 0.2128805680016443 -0.3773554213157665
0.4098676988948899 0.3357395626783771 -0.5000000000000000
0.5000000000000000 0.2897813699872754 -0.4520404926218294
0.3577688330005803 0.2176284321742751 -0.5000000000000000
-0.4490879664868018 0.1225046043174150 0.5000000000000000
-0.4376213163141242 0.1421757786245321 0.5000000000000000
-0.4544914890626645 0.0849451276363664 0.5000000000000000
-0.0342621537374286 -0.5000000000000000 -0.2004876315526081
0.3163409123673008 -0.5000000000000000 -0.3245437013253620
0.3476539575563888 -0.4893199886722969 -0.4232710181873391
0.5000000000000000 -0.1863558862646027 -0.0849584820728213
0.5000000000000000 -0.1461201769438788 -0.1822550443650720
0.5000000000000000 -0.0978041387699490 -0.0387889062327408
0.5000000000000000 -0.2384570193607273 -0.1911394522029556
0.5000000000000000 -0.1719661892606670 -0.1256275114096496
-0.5000000000000000 0.4074550326592830 0.2503398562933803
-0.3981937214021954 0.5000000000000000 0.2766325479206543
-0.3559305324266729 0.5000000000000000 0.4320022447622975
-0.4168589883009819 0.5000000000000000 0.4301478714778689
0.4088424191002760 0.5000000000000000 -0.0306970970840589
0.4047520351077977 0.5000000000000000 -0.0011736594056207
0.3902273546123732 0.5000000000000000 0.0265636072020943
0.3951273729270171 0.5000000000000000 0.0461694039490559
-0.3488606435248930 -0.2965267392835990 -0.5000000000000000
-0.3334886519239936 -0.2607575225324446 -0.5000000000000000
-0.3552163580597683 -0.2591815274537415 -0.5000000000000000
0.3946528463375572 0.0044061577023207 0.5000000000000000
0.5000000000000000 -0.0290323846571078 0.1498415504813138
0.4631949033178632 -0.0329613958689214 0.5000000000000000
0.2284030833947245 -0.5000000000000000 0.2509865786314379
0.2034855420565408 -0.5000000000000000 0.2447738718505151
0.2104052080611135 -0.5000000000000000 0.2559875823117810
-0.5000000000000000 0.4847945085736725 -0.3938877035699735
-0.5000000000000000 0.4451179296417757 -0.2998486027495960
-0.5000000000000000 0.4859193723125830 -0.3580201424645070
0.1807490077803466 0.0117275633968873 -0.5000000000000000
0.1430840355394274 -0.0237382397581458 -0.5000000000000000
0.1575727478181675 0.0005481372657461 -0.5000000000000000
0.1504303201954950 0.0121572883321162 -0.5000000000000000
-0.0147230478170065 0.5000000000000000 -0.0404445852398920
0.1085016593033034 0.4986024992005587 0.1438416880956475
0.0686964451444964 0.5000000000000000 0.0089958594683363
-0.3344474486149074 -0.5000000000000000 -0.0210125401461878
-0.3322378092870146 0.5000000000000000 0.1517186840956362
-0.2806501981943916 0.5000000000000000 0.0364664365540392
0.1128608760294220 0.3032052685583064 0.5000000000000000
0.1675195824353671 0.3119830901205813 0.5000000000000000
-0.5000000000000000 0.2308113583370119 -0.2905997231900590
-0.3943185144298791 0.2831703878014760 -0.5000000000000000
0.2359693918895175 -0.5000000000000000 -0.0531099829952483
0.2296810089199363 -0.5000000000000000 -0.2318391044080276
0.3702596337645334 -0.5000000000000000 -0.1043175469091387
-0.0755948539360048 0.5000000000000000 0.3991826667086541
-0.1763157524324239 0.4685270001940754 0.5000000000000000
-0.2406507369374973 0.4857097572527457 0.5000000000000000
-0.3171761045129072 0.5000000000000000 0.4386358679440077
-0.1945391568063593 0.5000000000000000 0.3272866762333353
-0.2130472204448222 0.5000000000000000 0.4007055367685052
0.5000000000000000 0.4082066071702716 0.1892318237184641
-0.2182962913869996 -0.2863195557853782 -0.4999984580886233
0.1808110230641680 0.0712007848301633 -0.5000000000000000
0.0381210091201821 0.1340077653801494 -0.5000000000000000
0.0912159262984096 0.1085912577304508 -0.5000000000000000
0.1082908597058794 0.1043732679210243 -0.5000000000000000
0.4570185395630409 -0.5000000000000000 -0.4985135976469118
0.3632539719654770 -0.5000000000000000 -0.4384594270349865
0.5000000000000000 -0.2204342195326914 0.1929893379243391
-0.5000000000000000 0.1715086920283997 0.1820433007964034
0.4893988143711581 0.2372507051193758 0.4003811579176969
0.2761221247544743 0.5000000000000000 -0.2972352704842706
0.4019256604545185 0.3470302458449923 -0.5000000000000000
0.3217897195540937 0.5000000000000000 -0.2894110134955442
0.2488449713327082 0.5000000000000000 -0.4355341981920645
0.2397444709593202 0.3744438366242606 -0.5000000000000000
0.4204592412690435 0.4061870328663242 -0.5000000000000000
0.1581184900086230 0.5000000000000000 -0.4938959244238192
0.1594011920119446 -0.1201882536553275 0.5000000000000000
0.1729560164062393 -0.1029862886540160 0.5000000000000000
0.1952999318660275 -0.1279115895483591 0.5000000000000000
0.1481645227757363 -0.1109796797674509 0.5000000000000000
-0.4014928726506815 -0.5000000000000000 -0.3669151840221050
-0.4055176274635976 -0.5000000000000000 -0.3185296382814200
-0.4225909754072982 -0.5000000000000000 -0.3506620042546483
-0.3193733321252095 -0.5000000000000000 -0.4466377280675743
0.0256699304021598 0.1104781158458001 -0.5000000000000000
-0.4986475205290646 0.0384549042284189 -0.4240080405893252
-0.5000000000000000 0.1894434730676096 -0.1648157216883193
-0.5000000000000000 0.2074466762258617 -0.3112002442425619
-0.5000000000000000 0.2234471167402003 -0.2816504604777358
-0.5000000000000000 0.3412644232581775 -0.1803742139390373
-0.5000000000000000 0.0813725754378712 -0.4575223511222462
-0.5000000000000000 -0.1814251665122963 -0.4345537817712003
-0.5000000000000000 0.1820202957830107 -0.0912595736313676
-0.4951710639330409 0.0569695630138626 -0.2611156130861076
-0.5000000000000000 0.3481634572505828 -0.1411229588884130
-0.5000000000000000 0.0652290422984587 -0.1979537967073188
-0.5000000000000000 -0.3203446872134603 -0.2363930477005649
-0.5000000000000000 -0.2049991188600772 -0.3061427313102143
0.3507344959000638 -0.4866908295273202 -0.5000000000000000
0.5000000000000000 0.4951340264622894 -0.2855085634972597
0.4138624010416434 0.3458901760711214 -0.5000000000000000
0.5000000000000000 0.4601882356205902 -0.2934308709132319
0.4340480645385363 0.5000000000000000 -0.2601838848519855
0.4520299305981841 0.4101153338803229 -0.5000000000000000
0.5000000000000000 -0.4771280802480412 0.2534004843934559
0.5000000000000000 -0.4400080657186621 0.2154019906633934
0.5000000000000000 -0.4759104206556528 0.1515395030620349
0.5000000000000000 -0.1185294492563879 -0.3954984994823839
0.5000000000000000 -0.1131662222550558 -0.2507414718920204
0.5000000000000000 -0.0023901945452469 -0.2375624871551032
0.4860580661208651 -0.0319510327142513 -0.5000000000000000
0.5000000000000000 -0.1216987967007073 -0.1917125077025546
-0.3264205366405359 -0.1492551429277437 0.5000000000000000
-0.2836069321798016 -0.1056666068332784 0.5000000000000000
0.2691412847991374 0.0553809358319004 -0.5000000000000000
0.4406255655088795 -0.1657109303538342 0.5000000000000000
0.2344269895706793 0.4621105946451275 0.5000000000000000
0.1862461284218527 0.4769960167046374 0.5000000000000000
0.2248618350521712 0.4699045282763578 0.5000000000000000
0.1956049119109078 0.4779884876510664 0.5000000000000000
-0.3197396983216224 0.5000000000000000 -0.2905527581697259
-0.3336840651197767 0.5000000000000000 -0.2643860315169543
-0.3458277281709727 0.5000000000000000 -0.2114046394712114
-0.5000000000000000 0.2638020648659450 0.4794116619343614
-0.5000000000000000 0.2088761372738674 0.2906898062580826
-0.5000000000000000 0.3782183486395378 0.2395985798982649
-0.5000000000000000 0.3081500391232757 0.2288987619176223
-0.5000000000000000 0.1803724760092317 0.1903438868253102
-0.4913827841261018 0.2277268035815640 0.5000000000000000
-0.3753028769651715 0.2719118542815211 -0.5000000000000000
-0.2806851034807810 -0.0122670170309854 -0.5000000000000000
-0.3455003466976186 0.2436466931134619 -0.5000000000000000
-0.2947997646845898 0.2039746096955982 -0.5000000000000000
0.4564778434716101 -0.3727539996492304 -0.5000000000000000
0.4356763308451401 -0.2658536686157368 -0.5000000000000000
0.3130150010256074 -0.5000000000000000 -0.3011088222798494
0.2944835076318264 -0.5000000000000000 -0.2288555124036091
0.2868556078848487 -0.5000000000000000 -0.2873760434757991
0.3417557446598843 -0.5000000000000000 -0.3062755026532628
0.3421570833686187 -0.5000000000000000 -0.2482817858613871
0.4044553987883398 -0.5000000000000000 0.4558334936440208
-0.1872559206035687 -0.2608279524682036 0.5000000000000000
-0.2135063419361483 -0.3042519230943080 0.5000000000000000
-0.0414366825070818 -0.3343903790256752 0.5000000000000000
0.3621288103907648 0.0434137064321242 0.5000000000000000
0.3404005138340999 0.1367665844342560 0.5000000000000000
0.3564063418814050 0.1162700296392489 0.5000000000000000
0.4274517721447462 0.0195443561101817 0.5000000000000000
0.2768293854563086 0.0065216536523162 0.5000000000000000
-0.0256752525733794 0.3263015989065610 0.5000000000000000
-0.0367216239440662 0.5000000000000000 0.4000340825908218
0.0159449656356274 0.3421669150172932 0.5000000000000000
-0.0347562832917711 0.3705982748634155 0.5000000000000000
-0.1042897196750469 0.2970910781489317 0.5000000000000000
0.3125109253540510 0.3757173084406484 0.5000000000000000
0.3269685682337485 0.4069960597715804 0.5000000000000000
0.3771665068353181 0.4392713674996813 0.5000000000000000
0.3638664384463017 0.3284914464161791 0.5000000000000000
-0.0301298186833748 0.5000000000000000 0.3914469233042127
-0.0068027588737073 0.4198593656701105 0.5000000000000000
-0.4369006247427350 -0.1349197727793205 -0.5000000000000000
-0.3023098486792579 -0.0290108904684601 -0.5000000000000000
-0.2275023889205836 -0.2386110148933943 0.5000000000000000
-0.2017195248894731 -0.1839935372396308 0.5000000000000000
-0.1125129625364215 -0.1831253620048301 0.5000000000000000
-0.2358434650176881 -0.5000000000000000 -0.3936699635735341
0.0870698349454909 0.0642518178787648 0.5000000000000000
-0.0740637594726477 0.5000000000000000 -0.0544926899046738
0.0635200074741816 0.4887673132123119 0.0205477053358712
0.0195070082421304 0.5000000000000000 0.0579865021161762
0.5000000000000000 -0.0468289132750705 0.0189036319901317
0.5000000000000000 0.0146761311584783 -0.1957412030858666
0.5000000000000000 -0.2088330245235229 0.1867039762018919
0.5000000000000000 -0.0691772406339451 -0.0410746360602989
-0.0551026206668995 -0.5000000000000000 -0.1945948205354547
-0.0268192593958559 -0.5000000000000000 -0.2369630629586872
-0.0641099082206927 -0.5000000000000000 -0.2851426650866150
0.0401991502785143 -0.5000000000000000 -0.2897332638300860
0.1302838589211201 0.5000000000000000 0.3170550705624215
-0.0177861425646164 0.5000000000000000 0.3977745429301393
0.1116204006645485 0.3997406709238023 0.5000000000000000
0.1213421461971767 0.4942280024969682 0.5000000000000000
0.0573739447154125 0.4263648090589517 0.5000000000000000
0.1509926724013082 0.4010435342988511 0.5000000000000000
-0.5000000000000000 0.0604845582163105 0.1853439016997309
-0.5000000000000000 0.1719195782568479 0.1735487838943099
-0.0363137176215851 0.5000000000000000 -0.0900070241948167
0.0092236728067314 0.1761925360157826 0.5000000000000000
-0.2234319277604145 0.5000000000000000 -0.0293197834322050
-0.1773965359357449 0.5000000000000000 -0.1835005165491508
-0.1521922330496610 0.5000000000000000 -0.2785236116317389
-0.3818746569232597 -0.5000000000000000 -0.4503779771781301
-0.2991100339201420 -0.4891671351542388 -0.4709811836905994
0.0798454537766985 -0.4247773445576727 -0.5000000000000000
0.3309966715989413 -0.4718829423996584 -0.5000000000000000
0.1762584800808350 -0.2758979786989092 -0.5000000000000000
-0.0275835447124485 -0.5000000000000000 0.2700095748267064
-0.0927132338843722 -0.5000000000000000 0.0149199223224045
-0.4652829907013242 -0.3778231981026112 -0.5000000000000000
-0.3679040858219915 -0.4069458447188769 -0.5000000000000000
0.5000000000000000 0.1736875223161108 -0.1994307360947567
0.5000000000000000 0.1652132994807167 -0.3942272354296070
0.4137781762568531 0.3446395307068348 -0.5000000000000000
0.4257971813130208 0.5000000000000000 -0.2169615851727152
-0.2865088011361572 -0.0337508702112309 -0.5000000000000000
0.0653344565810090 -0.5000000000000000 0.3175175852540307
0.0088310896020068 -0.5000000000000000 0.2993266821650049
0.1095586272697004 -0.5000000000000000 0.3175459558134697
0.0623606756699391 -0.5000000000000000 0.3339419994245724
-0.3861774568948504 0.3201087108470738 -0.5000000000000000
-0.2990266762603286 0.5000000000000000 -0.3786672838203422
-0.3454330931429919 0.5000000000000000 -0.3886532357255352
-0.2813150097401804 0.5000000000000000 -0.4114272104068480
-0.2763061776946688 0.5000000000000000 -0.3469374842768823
-0.0541954685801138 0.5000000000000000 0.3954378391133753
-0.5000000000000000 0.1574781525134064 0.3355635610658678
-0.5000000000000000 0.1715664976219770 0.3354613652980616
-0.5000000000000000 0.0655973949707608 0.2724331148250493
-0.5000000000000000 0.1700423226250370 0.2009505154059108
-0.4904237167744724 0.2196404948998444 0.5000000000000000
-0.5000000000000000 0.1307067995199521 0.3904531647631719
-0.0219500730872959 -0.5000000000000000 0.3173814328429884
0.0147678896458787 -0.4324930291322834 0.5000000000000000
0.5000000000000000 0.2306878834936358 0.1607228017246744
0.5000000000000000 0.2399665891552147 0.2294193805185169
0.5000000000000000 0.2542168642201344 0.2174634672680224
0.5000000000000000 0.2390821687615228 0.2077869028208381
0.5000000000000000 0.2415337439236406 0.3232937091248173
0.4514641216001625 -0.4233965459126864 -0.5000000000000000
0.3896213452868017 -0.4819470059637331 -0.5000000000000000
0.2794248372635529 0.0371321102221158 -0.5000000000000000
-0.3958399552976848 0.2699731481299039 -0.5000000000000000
-0.3967428330057706 0.2815597268350836 -0.5000000000000000
-0.4064312067986523 0.2978535632821768 -0.5000000000000000
-0.3888828998423148 0.2909519140531473 -0.5000000000000000
-0.4741147079729999 0.0738069979387846 -0.5000000000000000
-0.1786831642418518 -0.0867182930502640 0.5000000000000000
-0.0717730053654553 -0.0563011740460717 0.5000000000000000
-0.1286698689694713 0.0268924156658505 0.5000000000000000
-0.0194891355731475 0.1798259626519249 -0.5000000000000000
-0.0784098099469752 0.2382559240977385 -0.5000000000000000
-0.5000000000000000 -0.3254185285731715 -0.1098602646549306
-0.5000000000000000 -0.3819577876975991 -0.1728906722861400
-0.4953925035050394 0.1347515508354931 0.4942227767089856
-0.5000000000000000 -0.0085661188887867 0.3449453242744411
0.5000000000000000 -0.2862115661074812 -0.2040306738609427
0.5000000000000000 -0.2781409000390986 -0.1775565821392956
0.5000000000000000 -0.2265967580975043 0.1264896894068264
0.4693173624641785 -0.5000000000000000 0.2785328195117313
0.3844356790910605 -0.0063533258622684 0.5000000000000000
0.5000000000000000 -0.4199782480938002 -0.4863410804871379
-0.4841774188538504 -0.3365489684116602 -0.5000000000000000
-0.4864958452546946 -0.3753410606311438 -0.5000000000000000
-0.5000000000000000 -0.2838619503910489 -0.0124271241740828
-0.5000000000000000 0.0392507458734312 0.2354496690120152
-0.5000000000000000 0.1675488546039983 0.1873377841662413
0.4568765019763555 -0.3080462085114033 0.5000000000000000
0.5000000000000000 -0.3823354880661211 0.1422614056635051
0.5000000000000000 -0.2413225921971245 0.2018240482404764
0.5000000000000000 -0.3847897082268971 0.2141558466754583
0.2619477431582055 -0.5000000000000000 0.3612153283531782
0.4248412067709719 -0.5000000000000000 0.2878000835002444
0.3958111355295948 -0.5000000000000000 0.1317180695597489
-0.5000000000000000 0.1723621812225689 0.1836079797144152
0.1814611689257022 -0.5000000000000000 0.0710227198385596
-0.4935892915821879 0.1748853309414317 0.5000000000000000
0.0044270338040051 -0.3898630174516985 -0.5000000000000000
0.0595495300249461 -0.2612316682877336 -0.5000000000000000
-0.0726236742049354 -0.4276887377952127 -0.5000000000000000
-0.2847253158668990 -0.0229485457488115 -0.5000000000000000
-0.3892053462570129 0.2319659724863933 -0.5000000000000000
-0.3397387707173418 0.1734357665613100 -0.5000000000000000
-0.5000000000000000 -0.3214322056030494 0.2491103742070207
-0.5000000000000000 -0.3077893335573538 -0.0134449800935987
-0.5000000000000000 -0.4327166832842864 0.0665326474461314
-0.5000000000000000 0.0218620570047199 0.2775389843706731
-0.5000000000000000 -0.1729759988698819 -0.4008047685158388
-0.5000000000000000 -0.0023769577613061 -0.2731687061553980
0.5000000000000000 0.1343207554474278 -0.1353532373022601
0.5000000000000000 0.0418703644717271 -0.0012927560293653
0.5000000000000000 0.0493976567766496 -0.2090456767730926
0.5000000000000000 0.0294636954430916 -0.2441020486035728
0.4496906058546619 0.0119330330207335 -0.5000000000000000
-0.1037209799142470 -0.4658720556920838 -0.5000000000000000
-0.2835440634958779 -0.4883756830588444 -0.5000000000000000
0.0611641349057689 0.5000000000000000 -0.0281880643207174
-0.4193731877565418 -0.1677415079976006 -0.5000000000000000
-0.4294273019681625 -0.1688416781765205 -0.5000000000000000
-0.4285593437184230 -0.1565061236020995 -0.5000000000000000
-0.4699162016498074 0.5000000000000000 -0.0953133704384007
-0.3927346253722982 0.5000000000000000 -0.1067228188976078
0.4461957956396609 -0.0052841134575467 0.5000000000000000
0.5000000000000000 -0.4247376907200865 0.0104084353967408
-0.5000000000000000 0.1730182304359126 0.1965935978961134
-0.4866392895491331 0.2213048953289459 0.5000000000000000
0.4498868769524879 -0.4059535583449980 -0.5000000000000000
-0.1914969028332147 0.2710009018643551 0.5000000000000000
-0.0715311327547726 0.2010879718386138 0.5000000000000000
0.3347238257526910 0.1601348799831105 0.5000000000000000
0.5000000000000000 0.1382560867150764 -0.4817646799560496
-0.2808539910820501 -0.0447654685584885 -0.5000000000000000
-0.1722024415162919 -0.1542428436672139 0.5000000000000000
0.0183156073774612 -0.4307048554915595 -0.5000000000000000
-0.0392675037217391 -0.5000000000000000 -0.4286041276061413
0.0837036063750262 -0.5000000000000000 -0.3626854215116387
0.5000000000000000 -0.3968249523600795 -0.3804508665154108
0.4565259153266778 -0.5000000000000000 -0.3852220383838691
0.4299401482633550 -0.4051320090598325 -0.5000000000000000
0.4281828074170786 -0.5000000000000000 -0.2178585295451496
-0.4803417614691273 -0.5000000000000000 0.4713792056858778
-0.2865794450264692 0.5000000000000000 0.2346962918025495
0.3131932558773283 0.1882679347241137 0.5000000000000000
0.3370939017223065 0.1672180686346360 0.5000000000000000
-0.3529262972790832 -0.5000000000000000 0.3488976614978421
-0.2505232424688627 0.4663355937691276 0.5000000000000000
-0.5000000000000000 0.0106479386546103 0.3399383685175087
-0.4511381114029648 0.0209668321695470 0.5000000000000000
0.4868061165763484 -0.1860077452242059 -0.5000000000000000
0.4478201198053586 -0.2450831035749228 0.5000000000000000
0.3856780223408893 -0.1840019518569784 0.5000000000000000
0.5000000000000000 -0.2166693101633037 0.2158933597008036
-0.4552403522978937 0.3225461492701577 -0.5000000000000000
-0.1892485783667437 0.1232109255445149 0.5000000000000000
0.4180211874029631 -0.2807652578649890 -0.5000000000000000
-0.1386509230595191 -0.4816904213945187 0.5000000000000000
-0.1545170165392631 -0.4669613502573447 0.5000000000000000
-0.0964462309469702 -0.4471481971689781 0.5000000000000000
-0.5000000000000000 -0.3052873038553395 0.2881947999636943
-0.5000000000000000 -0.3081447757515442 0.2508167091962445
-0.5000000000000000 -0.3234797755097659 0.2968409796875771
0.4454173834070204 -0.2732492689775097 0.5000000000000000
0.0345703246280712 -0.3434709242699955 0.5000000000000000
-0.0227938396242479 -0.4949151931731409 0.2860047914331570
-0.1822229016880743 -0.5000000000000000 0.3761271130198137
0.3544558687865749 0.1919671674379629 0.5000000000000000
-0.5000000000000000 0.3799104536458732 -0.1689462757084995
-0.3322673030836281 0.5000000000000000 0.4409158571814279
0.4794565371363312 -0.0187706787593002 0.5000000000000000
0.5000000000000000 -0.0231895619002215 0.4448683455065077
0.5000000000000000 0.0103810050124830 0.4483464954916010
0.4541136138694113 0.0011328604295337 0.5000000000000000
0.5000000000000000 -0.4516899543226940 0.0856321474803431
0.2237993527014278 -0.5000000000000000 0.3539388414737712
0.3780117674077058 0.4550351819526486 0.5000000000000000
0.1256469456063337 -0.5000000000000000 -0.3264390767697483
-0.2773626346235318 -0.0369030476315292 -0.5000000000000000
-0.2847918403868225 -0.0347871035791328 -0.5000000000000000
-0.2788387972835850 -0.0313906739464062 -0.5000000000000000
-0.2745478798252476 -0.0320691039847484 -0.5000000000000000
-0.2784835786889546 -0.0335976205664854 -0.5000000000000000
-0.4300963553886762 0.0282092707850527 -0.5000000000000000
-0.5000000000000000 0.4155824748382399 -0.1335031674372462
-0.5000000000000000 0.3833056977569197 -0.1258298193388021
0.3611168360035599 -0.5000000000000000 -0.4122248402122280
0.3565710783701709 -0.4629469486467321 -0.5000000000000000
0.3557648926749933 -0.5000000000000000 -0.4366284543517190
-0.5000000000000000 -0.3069459839270616 -0.0528462664976873
-0.5000000000000000 -0.4016470129856760 -0.0780137081582612
-0.3597374403271873 0.5000000000000000 -0.0906150802735969
0.0634779183713780 0.5000000000000000 0.0395975849583887
0.0490838641306892 0.5000000000000000 0.1247250664085849
0.0732926275643644 -0.3219951586732734 -0.5000000000000000
0.5000000000000000 0.0422130891719642 -0.2645828064928364
-0.1759980789099506 -0.5000000000000000 -0.4086424115985944
-0.2813884671459834 -0.5000000000000000 -0.4449492553272557
0.5000000000000000 -0.4339058082901146 0.0717346306037399
0.5000000000000000 0.2152919026689343 0.4038630827469511
0.4347925355095945 0.2298103172411685 0.5000000000000000
-0.5000000000000000 0.0437300337881730 -0.2056100958505893
0.4347747040787821 0.0904264259498239 -0.5000000000000000
-0.1917628186013536 0.5000000000000000 0.2709540555626606
0.1855633936508037 0.3769421625732826 0.5000000000000000
0.3830102438697179 0.1388655405725899 -0.5000000000000000
-0.5000000000000000 -0.2995532085055186 -0.0161329706428736
-0.0604326352727700 -0.4537267457826060 -0.5000000000000000
-0.0943504550434661 -0.5000000000000000 -0.4501440880206233
-0.0281867431788801 0.1662646706918263 -0.5000000000000000
0.5000000000000000 -0.4733251668308489 0.1157831458909529
0.4794252944782306 -0.5000000000000000 0.1771985236724637
0.4498471268656719 -0.5000000000000000 0.0268573034532501
0.1804361836733512 0.2797597102259731 -0.5000000000000000
-0.5000000000000000 0.0488521270501708 -0.4912679723005914
-0.0508469860236964 -0.1431208120053638 0.5000000000000000
0.2140600225056931 0.3148539341178223 -0.5000000000000000
0.2027114025102690 0.2665843290516273 -0.5000000000000000
-0.1355701061893429 0.5000000000000000 -0.3954020975770486
0.0342822113126109 0.1164850611730227 0.5000000000000000
-0.0409081294213693 0.1174455288852511 0.5000000000000000
-0.3028428365384661 -0.4768934644563624 -0.5000000000000000
-0.5000000000000000 -0.4377584418497995 0.1787308414602226
0.5000000000000000 -0.2192936103820650 0.2067714373742706
-0.4816589485213155 0.0507765155062724 -0.4979097689054857
0 7
0 219
0 15
0 25
0 32
0 33
0 220
0 221
0 222
0 77
0 91
0 126
0 223
0 164
0 224
0 514
0 181
0 196
0 225
226 191
227 217
1 228
1 15
1 33
1 229
1 230
1 231
1 232
1 233
1 234
1 88
1 235
1 236
1 237
2 12
2 26
2 55
2 67
2 92
2 111
2 113
2 178
2 187
2 188
2 216
3 238
3 11
3 239
3 250
3 48
3 65
3 90
3 135
3 240
3 186
3 192
3 241
242 75
243 130
244 143
245 166
246 202
247 1056
248 86
249 102
4 5
4 251
4 11
4 38
4 252
4 50
4 547
4 253
4 254
4 173
4 186
4 213
5 11
5 38
5 43
5 50
5 255
5 75
5 256
5 85
5 257
5 143
5 258
5 1196
5 173
5 184
5 186
5 192
5 213
6 8
6 259
6 260
6 34
6 121
6 136
6 261
6 262
6 180
7 25
7 27
7 32
7 77
7 87
7 91
7 122
7 263
7 514
7 178
7 181
7 196
7 206
7 215
264 15
265 25
266 33
267 69
268 81
269 86
270 102
8 271
8 272
8 34
8 39
8 97
8 99
8 109
8 121
8 135
8 136
8 273
8 148
8 172
8 193
274 250
275 547
276 90
277 105
278 186
279 82
280 195
281 201
282 206
283 44
284 118
285 187
286 86
287 190
9 18
9 19
9 37
9 288
9 70
9 80
9 289
9 904
9 290
9 141
9 291
9 205
292 949
293 148
10 14
10 16
10 30
10 42
10 72
10 294
10 115
10 116
10 125
10 134
10 167
10 176
10 177
10 209
10 210
295 52
296 54
297 57
298 174
11 43
11 65
11 90
11 143
11 173
11 184
11 186
11 192
11 213
299 29
300 33
301 88
302 106
303 147
12 20
12 26
12 55
12 57
12 62
12 67
12 74
12 165
12 168
12 169
12 179
12 183
12 188
12 201
13 31
13 40
13 46
13 47
13 58
13 76
13 79
13 95
13 98
13 132
13 203
13 304
305 151
306 156
307 132
14 16
14 23
14 30
14 98
14 108
14 116
14 134
14 203
14 207
14 308
14 209
309 217
310 250
311 34
312 39
313 48
314 109
315 135
316 157
317 52
318 54
319 57
320 107
321 172
322 182
323 189
324 195
325 37
326 84
327 138
328 200
15 25
15 33
15 329
15 330
15 88
15 91
15 331
15 332
15 333
16 334
16 23
16 24
16 30
16 46
16 47
16 79
16 98
16 108
16 120
16 129
16 134
16 158
16 176
16 203
16 209
17 335
17 35
17 47
17 336
17 337
17 95
17 103
17 117
17 131
17 140
17 150
17 338
17 163
17 339
17 174
17 184
17 340
17 341
342 520
343 122
344 104
345 116
346 18
347 69
348 144
349 18
350 143
351 148
352 157
18 19
18 353
18 354
18 355
18 356
18 357
18 80
18 358
18 359
18 360
18 361
18 112
18 362
18 363
18 144
18 162
18 364
18 365
18 366
18 367
368 140
369 1196
370 21
371 23
372 24
373 73
374 89
375 101
376 134
377 154
378 176
379 214
19 380
19 381
19 44
19 80
19 382
19 118
19 904
19 383
19 384
19 162
19 205
385 83
386 105
387 128
20 42
20 55
20 60
20 61
20 62
20 68
20 72
20 115
20 128
20 167
20 168
20 179
20 218
21 23
21 24
21 41
21 46
21 51
21 388
21 389
21 154
21 214
22 30
22 52
22 390
22 94
22 108
22 124
22 129
22 163
22 174
22 197
22 199
22 203
22 207
391 86
392 190
23 24
23 46
23 393
23 98
23 116
23 134
23 394
23 214
24 395
24 396
24 41
24 46
24 59
24 397
24 398
24 79
24 101
24 120
24 158
24 399
24 176
24 191
24 400
24 214
24 217
250 401
250 402
250 403
250 90
250 105
250 109
250 404
250 405
250 135
250 136
250 153
250 406
407 109
408 136
409 153
25 32
25 410
25 91
25 411
25 412
25 514
413 50
414 145
415 195
416 82
417 206
26 49
26 57
26 62
26 67
26 74
26 82
26 87
26 139
26 165
26 169
26 178
26 183
26 188
26 189
26 195
26 201
26 206
418 105
419 153
27 49
27 77
27 87
27 91
27 106
27 139
27 147
27 178
27 185
27 212
27 215
420 28
421 194
422 1056
423 144
424 932
425 31
426 151
427 156
428 101
429 119
430 146
431 161
432 190
433 1255
434 83
435 147
436 155
437 170
28 48
28 54
28 56
28 57
28 65
28 75
28 438
28 103
28 923
28 148
28 150
28 172
28 439
28 184
28 194
28 1056
29 33
29 440
29 36
29 441
29 442
29 443
29 63
29 88
29 91
29 106
29 444
29 147
29 445
29 446
29 185
29 447
29 448
29 212
29 449
450 60
451 83
452 128
453 155
454 170
455 148
30 72
30 94
30 98
30 104
30 108
30 116
30 124
30 129
30 146
30 167
30 179
30 197
30 203
30 207
30 209
30 210
456 68
457 92
458 111
459 115
460 218
31 40
31 45
31 461
31 58
31 462
31 66
31 95
31 110
31 132
31 463
31 151
31 464
31 156
31 465
31 466
31 467
32 468
32 469
32 470
32 122
32 126
32 471
32 514
32 181
32 206
32 472
32 473
32 474
475 83
476 105
477 153
33 478
33 77
33 88
33 91
33 106
33 479
33 480
33 212
34 481
34 39
34 121
34 957
34 142
34 482
34 148
34 157
34 483
34 172
34 180
34 182
34 193
35 45
35 66
35 484
35 95
35 110
35 485
35 150
35 163
35 873
35 486
35 174
35 487
35 488
35 489
490 36
491 63
492 147
493 170
36 494
36 63
36 64
36 495
36 96
36 496
36 497
36 498
36 499
36 170
36 185
500 100
501 96
502 113
503 118
504 174
505 45
506 156
507 96
508 157
509 180
510 130
511 157
512 202
513 164
515 217
37 70
37 80
37 82
37 84
37 516
37 100
37 904
37 517
37 518
37 1032
37 187
37 205
37 208
37 216
38 50
38 519
38 213
521 122
522 217
523 59
524 217
39 48
39 56
39 65
39 525
39 97
39 526
39 123
39 130
39 135
39 148
39 157
39 166
39 172
39 527
40 41
40 46
40 47
40 79
40 95
40 132
40 137
40 138
40 528
40 529
40 200
40 530
40 531
532 81
533 86
534 102
536 82
537 84
538 101
41 46
41 51
41 539
41 540
41 79
41 133
41 137
41 138
41 541
41 542
41 214
543 130
544 157
42 59
42 61
42 68
42 72
42 101
42 115
42 120
42 167
42 176
42 204
42 209
43 53
43 59
43 65
43 71
43 90
43 103
43 114
43 545
43 131
43 140
43 546
43 1196
43 173
43 184
43 186
43 204
43 217
548 90
549 105
550 186
551 88
44 552
44 113
44 118
44 904
44 553
44 554
44 555
44 556
44 187
44 205
45 58
45 557
45 66
45 626
45 94
45 95
45 558
45 151
45 156
45 163
45 174
45 559
46 47
46 79
46 98
46 132
46 137
46 203
46 560
46 214
47 58
47 79
47 561
47 95
47 108
47 131
47 140
47 158
47 562
47 163
47 203
563 88
48 56
48 65
48 135
48 148
48 166
48 184
48 192
48 564
565 154
566 51
567 133
49 63
49 87
49 139
49 147
49 155
49 169
49 178
49 183
49 188
49 212
49 215
50 568
50 569
50 547
50 570
50 571
50 572
50 573
50 173
50 574
50 213
575 123
576 126
577 68
578 128
579 127
580 153
51 581
51 582
51 583
51 584
51 585
51 133
51 137
51 138
51 586
51 587
588 602
589 144
590 932
52 54
52 57
52 62
52 74
52 591
52 592
52 103
52 108
52 124
52 129
52 165
52 174
52 198
52 199
593 217
594 626
595 104
596 132
597 156
598 77
599 106
600 121
601 164
53 61
53 65
53 71
53 103
53 114
53 128
53 131
53 198
53 204
54 57
54 603
54 103
54 923
54 148
54 150
54 604
54 605
54 174
54 198
606 154
607 214
55 60
55 67
55 92
55 115
55 167
55 168
55 179
55 188
55 208
55 210
55 216
55 218
608 94
609 119
610 146
611 161
612 197
613 199
56 75
56 614
56 923
56 123
56 148
56 166
56 615
56 184
56 192
56 616
56 1056
57 62
57 74
57 617
57 103
57 148
57 618
57 165
57 172
57 189
57 195
57 198
58 626
58 76
58 94
58 95
58 98
58 132
58 156
58 163
58 203
58 207
59 61
59 68
59 619
59 101
59 620
59 114
59 120
59 128
59 129
59 131
59 140
59 621
59 158
59 176
59 622
59 204
59 217
623 77
624 106
625 121
627 94
628 174
629 199
630 73
631 160
60 64
60 632
60 68
60 111
60 128
60 633
60 155
60 168
60 170
60 183
60 188
60 634
60 218
635 96
636 194
637 1056
638 133
639 137
640 154
641 146
642 83
643 105
644 151
645 85
646 117
647 131
648 140
649 1196
650 184
651 130
652 202
653 949
654 626
655 94
656 104
657 146
658 78
659 152
660 159
661 160
662 932
61 62
61 68
61 71
61 72
61 120
61 128
61 129
61 131
61 168
61 198
61 204
663 82
664 520
665 122
666 206
667 153
668 88
669 137
670 200
602 69
602 81
602 671
602 672
602 673
602 674
602 144
602 145
602 171
602 177
602 932
675 88
676 123
677 202
678 1056
62 72
62 74
62 124
62 129
62 165
62 168
62 169
62 179
62 198
62 201
62 210
62 211
63 106
63 147
63 155
63 170
63 185
63 212
63 215
64 679
64 96
64 111
64 680
64 681
64 682
64 683
64 684
64 170
64 185
64 188
64 215
64 218
685 85
686 75
687 85
688 514
65 71
65 90
65 97
65 103
65 135
65 148
65 165
65 172
65 184
65 192
65 198
66 95
66 689
66 110
66 690
66 151
66 873
66 691
66 692
66 693
694 133
695 137
696 547
697 213
698 147
699 155
700 170
701 73
702 154
703 160
704 133
705 138
706 73
707 78
708 89
709 116
710 134
711 154
712 160
713 214
67 82
67 92
67 178
67 179
67 188
67 201
67 208
67 210
67 216
547 714
547 715
547 716
547 717
547 718
547 186
547 719
547 213
720 86
721 100
722 91
723 520
724 122
725 178
726 185
68 727
68 101
68 115
68 128
68 176
68 728
68 204
68 729
68 730
68 218
69 70
69 80
69 81
69 731
69 732
69 733
69 535
69 141
69 144
69 171
734 75
735 85
736 130
737 200
70 80
70 81
70 84
70 86
70 738
70 100
70 102
70 535
70 739
70 740
70 141
70 741
70 208
742 202
71 83
71 90
71 97
71 103
71 105
71 109
71 114
71 128
71 135
71 743
71 165
71 168
71 169
71 183
71 198
71 204
744 90
745 105
746 114
747 173
748 186
72 120
72 124
72 129
72 167
72 179
72 198
72 209
626 94
626 104
626 749
626 156
626 207
750 86
751 100
752 161
753 190
754 201
755 208
756 211
757 101
758 217
73 759
73 78
73 89
73 760
73 761
73 762
73 134
73 763
73 154
73 160
74 764
74 765
74 766
74 124
74 195
74 199
74 201
74 211
767 154
768 157
769 107
770 181
771 189
772 195
773 206
774 213
775 101
776 92
777 112
778 115
779 125
780 134
781 152
782 159
783 171
784 176
785 205
75 786
75 85
75 787
75 788
75 143
75 166
75 789
75 184
75 192
75 194
75 1056
790 101
791 115
792 176
76 98
76 132
76 156
76 203
76 207
793 181
794 206
77 87
77 91
77 795
77 106
77 121
77 139
77 147
77 796
77 164
77 797
77 196
798 150
799 174
800 194
801 130
802 143
803 213
804 194
805 96
806 107
807 126
808 181
809 102
810 79
811 138
812 158
813 191
814 217
815 143
816 213
78 89
78 817
78 125
78 818
78 134
78 145
78 819
78 152
78 159
78 160
78 820
78 177
78 932
78 821
79 822
79 95
79 137
79 138
79 140
79 158
79 823
79 191
79 200
79 824
825 104
826 132
80 827
80 92
80 125
80 141
80 144
80 162
80 171
80 177
80 205
80 208
80 216
81 86
81 828
81 829
81 535
81 830
81 141
81 145
81 171
81 177
81 190
81 208
82 84
82 100
82 520
82 831
82 1032
82 178
82 187
82 201
82 832
82 206
82 208
82 833
82 216
82 834
835 96
836 111
837 113
838 520
839 1032
840 178
841 185
842 187
83 843
83 105
83 109
83 127
83 128
83 136
83 147
83 153
83 155
83 183
83 844
845 143
846 213
84 847
84 100
84 848
84 849
84 850
84 851
84 852
84 853
854 112
855 144
856 152
857 159
858 932
85 859
85 117
85 860
85 861
85 862
85 184
85 194
85 863
86 100
86 864
86 535
86 865
86 866
86 190
86 208
86 211
86 867
868 127
869 147
870 153
87 91
87 99
87 121
87 139
87 175
87 178
87 181
87 189
87 196
87 206
87 215
871 117
872 110
874 98
875 104
876 116
877 132
878 207
88 91
88 879
88 880
88 881
88 185
88 882
88 212
883 102
884 535
885 141
886 144
887 123
888 148
889 157
89 116
89 125
89 134
89 145
89 890
89 160
89 891
89 177
892 160
893 138
894 140
895 191
90 105
90 109
90 114
90 135
90 173
90 186
90 192
896 126
897 164
898 514
899 161
900 174
901 199
902 211
903 520
905 1032
906 143
91 106
91 122
91 907
91 908
91 178
91 185
91 212
92 111
92 113
92 115
92 118
92 125
92 909
92 159
92 167
92 171
92 177
92 179
92 188
92 910
92 205
92 208
92 210
92 216
92 218
93 911
93 107
93 912
93 142
93 149
93 164
93 181
93 196
94 104
94 108
94 119
94 146
94 163
94 174
94 197
94 199
94 203
94 207
95 110
95 913
95 163
95 914
95 915
96 916
96 917
96 918
96 919
96 185
96 920
96 921
97 99
97 109
97 135
97 165
97 169
97 172
97 189
97 193
922 144
924 161
925 195
926 201
927 211
928 151
929 873
98 116
98 132
98 203
98 207
98 930
99 109
99 121
99 136
99 139
99 931
99 169
99 175
99 189
99 193
99 196
100 102
100 933
100 934
100 935
100 936
100 201
100 937
100 208
100 938
100 939
101 115
101 120
101 940
101 941
101 942
101 176
101 943
944 123
945 166
946 202
947 1056
948 195
950 121
951 142
952 149
953 164
954 1255
955 157
956 121
958 164
959 180
960 130
961 157
962 873
102 535
102 963
102 964
102 965
102 966
102 967
103 131
103 150
103 163
103 165
103 172
103 174
103 184
103 198
968 133
969 137
970 200
104 116
104 132
104 146
104 971
104 156
104 972
104 973
104 974
104 207
104 975
105 109
105 114
105 128
105 136
105 976
105 977
105 153
978 161
979 154
980 112
981 118
982 162
983 205
984 126
985 164
986 514
106 987
106 988
106 127
106 139
106 989
106 147
106 990
106 991
106 992
106 212
107 993
107 142
107 149
107 994
107 175
107 181
107 182
107 995
107 189
107 196
107 206
107 996
997 151
998 156
108 124
108 129
108 131
108 158
108 163
108 174
108 198
108 203
109 128
109 135
109 136
109 139
109 155
109 169
109 183
110 999
110 1000
110 873
110 1001
110 1002
110 1003
1004 133
1005 114
1006 173
1007 217
1008 134
1009 152
1010 159
1011 160
1012 176
111 113
111 118
111 1013
111 1014
111 1015
111 1016
111 1017
111 178
111 185
111 187
111 188
111 218
112 144
112 152
112 159
112 162
112 171
112 932
112 1018
112 205
112 1019
112 1020
112 1021
113 118
113 904
113 1022
113 1023
113 185
113 187
113 188
113 205
113 216
949 957
949 142
949 1024
949 157
949 1025
949 180
949 1255
114 128
114 1026
114 1027
114 173
114 1028
114 204
114 217
923 123
923 148
923 1029
923 1056
115 125
115 167
115 176
115 1030
115 218
1031 520
1033 187
116 134
116 145
116 146
116 1034
116 1035
116 177
116 207
116 1036
116 210
116 1037
117 1038
117 1039
117 150
117 184
117 194
117 1040
117 1041
118 1042
118 1043
118 1044
118 1045
118 1046
118 1047
118 205
119 146
119 161
119 190
119 197
119 210
119 211
120 129
120 158
120 176
120 204
120 209
121 957
121 136
121 139
121 142
121 1048
121 149
121 164
121 1049
121 175
121 180
121 182
121 193
121 196
520 122
520 1050
520 1032
520 178
520 187
520 206
1051 218
122 1052
122 514
122 178
122 185
122 206
122 1053
122 1054
1055 123
904 1032
904 187
904 205
904 216
1057 150
1058 873
1059 174
1060 1196
1061 184
123 130
123 1062
123 157
123 166
123 202
123 1056
123 1063
124 129
124 174
124 179
124 197
124 198
124 199
124 210
124 211
125 134
125 152
125 159
125 167
125 171
125 177
125 179
125 210
1064 145
1065 190
535 1066
535 141
535 1067
957 142
957 149
957 1068
957 180
957 182
1069 140
1070 1196
1071 191
1072 217
126 1073
126 1074
126 164
126 514
126 181
126 1075
126 1076
126 1077
1078 185
1079 127
1080 147
127 136
127 139
127 1107
127 1081
127 147
127 153
127 1082
127 1083
127 1084
1085 1196
1086 217
1087 145
1088 159
1089 171
1090 177
1091 932
1092 151
1093 873
1094 161
1095 142
1096 149
1097 164
1098 181
1099 1255
128 1100
128 155
128 168
128 183
128 1101
128 204
128 1102
1103 195
1104 206
129 131
129 158
129 198
129 204
129 209
130 157
130 166
130 202
130 1105
130 1106
1108 153
131 140
131 158
131 163
131 174
131 184
131 198
131 204
132 1109
132 156
132 1110
132 207
132 1111
133 137
133 138
133 200
133 1112
134 1113
134 152
134 154
134 176
134 177
134 214
1114 151
1115 157
1116 202
135 148
135 172
135 1117
136 139
136 1118
136 147
136 153
136 155
136 1119
137 138
137 1120
137 1121
137 200
137 1122
137 1123
138 1124
138 191
138 200
138 1125
138 1126
139 147
139 155
139 1127
139 169
139 175
139 189
139 193
139 212
140 158
140 1128
140 1196
140 163
140 184
140 191
140 204
140 217
141 171
141 177
141 208
1107 147
1107 153
1107 1129
1130 150
1131 174
1132 194
142 149
142 1133
142 175
142 180
142 182
142 1134
142 196
142 1135
142 1255
143 1136
143 166
143 186
143 192
143 1137
143 1138
143 213
144 162
144 171
144 932
1139 153
1140 157
1141 180
145 146
145 1142
145 1143
145 1144
145 177
145 190
145 208
145 210
146 1145
146 1146
146 190
146 197
146 207
146 210
146 211
1147 194
1148 1056
1149 1032
1150 148
1151 157
1152 180
1153 164
1154 514
1155 160
1156 200
147 155
147 1157
147 170
147 1158
147 212
1159 151
1160 170
1161 218
1162 152
1163 190
148 157
148 1164
148 172
1165 204
149 164
149 196
150 163
150 174
150 184
150 194
150 1166
150 1167
150 1168
151 1169
151 156
151 1170
151 1171
151 1172
1173 213
1174 185
152 159
152 932
152 1175
152 1176
1177 213
1178 185
153 1179
153 1180
1181 156
154 1182
154 1183
154 1184
154 214
1185 164
155 169
155 170
155 183
155 188
155 1186
155 215
156 1187
156 207
1188 1196
1189 173
1190 217
1191 186
1192 192
1193 213
157 166
157 180
157 202
1194 214
1195 217
158 163
158 191
158 217
1197 173
159 171
159 177
159 932
159 1198
1199 164
1200 185
160 1201
160 1202
160 1203
160 1204
1205 200
1206 191
1196 173
1196 184
1196 217
161 190
161 197
161 199
161 211
162 171
162 205
162 1207
163 174
163 203
163 1208
1209 172
1210 180
1211 182
1212 189
1213 193
1214 1255
164 1215
164 514
164 181
164 196
164 1216
873 1217
873 1218
873 1219
165 168
165 169
165 172
165 189
165 198
166 192
166 202
166 1220
166 1056
166 1221
1222 514
167 179
167 210
168 169
168 179
168 183
168 188
168 198
169 183
169 189
169 193
169 198
1223 1032
1224 187
170 185
170 188
170 215
1032 187
171 177
171 932
171 205
172 182
172 189
172 193
173 186
173 217
174 198
174 199
174 1225
1226 190
175 181
175 182
175 189
175 193
175 196
175 206
1227 194
1228 1056
1229 200
176 209
177 208
177 210
178 185
178 187
178 188
178 206
178 215
178 216
179 201
179 208
179 210
179 211
932 1230
932 1231
180 182
180 1232
181 196
181 206
182 189
182 193
182 196
1233 190
183 188
184 192
184 194
185 187
185 188
185 1234
185 212
185 215
186 192
186 213
187 188
187 205
187 216
188 215
188 218
189 193
189 195
189 206
1235 205
190 208
190 210
190 211
190 1236
191 217
192 1237
194 1238
194 1239
195 201
195 1240
195 206
197 199
197 207
197 210
197 211
1241 200
199 211
200 1242
200 1243
201 1244
201 206
201 208
201 210
201 211
1245 1255
203 207
1246 204
205 216
1247 208
1248 211
206 1249
1250 218
1251 218
208 210
208 211
208 216
1056 1252
1253 213
1254 214
210 211
212 215
