1271 2119 0
0.2539528844918522 -0.0420218449082796 -0.0019948310824308
0.0427416669523161 -0.3721185891584902 -0.1854415488512002
-0.3963862327794204 0.1254020283322054 -0.3007899372814933
0.2565666595637408 -0.2845056420195926 0.3823819593917560
-0.4350213216003806 -0.0571441958034180 0.1396025257969029
-0.3562845087639803 0.0541472432294992 0.3737677451408956
0.4647187664801086 -0.2787905702348539 0.0690843699788078
-0.4062054802909477 -0.0834165470941183 0.0706363512180395
0.1648229074225786 0.0234678867164080 -0.2938827141244298
0.0295375151210348 0.3358988216683216 0.4582366850419124
0.2876207503459202 -0.0478629840183380 -0.0823678589155922
0.2470630968765052 0.2185772340041229 0.4284376753614140
0.1730645531725173 0.3458267601423852 -0.3333725364803510
-0.4553305059773248 -0.2499220931837373 -0.3664889391183780
-0.3908012758788311 -0.4375774384070336 -0.0131775070507509
0.1731083381308660 -0.4567842206562764 -0.3990540797588791
0.1131642230733970 0.0619397165813118 -0.0655753165049283
-0.0322359091251867 -0.2427554228974388 -0.4464924987659128
-0.1828557715571965 -0.3733148714777097 -0.0066488064853046
-0.0773700785059944 0.1487214305194180 -0.3332010907222350
-0.4515216381045251 0.0472695505103354 0.1108392047027553
-0.0825315010434520 0.3334402078248018 -0.2093543577711368
-0.0858538012721778 0.4526397764015789 0.4881850491701346
-0.1253566537397059 0.2120988797293729 0.2510697250471050
0.4705754065492836 -0.1814469859556682 -0.0858373307992809
0.3658244193865333 -0.0542947229350818 0.1213607972936794
0.0793003235499701 -0.0924657539355671 -0.2593536289172995
-0.2152386273081949 -0.2889819370893529 0.1004319023543860
0.3700657433557230 -0.2350098774730597 0.3914269681114267
0.0712177102061398 -0.4117472125949604 0.2510348763705402
0.2341511915743855 -0.3857274472114072 0.2473844438505493
0.3610319234878618 0.1879831917564946 -0.3931551210758781
-0.4830632624373744 0.3643645810041352 -0.3592820956609393
0.4725831947959624 -0.3978284282194057 0.3284431763566529
0.4748150135234941 0.3701270903153957 -0.4170499465898567
-0.4304427598975233 0.1471934058634178 0.1900331559632351
-0.4314158560579742 -0.1250581674535858 -0.3807922403939976
-0.2640078034418902 0.1381489943565628 -0.1659458113496080
-0.1949372335218670 0.1101813118157517 0.4484397330389235
0.3076224240883552 0.2188498065745527 0.3471085068678663
-0.2914984556755640 0.3428666772387421 -0.3367117002506751
-0.4327127373029748 -0.0122777185448950 0.1894970688774253
0.3094061644384962 0.2465643810741088 -0.3178888495564791
0.0031270255648427 0.1360515211893531 -0.0206717398313691
0.2918542128261128 -0.2280405723919423 0.0438659576384241
0.2628123814776462 -0.3191802483936730 0.3824035043721836
-0.1972475851539868 0.0883392568353226 -0.2499618819211327
-0.3658666800136831 0.4680333671637976 -0.4881971173213889
-0.2418277810250104 0.4042339116527745 -0.3310879311545761
0.0416704614455922 -0.3803953679707462 -0.2291258760815006
-0.3152561840048473 0.3568442178355873 0.1578925364820419
0.1258006433927374 0.1316014990712649 0.1284768266280457
0.3360534464421048 -0.4450111239847190 0.0340952518880197
0.2082091254028667 -0.4459756846129284 0.2617128554177251
-0.4536622618580091 0.1291015735392076 -0.4048894745026918
-0.2704045611832671 -0.2709570504175261 0.3708770441079500
-0.3292069914670057 0.3095772919252189 0.0227457145679752
0.2486333207588041 0.4152046231949584 0.2964692618398439
0.4086694293635209 0.0095848082333794 0.3967882190299984
-0.0162126026189994 0.3097437627077116 0.3598616898670984
0.1547460544585533 -0.2810283017585083 -0.0144703821128197
-0.0947547090628105 -0.4790819850124332 -0.0655880933523957
0.0349596143344581 0.0044138636629333 -0.1298136033610192
0.4705604875447668 -0.3277108926105694 -0.3968873843322510
-0.0871552513897575 -0.4720600126010908 0.3793994301018022
-0.1933341495008625 -0.0118399546246741 -0.2190536696827942
-0.4541800981389145 -0.0450040596537721 0.0090815751050534
-0.2532099232138872 -0.0456469045326183 -0.0104879546730652
0.1782740185454538 -0.2091390881874447 -0.0731285773284488
-0.3471883193253149 -0.2314802516014772 0.3003985094431425
0.1405201638559267 -0.2416848700324295 0.4128476876296832
-0.4410951808548766 0.3845883368278257 -0.0484819141634168
-0.4510407901690345 -0.3118744208345782 0.2315715222761681
0.1433063103854585 0.2315562817741642 -0.0434135027766535
0.0319074518828752 0.0792405192307144 0.3138144910366311
-0.2353165916176857 0.1361525072831990 -0.2948282110603767
-0.0394217334981765 0.1070118905258885 0.0167607851317255
-0.1271042104628164 0.3998284799267986 -0.0818265183638148
0.0215517825285969 -0.3450208408857301 -0.3956658236697780
0.3447888564196933 -0.3702577800975642 0.1065266647458985
0.1128979004596651 0.2422137744589827 0.4120061447662725
0.3509523682262480 -0.3655978952946763 0.0092817237507711
0.3597971854234067 -0.1087137937291761 0.4632275633959683
0.0557298878647722 -0.0361756354877123 0.2082077021577692
-0.0649002166731927 -0.1734489867164565 -0.0146389168755314
-0.3567285712073812 0.3919449492022924 -0.3881572781949177
-0.2704411331525144 -0.0688590443348755 0.3085424809646544
-0.0318686674889926 0.3074440144378259 0.4086359836810007
-0.2075609287097855 -0.2728049440899789 -0.0426769849194017
-0.3156953431448340 -0.3941837880421955 0.2536315789726510
-0.4444536333002344 0.4350208515108054 0.0344261530452431
0.1196910705351821 -0.2045961794743544 -0.0930287114042239
0.4186165660828318 0.1864855591086520 0.2850359398378490
0.3881300047075169 0.0222786802385513 0.0522237957378537
-0.4599808573811832 -0.1227942064276545 -0.3301196882607998
0.2504253575931101 -0.3932541390005577 0.4351134573258148
0.3344336022438253 0.1175949326421950 0.0624600525768294
0.2124430357858931 0.1916447724221830 0.0796729947342040
-0.1633120540799849 -0.1412725967637148 -0.2542823816207093
-0.2418299784815864 -0.3232605431543538 0.3528001697617847
-0.0463100318581691 -0.1301672468603300 0.2852646439618266
0.3966640111763165 0.3196355641163007 0.1148620202556601
0.4205343169223322 0.3354464990983495 -0.4055369539906543
-0.4373566052521992 0.0185243891734990 -0.3647289027524487
0.1420102556872385 0.0787395297296344 -0.1999841564978344
-0.0682604046151395 -0.3641140162841481 -0.3742642762875482
-0.4438497645321302 -0.2768403158583405 -0.4425223025672222
-0.3755589610249502 -0.1158642022141383 0.0597648508296697
-0.3776220518657014 0.4570987902799392 0.1306057546086077
0.0133882569357638 -0.4213279595301608 -0.1724074900236121
-0.1146119991597240 0.1117997039609001 0.2250674038060877
0.4574854067188641 -0.3814885063413754 0.2590458373666009
-0.4832893139970065 0.4370630150933578 0.4038912139198745
0.2155973973706646 -0.3888609195120680 -0.1506901917881226
0.1412588972655359 -0.3637231130949710 0.4155443911799061
0.3518930032633732 0.4880310074807704 0.1997990527292968
-0.1975111538565999 -0.2319028882405460 -0.2232889189511730
-0.1563847281476847 -0.2838477747198235 0.0996374869285757
0.3294743582371040 0.2283611569020831 -0.0081569241357500
0.1490475535232361 0.4113844865959445 -0.3003027089985364
0.4273513537246646 -0.3158679463425669 -0.0798277448266006
0.0674631856573087 0.2105680841752536 -0.1895231114148067
-0.3714202331181425 -0.3170684196544418 0.2609448991676702
-0.3704887520122759 0.2557790306738526 -0.1281730371358630
-0.4824749794957266 0.1372549200759808 -0.4179441397234778
-0.3758654974709336 0.1362510557156987 -0.0714490292860240
0.1995809171526629 -0.1565498331625397 -0.3158296371872881
0.4267507123562989 0.2636540755121099 0.1892910530800525
-0.0758200220688959 -0.4015983657410899 0.1821625419387001
-0.2353973257384378 -0.0154962197066484 -0.4465569959079130
0.0807980066702649 -0.0631500343347311 0.1547469336502981
0.2356675319880163 0.1788497190089103 0.1903999219068802
-0.4057924699764776 -0.0341867210100103 -0.4477054119180416
-0.0587893233919443 -0.4213987627787241 0.2210944364535074
-0.3421180941177963 0.0359570082062545 -0.4048755222536100
-0.1996316562030385 0.0518566641207100 0.3235505857261630
-0.1777629531133018 -0.1713080111642829 -0.4228063654810898
-0.1919232929146410 0.0708850273747557 -0.3617785340200851
0.0712785430474607 0.0506408057665470 0.1365444270142164
-0.2355078572913277 -0.0554874487708481 -0.1376084663769631
-0.1294485037907374 0.4151771523778089 0.3034298463741149
-0.0598667376285191 -0.4722827423474193 -0.1052039459270517
-0.3788286528618454 0.2999992505997683 0.0073198696842037
0.4615129619555592 0.2253986002216326 -0.0321122030992061
0.0792170529724853 0.3759606330944426 0.2078365387439646
-0.1190052220522813 0.1860886943288256 0.2106626239510311
0.0615910971629103 0.0309790685625612 -0.0373952436225635
0.3666546374454902 0.1286846206805312 0.1488850894035477
0.2097841761956680 -0.2141519415652913 -0.3050524167953413
-0.3761719794198126 -0.2103171018408955 -0.1954782349372995
-0.3515964789137334 0.3280354654475389 -0.3819975936379686
-0.0837999030191176 0.1830053505159799 -0.0797761853567298
-0.3913228580318507 0.1970852256492787 -0.2310042464739795
0.0110651440198684 -0.1921123895649328 0.3568205307112757
0.1559335511602775 0.2418591361600351 -0.2744803397904990
-0.2477378952450848 0.4121779529647642 -0.2860884126831476
0.0740417200059061 -0.0633199440711950 0.0504886966855796
-0.2884356016153355 -0.1480184031343521 -0.3941624431169278
0.0798111237142638 0.4359903714786024 0.4645762722096283
-0.4844609795051650 -0.4786980582398410 -0.1489316879897505
0.1128595251680514 0.4546991327036016 -0.0028989985852897
-0.2692280117882758 -0.3547569611315079 -0.1295318951651854
0.3890727688020085 0.1427513914979425 0.1355469924441889
0.1683337763741189 0.1225759949228644 -0.2199781094883418
0.4092991570262346 -0.4114280173980450 0.1655049676746245
0.4245596111336662 -0.1031041470299792 0.1832918550315138
0.1985276084768278 0.4664217159589742 0.4101915720896325
-0.1933097492079826 -0.2637700347582179 -0.3550813865946324
0.0067560561815189 0.3920260733288247 0.2761170147226552
-0.1096212625371479 0.0125721458279841 0.2199204249435737
0.2537666192890168 -0.0096266685801758 -0.4799566049529287
-0.2590287695279140 -0.3541797938945780 -0.2038663817857412
0.4104512306919277 0.4479246428509164 0.3441903433229799
0.4176342071134019 0.1512320467334209 0.0693090265888406
-0.4509301437722402 -0.4294623534810903 -0.3733293972567744
0.2667163098981895 0.1376693459533074 0.2697837076477581
0.0063937902348880 0.4541798386358503 0.1094931935074358
0.4419644009512936 0.1263345661034742 -0.1041720405594238
0.1051476903827442 0.2314228326149116 -0.0378984559481609
0.1012757909319628 -0.1638046265393051 0.0840435049977878
0.3539509043009479 0.2891230868308702 0.0820746904619915
0.3103221370667375 -0.2866084366984654 -0.0305549997421518
-0.1094734389178098 -0.2683824137791289 0.2197308466360622
0.2100255251202138 -0.0023363109441756 -0.0703287551518662
-0.4426605824871264 0.3583358531699010 0.0226780720888331
0.4604951643171067 0.1076181398634437 -0.3387040668655396
0.0041789154643360 0.2029602475213333 -0.1988428559373075
0.3136626959397092 -0.3704492335884469 -0.0707804105713746
0.1964047410964415 0.2822859519720740 -0.3222567359685358
-0.1251167121387901 0.4793179602445843 -0.0698530877404727
-0.0747593120166488 -0.0635408480828214 -0.2948931527158086
-0.0762639135351015 -0.1362370968914217 0.0223176352279660
0.3848586550535976 0.0803066139846959 -0.2856183549374746
-0.3306482375325943 -0.2962651091403635 0.4790113275969300
-0.1366588380593018 -0.4288225567176610 0.0290163742033697
0.2166043785430632 0.4504389747336413 0.5000000000000000
-0.3666237327851657 0.3181970949677346 -0.5000000000000000
0.2489497582552332 -0.0332794850734262 0.5000000000000000
0.3616865765890431 -0.0237704118885299 0.5000000000000000
0.5000000000000000 0.3305131467729467 -0.2111712661369329
0.5000000000000000 0.3000679879137282 -0.0056301202457647
0.5000000000000000 0.3044769697788670 -0.1124480052099945
0.5000000000000000 0.2801401324983443 0.2829886761986892
0.5000000000000000 0.2884516724787938 0.0196682734258191
0.5000000000000000 0.2702547083142253 -0.0315880628325756
0.1681654969123398 -0.5000000000000000 -0.0734241539449369
-0.5000000000000000 -0.0359544342272222 0.0805439434789952
-0.5000000000000000 0.0186465040642278 0.0729540041301625
-0.5000000000000000 -0.0145317418194263 0.1029889371225288
-0.5000000000000000 -0.0326237673302992 0.0166100068216698
-0.3735127913684131 0.1437387299724704 -0.5000000000000000
-0.5000000000000000 0.1868063873558833 0.1040683133878429
-0.5000000000000000 0.2555657313057829 -0.0849217400465189
-0.5000000000000000 0.1522638580477395 -0.3705170110418733
-0.5000000000000000 0.2776109660287774 -0.0187831126994551
-0.5000000000000000 0.2247365413220354 -0.1426226069268230
-0.5000000000000000 0.3251155698537414 0.0009345725088857
0.4552417889400359 -0.3154471387639849 -0.5000000000000000
0.2350645739335739 -0.3204145242874950 0.5000000000000000
0.2776925708161661 -0.2851050726877736 0.5000000000000000
0.2699006447711244 -0.2477272709810758 0.5000000000000000
-0.5000000000000000 -0.0324213345992367 0.2607400222499898
-0.4130789062066544 -0.1495952683258927 0.5000000000000000
-0.5000000000000000 -0.2068736827514324 -0.0663983667193641
-0.5000000000000000 -0.0690598904512357 0.1186272445189913
-0.4131793435360953 -0.0274658532910928 0.5000000000000000
-0.5000000000000000 -0.1841256886648210 0.3006315193999615
-0.3148788484170674 0.0269470353958764 0.5000000000000000
-0.3647712799411317 0.0353398110059363 0.5000000000000000
-0.4315177652412592 0.0641030080369206 0.5000000000000000
-0.2812537392592067 0.0600534071009336 0.5000000000000000
-0.3380164128879665 0.0673723540153308 0.5000000000000000
-0.3454437450963503 0.0509257992295372 0.5000000000000000
-0.2101618476511718 0.0155416499262894 0.5000000000000000
-0.3935243419531410 0.0005520603138799 0.5000000000000000
-0.3706577187032983 0.1195749067984600 0.5000000000000000
-0.5000000000000000 -0.2782140087973082 0.2870122521081798
-0.5000000000000000 -0.2996772595094446 0.3405344754697119
0.5000000000000000 -0.2383107749066593 0.3252299919445492
0.5000000000000000 -0.3181683403224733 0.2143661464694521
0.5000000000000000 -0.2263740769283205 0.2720811851734521
0.5000000000000000 -0.2607562741103994 0.0361004783149796
0.5000000000000000 -0.2774472085997924 0.0431751178227256
0.5000000000000000 -0.2883051052084892 0.1292252516471020
-0.2602647080483851 -0.2853613425046247 0.5000000000000000
-0.2431725757425708 -0.3163155795570206 0.5000000000000000
-0.3223208430785546 -0.2973194326530909 0.5000000000000000
-0.2295345770106893 -0.0187700308882012 -0.5000000000000000
-0.1863126430417524 -0.1316084995284129 -0.5000000000000000
-0.1985821022311433 0.0288471907215856 -0.5000000000000000
-0.1428965983037123 -0.0467908524025138 -0.5000000000000000
-0.0115902397043309 -0.3852870731793839 -0.5000000000000000
-0.0804405404413396 -0.4047802818306067 -0.5000000000000000
0.2228123275851500 -0.5000000000000000 -0.2943533579127996
0.3383815444504552 -0.5000000000000000 0.0079663925999824
0.3045669603785635 -0.5000000000000000 -0.2950927579127444
-0.5000000000000000 -0.2190622153365830 -0.0874841996456472
-0.5000000000000000 -0.2286166389463237 0.1988697754821334
-0.5000000000000000 -0.1915523230586004 0.3008513683984246
0.5000000000000000 0.1999180961709568 0.2861238407810978
0.5000000000000000 0.2330079663176453 0.2442940498459005
0.5000000000000000 0.2188820998914760 0.0968455847165931
0.5000000000000000 0.1856082635585139 0.1981583961573427
0.5000000000000000 0.1682838734974965 0.0936038812552114
0.1539501439747685 0.1314158902371670 -0.5000000000000000
0.0815085661980680 -0.0767811830022992 -0.5000000000000000
0.0961918601645522 0.0128071402921624 -0.5000000000000000
0.1398375354914956 -0.0231845207308371 -0.5000000000000000
0.0997243170430826 -0.0286950874579814 -0.5000000000000000
0.2270271310095602 -0.0827567520986742 -0.5000000000000000
0.1383987175030656 0.0458655998232815 -0.5000000000000000
0.2092038821063190 0.0726893727548478 -0.5000000000000000
0.0404723177834848 0.3274203742918769 0.5000000000000000
0.0555507680310698 0.3566771372270059 0.5000000000000000
0.0283971189111245 0.3321242838824984 0.5000000000000000
0.0241164818807552 0.2766457138607933 0.5000000000000000
0.0584980893305460 0.3434774187325126 0.5000000000000000
0.1485248442145687 -0.4833030761466743 -0.5000000000000000
0.5000000000000000 0.1235137379220298 -0.0728148922073739
0.5000000000000000 0.1085504767644540 -0.2782052930804094
0.4093556842014460 -0.0608950475481379 -0.5000000000000000
0.2398535074067204 -0.0951505817027193 -0.5000000000000000
-0.2540594427844260 -0.0507862130017949 0.5000000000000000
0.2832465679167653 0.2924834199150506 0.5000000000000000
0.2537714261460245 0.2150063436983118 0.5000000000000000
0.2001769286111581 0.1834764128413508 0.5000000000000000
0.2711452495511693 0.2123248761061936 0.5000000000000000
0.2540521895746010 0.2879932846550866 0.5000000000000000
-0.0553103210328792 -0.2544823746235579 -0.5000000000000000
0.0290665355230179 -0.3056611457782377 -0.4942486655406434
-0.1030367669186828 -0.3519563275569095 -0.5000000000000000
-0.1917379051056185 -0.2824142971789546 -0.5000000000000000
0.2895084805828252 -0.5000000000000000 0.3842034069534244
0.3344569278021786 -0.5000000000000000 0.4925253112557342
0.0978850368915270 0.4009755677244605 -0.5000000000000000
0.1669132563759589 0.3181504871060497 -0.5000000000000000
0.1446909449528725 0.3219930343908657 -0.5000000000000000
0.1204756631628301 0.2885753943036584 -0.5000000000000000
0.2283787524306765 0.3982271546969193 -0.5000000000000000
0.4242982548793608 -0.0718570898791005 -0.5000000000000000
0.4181434682777088 -0.0567482227834115 -0.5000000000000000
0.3121725515419361 -0.0280286104193622 -0.5000000000000000
0.4276936790795279 -0.0303527015614952 -0.5000000000000000
0.4149551325557107 -0.0410703969665712 -0.5000000000000000
-0.5000000000000000 -0.1555040043160598 -0.4836897414603168
-0.5000000000000000 -0.1614507641327343 -0.4886797378542975
-0.5000000000000000 -0.2420938078292065 -0.1729674546979020
-0.5000000000000000 -0.2523031241239453 -0.2747784199390339
-0.4922189946382075 -0.2543769875844700 -0.5000000000000000
-0.5000000000000000 -0.2374048732055268 -0.4171134788661029
-0.5000000000000000 -0.2606529196379709 -0.3857925431214941
0.2261070068290781 -0.5000000000000000 0.1670465250793881
0.2235111817881558 -0.5000000000000000 0.1738271101488185
0.2249711816878690 -0.5000000000000000 0.1425204923310188
-0.5000000000000000 0.2335579483659650 0.2355628221129109
-0.5000000000000000 0.4136160509484618 0.3794998860204064
-0.5000000000000000 0.3399364725940814 0.1403773120008382
-0.0743587382422597 -0.5000000000000000 0.3837625459124149
-0.5000000000000000 -0.2623922132861209 -0.1001207348390141
-0.5000000000000000 -0.2948072116209643 -0.1667258258730097
-0.2553156446196509 -0.5000000000000000 0.0035982158756117
-0.5000000000000000 -0.3622501109933044 -0.1927870750798224
-0.3741590551281856 -0.5000000000000000 0.0850827772005712
-0.4283978978382002 -0.5000000000000000 0.2390005832276378
-0.5000000000000000 -0.4028286496156515 0.0052613508594524
-0.3708828222311461 -0.5000000000000000 -0.0495607486057346
-0.3874665207716653 -0.5000000000000000 -0.0131198657814335
0.3481452384952158 -0.5000000000000000 -0.0558415847435553
0.1001151759468507 -0.5000000000000000 -0.4950622009727663
0.0981998597768944 -0.5000000000000000 -0.3091326154465960
0.2122826108753030 -0.4972293351103257 -0.5000000000000000
0.1905652189548676 -0.3800293102545084 -0.5000000000000000
0.1845947660132972 -0.5000000000000000 -0.1733211352534409
0.1750151101466770 -0.4933314221745120 -0.5000000000000000
0.1483004111364045 -0.5000000000000000 -0.4269725662308714
0.1483831480142333 -0.4218530760045224 -0.5000000000000000
0.1787111514224945 -0.5000000000000000 -0.2222781033069966
0.1547149993637822 0.1325199070135726 -0.5000000000000000
0.1538615767198301 0.1317490586874044 -0.5000000000000000
0.1539081233128757 0.1323847282645995 -0.5000000000000000
0.1539488195444730 0.1318867673359425 -0.5000000000000000
0.1541278525233372 0.1327265096108200 -0.5000000000000000
-0.4725538051018773 -0.3075896924182110 -0.5000000000000000
-0.4993637012209417 -0.4297034281973562 -0.5000000000000000
-0.5000000000000000 -0.4740355569171667 -0.4003648416134963
0.0129222144702710 0.1766185926100544 -0.5000000000000000
-0.0260964998623680 -0.2163908428673099 -0.5000000000000000
-0.0447609252826551 -0.2450660452743940 -0.5000000000000000
-0.0717686672717599 -0.2255886195092586 -0.5000000000000000
0.0137774642920785 -0.2573532733893328 -0.5000000000000000
0.0191316453943275 -0.2089016696247565 -0.5000000000000000
-0.0640677140494490 -0.2005378043669692 -0.5000000000000000
-0.0327097943236472 -0.2517727737117121 -0.5000000000000000
0.5000000000000000 0.4472841896522352 0.4701395618353795
0.2310347758165407 0.4973506832200264 0.5000000000000000
0.5000000000000000 -0.2347153645695605 0.3490498953766185
0.5000000000000000 -0.2514697991795923 0.3460136141464000
0.5000000000000000 -0.2346091605238506 0.3435057834757580
0.5000000000000000 -0.2448030324240654 0.3419062645056664
0.5000000000000000 -0.2294496655786208 0.3414434755266814
0.3816265266184880 -0.5000000000000000 0.0278735690100541
0.3874199550460811 -0.5000000000000000 0.0254475967602651
0.3922226701232531 -0.5000000000000000 0.0210062838015182
0.3922414406280036 -0.5000000000000000 0.0412747464713934
0.3845528668947179 -0.5000000000000000 0.0194584183126078
0.3774236871161435 -0.5000000000000000 -0.0311834230860608
0.1176463303906681 0.2440980062249200 0.5000000000000000
0.3041504598753147 0.3098069568309304 0.5000000000000000
0.2943623450588255 0.3466685235348071 0.5000000000000000
0.2442087759685806 0.3050784886792204 0.5000000000000000
0.2765309371530948 0.3384280626326648 0.5000000000000000
0.0721142078078530 -0.0893153181734063 -0.5000000000000000
0.0867406142707354 -0.0970890065642696 -0.5000000000000000
-0.2204331988161123 -0.5000000000000000 0.0059876952021474
-0.5000000000000000 0.0604855126807559 0.1505807755848456
-0.5000000000000000 0.1169229814967437 0.2021065886612177
0.0222659986954029 -0.4492285885632856 -0.5000000000000000
-0.0166889910982170 -0.4668101337428896 -0.5000000000000000
0.0194221783067804 -0.5000000000000000 -0.4407258965749228
0.5000000000000000 0.0690081170352718 -0.4396031632232066
-0.1144267977497713 0.1488776859773151 -0.5000000000000000
-0.2878539929602398 0.2472644622015976 -0.5000000000000000
-0.1339160839339519 0.2303249132639062 -0.5000000000000000
0.0108899213117582 0.1768732073271932 -0.5000000000000000
-0.0972321013900602 0.1021021611500762 -0.5000000000000000
-0.0787308339157856 0.0952736765545715 -0.5000000000000000
-0.5000000000000000 0.0162497272173032 -0.0271347916651495
-0.5000000000000000 0.0498232509594863 0.0900051827793613
-0.5000000000000000 0.0172847030506083 -0.4101128860877232
-0.5000000000000000 0.0460135221132913 0.0121284604139222
-0.5000000000000000 0.0856713107554918 0.2190409798166413
0.0401331635996678 0.0539519132281391 0.5000000000000000
-0.0030204971578386 0.5000000000000000 -0.1303125181167455
-0.2917145545710755 0.2534312192325984 -0.5000000000000000
0.0760478348929090 0.4029843899031100 -0.5000000000000000
-0.1596951237199605 0.3805303834514145 -0.5000000000000000
-0.1537108688927989 0.3333198060212810 -0.5000000000000000
-0.1498111195488109 0.4501707779918419 -0.5000000000000000
0.0114403777961564 0.1787480446904241 -0.5000000000000000
-0.0143774896454018 0.5000000000000000 -0.3837076710428572
-0.0755968532162209 0.4340332781994773 -0.5000000000000000
0.2376025957463653 -0.3344934028757826 0.5000000000000000
0.1820478688191855 -0.2954017472606072 0.5000000000000000
0.2370008474683628 -0.3716893543263065 0.5000000000000000
0.1817814492440977 -0.3541138262207363 0.5000000000000000
-0.5000000000000000 -0.0111413968079739 0.2859524325501838
-0.1212266523618274 0.4221707988916510 0.5000000000000000
-0.0495155858128937 0.4395572465146854 0.5000000000000000
-0.1424750675571095 0.4718530512826771 0.5000000000000000
-0.0714391314826355 0.4673945601926894 0.5000000000000000
-0.0584865475118288 0.5000000000000000 0.3928555804783467
-0.0870866037919032 0.5000000000000000 0.2211168264844493
-0.2114013407504396 0.5000000000000000 0.2508504246740690
0.0808921799493545 -0.0057568238913981 -0.5000000000000000
0.0761741472936713 0.0098190294519142 -0.5000000000000000
0.0891311622990223 0.0193895679265795 -0.5000000000000000
-0.5000000000000000 0.4310252718008112 0.4864163998890014
0.4831726774979026 -0.3507395747460079 -0.5000000000000000
-0.2379639878514775 0.2723353053711840 0.5000000000000000
-0.0248727894660062 0.1640730508663770 0.5000000000000000
-0.1114410877590101 0.1383405799852483 0.5000000000000000
-0.1223863555615259 0.1827825766981215 0.5000000000000000
-0.1160558737348890 0.2083473077628883 0.5000000000000000
-0.0085586608689215 0.5000000000000000 -0.1233395508161487
0.0172744512422531 0.5000000000000000 -0.1083341300692226
0.0134343189391138 0.5000000000000000 -0.0692847525767941
0.0015526672946165 0.5000000000000000 -0.0920829171812602
-0.0338787869925236 0.5000000000000000 -0.1109890448828230
0.5000000000000000 -0.1756646593879605 -0.0119231734006562
0.5000000000000000 -0.1536747509521657 -0.0469130156965024
0.4228033102307667 -0.1616056008155909 -0.5000000000000000
0.2525527442042174 -0.1043756290106925 -0.5000000000000000
0.5000000000000000 -0.1648841493484679 -0.3959363881062150
0.5000000000000000 -0.0588806214361735 0.0169670564197529
0.5000000000000000 -0.1995906922681931 0.2150898748661922
0.5000000000000000 -0.1899816476114371 -0.0760036441773493
-0.4903340233531059 -0.4799010065839021 -0.5000000000000000
-0.4832691062613802 -0.5000000000000000 -0.3644156548321948
0.0058198018369797 -0.0596794490227748 -0.5000000000000000
0.0298765370867302 -0.1143420273124289 -0.5000000000000000
0.0891663910026220 -0.1442784097802608 -0.5000000000000000
-0.0640264254742899 -0.1410077773276255 -0.5000000000000000
-0.3081878614121767 0.5000000000000000 -0.3847737878770280
-0.2443921586140441 0.5000000000000000 -0.2903778626362147
-0.2460088017535785 0.5000000000000000 -0.2785674157093966
0.1451626119563477 -0.1996028092022317 0.5000000000000000
0.1075835732120324 -0.0448298746955517 0.5000000000000000
0.1237124193151343 -0.0581552905062060 0.5000000000000000
-0.0843412647263719 -0.5000000000000000 -0.0786704644225866
-0.0522914176882727 -0.5000000000000000 -0.1154059277138363
0.4245265301238932 -0.2204213058528865 0.5000000000000000
0.3656614582457312 -0.2936883746088403 0.5000000000000000
0.3484746609651808 -0.2537603292174416 0.5000000000000000
0.3769744835251224 -0.2421285712065678 0.5000000000000000
0.4246968922615610 -0.3494883361461518 0.5000000000000000
0.5000000000000000 -0.2099077145900536 0.3494949293235050
0.3954886829632296 -0.2259732725214829 0.5000000000000000
0.3447877651312177 -0.2166551923033897 0.5000000000000000
0.5000000000000000 0.2340629649954641 0.0202018168593976
0.5000000000000000 0.1748079048709624 -0.0082718278331635
0.5000000000000000 0.1505009334836018 -0.1967573174085711
-0.3876996878925643 -0.1928747421451077 0.5000000000000000
-0.3791589317051986 -0.0576758645371777 0.5000000000000000
0.0570187190314486 -0.5000000000000000 0.2522050329813931
0.1072724897815648 -0.4329647420832431 0.5000000000000000
-0.0074998379233478 -0.3314137775359612 0.5000000000000000
0.0197420435823933 -0.3035645141544597 0.5000000000000000
0.3138599955781163 -0.3772114318376216 0.5000000000000000
0.2609271646632587 -0.5000000000000000 0.1112599619646066
0.4160053358846596 -0.3909477042434711 0.5000000000000000
0.3924068980242523 -0.5000000000000000 0.3917738128916293
0.4178557161363647 0.2074853744555711 -0.5000000000000000
0.5000000000000000 0.2681981253011279 -0.1276128450242817
0.3651500159790466 0.1644877903663982 -0.5000000000000000
0.3299264782090682 0.1786269304740825 -0.5000000000000000
0.3515397707419488 0.2001041247116808 -0.5000000000000000
0.2831987346295021 0.1322838126300259 -0.5000000000000000
-0.5000000000000000 -0.1365292357521490 -0.4920243047855380
-0.5000000000000000 -0.1353174017268943 -0.4753309420718952
0.4822564023176680 -0.3118507500760414 -0.5000000000000000
-0.5000000000000000 0.3792446551427325 -0.3460852614531263
-0.5000000000000000 0.3334148914924057 -0.3950931723460331
-0.5000000000000000 0.3563096132565222 -0.4285057907173379
-0.5000000000000000 0.3641223753754244 -0.3416244654133728
-0.4834478148423418 0.5000000000000000 -0.4568740877192088
-0.5000000000000000 0.4381570621871658 -0.3466313199111654
-0.4796837910467223 0.4095629567111322 -0.5000000000000000
-0.4504693008241467 0.3975636489471796 -0.5000000000000000
-0.5000000000000000 0.3751334283125893 -0.4639512988177956
-0.4999590923414405 -0.1368336424703740 -0.5000000000000000
-0.4940159346541422 -0.1743798764972044 -0.5000000000000000
-0.4822545511123296 -0.1099082136337711 -0.5000000000000000
0.0916180436818152 -0.5000000000000000 -0.3009286519600750
0.0915145335860599 -0.5000000000000000 -0.3045643604480378
0.0899192308988461 -0.5000000000000000 -0.2978852018318014
0.0961836490166702 -0.5000000000000000 -0.2986908106532304
0.0777078948715904 -0.5000000000000000 -0.2831236200378121
-0.5000000000000000 0.4450886306394539 -0.0792575063253334
0.5000000000000000 -0.3909014124056041 0.3640896230620954
0.5000000000000000 -0.4754189951464274 0.1990933034037538
0.4914798541027826 -0.5000000000000000 0.1806086097962897
0.5000000000000000 -0.4153879908810317 0.3785625174917452
0.4501273114589636 -0.3929232415444487 0.5000000000000000
0.4147484778830994 -0.5000000000000000 0.3984023593137863
0.4500757047560818 -0.5000000000000000 0.3100734357593348
0.1551773762585021 -0.0949471679574563 -0.5000000000000000
0.2362370067317537 -0.0153849883295530 -0.5000000000000000
0.4887387134530498 0.3321626079603580 -0.5000000000000000
0.5000000000000000 0.3690839103690913 -0.3530583683940636
0.5000000000000000 0.3757672697734066 -0.4118294233365451
0.5000000000000000 0.4062810841347391 -0.2448871129375707
0.5000000000000000 0.2703652936820554 -0.1321031300890737
0.4799048141317117 0.3803742931566707 -0.5000000000000000
0.4145499675615064 0.5000000000000000 -0.2949995297750809
0.3960720505683475 0.4012588292161022 -0.5000000000000000
0.5000000000000000 0.3868599154213732 -0.3097688759172865
0.4428533606769638 0.4155049478994108 -0.5000000000000000
0.3818393114194980 0.4371895695872164 -0.5000000000000000
0.5000000000000000 0.3834143292864333 -0.3871046885094614
0.5000000000000000 0.3802878025447330 -0.3165752989514831
0.4936605665198829 0.3595135109914318 -0.5000000000000000
0.5000000000000000 0.3636657771206688 -0.4073990146510049
0.5000000000000000 0.4074770637734896 -0.3589953706555257
0.4383931464800950 -0.5000000000000000 -0.2072986490186993
0.4261457365465275 -0.5000000000000000 -0.1182906324926881
0.3577657665742268 -0.5000000000000000 -0.2965202129136540
0.5000000000000000 -0.3797050088260511 0.3364422002705882
0.4534888369982566 0.3052614353934097 -0.5000000000000000
0.4880993066992000 0.1689640735061252 -0.5000000000000000
-0.3019464243513673 0.2626934690776451 0.5000000000000000
-0.5000000000000000 0.1571818102209929 0.1984207234489189
-0.5000000000000000 0.1700400478211311 -0.0321240122595661
-0.3949007735101607 0.3648789258714210 0.5000000000000000
-0.3968644043050130 0.1714701577622986 0.5000000000000000
-0.5000000000000000 0.1144484248360588 0.0371076549217279
-0.5000000000000000 0.1207530326420012 0.2570165176147741
-0.4173866974880780 -0.1184799030514522 -0.5000000000000000
-0.4358373365349291 -0.1491320297170876 -0.5000000000000000
-0.4877490990098833 -0.0965317039728230 -0.5000000000000000
-0.3832689540667691 -0.2349129622099160 -0.5000000000000000
-0.3742980942343648 -0.1340081672162801 -0.5000000000000000
-0.2263646319551069 0.1842173536403803 0.5000000000000000
-0.2791418730879274 0.3020218417168896 0.5000000000000000
-0.2790995687307155 0.2927906527247728 0.5000000000000000
-0.1643394015578009 0.2979024601518618 0.5000000000000000
-0.2326153614532863 0.3243114244721041 0.5000000000000000
-0.2853535511818497 0.2914720812525268 0.5000000000000000
-0.3218635691013589 0.2503402668177862 -0.5000000000000000
-0.2961540344364025 0.2491060563151491 -0.5000000000000000
-0.3616163546460430 0.1457629382182211 -0.5000000000000000
0.3540625021391664 -0.1104476291692790 0.5000000000000000
0.2566827382465948 -0.1937568759054189 -0.4850277016999602
-0.1857399866531984 0.1029585296464852 0.5000000000000000
-0.2052802434876611 0.1098812088538268 0.5000000000000000
-0.2153859634947289 0.0995625405236818 0.5000000000000000
-0.1843069246740248 0.0427639759884896 0.5000000000000000
-0.2524727469650525 0.1316339712491165 0.5000000000000000
-0.1712688908024007 0.1061039601751241 0.5000000000000000
-0.1800201493327921 0.1197505357109569 0.5000000000000000
-0.1884978982407335 0.1203410028480071 0.5000000000000000
0.0360479794665090 0.0014706934443843 0.5000000000000000
0.0485154185166801 -0.0745259550033075 0.5000000000000000
-0.0068417848584342 -0.1208882656969555 0.5000000000000000
0.0218869097177714 -0.1631382840391729 0.5000000000000000
-0.5000000000000000 -0.1935536424669194 -0.0829118440210989
-0.5000000000000000 -0.2389135641953130 -0.0764050443075004
-0.5000000000000000 -0.2558566947256685 -0.0342953166949530
-0.5000000000000000 -0.2090050048520931 -0.1687178118863699
-0.5000000000000000 -0.2269272238107138 -0.0938910582795722
-0.5000000000000000 -0.2473107114635714 -0.0743858235093658
-0.5000000000000000 -0.2365906703260222 -0.1200791502236283
0.3700177881683089 0.5000000000000000 0.2553875986175408
0.4170329113247337 0.5000000000000000 0.3857070995965938
-0.4024366917882804 -0.0450472975158474 -0.5000000000000000
-0.3148335096097605 -0.1356665649033798 -0.5000000000000000
-0.5000000000000000 -0.1964655681770483 -0.2630206430920937
-0.5000000000000000 -0.3222289287006871 -0.2739250794937013
-0.4748042830332255 -0.5000000000000000 0.4985551912345949
0.4249989680592424 0.0918250965696677 0.5000000000000000
0.3793851615125952 0.2406777539942610 0.5000000000000000
0.3220546080578739 0.2083685900864463 0.5000000000000000
-0.5000000000000000 -0.4952105599811141 -0.0782449324494376
0.3364079510992415 0.5000000000000000 0.3333621945308005
0.3522854424919546 0.5000000000000000 0.2602501904807589
0.3509293759672916 0.5000000000000000 0.3561210851708229
0.3033537959640893 0.5000000000000000 0.3626713584225685
0.3662499825765000 0.5000000000000000 0.3411721171213784
0.1991732155573173 0.5000000000000000 0.0613243540517576
0.3189845983844508 0.5000000000000000 0.1478779161631645
0.1371969580859466 0.5000000000000000 -0.0430421477363671
0.1036229234641362 0.3263806225571738 0.5000000000000000
0.0934497890061345 0.3870193166386965 0.5000000000000000
0.0856972531462340 0.4197604120968748 0.5000000000000000
0.1398169185651491 0.4220963339267652 0.5000000000000000
-0.4881845254098577 0.0822438300072223 0.5000000000000000
-0.3218598972625329 0.2505998194246284 -0.5000000000000000
-0.2966160738949180 0.2552900078883788 -0.5000000000000000
-0.3108980665134112 0.3501406923660258 -0.5000000000000000
-0.2537943621306013 0.3386563460770917 -0.5000000000000000
-0.4132874272915887 -0.0213071393353093 0.5000000000000000
-0.2125074631632632 -0.3860444506552991 -0.5000000000000000
-0.1655364830607195 -0.3652123861196970 -0.5000000000000000
-0.2203816787937949 -0.3259373587873892 -0.5000000000000000
-0.2429230719126224 -0.3631863811925612 -0.5000000000000000
-0.2226490054095193 -0.3754565584205459 -0.5000000000000000
-0.0964084066492697 -0.3703114760870106 -0.5000000000000000
-0.4662751812697160 -0.2738467411297938 -0.5000000000000000
-0.1900301871415765 0.1431858110076002 -0.5000000000000000
-0.1742178395587168 0.1058524195897451 -0.5000000000000000
-0.5000000000000000 0.4811128852803188 0.0801988254274830
-0.5000000000000000 0.4565915030155168 0.3543574766705657
0.4465502677973271 0.0342736223147877 0.5000000000000000
0.4567494954850611 0.0750269935890766 0.5000000000000000
0.4530553463629048 0.0579715152234298 0.5000000000000000
0.4284944303504158 0.0642842898418008 0.5000000000000000
0.5000000000000000 0.2684190034852584 -0.1271782050842377
0.2330280444780192 0.2685611517621251 -0.5000000000000000
0.2158526744121035 0.2407896310239211 -0.5000000000000000
0.2919705089133807 0.2054612790446436 -0.5000000000000000
0.3130528250375731 0.2444039715953269 -0.5000000000000000
0.2511609044076012 0.1381054533146143 -0.5000000000000000
0.2676654164661269 0.3720160408607986 -0.5000000000000000
0.5000000000000000 -0.1193130788860114 0.2361680661187036
-0.4920230524552645 -0.5000000000000000 -0.1380879562052152
-0.4737224720243222 -0.5000000000000000 -0.2623990669421958
0.2631162308478097 -0.2125578223500258 -0.5000000000000000
0.2282070541265267 -0.2728002273944170 -0.5000000000000000
0.3097740153015819 -0.1827173698994950 -0.5000000000000000
0.2499220956461345 -0.1592944287306786 -0.5000000000000000
0.2709876233636507 -0.1871430792360748 -0.5000000000000000
0.2575741458014755 -0.2068574784119513 -0.5000000000000000
0.3061504400376850 -0.3429293542502222 0.5000000000000000
0.2815247567510944 -0.3063934844390864 0.5000000000000000
0.3985751653321548 -0.3733139928755255 0.5000000000000000
0.5000000000000000 0.4178788540351969 -0.0444739458328290
0.5000000000000000 0.4162862724687204 -0.1563676146920723
-0.3482347809552753 0.5000000000000000 -0.4955126653383983
-0.4264208651313648 0.5000000000000000 -0.4811569893306041
-0.3417217440137781 0.4715650133107688 -0.5000000000000000
-0.3803624130468696 0.4804882230299760 -0.5000000000000000
-0.3677303639912575 0.5000000000000000 -0.4588805639972707
-0.3360465265873263 0.5000000000000000 -0.4029107788042373
-0.2946140580576678 0.2576502675897958 -0.5000000000000000
-0.2309874408364769 0.4092043232527965 -0.5000000000000000
-0.2826665090609235 0.3856401852667858 -0.5000000000000000
-0.2255256005402407 0.3726116659369783 -0.5000000000000000
-0.2015972994317840 0.4588214060293035 -0.5000000000000000
-0.1899423853541372 0.5000000000000000 -0.2343311014959745
0.5000000000000000 0.4180532420160775 0.1966684922001453
0.5000000000000000 0.4507059507968084 0.2152944559797432
0.5000000000000000 0.4448150736705970 0.2474260999624818
0.1666846321874017 -0.5000000000000000 -0.0816326104088461
0.5000000000000000 0.1202597867597364 0.0304507682049699
-0.0954827492587280 -0.0294401891418925 -0.5000000000000000
-0.2364149091150134 0.4921142842214288 0.5000000000000000
-0.2401899007567036 0.4995894768372889 0.5000000000000000
-0.2182289701133322 0.4922082970968916 0.5000000000000000
0.3850802905375155 -0.3278065641591796 -0.5000000000000000
0.3231097985501870 -0.3254681218964056 -0.5000000000000000
0.2659231958167925 -0.2876732712832262 -0.5000000000000000
0.2991763600119852 -0.3202586920756157 -0.5000000000000000
0.3000314684043227 -0.3363745339494197 -0.5000000000000000
0.3957864182228490 -0.1479884283190616 0.5000000000000000
0.4499194627594977 -0.1948723034424172 0.5000000000000000
-0.3895688239059673 0.3752951762412992 0.5000000000000000
-0.3019371300129581 0.3648356137194831 0.5000000000000000
-0.2499157920103860 0.5000000000000000 0.1871224675236925
-0.3082345897149005 -0.3822709096683081 0.5000000000000000
-0.2824630260192609 -0.3582211037323219 0.5000000000000000
-0.4185128621057988 -0.4198902153537963 0.5000000000000000
-0.3227985346542384 -0.3622883086052689 0.5000000000000000
-0.3256643763037419 -0.3126250051066713 0.5000000000000000
0.1303262880708634 0.1320200692490587 0.5000000000000000
0.1370637334003733 0.0631898334870050 0.5000000000000000
0.2335398251088944 -0.5000000000000000 -0.0275404872615530
0.2785512360239132 -0.5000000000000000 0.0826907568327385
0.3958196912692714 -0.5000000000000000 0.3421003765562066
0.2391815606313302 -0.5000000000000000 -0.0453180849975363
0.0948944051899824 -0.5000000000000000 0.2549225805264375
0.1433281959874230 -0.5000000000000000 0.2474257279032063
0.1959264555835551 -0.5000000000000000 0.0407054079123857
0.2527912364789765 -0.5000000000000000 0.1287461841830280
0.1754773301253841 -0.4497426204630838 0.5000000000000000
0.3732765820132793 -0.5000000000000000 0.3809653787381093
0.1747413270606635 -0.5000000000000000 0.3815933828652153
-0.0543586332254596 -0.5000000000000000 -0.1629959031741016
0.1286316471369935 -0.2088867310388756 0.5000000000000000
0.0747721676621731 -0.0738757019111839 0.5000000000000000
0.0154231740845476 -0.1204573699600269 0.5000000000000000
0.0872274431409757 -0.0886533617605607 0.5000000000000000
0.0393822124033968 -0.1628894725785065 0.5000000000000000
-0.3217920373321173 0.2502767717968943 -0.5000000000000000
-0.3219510749125644 0.2504411614074867 -0.5000000000000000
-0.3219857610100576 0.2506260206380288 -0.5000000000000000
-0.3219877265393857 0.2503799451451482 -0.5000000000000000
-0.3897864926896326 0.1423559207743139 -0.5000000000000000
-0.4978855189095391 0.0270573156719193 -0.5000000000000000
-0.5000000000000000 0.0255530982393382 -0.4591056956391693
-0.4482651760877250 0.1314547894475088 -0.5000000000000000
-0.5000000000000000 0.2271950048093896 -0.3974314040115640
-0.5000000000000000 0.1530432121091571 -0.4424466149290193
-0.5000000000000000 0.2481788381697344 -0.4877633114798794
-0.5000000000000000 0.2067339512444799 -0.4199428182554975
-0.5000000000000000 0.3547151576067177 -0.2334520222840959
0.3577940671284817 0.3642054319375665 0.5000000000000000
0.5000000000000000 0.3982038185268890 0.4752180323505935
-0.5000000000000000 0.1461015849668723 -0.4234031663102552
-0.5000000000000000 0.2048850601705014 -0.3353501460117180
0.2138753696653543 0.5000000000000000 0.2374056372166314
0.3287817309535366 0.5000000000000000 0.1977456471786982
0.1391185498897041 0.5000000000000000 0.0674569513288705
0.1937216402417913 0.5000000000000000 0.3408320407002573
0.0662476719689753 0.5000000000000000 0.0765470930926282
-0.1954179624089341 -0.2714261449219215 0.5000000000000000
-0.3081554270847673 -0.2503887309907529 0.5000000000000000
-0.2698993130137942 -0.2665165720085673 0.5000000000000000
-0.2473251371997839 -0.2520741885119454 0.5000000000000000
-0.5000000000000000 -0.0400806716591393 -0.0857158918708106
-0.5000000000000000 -0.0913003805495926 -0.2994431226898339
-0.5000000000000000 -0.0043987833384892 -0.3088729235641199
-0.5000000000000000 0.1053300429686516 -0.3846904092967242
-0.1784347463615504 -0.5000000000000000 0.1323955308038971
-0.2353613899890772 -0.5000000000000000 0.0364216329607086
-0.1631967253224688 -0.5000000000000000 0.0132871475165714
-0.2285838105868247 -0.5000000000000000 -0.0047493315968653
-0.2276680005703577 -0.5000000000000000 -0.0112760911932788
-0.2624147813762920 -0.5000000000000000 -0.0561750605808174
-0.2100485450453592 -0.5000000000000000 0.0109807547046933
0.5000000000000000 -0.0988717523621612 0.1015995287303383
0.5000000000000000 -0.4848590290556924 0.1487841608893352
0.5000000000000000 -0.4867391329640631 0.0462635767375182
0.4866293359592453 -0.5000000000000000 0.1126777949770291
0.0400748093969839 0.4845953883497506 0.0522952980359658
-0.1107951283447036 0.5000000000000000 -0.0599557969481292
-0.4365936425222238 0.3281024467176067 -0.5000000000000000
-0.2947757315914135 0.2476032675327829 -0.5000000000000000
-0.2932895803285696 0.2503303415921100 -0.5000000000000000
0.3367614226148685 0.4560545654763116 0.5000000000000000
0.1695387896827489 0.5000000000000000 -0.2507397099910542
0.2587681650516448 0.3938789518727572 0.5000000000000000
0.5000000000000000 0.0823537179718942 0.3251379961896540
0.5000000000000000 -0.0048848595999536 0.4739300640149426
0.4011437786410815 -0.0025914726514638 0.5000000000000000
-0.0179443008777152 -0.5000000000000000 0.0987816371994761
-0.0041979761107328 -0.5000000000000000 0.3047316972180791
0.0458115644485835 -0.5000000000000000 0.1678707672302866
0.0314245558978526 -0.5000000000000000 0.2462139805424396
0.0068178127917265 -0.5000000000000000 0.1044954261615162
-0.0815283219555340 -0.5000000000000000 0.0801602330957641
-0.4445136120038480 -0.2682868013969895 -0.5000000000000000
-0.3264438660108019 -0.1645793830069320 -0.5000000000000000
0.2613305388303622 -0.3895880551401041 0.5000000000000000
-0.5000000000000000 -0.2498112137123653 0.2263514516715412
-0.5000000000000000 -0.2656143397672878 0.2220471519691194
-0.5000000000000000 -0.2371292648630982 0.2021758831425818
0.1427683952601902 -0.2060081708290291 -0.4947203776713894
0.0009498664327944 0.2110376584256451 0.5000000000000000
0.0978710832410192 -0.2808630035319603 -0.5000000000000000
-0.2482397675249400 0.0957342418386106 -0.5000000000000000
-0.2408001632559978 0.0001438601720149 -0.5000000000000000
-0.3153900411323723 0.0429415437907815 -0.5000000000000000
-0.2203651755442596 0.0652436650453275 -0.5000000000000000
-0.0998617676756935 -0.5000000000000000 -0.0370446996365341
-0.1060561606945148 -0.5000000000000000 -0.2190817966546802
-0.0555876771180709 -0.5000000000000000 0.0066859602206704
-0.1220358405101791 -0.5000000000000000 -0.0870191493857114
-0.1030947331866158 -0.5000000000000000 -0.1046550393193713
-0.1768238853705174 -0.4607877946329557 -0.5000000000000000
-0.1076378709382229 -0.5000000000000000 -0.0971681774605456
0.0924521590198727 0.5000000000000000 -0.2032766799460129
0.0896180875010151 0.5000000000000000 -0.1201694080246645
0.0564492625685091 0.5000000000000000 -0.0456702808261239
0.0838265197455788 0.4392609707525291 0.5000000000000000
0.1812933365368722 0.4669308689311543 0.5000000000000000
0.5000000000000000 0.2687090923264581 -0.1255892559406931
0.5000000000000000 0.2688738033300350 -0.1283659510224784
0.5000000000000000 0.2679458621050690 -0.1255411905638035
0.5000000000000000 0.2673137737050376 -0.1265165403138764
0.5000000000000000 0.2665526159007796 -0.1292324103494580
-0.0081912247475363 -0.0405524917139389 -0.5000000000000000
-0.0475856403683484 -0.0280191229323943 -0.5000000000000000
0.0124675871154605 0.1760843356934640 -0.5000000000000000
-0.0717234130505222 0.0438669286873321 -0.5000000000000000
-0.0456455694644066 0.0326491517894728 -0.5000000000000000
0.5000000000000000 -0.3293609459906071 -0.3803381562711307
0.4321703908622527 -0.2036998926266205 -0.5000000000000000
0.5000000000000000 -0.3337459069865013 -0.3394071580670723
0.5000000000000000 -0.1866075496141261 -0.4421601535795823
0.5000000000000000 -0.3348632115863076 -0.3675666048649655
0.5000000000000000 -0.3733347482459191 -0.4690494949139289
0.5000000000000000 -0.2996878237383969 -0.3092980790032930
0.4505125458636468 -0.3483035382231481 -0.5000000000000000
0.5000000000000000 -0.3162465001740314 -0.3213329086159556
0.5000000000000000 -0.4071805900297013 -0.3199280329244852
-0.0698156865343425 -0.4218416892397043 0.5000000000000000
-0.0953111468091626 -0.5000000000000000 0.3144503540396955
-0.1242810855450033 -0.5000000000000000 0.2608738162711853
-0.0897596679914098 -0.4933548054983156 0.5000000000000000
-0.0368181939542155 -0.4704624081893121 0.5000000000000000
-0.0641289849504363 -0.4386707337691081 0.5000000000000000
-0.1219586147264720 -0.5000000000000000 0.3366953172753794
-0.0107846722357023 -0.4659031259986079 0.5000000000000000
-0.1002198901630407 -0.4334336663394873 0.5000000000000000
-0.0392755959646640 -0.3588584115573514 0.5000000000000000
-0.0537842590654075 -0.5000000000000000 0.4418280075549859
-0.5000000000000000 -0.4655570492797987 -0.1648609532651120
-0.5000000000000000 -0.4082650824553095 -0.3559306389864309
-0.5000000000000000 -0.4636584062131943 -0.2853636750086429
0.2841509790827701 -0.3867929071622044 0.5000000000000000
-0.3273221759807926 -0.3037496534472865 0.5000000000000000
-0.5000000000000000 -0.0578590794645037 0.0296583871772618
-0.5000000000000000 -0.0592935167167591 -0.0731264069325531
-0.5000000000000000 -0.0654726471027549 -0.0463435166539215
-0.3361213147970448 -0.2358289077718126 0.5000000000000000
-0.5000000000000000 -0.2039098322152582 0.3222731167099997
0.0791438349716188 0.4675300145480075 0.5000000000000000
0.1700947788291214 0.5000000000000000 0.4684746265506191
-0.5000000000000000 -0.1550408202016065 -0.3898565039078754
-0.3947729648638288 0.3781249751978844 0.5000000000000000
-0.3924152331166402 0.3795350550348515 0.5000000000000000
-0.4059815168437947 0.3848839839365900 0.5000000000000000
-0.3926092498926050 0.3737565162392446 0.5000000000000000
-0.3946737590910280 0.3755812072072332 0.5000000000000000
0.1948018548768734 -0.2557900950593321 0.5000000000000000
0.1410392114836636 -0.2276514170232119 0.5000000000000000
0.1685064829170276 -0.1855483894073213 0.5000000000000000
0.1433539184569770 -0.2459666519734959 0.5000000000000000
0.0447888653686026 -0.2792510546865537 0.5000000000000000
0.1847188965969993 -0.2239945238213406 0.5000000000000000
-0.4748454743078846 0.5000000000000000 -0.3902766673053332
-0.5000000000000000 0.3831693311185282 -0.0862471667621644
0.0476114626203389 -0.3389722115622319 -0.5000000000000000
0.1566816380724609 -0.2476786573137762 -0.5000000000000000
0.1952509229851762 -0.3659475003152945 -0.5000000000000000
0.1955502214298294 -0.3504474003828856 -0.5000000000000000
0.1988818309151227 -0.3613892484855853 -0.5000000000000000
0.1994630545864947 -0.3648809042988349 -0.5000000000000000
0.1610270127740075 -0.1853673038809563 -0.5000000000000000
-0.5000000000000000 0.4041804062522415 0.0753931464698587
-0.5000000000000000 0.4240541033079268 0.3623471230659207
-0.5000000000000000 0.3569336181226670 0.0690520630049000
-0.4200449215361811 -0.3386285827116802 0.5000000000000000
-0.3591795503148886 -0.2547052890728602 0.5000000000000000
-0.5000000000000000 -0.3486471162982008 0.1245638588794090
-0.4516381342811014 -0.2768950528940990 0.5000000000000000
-0.5000000000000000 -0.2196888272991993 0.3089514476313552
0.4415027210025836 0.3565346775631191 -0.5000000000000000
0.0940357412677099 0.4085385026251134 -0.5000000000000000
0.0866471353484392 0.3951986423422471 -0.5000000000000000
0.0940156030157578 0.3934959757864601 -0.5000000000000000
-0.1575497870783894 -0.3288586274672455 0.5000000000000000
0.0957251782605983 0.1131021607172314 0.5000000000000000
0.0187071261315927 0.1241870914633460 0.5000000000000000
-0.0365282066401657 0.0244538800112473 0.5000000000000000
0.0973206052433661 0.0559078420028820 0.5000000000000000
-0.0741217653719077 -0.5000000000000000 -0.0605460267721595
0.2442080381581587 0.4852014195990499 0.5000000000000000
-0.5000000000000000 -0.0964424233558555 -0.4702378204551179
-0.4488375761940596 -0.0456464445469420 -0.5000000000000000
-0.3533428645762385 0.1451476878326969 -0.5000000000000000
-0.3996568184483253 0.1440195500530121 -0.5000000000000000
-0.3635664086225249 0.1204632278470249 -0.5000000000000000
-0.3722312100545783 0.1513938619594942 -0.5000000000000000
-0.1652714257185227 0.4747105855900186 -0.5000000000000000
-0.0892445480650757 0.5000000000000000 0.1755371521128199
-0.1798812359892685 0.5000000000000000 -0.2125342456862873
-0.2311553966401856 0.5000000000000000 0.1594609112809361
-0.0173968926273772 0.5000000000000000 -0.3754151174919919
0.4192973750552459 -0.1723135107443982 -0.5000000000000000
-0.5000000000000000 -0.2732312622048305 -0.4201223623741272
-0.5000000000000000 -0.3431964255245812 -0.3897881660893111
-0.0335656160187760 -0.4275611419318400 -0.5000000000000000
0.0709820083148859 -0.3644899527639988 -0.5000000000000000
0.0080247508614912 -0.3364157645261502 -0.5000000000000000
0.0036540624940725 -0.3629805718914210 -0.5000000000000000
-0.4682671681775494 0.4714895493557855 0.5000000000000000
-0.1785515956210223 -0.1772748021567627 0.5000000000000000
-0.1746307449854497 -0.2992874016171140 0.5000000000000000
-0.0754940562368309 -0.2098995910467190 0.5000000000000000
-0.1024376801665026 -0.2706688911583481 0.5000000000000000
-0.5000000000000000 -0.4515816295303321 -0.1773278327427300
-0.5000000000000000 -0.3833706877971652 -0.3581741148656474
0.4356192215015454 -0.3897859930796614 0.5000000000000000
0.4031178476769809 -0.5000000000000000 0.3819347917710947
0.1622551612406113 0.2307506897878655 0.5000000000000000
0.1214402783913879 0.1919389340603853 0.5000000000000000
0.0636217887031778 0.1953078659283704 0.5000000000000000
0.1234841988225191 0.2575815584907482 0.5000000000000000
0.1840321030539003 0.3088974372834506 0.5000000000000000
0.0626333862105878 0.3404213857034025 0.5000000000000000
0.2696436791696692 0.1741715507815622 0.5000000000000000
0.3891572064970643 -0.1164570106067113 0.5000000000000000
0.4573294045114041 -0.1502777721626565 0.5000000000000000
0.3449077454705180 -0.0982415787890655 0.5000000000000000
0.5000000000000000 -0.0144129842719809 0.4820730959215862
0.3720069317176319 -0.1216447098933616 0.5000000000000000
0.3664204604093004 -0.0897080559580136 0.5000000000000000
0.3765374812661053 -0.1156938044365215 0.5000000000000000
0.3502989699390145 -0.1190835691606703 0.5000000000000000
0.1598391554036688 -0.0322865130658294 0.5000000000000000
-0.0412729592475695 -0.0218989721860565 0.5000000000000000
0.1154700021316301 0.0175835067447158 0.5000000000000000
0.0393246605907983 0.5000000000000000 0.3653944546476268
0.0315508621811676 0.5000000000000000 0.0854636356491100
0.0000301809512169 0.5000000000000000 0.1579187161574555
-0.1015876437739059 0.5000000000000000 -0.0055294176445473
-0.0874032812355918 -0.2163491841483889 -0.5000000000000000
-0.0959679243101268 -0.1553669371190429 -0.5000000000000000
-0.3506504710933686 0.3816010648938920 -0.5000000000000000
-0.4561900641667493 0.5000000000000000 -0.4588213170950781
-0.2558973753112683 0.5000000000000000 0.1295660476882161
-0.4066994935041918 0.4201966393045274 -0.5000000000000000
-0.3814039126191750 0.4095518581418821 -0.5000000000000000
-0.3151721356174206 0.5000000000000000 -0.3263291577535033
0.1782183149898007 0.2859127859996744 -0.5000000000000000
-0.1901067977609519 -0.0022272990710928 0.5000000000000000
-0.3135562495999277 -0.1876798669114723 0.5000000000000000
-0.1623960376557557 -0.0374490956559336 0.5000000000000000
-0.2698024958109413 -0.1711453846585256 0.5000000000000000
-0.2670304784721093 -0.0810636410694553 0.5000000000000000
-0.2398358252581088 -0.1096310201115780 0.5000000000000000
-0.0198471615881104 0.3068049738421587 0.5000000000000000
-0.0327258439224973 0.3079933860639279 0.5000000000000000
-0.0098924379261978 0.2271057562267943 0.5000000000000000
-0.0501531506274379 0.2818625807745557 0.5000000000000000
0.4297410358201858 0.1057623742475991 -0.5000000000000000
0.3810359770530258 0.0899043531866046 -0.5000000000000000
0.2310604107869836 -0.1069419975260803 -0.5000000000000000
0.2468948940096000 -0.0447034760621149 -0.5000000000000000
-0.0322313237854811 -0.0532804826511736 -0.5000000000000000
-0.1127829181160436 -0.4937564671447189 -0.5000000000000000
-0.0780346724735267 -0.5000000000000000 -0.4123299388915904
-0.0867289061144891 -0.5000000000000000 -0.2745028134378244
-0.3177662716438593 -0.4257843527621830 0.5000000000000000
-0.1470174688914371 -0.4795714447350148 0.5000000000000000
-0.3323934575772546 -0.5000000000000000 0.2465632172783626
-0.2348752187677626 -0.5000000000000000 0.2517873149498578
-0.4202679606821614 -0.5000000000000000 0.3123992311120838
-0.3417670233734994 -0.5000000000000000 0.0294922618904034
-0.2225427874053001 -0.3737495443394568 0.5000000000000000
-0.4824606169765325 -0.5000000000000000 -0.3325488533279828
0.1355271482102020 0.2380103635920859 -0.5000000000000000
0.1586585015644498 0.2593074393910841 -0.5000000000000000
0.1181137820111741 0.1139161296398291 0.5000000000000000
0.1738311578888966 0.1338668026152390 0.5000000000000000
-0.4712722602847919 0.5000000000000000 -0.3174098164780985
-0.5000000000000000 0.3888058376009896 -0.0767556634857271
-0.4892833464371627 0.5000000000000000 -0.1626492471531200
-0.4374928119662125 0.5000000000000000 0.0274686975877371
-0.4890961031655975 0.5000000000000000 -0.0371513019000369
-0.4056869557489939 0.5000000000000000 0.3356153736504414
-0.4502692564091023 0.5000000000000000 0.1119054279615953
-0.5000000000000000 0.4212538570827323 -0.0132195282650584
0.0933581681767312 -0.2675254580057425 -0.5000000000000000
0.0966123160340201 -0.1676116985986436 -0.5000000000000000
0.2564471424182811 -0.0064065724613529 -0.5000000000000000
0.3552813737895771 0.0698227251621708 -0.5000000000000000
-0.4383657366870811 -0.4269574816645990 0.4874894626353015
0.4561033322279818 0.2278106732907588 0.5000000000000000
0.5000000000000000 0.1186047941345331 0.3028373988293084
0.3798350830482337 0.1902613528835280 0.5000000000000000
0.4751366681809627 0.2020607617974485 0.5000000000000000
0.4266755639927079 0.1726312999442668 0.5000000000000000
0.5000000000000000 0.0871705713998207 0.2653514969081213
0.5000000000000000 -0.0040073290531576 0.4435117542698425
0.5000000000000000 0.0206268462463823 0.0788864358002954
-0.5000000000000000 -0.0182484281819101 -0.4894956595259000
-0.5000000000000000 -0.1177231762589155 -0.3259696342030510
-0.5000000000000000 -0.0013992892621625 -0.4497923878374188
-0.5000000000000000 0.4420554240021465 0.3720409093188393
-0.4939150257999729 0.3710126678195615 -0.1985635649716071
0.4983314694326558 0.2776353516990372 0.5000000000000000
0.3705981340014649 -0.3923409496388874 0.5000000000000000
0.2275368402755239 -0.4060179094913058 0.5000000000000000
0.3929737244819318 -0.5000000000000000 0.4090406269623637
0.1883709508095346 -0.4859448568405326 0.5000000000000000
0.2627993041957137 -0.4138891670452625 0.5000000000000000
0.4882324866096600 -0.5000000000000000 0.1555885604520734
0.4697769093006616 -0.5000000000000000 0.1333561589851302
-0.5000000000000000 -0.4877501221196991 -0.1661005077436278
-0.4903507724759330 -0.5000000000000000 -0.2839313976964055
0.1288354469443027 0.0638325621085329 -0.5000000000000000
0.2342624582858386 0.0005555023172950 -0.5000000000000000
-0.0947500507826877 -0.2118588717984687 -0.5000000000000000
-0.1122908222601372 -0.1507988358094307 -0.5000000000000000
-0.1448975724075752 -0.4421756246462730 0.5000000000000000
-0.1996019506582676 -0.3342013842516354 0.5000000000000000
-0.0727608734479639 -0.3184833710271526 0.5000000000000000
0.4854744980572985 -0.1342779836696072 0.5000000000000000
-0.0348795295766179 -0.2151280473280607 0.5000000000000000
-0.0707817081231891 -0.0596470170684332 0.5000000000000000
0.4974145891152077 0.2774499197207714 0.3367168205670298
0.4130642961600015 0.5000000000000000 -0.2865260444900450
0.5000000000000000 0.3298901106300931 0.3296466600338965
0.2664458360713514 0.4099589443414162 -0.5000000000000000
0.5000000000000000 -0.1614154847777415 0.4515063810915004
0.4134234050352241 0.5000000000000000 -0.2942934875291744
0.3658586324152068 0.3871923811709235 -0.5000000000000000
0.3681108447030380 0.4320049701452805 -0.5000000000000000
0.4591605446362205 0.3353713979372419 -0.5000000000000000
0.3993636402836648 0.3153650732856034 -0.5000000000000000
0.3235192050281355 0.3841488295476696 -0.5000000000000000
-0.4982195669455599 0.0053772016854136 -0.5000000000000000
-0.5000000000000000 0.0144527765707310 -0.4575138574877844
-0.4362532570822868 0.0606268119128218 -0.5000000000000000
-0.0660326468702393 -0.0415532694619490 -0.5000000000000000
0.2496473161688508 -0.0081051085243058 -0.5000000000000000
0.0420332805358235 -0.5000000000000000 0.0485392487941174
-0.0222468753863906 -0.5000000000000000 -0.0046032014421049
-0.1814970280173477 0.0131862897828556 0.5000000000000000
-0.1725938890793612 0.0077029503243789 0.5000000000000000
-0.3863561155138939 0.5000000000000000 0.1194454409463704
-0.3470395815130672 0.3390120876269444 -0.5000000000000000
0.0134511206967196 0.1764535313411735 -0.5000000000000000
-0.1310559944625183 -0.4057597589651242 -0.5000000000000000
-0.0860797746270043 -0.4462697864893116 -0.5000000000000000
-0.0853765556891032 -0.2405357016322426 -0.5000000000000000
-0.0594162587896243 -0.3490376533597051 -0.5000000000000000
-0.0684714072675391 -0.3805538815407129 -0.5000000000000000
-0.0377773647443776 -0.3961737243165895 0.5000000000000000
-0.4029617937061854 -0.2849251233722329 -0.5000000000000000
-0.4391358837009251 -0.2875697799209275 -0.5000000000000000
-0.4446006464161846 -0.2886977752447840 -0.5000000000000000
0.0513185611738553 -0.1869369997584251 0.5000000000000000
-0.4536794149979061 -0.4343655137139664 0.5000000000000000
-0.4495968699079084 -0.5000000000000000 0.4808705614585576
-0.5000000000000000 -0.4421486873168863 0.3173771193838454
-0.4405760546411318 -0.5000000000000000 0.3602489120557275
-0.5000000000000000 -0.4755922748169292 0.4011358860207883
-0.5000000000000000 -0.4051381158815843 0.2272100255928919
-0.4405427702027618 -0.4058210369204191 0.5000000000000000
-0.3273497886212216 -0.2822749894316253 -0.5000000000000000
-0.3606631866569075 -0.2794037654199107 -0.5000000000000000
-0.3314013991596403 -0.2389238716395169 -0.5000000000000000
-0.3071087217913024 -0.2846888643359398 -0.5000000000000000
-0.3399091571710252 -0.3046465338772659 -0.5000000000000000
-0.3888099745083052 -0.3394466064349070 -0.5000000000000000
0.5000000000000000 0.1284370290086776 -0.3815844896647734
0.1780724595226908 -0.0431341134749658 0.5000000000000000
0.1763131987853651 0.0028797982017402 0.5000000000000000
0.2568942837386530 0.0565569820324010 0.5000000000000000
-0.4042399999088532 0.4241777596914207 0.5000000000000000
-0.4286487811050165 0.4254042012198803 0.5000000000000000
-0.3627913651122188 0.3387855757320815 -0.5000000000000000
-0.5000000000000000 0.0460031101075595 -0.4889344186570361
-0.4776745218586643 -0.0079361626920507 -0.5000000000000000
-0.4767652125309250 0.0094170177171930 -0.5000000000000000
-0.5000000000000000 -0.1962505764408630 0.3053118079357660
-0.4402022052419466 0.5000000000000000 -0.2291534493094999
-0.4435116270200573 0.5000000000000000 -0.0716562510791912
-0.3912888483135746 0.5000000000000000 0.0980960995614888
-0.3854086128462562 0.5000000000000000 0.3332892387333389
-0.2743832918449071 0.5000000000000000 0.1763155685499233
-0.4001586930050202 0.5000000000000000 0.1627784524924175
-0.3368775059858517 0.5000000000000000 -0.0988951199461914
-0.0159863078672894 -0.2269909534163414 0.5000000000000000
-0.0478739390015801 -0.2508708593160540 0.5000000000000000
0.1506199557790833 -0.5000000000000000 -0.0802217265402585
-0.0687528636652360 -0.5000000000000000 -0.4930566648749898
0.0705983701111237 -0.5000000000000000 -0.1474870488085538
-0.3063478858908646 -0.0142892584145320 -0.5000000000000000
-0.3577465400996307 -0.0199859289331254 -0.5000000000000000
-0.3377703191936476 -0.0041300751947162 -0.5000000000000000
-0.3307133527255701 -0.0162499242197661 -0.5000000000000000
-0.3281406894488343 -0.0376360347562130 -0.5000000000000000
0.0807251188877774 0.2399580767668191 -0.5000000000000000
0.1086988579309865 0.2476236651128927 -0.5000000000000000
0.1280968126769818 0.2626898398861367 -0.5000000000000000
-0.0195544280691507 0.1377036685113392 0.5000000000000000
-0.1071648999347098 0.1004789920584082 0.5000000000000000
-0.5000000000000000 0.4487339527323189 0.4423515049917351
-0.4851554356642502 0.5000000000000000 -0.4255761738895846
-0.1328325090788371 -0.4945640071968353 0.0152838076818346
-0.2576374966563718 -0.5000000000000000 -0.1973686265733676
0.5000000000000000 -0.4123350154453713 0.3594317517937163
0.4466766647435411 -0.3903084302087537 0.5000000000000000
0.5000000000000000 -0.3629715319655348 0.2735595906492724
-0.5000000000000000 0.4430005784272317 0.3878688550315715
-0.5000000000000000 0.4596465020963182 0.3682331640235761
-0.4174159509491235 0.5000000000000000 0.4410337045765333
-0.4841724447203836 0.5000000000000000 0.4622408823568107
-0.5000000000000000 0.4307611120538259 0.3149839305737477
-0.4401343117552700 -0.4051463557277482 -0.5000000000000000
-0.4645585571822012 -0.4994230669737884 -0.5000000000000000
-0.4693628103698186 -0.5000000000000000 -0.3296692802804297
-0.1650888803275859 0.4913668459751638 -0.5000000000000000
0.5000000000000000 -0.3316897212048918 -0.0629083666595489
0.1949675176903119 -0.5000000000000000 -0.0699828288681228
0.2588010479254567 -0.5000000000000000 0.0677916808340880
0.1130546816999067 -0.3021887551424512 -0.5000000000000000
0.1440603061994344 -0.3855936395233535 -0.5000000000000000
0.5000000000000000 0.2742247998898971 0.3641915964778759
-0.5000000000000000 0.3775949361595586 -0.1411874905389618
-0.5000000000000000 0.3803257227602367 -0.0784193279466016
0.1415222538978935 -0.3869862470430074 0.5000000000000000
0.0346528647115521 -0.3331606222594630 0.5000000000000000
0.1437951625515497 -0.3285873097082338 0.5000000000000000
0.0457125508353448 -0.3094198040569183 0.5000000000000000
0.5000000000000000 0.1041536983033836 0.2850081564274544
0.5000000000000000 0.1071904026499021 0.2789612304528003
0.5000000000000000 0.1109385877516769 0.2570367983747591
0.5000000000000000 0.1073397134783548 0.1936356025630030
0.4020820380692212 0.5000000000000000 -0.2025018536923966
0.2268629112000821 0.5000000000000000 -0.1257378248816539
0.3478151050589095 0.5000000000000000 0.1678569831913780
0.3982271728476579 0.5000000000000000 0.1963281381986386
0.2607383047041251 0.4264080753323084 -0.5000000000000000
-0.5000000000000000 -0.4685981679127501 -0.1229714774186807
-0.3736485223271864 -0.0363273256433039 0.4874250049059276
-0.4318799426295697 0.0085157895904836 0.5000000000000000
-0.5000000000000000 0.4130112815457623 -0.2270824690456630
-0.3238561787961567 -0.4021448108726378 -0.5000000000000000
-0.4267042165426693 -0.4339249373969671 -0.5000000000000000
0.1629714849782605 0.5000000000000000 -0.2903046165613045
0.2249941560512269 0.4179437388322753 -0.5000000000000000
-0.0049287061320132 0.5000000000000000 -0.3841504276847880
0.5000000000000000 -0.2706204435931755 -0.0647795649444223
0.5000000000000000 -0.2989534904287711 -0.0631984631496388
0.5000000000000000 -0.4507692722709294 -0.1410696670511992
0.5000000000000000 -0.3162706719662746 0.0786873735479427
0.5000000000000000 0.4691482943735745 0.4977618506377400
0.0127761676145083 0.1776085113738065 -0.5000000000000000
-0.3359493646425943 -0.3017450352585518 0.5000000000000000
0.0139884365736994 0.1780809496771665 -0.5000000000000000
0.0137812102405628 0.1768066424811254 -0.5000000000000000
0.0122335596003750 0.1775502524729319 -0.5000000000000000
-0.0759662900352987 -0.5000000000000000 -0.1487610719575986
-0.5000000000000000 -0.4678192197238907 -0.1899821812110604
-0.5000000000000000 -0.4125019211389334 -0.4280922408605641
-0.5000000000000000 -0.4678377283733602 -0.3348096952249516
0.3060123650338260 0.1670869313101230 0.5000000000000000
-0.5000000000000000 0.0419447046279310 -0.4544379079200401
-0.4704538244905742 0.1373337820133322 -0.5000000000000000
-0.5000000000000000 0.1275161207696867 -0.4059957264707933
-0.5000000000000000 0.1118889940715784 -0.4386830383272499
0.5000000000000000 -0.0194196496674249 0.4439930484625110
-0.3666012189257725 -0.0722667970555602 0.5000000000000000
-0.3308583293518668 -0.2841174272095789 0.5000000000000000
0.1236922832828672 -0.1594755873750878 -0.5000000000000000
0.5000000000000000 0.3393464401485540 0.4228765160914696
0.5000000000000000 0.3672598947593494 0.3887310955769631
-0.0282547259350097 -0.3274338048325972 0.5000000000000000
0.0066461750467291 -0.3003103201290447 0.5000000000000000
-0.2560444723559654 -0.0517021068298158 -0.5000000000000000
0.1249754492962065 0.0130635261838810 0.5000000000000000
0.2121345957155221 -0.1350415304657242 0.5000000000000000
-0.1653047892624144 -0.4593929288043687 -0.5000000000000000
-0.1884662303208641 -0.4630577740526413 -0.5000000000000000
-0.2227352203632884 -0.4212144808063790 -0.5000000000000000
-0.1086614900020473 -0.2077004564216297 -0.5000000000000000
-0.1025849775449513 -0.2244680693302446 -0.5000000000000000
-0.0870924515681109 -0.2029937847390326 -0.5000000000000000
0.3348567508939520 0.3646809306337251 0.4940568727430994
-0.5000000000000000 0.0116319422246011 -0.4641961720105310
-0.4107588649606328 -0.0041976942766375 -0.5000000000000000
-0.4047864138852951 -0.0225467637166884 -0.5000000000000000
-0.1204765449036030 0.5000000000000000 -0.0766220693284892
-0.5000000000000000 -0.4747587134960685 -0.0944043692959963
-0.4505584373343868 -0.4132337264438910 -0.5000000000000000
-0.1022204364659735 0.3843966682460688 0.5000000000000000
0.0489268114518542 -0.4386303383499849 0.5000000000000000
-0.0267113908372780 -0.3314124945173139 0.5000000000000000
0.0072802050909794 -0.3032572211935457 0.5000000000000000
-0.3281364980261844 -0.4660999724536692 -0.5000000000000000
-0.3677147067897134 0.0641921298026461 -0.5000000000000000
-0.3528493099124098 0.0416128992387375 -0.5000000000000000
-0.1353668091638675 0.0138230153904531 0.5000000000000000
-0.1472234373966718 0.0749475082865134 0.5000000000000000
-0.4626513373665559 -0.5000000000000000 0.0889089406689768
-0.1339321258151764 -0.1610855595669782 -0.5000000000000000
-0.2023828356218499 -0.1883839040817562 -0.5000000000000000
-0.2250799605188746 -0.1615457150381011 -0.5000000000000000
-0.1936854692543725 -0.1699696429950065 -0.5000000000000000
0.4410683557810278 -0.3938804906645422 0.5000000000000000
0.2633607060147949 -0.0080085704597968 -0.5000000000000000
0.4259698849657281 0.0682444779162413 -0.5000000000000000
0.3804981728792688 0.0471965995717012 -0.5000000000000000
0.2083970148822852 0.4787453251117129 0.5000000000000000
-0.1552334902853743 0.0656528631900698 -0.5000000000000000
0.1231485170141719 0.0429966466705138 0.5000000000000000
0.3263705495197420 0.1229627548037907 -0.5000000000000000
0.2114263215168649 0.5000000000000000 0.4698424181812195
-0.0897531692303924 0.5000000000000000 0.1971315020602410
-0.2294030096236741 0.5000000000000000 0.2043420106274291
-0.1195961932493721 0.3276816464108062 0.5000000000000000
0.1251526693670294 -0.2604110812031431 -0.5000000000000000
-0.0114423974815851 -0.5000000000000000 -0.1095097827942720
-0.5000000000000000 -0.3970461839083983 -0.4229172333450610
0.2171595298454282 0.3816409733818303 0.5000000000000000
0.0609697760499410 0.3444237410685497 0.5000000000000000
0.2970499778226350 0.1267164472335383 0.5000000000000000
-0.4314452346641399 0.1495356861721401 0.5000000000000000
0.2695231267971769 0.4752705199480040 0.5000000000000000
0.4139591486875628 0.4687109965469959 0.5000000000000000
-0.0194129563959348 0.1559284802722656 0.5000000000000000
-0.0735719723606775 0.5000000000000000 0.2123159432604794
-0.0824423307679465 0.5000000000000000 0.1943309806066286
-0.0768462644653941 0.5000000000000000 0.1812094992025946
-0.0952638327810537 0.5000000000000000 0.1342892415647544
-0.0178827139757264 0.1133222559265927 0.5000000000000000
-0.0941371985269456 -0.1328296618898927 -0.5000000000000000
0.1579240868644201 0.5000000000000000 -0.2559637771516631
-0.0938025839774105 -0.0062254920534493 0.5000000000000000
-0.3792754582616613 0.3740468008433324 -0.5000000000000000
-0.5000000000000000 -0.4571075026564111 -0.1107350231585021
-0.5000000000000000 -0.4084264757556162 -0.1828613738152117
-0.2690965498416091 -0.1789436572181128 -0.5000000000000000
-0.2201587066077587 -0.2397988483168606 -0.5000000000000000
0.0726861981182936 -0.2200435288032956 0.5000000000000000
0.0134637287722983 -0.2750815543532908 0.5000000000000000
-0.3238185165276195 -0.2923148523619220 0.5000000000000000
-0.3757450610178929 -0.5000000000000000 -0.3349666399607832
-0.4346524886519807 -0.5000000000000000 -0.3805105330654748
-0.1909313469828759 0.5000000000000000 -0.2307512438475779
-0.2446324701805586 0.5000000000000000 0.1302069401013209
-0.2843778420619600 0.5000000000000000 -0.2987958448215262
-0.0980588200141990 0.0076138910475633 -0.5000000000000000
-0.2973381990833894 -0.1463806789564156 -0.5000000000000000
0.0950044399082239 0.5000000000000000 0.3577013616123306
0.0623750272124931 0.3518385769118708 0.5000000000000000
-0.4464147397924536 -0.5000000000000000 -0.1286336487789224
-0.4650288309313910 -0.5000000000000000 -0.1229961635078418
-0.5000000000000000 -0.4829822978888165 -0.1624998759914094
-0.4963201681189351 -0.5000000000000000 -0.1541206796471455
0.1144683015696851 0.5000000000000000 0.0608975321130813
-0.0014684452323035 0.5000000000000000 -0.3541843238635567
-0.5000000000000000 -0.1908870552852511 0.3345108191072831
-0.3321479609320432 -0.5000000000000000 -0.0926470212757232
-0.3295516590177998 -0.5000000000000000 -0.1120067701016307
-0.3951614891529723 -0.5000000000000000 -0.2035220437237023
-0.4498439430612198 -0.5000000000000000 -0.2479141877327844
0.2483447130827910 -0.0067048788960032 -0.5000000000000000
0.4083844858222982 -0.5000000000000000 0.3786815642176984
0.2134526925098292 0.0982288596364503 -0.5000000000000000
0.5000000000000000 -0.0045111992271407 0.1035292818483208
0.5000000000000000 0.0449002491273187 0.0807724403051143
0.5000000000000000 0.0465076559199088 0.0371154658736123
0.5000000000000000 0.0487085871098205 -0.0537664396271317
0.5000000000000000 0.0288465920341689 0.0311012426837521
0.4236345843856312 -0.5000000000000000 0.2396845458815827
0.5000000000000000 -0.1923713453712372 0.3219649173414888
-0.4597799513431569 -0.5000000000000000 -0.2539089719212390
0.2295943548893802 0.4269051602611844 0.5000000000000000
0.1777012359846694 0.5000000000000000 0.3550501441507264
0.2127589079159540 0.4916604632379640 0.5000000000000000
0.0599880905895828 0.3447610985746771 0.5000000000000000
-0.1053880851073820 0.0660383878606540 0.5000000000000000
0.2481307299946552 0.0109447241243863 -0.5000000000000000
-0.4683734897198421 -0.4915420435884104 -0.2812610738500986
0.4712423553523820 0.0515590800618408 -0.5000000000000000
0.4556212658738595 0.0416443320501595 -0.5000000000000000
0.4868433102753215 0.5000000000000000 0.2513505502779641
0.1848450053181853 0.0744112242354395 0.5000000000000000
0.0518979222160650 0.5000000000000000 0.0738901795208780
-0.4996153994558656 0.1046930682373898 0.3305902458598427
0.3446700688867980 0.0396484570410236 0.5000000000000000
-0.5000000000000000 -0.4957712760236038 -0.2802928718027445
-0.1084553010101863 0.5000000000000000 -0.1093092448975305
-0.3517420556881684 -0.2906351399808546 0.5000000000000000
-0.1661586943330818 0.5000000000000000 -0.1763432407728560
-0.0336419699025820 -0.3103636487792408 0.5000000000000000
0.2686018489498750 0.0884382020660200 -0.5000000000000000
-0.1992272436489138 0.5000000000000000 0.0916832222753495
0.2283425485790080 -0.1745153349397360 0.5000000000000000
0.2736608959647794 -0.4158974800693170 -0.4995817262710483
0.0026926267639355 -0.2892657807856410 0.5000000000000000
0.2360168413733493 0.3812598448706758 -0.5000000000000000
-0.1053344451412925 0.5000000000000000 -0.1121325896032363
-0.1353060102417047 0.5000000000000000 -0.0990766769857742
0.5000000000000000 0.0819503099344213 -0.2835086192163738
-0.0323239985401043 0.5000000000000000 -0.3324343023402702
195 166
196 150
0 10
0 25
0 26
0 44
0 58
0 68
0 82
0 93
0 96
0 197
0 126
0 130
0 156
0 175
0 198
0 179
0 183
199 34
200 101
201 102
202 991
203 127
204 143
1 17
1 29
1 30
1 49
1 53
1 60
1 70
1 78
1 84
1 91
1 105
1 109
1 113
1 205
1 128
1 179
206 4
207 20
208 41
209 66
2 37
2 54
2 210
2 103
2 125
2 134
2 152
211 35
212 123
213 124
214 142
215 152
216 184
217 63
3 218
3 28
3 44
3 45
3 60
3 68
3 70
3 82
3 219
3 114
3 179
3 220
4 7
4 221
4 222
4 223
4 41
4 66
4 69
4 224
4 86
4 225
4 1108
4 226
5 227
5 20
5 228
5 35
5 38
5 229
5 41
5 230
5 231
5 67
5 232
5 86
5 233
5 234
5 125
5 135
5 235
5 1108
5 1254
236 72
237 957
6 238
6 24
6 28
6 239
6 44
6 79
6 81
6 111
6 120
6 165
6 240
6 241
6 181
6 242
6 243
244 55
245 99
246 193
247 129
248 136
249 137
250 190
251 78
252 105
253 15
254 52
255 1264
7 20
7 256
7 41
7 257
7 66
7 67
7 69
7 86
7 94
7 103
7 107
7 1108
7 258
259 92
260 127
261 143
262 173
263 177
8 10
8 264
8 16
8 265
8 266
8 26
8 267
8 62
8 268
8 269
8 96
8 270
8 104
8 126
8 163
8 170
8 271
8 183
8 192
9 272
9 22
9 273
9 59
9 80
9 87
9 274
9 144
9 275
9 158
9 168
9 276
277 15
278 177
279 185
10 280
10 24
10 25
10 551
10 44
10 281
10 93
10 96
10 126
10 165
10 170
10 183
10 192
282 86
11 283
11 39
11 51
11 57
11 73
11 80
11 284
11 285
11 97
11 286
11 131
11 144
11 287
11 175
11 178
288 17
290 105
291 167
292 53
293 95
12 42
12 57
12 73
12 294
12 295
12 296
12 101
12 297
12 115
12 119
12 121
12 154
12 178
12 180
12 298
12 188
299 24
300 93
301 170
302 185
303 192
13 14
13 304
13 305
13 36
13 306
13 307
13 308
13 309
13 310
13 94
13 106
13 122
13 149
13 161
13 174
311 30
312 53
313 113
314 35
315 112
316 184
317 64
14 318
14 319
14 320
14 72
14 321
14 89
14 322
14 106
14 957
14 122
14 323
14 149
14 324
14 159
14 161
14 325
14 326
14 174
14 1248
15 327
15 328
15 329
15 330
15 49
15 52
15 331
15 78
15 113
15 332
15 333
15 334
15 335
15 336
15 187
15 1264
337 42
338 104
339 154
340 163
341 188
342 106
343 174
344 1248
16 19
16 26
16 43
16 51
16 62
16 97
16 104
16 121
16 345
16 130
16 138
16 146
16 156
16 163
16 175
16 183
16 186
17 289
17 26
17 755
17 78
17 84
17 346
17 91
17 347
17 105
17 348
17 349
17 350
17 351
17 167
17 190
17 352
353 172
354 166
355 28
356 33
357 44
358 111
359 165
289 60
289 755
289 78
289 91
289 105
289 113
289 148
360 52
361 81
362 120
363 164
364 187
365 1264
366 80
367 39
368 57
369 80
370 144
371 26
372 126
18 27
18 373
18 64
18 88
18 89
18 99
18 105
18 117
18 128
18 161
18 167
18 171
18 194
374 20
375 35
376 78
377 105
378 109
379 185
19 21
19 380
19 43
19 46
19 381
19 62
19 75
19 76
19 382
19 383
19 137
19 146
19 151
19 384
19 186
19 190
19 385
20 35
20 41
20 386
20 66
20 67
20 103
20 387
20 124
20 125
20 388
20 389
20 390
20 1254
391 74
21 23
21 392
21 40
21 48
21 393
21 59
21 394
21 77
21 395
21 396
21 397
21 119
21 121
21 398
21 144
21 151
21 160
21 168
21 732
21 176
21 178
21 399
21 186
21 400
401 45
402 70
403 95
404 114
405 41
22 406
22 407
22 408
22 409
22 410
22 87
22 140
22 411
22 158
22 168
22 412
413 26
414 62
415 104
416 112
417 63
23 418
23 37
23 38
23 40
23 50
23 56
23 59
23 77
23 87
23 110
23 125
23 140
23 145
23 419
23 151
23 420
23 421
23 422
423 77
424 160
425 732
426 176
427 189
24 25
24 428
24 551
24 44
24 429
24 63
24 430
24 431
24 93
24 432
24 120
24 433
24 165
24 434
24 435
24 181
25 44
25 58
25 82
25 93
25 165
436 174
437 1248
26 62
26 68
26 755
26 84
26 438
26 439
26 91
26 126
26 440
26 441
26 156
26 179
26 183
26 190
442 47
443 48
444 155
445 70
446 83
447 130
27 55
27 67
27 69
27 86
27 88
27 89
27 99
27 107
27 117
27 122
27 128
27 149
27 161
27 182
448 61
449 141
28 44
28 45
28 450
28 451
28 79
28 82
28 452
28 111
28 453
28 454
28 165
28 455
28 456
28 181
28 457
458 143
459 177
460 185
461 69
462 1108
29 30
29 53
29 463
29 60
29 64
29 70
29 84
29 109
29 114
29 128
29 133
29 464
29 141
29 153
29 465
29 182
29 466
30 45
30 52
30 53
30 60
30 467
30 79
30 95
30 113
30 114
30 468
30 469
30 470
30 181
31 471
31 42
31 472
31 473
31 96
31 102
31 118
31 474
31 143
31 475
31 173
31 177
31 476
31 185
31 192
477 36
478 94
479 63
32 480
32 47
32 481
32 482
32 71
32 85
32 483
32 484
32 485
32 123
32 142
32 150
32 152
32 970
32 486
32 487
32 488
489 36
490 106
491 132
492 49
493 78
494 109
495 113
496 141
497 90
33 498
33 499
33 500
33 111
33 501
33 502
33 503
33 164
33 504
505 126
506 170
34 507
34 508
34 509
34 510
34 511
34 512
34 102
34 513
34 514
34 515
34 516
34 517
34 518
34 519
34 520
34 521
34 522
523 63
524 120
525 1264
526 111
527 102
528 185
35 529
35 38
35 530
35 531
35 56
35 532
35 123
35 124
35 125
35 142
35 533
35 534
35 535
35 152
35 184
35 1254
36 536
36 537
36 67
36 538
36 94
36 106
36 539
36 107
36 132
36 139
36 149
36 157
36 540
541 38
542 50
543 56
544 87
545 140
546 142
37 38
37 40
37 46
37 547
37 548
37 56
37 65
37 67
37 75
37 549
37 110
37 123
37 125
37 134
37 135
37 145
37 151
37 152
37 169
550 82
38 552
38 553
38 56
38 554
38 555
38 110
38 125
38 135
38 556
38 145
38 557
38 558
38 559
560 74
561 83
562 100
563 153
564 66
565 69
566 72
567 94
568 107
569 122
570 149
571 115
572 172
573 132
574 157
575 94
576 174
577 957
39 578
39 57
39 92
39 579
39 97
39 991
39 118
39 580
39 127
39 131
39 1152
39 147
39 175
39 180
581 159
582 57
583 115
584 1152
585 166
586 172
587 57
588 115
589 160
590 80
591 144
592 158
593 166
594 1254
40 48
40 595
40 596
40 56
40 75
40 77
40 85
40 597
40 598
40 123
40 150
40 151
40 155
41 66
41 67
41 86
41 599
41 1108
41 1254
600 61
601 105
602 167
603 171
604 194
605 105
606 106
607 75
608 137
609 90
610 112
611 58
612 92
613 147
614 175
42 615
42 616
42 617
42 96
42 101
42 102
42 118
42 618
42 143
42 154
42 619
42 163
42 620
42 180
42 621
42 188
42 192
622 165
43 51
43 62
43 74
43 76
43 80
43 121
43 138
43 145
43 146
43 151
43 178
43 186
623 159
624 1248
551 44
551 625
551 63
551 626
551 755
551 627
551 628
551 629
551 120
551 126
551 630
551 148
551 181
44 45
44 60
44 68
44 79
44 82
44 126
44 148
44 165
44 181
45 60
45 631
45 79
45 95
45 632
45 114
45 633
45 181
634 101
635 102
46 65
46 67
46 75
46 76
46 110
46 129
46 134
46 137
46 151
46 169
47 48
47 71
47 85
47 90
47 636
47 108
47 637
47 638
47 639
47 155
47 640
47 641
48 642
48 77
48 85
48 643
48 644
48 645
48 646
48 155
48 647
648 101
649 115
650 172
49 60
49 78
49 105
49 109
49 113
49 651
652 177
653 190
654 50
655 108
656 140
657 63
658 120
659 148
660 181
661 187
662 82
663 165
50 56
50 664
50 71
50 77
50 85
50 108
50 140
50 142
50 155
50 665
50 666
50 184
667 89
668 99
669 957
670 122
671 193
51 73
51 74
51 80
51 672
51 97
51 121
51 131
51 138
51 146
51 163
51 673
51 175
51 178
52 79
52 81
52 113
52 674
52 675
52 676
52 164
52 677
52 187
52 1264
53 678
53 95
53 679
53 109
53 113
53 114
53 680
53 681
53 682
53 683
53 684
685 141
686 70
687 83
688 100
689 130
690 153
691 75
692 123
693 150
694 152
54 695
54 103
54 696
54 124
54 125
54 134
54 697
54 698
54 152
699 123
700 124
701 150
702 152
703 970
704 1152
705 172
706 124
707 152
708 57
709 115
710 160
711 166
712 732
55 69
55 713
55 86
55 99
55 107
55 122
55 714
55 715
55 716
55 182
55 193
717 66
718 94
719 103
720 124
721 64
722 89
723 1072
724 161
725 171
726 174
727 194
728 165
729 111
730 120
731 164
733 189
734 150
735 75
736 151
56 71
56 77
56 85
56 123
56 125
56 140
56 142
56 150
56 155
57 73
57 97
57 101
57 115
57 119
57 1152
57 144
57 737
57 738
57 160
57 166
57 739
57 172
57 180
58 82
58 93
58 96
58 740
58 741
58 147
58 165
58 175
58 742
743 61
744 64
745 109
746 133
747 141
748 1072
749 106
750 157
751 95
752 69
753 72
754 107
59 77
59 80
59 87
59 140
59 144
59 145
59 756
59 151
59 168
59 178
59 186
60 68
60 70
60 78
60 91
60 113
60 114
60 757
60 148
60 179
60 181
758 75
759 129
760 134
761 137
61 762
61 763
61 764
61 105
61 765
61 766
61 128
61 767
61 133
61 141
61 1072
61 171
61 768
61 194
769 119
770 160
771 732
772 158
773 166
774 101
775 102
776 143
777 177
778 185
62 76
62 83
62 779
62 780
62 104
62 781
62 137
62 138
62 146
62 156
62 782
62 183
62 190
62 783
63 784
63 785
63 786
63 787
63 120
63 788
63 789
63 790
63 791
63 792
63 793
63 1264
64 794
64 795
64 796
64 89
64 99
64 797
64 798
64 799
64 800
64 128
64 133
64 801
64 1072
64 802
64 803
64 804
64 194
805 159
806 174
807 1248
808 95
65 67
65 76
65 98
65 129
65 134
65 137
65 139
65 169
65 190
65 191
809 193
66 67
66 810
66 94
66 103
66 811
66 125
66 812
67 86
67 88
67 100
67 103
67 107
67 117
67 125
67 132
67 134
67 135
67 139
67 149
67 169
67 182
67 191
68 755
68 82
68 91
68 126
68 148
68 179
68 181
69 72
69 86
69 107
69 122
69 813
69 149
69 1108
69 814
69 193
815 158
816 166
817 94
818 90
819 108
820 112
821 142
822 184
70 82
70 84
70 823
70 824
70 825
70 114
70 130
70 153
70 179
70 826
70 827
70 828
71 85
71 90
71 108
71 829
71 830
71 142
71 150
71 970
71 184
831 78
832 755
833 113
834 148
835 181
836 187
755 837
755 91
755 126
755 148
838 90
839 112
840 184
72 89
72 957
72 122
72 841
72 842
72 843
72 844
72 845
72 193
73 80
73 97
73 118
73 119
73 121
73 144
73 154
73 160
73 163
73 178
73 180
73 188
846 102
847 119
848 121
849 154
850 99
74 76
74 80
74 83
74 851
74 110
74 138
74 145
74 852
74 853
74 169
74 854
855 141
856 166
857 94
858 132
75 859
75 134
75 137
75 151
860 124
861 134
862 152
76 83
76 110
76 137
76 138
76 145
76 146
76 151
76 169
76 190
77 863
77 140
77 864
77 151
77 155
77 168
77 176
77 865
77 866
77 867
77 189
868 120
869 106
870 174
78 91
78 105
78 109
78 113
78 871
78 872
78 873
78 874
875 112
876 86
877 99
878 100
879 182
880 159
881 174
79 81
79 111
79 113
79 882
79 883
79 164
79 181
79 187
80 884
80 87
80 885
80 131
80 144
80 145
80 886
80 887
80 151
80 888
80 178
80 889
81 111
81 120
81 164
81 181
81 187
890 175
82 891
82 892
82 893
82 894
82 130
82 165
82 895
82 896
82 179
82 897
82 898
83 100
83 899
83 130
83 138
83 146
83 900
83 153
83 156
83 169
83 901
83 190
83 191
902 158
903 732
904 176
905 189
84 88
84 91
84 98
84 100
84 105
84 116
84 117
84 128
84 906
84 136
84 907
84 153
84 156
84 167
84 179
84 182
84 190
84 191
85 90
85 908
85 108
85 909
85 150
85 155
85 910
85 911
85 912
85 913
914 188
86 100
86 915
86 107
86 916
86 135
86 917
86 918
86 1108
86 919
86 169
86 920
86 182
87 921
87 922
87 140
87 923
87 168
87 924
925 185
926 192
927 126
928 170
929 190
88 116
88 117
88 139
88 149
88 157
88 161
88 167
88 171
88 191
930 105
931 109
932 141
89 933
89 99
89 934
89 935
89 957
89 936
89 122
89 937
89 161
89 938
89 939
89 193
940 1248
941 154
942 188
943 138
944 175
90 108
90 945
90 112
90 946
90 947
90 948
90 949
90 950
90 970
90 951
90 184
90 952
91 126
91 953
91 954
91 148
91 179
955 170
956 192
92 958
92 991
92 959
92 118
92 960
92 961
92 127
92 147
92 962
92 162
92 173
92 175
92 180
93 96
93 963
93 964
93 147
93 162
93 965
93 165
93 173
93 177
93 183
93 192
94 103
94 966
94 107
94 967
94 132
94 968
94 149
969 112
971 991
95 114
95 972
95 973
95 974
95 975
95 976
96 97
96 118
96 131
96 147
96 162
96 163
96 173
96 175
96 177
96 183
96 192
977 111
978 164
97 104
97 118
97 131
97 154
97 163
97 175
97 178
97 180
979 159
980 1248
981 104
982 170
98 116
98 129
98 983
98 136
98 139
98 984
98 157
98 190
98 191
99 985
99 117
99 122
99 128
99 986
99 987
99 182
99 193
988 165
100 989
100 130
100 990
100 153
100 169
100 182
100 191
101 102
101 991
101 115
101 992
101 993
101 127
101 1152
101 143
101 172
101 180
101 994
995 165
102 996
102 997
102 998
102 999
102 1000
102 1001
103 1002
103 107
103 124
103 125
103 132
103 134
103 1003
103 1004
1005 190
1006 170
1007 109
1008 141
1009 135
1010 169
1011 108
1012 150
104 121
104 1013
104 163
104 175
104 183
105 109
105 117
105 128
105 1014
105 1015
105 1016
105 141
105 167
105 171
105 1017
105 1018
105 194
1019 133
106 1020
106 1021
106 1022
106 149
106 157
106 161
106 171
106 174
1023 153
957 1024
957 122
957 1025
957 1026
957 1027
957 1028
957 1029
957 1030
957 193
1031 116
1032 149
1033 157
1034 167
1035 171
1036 174
1037 185
1038 130
1039 138
1040 175
1041 108
1042 112
1043 150
1044 124
1045 132
1046 134
107 132
107 149
107 1108
107 1047
108 1048
108 112
108 1049
108 1050
108 155
108 1051
108 1052
108 1053
108 184
108 1054
1055 153
1056 182
109 1057
109 128
109 1058
109 141
109 1059
1060 129
1061 132
1062 134
1063 139
1064 157
1065 121
1066 154
1067 188
110 135
110 145
110 1068
110 151
110 169
110 1069
1070 112
1071 970
1073 171
111 120
111 1074
111 1075
111 164
111 1076
112 1077
112 1078
112 1079
112 1080
112 184
112 1081
1082 174
1083 174
1084 1248
1085 189
1086 120
113 1087
113 1088
113 1089
113 148
113 1090
113 181
113 187
113 1264
991 1091
991 127
991 1152
991 143
991 172
1092 970
1093 184
114 1094
114 1095
114 1096
114 1097
1098 147
1099 162
1100 173
1101 177
115 119
115 1102
115 1103
115 1104
115 172
115 1105
115 180
115 1106
1107 159
116 117
116 136
116 139
116 149
116 157
116 167
116 171
116 191
1109 1254
1110 970
1111 171
1112 174
117 128
117 167
117 182
117 191
118 127
118 131
118 143
118 147
118 154
118 162
118 163
118 173
118 180
118 188
119 121
119 1113
119 160
119 178
119 180
119 1114
119 1115
120 164
120 1116
120 181
120 1117
120 1118
120 1119
120 187
120 1264
1120 172
121 1121
121 154
121 163
121 178
121 186
122 149
122 161
122 193
123 125
123 142
123 150
123 152
123 970
1122 193
1123 154
1124 163
1125 186
1126 141
1127 159
1128 174
1129 1248
1130 175
124 125
124 1131
124 1132
124 1133
124 152
124 1134
1135 165
125 134
125 135
125 142
125 152
1136 1108
1137 193
126 1138
126 148
126 170
126 183
1139 1152
1140 172
127 1152
127 143
127 173
127 180
128 133
128 141
128 1141
128 182
128 1142
128 194
129 134
129 136
129 137
129 139
129 157
129 1143
129 190
130 138
130 153
130 156
130 1144
130 175
130 179
130 183
130 1145
130 191
1146 141
1147 1072
1148 171
131 147
131 175
131 178
1149 136
1150 167
1151 190
132 134
132 1153
132 1154
132 139
132 1155
132 157
1156 189
1157 159
1158 174
1159 140
133 1160
133 141
133 1072
133 1161
133 1162
133 194
1163 171
134 1164
134 137
134 139
134 1165
135 145
135 1166
135 169
135 1167
1168 159
1152 172
1152 180
136 1169
136 1170
136 157
136 167
136 1171
136 1172
136 190
1173 164
1174 170
1175 185
1176 192
1177 166
137 1178
137 190
138 146
138 156
138 1179
138 175
138 183
139 149
139 157
139 169
139 191
1180 192
1181 166
140 1182
140 155
140 168
140 1183
140 1184
140 189
1185 148
141 1186
141 194
1187 174
142 150
142 970
142 184
143 173
143 177
143 180
143 185
144 158
144 160
144 166
144 168
144 1188
144 732
144 176
144 178
144 1189
144 186
1190 175
1191 1254
1192 166
1193 172
145 1194
145 151
1195 158
1196 168
1197 176
1198 189
1199 169
146 156
146 183
1200 190
1201 160
147 162
147 175
148 181
149 157
149 161
149 171
1202 169
150 152
150 1203
1204 159
1205 174
1206 157
1207 167
151 178
151 186
1072 171
1072 194
153 179
153 182
153 1208
153 1209
153 191
1210 193
154 163
154 178
154 188
1211 171
1212 174
155 1213
155 1214
155 189
155 1215
156 179
156 183
156 190
156 191
1216 190
157 167
157 1217
158 166
158 168
158 732
158 1218
158 176
158 1219
159 1220
159 1221
159 174
159 1222
159 1248
159 1223
160 166
160 732
160 1224
160 176
160 178
160 1225
1108 1226
161 1227
161 171
161 174
162 173
1228 171
1229 174
1230 1248
1231 170
1232 164
163 175
163 1233
163 183
163 192
1234 165
1235 173
1236 177
1237 185
1238 192
164 1239
165 1240
1241 1248
166 1242
166 732
166 1243
166 1244
167 171
168 176
168 1245
169 1246
169 190
169 191
170 1247
170 192
171 174
171 194
1249 185
1250 192
172 1251
1252 175
732 1253
732 176
173 177
174 1248
175 1255
175 183
1256 1248
176 189
177 185
177 192
1257 189
178 186
970 184
1258 193
1259 189
1260 182
1261 192
1262 189
179 1263
179 191
180 188
181 187
182 1265
182 191
1266 188
1267 189
1268 189
185 1269
185 192
1270 189
187 1264
190 191
