1239 2413 0
0.2989512740136255 0.1272432976111940 -0.0101813312879796
-0.4286068960011970 0.0452844036868978 -0.2719239241446345
0.0845142262785394 0.2140905958916831 -0.1286899148473287
-0.0109859389156062 0.1598839941256474 0.4154591661176650
-0.2037022084461951 -0.3612688854591415 -0.1495428356441834
-0.2120521485686808 -0.2869036689324674 -0.0142780407004279
-0.3812056174969271 0.2960142301462164 0.3946813688090533
-0.2814284270030129 0.2932573703312491 -0.1276058454140307
0.2352901805736478 0.3249827839977426 -0.3167917276705077
-0.0028446949414990 0.2871503900896487 0.0567096110251381
0.2865622535246696 -0.1245709870935877 0.2123597642050738
-0.0434064474809165 -0.1594638931525258 -0.4379198149241514
-0.2675119475046520 0.0412478446127643 0.1629174241642084
-0.2720444833406486 -0.2364907110096220 0.1744110718075184
0.3530288085947115 -0.3836943803631747 -0.1656204534177367
0.4750756976342079 0.3618401121397263 -0.0165398562769596
-0.1563182611278385 -0.1548375966096906 -0.2200997618557303
0.1194300206068901 0.2696724787596195 0.1967361775561171
0.4931629108395743 0.2547466283342936 -0.3585724593481661
0.0630873679741284 -0.1739975134323886 -0.1441176521189966
-0.4135808476256402 -0.3772342272446599 -0.4353224104608464
0.3442821319286465 -0.4932252742659913 0.1388568865138787
-0.3883780703853335 0.2375904340900249 -0.2760530088208913
-0.2507013136148238 0.4381549812533058 -0.0312309257671991
-0.1045805546525598 0.4673189289631295 0.4453523512146105
-0.3890583531212101 -0.2025039609093851 -0.4545953181903757
0.4310087575770036 0.4720788363210777 0.3888838231256609
0.4493918166997785 -0.2893521246523704 0.0384677072942773
-0.1597275484975276 -0.3650388616441585 -0.1805568844251703
-0.2550830258190898 -0.0379653703081224 -0.2116890478242245
0.1751010990979293 0.3246822732365647 0.4418845863557592
-0.1597556358123874 0.1537169270211458 0.1930161862058864
0.4676066364526121 0.2744636403010413 0.1908089748515386
-0.3030475325357172 -0.4472529351848454 -0.4197492310760274
-0.0735379408355046 0.4635458820721076 -0.0381082196747442
0.2871702831779609 0.0178346564330920 -0.2250377112856319
-0.0510951687187395 -0.0670718583849549 0.0688237920123157
0.1711290211017370 -0.3052512976178958 -0.4034718697545974
0.4078664137007502 0.2593773695734251 -0.1153145379525287
0.1649548361621812 0.1960765535820335 -0.3812128579111203
0.2614268413994866 -0.2302934473588631 0.3342765392001588
-0.4588423214988743 0.2327273197875529 0.4570291586226876
0.3733291982742037 0.2303200696101518 0.2615995934228587
-0.4168635423625801 0.2824262480264960 0.2663358404973452
0.3405013484166161 0.4139074541230195 0.0403336100546809
-0.1716437042381050 0.4737976646610038 -0.3270948810685150
-0.0935498935880780 0.0308777196265725 0.1618629667466760
-0.0711088296820813 0.4179108869888400 -0.0598394814078233
0.1658653073199473 0.3608926607283945 0.1288642034964128
-0.0922805803186056 -0.0498201260234090 0.4081769397909629
-0.1271374285378976 -0.1965395900002152 0.3937451820619361
0.3495026215500689 0.0405736814417917 0.4681516614808817
-0.1939508040941900 0.4696291022410497 -0.1590498129686954
-0.3226222960556872 0.3686532647765191 -0.4857428890889958
-0.3548976389160995 0.1766446863437657 0.3955655522175656
0.3749299950430799 -0.4012730797062758 -0.3883866036139105
0.3480407402967980 -0.4514644077913954 -0.2194587399109512
0.3909130529227706 -0.2392875233882278 0.1573306580506513
-0.4071776176489335 0.3474544483924615 -0.3731801433668781
0.3276011940863250 -0.3185139231451786 0.0533181049677892
-0.1225321614268318 0.3438822867272712 0.2457812974359875
-0.0299228668621092 0.3084400399806065 0.2367744074878886
0.0355878437464513 0.3460762096306716 0.2696713470248601
-0.0165267476660269 -0.2543302826072474 -0.2093208562714213
0.2312107862440952 -0.2509315410751787 -0.2064351939845931
0.2228231742611578 -0.1053072252318979 -0.0705548987216048
-0.1654250872698463 0.0154159088965273 -0.3411425430810392
-0.1617206413389704 -0.4129392143910909 0.2634677225680461
0.2276685937880062 -0.3061028139232105 -0.0654928291923872
-0.4294869688989946 0.0792980154217317 -0.4296017749373591
0.3812462179841175 -0.0596473497380644 0.3948318338832122
-0.3322853234563611 -0.2918804715246593 0.1729830814123654
-0.2819204835696226 0.0334536932694451 0.3246389586254616
-0.1609406231796840 -0.2792248508440741 -0.0140067889223371
0.2720190080809008 0.4285602559867128 -0.4127681435536734
-0.3647077115304587 0.3096217985207433 -0.2264346766873157
-0.2976509054013521 -0.3649236077457791 -0.1219994952696448
-0.4323269282247612 -0.3758656438938091 -0.1695383683796053
0.0544859448357734 0.0424463059736524 -0.1179678827923895
-0.0454858722665723 0.2439301374879297 0.3682341034529218
-0.4364497656500885 -0.0617333590563775 -0.0330413049968420
-0.0257034146112921 -0.1210529987520809 -0.2075826470107034
0.4633943387966126 -0.2048081658236258 0.3421422373833933
-0.2855422934189427 0.3531469578303775 0.0362631704906649
0.1617283062688896 0.4344957985087592 0.1134091039192639
0.0799065274549678 0.1022140550070525 0.3822495701234313
-0.4069950733350717 0.3653147885098386 -0.3120270098498560
0.2257039754105624 -0.0825355436513712 -0.3363443657459868
-0.3231763857238673 0.0047096318810782 0.2665375704796373
0.2626716802922556 -0.3836799074987405 -0.3278415811389814
-0.2417458253661223 -0.0560350280495375 -0.0522128837200681
-0.4555955848078526 -0.3095233228293975 -0.4655134559562685
-0.0116883043719625 -0.2573617993074152 0.4725581192136183
-0.2354132812489074 0.0165436522773099 -0.4610342210414266
0.3587827949020155 0.0849975898256303 0.0244393981657547
-0.0395911249464582 -0.3241418749948130 -0.2481306825270293
0.2491798531198235 0.3215185284562177 -0.2758252341609247
0.2731199070653916 -0.4269200949219674 0.1858328098588898
-0.3924465182844425 0.3274409129790442 0.3273562972223708
-0.4192695051075903 0.1074321624475058 -0.2754350685252881
-0.0570524788282312 0.0869945353635577 -0.1737104110984774
-0.4667660827864041 0.4844235972199409 -0.1834398062583939
-0.0154293699052808 -0.4152955904919586 -0.0364995117100902
-0.0258768965540186 0.4567204519100750 0.4767562183444660
-0.3033066322879749 -0.2924813987460927 0.0334134455842301
0.0026303955647400 0.1568857077053548 0.1730927850231569
0.3251873521811763 0.2423781815222267 0.3025023503516054
-0.1286095941449830 0.3533673228352289 0.3246696473969588
0.4273405945973753 -0.1385697611748072 -0.4416328688637665
0.1543562615582322 0.0035058338473673 0.4529415256969713
0.0027597471879951 -0.4490894746976873 0.0031754266978936
0.4378194253116499 -0.0549208252355622 0.1431194013760433
0.1717985490773957 0.3984906272349396 -0.4040984363791036
-0.0485045693993993 0.2534761793072069 0.4190820253977990
-0.1571322549106181 -0.2218444340946150 -0.4239048112578942
0.2472441189981627 -0.0276041532586859 0.2947870152289888
-0.0679489288429668 0.4458177467440796 -0.3292972938858777
0.0305469307848018 0.1455441154395180 0.2284515504233277
0.1105823000234358 -0.0087580838608642 0.3710428868159488
-0.0052228726062841 -0.1670360291733139 0.3071992073356229
0.4387308818618683 -0.3141434049746533 -0.1025954610846763
0.0099333987126698 0.0654296681704685 -0.0279549324310145
-0.2239397206320302 0.1817782362758809 -0.0525016058349496
-0.0241220979367405 0.3234239273593925 -0.0615776357358210
-0.0108806390899070 0.0294605504935475 0.3390267424997844
0.1200487774071811 0.0011284132350312 -0.2272261783072601
0.3380866186683219 0.3923880354599734 0.4170445087522558
-0.2970134710033164 -0.3678082123284689 -0.2782570489071268
-0.1706140285379282 0.4349151412887776 0.4585874513503407
-0.4685173377581970 0.1993027770419667 0.4501613110942261
0.2249776640932358 -0.1628478399807070 0.0231050446124940
0.3613463618973891 0.0248604029843637 0.4476533790577468
-0.2483327553398833 -0.3349997303825734 -0.0218865814958130
0.1990234089486508 -0.0086999359506565 -0.2546228376028019
-0.1445065842008658 0.1595538692983635 -0.3681851196881341
-0.1945553228175300 -0.0990683586193692 -0.2617267502393630
-0.1383367238039715 0.2393624121408118 -0.0899395029823125
0.0094634964492908 -0.1332921911058257 -0.2642011287517828
-0.2758129241758819 -0.1675457829217670 0.1266207595561132
0.3955467778025054 -0.2997590258026873 -0.4552802943949554
0.4423907272881430 0.0363912341425570 -0.2416362790579531
-0.2886928010892929 -0.4383800968226186 -0.3530523419337138
0.4168673968212696 0.0961887798271033 0.1117069170611455
-0.3465872247326225 -0.4043885049806069 -0.1434947880664013
-0.0544909712270194 -0.1174430906789737 0.0047506160656309
-0.0003956049018389 -0.0009765713530505 -0.3301803351122309
-0.3109624367040847 -0.2298101403880335 0.0251404844782262
-0.2953260762868520 -0.2018040293310507 -0.2728615213261351
-0.1131079571532094 0.4568785615447721 0.1133983904111548
0.2450425853067316 -0.3557877117768337 -0.0513903287325831
-0.0866050512426932 -0.4755503064316972 -0.3152845885036715
0.0892073459972949 -0.0982449251836104 0.3887177106452595
-0.1544636992529131 -0.0956346656248709 0.2598027678658086
-0.3155034229720536 -0.2733353075838116 -0.4124464486752488
0.4572299652696225 -0.1806045583657800 -0.1460244768556861
0.1842788808597813 -0.0971848368881539 0.3904071350111225
0.2893666328990075 0.3471448965626167 -0.2376173244973137
-0.1065661609642507 0.1464129335371736 0.4151733634374727
0.4575204371857905 -0.4653569785720004 -0.4927273403115990
0.1675263198674342 -0.1241452368627400 -0.1185511013115013
0.3069686633484489 -0.2408742166721372 0.2156073962195620
0.1854644401811294 -0.0231210602953279 0.0864275278988020
-0.1059553391125128 -0.0663392224820970 0.0332224233403752
-0.2718825781571945 0.0466952827139667 0.1306756576840890
0.3061417326940524 -0.1606873738909182 -0.2501622714871837
-0.4327840912376240 0.3487463008852510 -0.0323392296231774
0.2907536117497285 0.2009987802574389 -0.4590530459975428
-0.3246133626241102 0.0371969458365492 -0.0017505156371671
0.3603120701391473 -0.4484631982619336 0.1544266928380170
-0.2440761753873347 0.2304512928484368 -0.0513660481023217
-0.0198851174484148 -0.0379255478470670 0.1748872679614350
-0.3214997262935577 -0.2635018666759641 0.3319967210811986
0.1142066594766367 0.2555359093891826 -0.1965337969928256
0.3266141608494559 0.4364138615756339 -0.3828273700232193
-0.1037462423992732 0.3762760447905779 0.2826996769556181
0.2476966043620076 -0.4172996796019598 -0.4091022451189022
0.0193461245955001 -0.2965634299465981 0.3261262846324373
-0.3338134253104765 0.3774063827128870 -0.0697818791458115
0.4326316477174289 -0.1815183062825386 0.2656455321748106
-0.4778086013649383 0.4686194285779283 0.2065919893631191
0.4171810414103266 -0.1515651034112097 -0.0405868732040759
0.2930864572608838 0.1024191931565231 -0.2371540071383644
-0.4197801236745373 0.3960531442543597 -0.2532885065822733
-0.2846146482635339 0.3206662627761662 -0.0373637991623842
0.3678664211242968 0.0439760268505877 -0.3759299637839685
0.1817440497764219 0.4330178312084618 -0.1272868891088635
-0.0831702969705046 0.2198789535803236 -0.3221512489764449
-0.1727926713486920 0.4613437062096073 0.4398048397451370
-0.1147130744592840 0.0072585378850746 0.3309983613849126
0.4315254190585502 0.3983186122508821 0.1273984339984210
-0.1134035159811864 -0.3410573374110402 0.2088529873590487
-0.0177482150660660 -0.3203028430463219 0.2560747410095637
-0.4252404955117259 0.3092132592453772 -0.2006133085666544
-0.1672277852253377 -0.0072723673962605 -0.2560642678015316
0.0258771059664730 0.4400968608192540 0.2731965160332071
0.1457555967324392 0.2013107488738592 -0.3853435488414855
-0.1634360678965753 -0.2164010569753458 -0.2715172085862999
0.2392920344602976 -0.4886192893677661 0.0074605375422090
0.2300551435257951 -0.0418156346013506 0.1934922437007846
0.0836022210697831 0.3182718229362498 -0.3816022242830726
0.4050825829919371 0.4607980134767122 0.0186237957490705
0.2644769890466288 -0.3177494162644413 -0.2289999787243116
0.3822980580719603 0.3232366008102984 0.3992410043985146
-0.1408933462638528 0.2156655373220307 0.1428427414268319
-0.2911893021324224 -0.4459089486175835 -0.4352510529763894
0.4362422752155601 -0.3720160901377926 -0.2303450550512340
0.2390237708111624 0.0324776696636852 0.2368857759493986
0.3108070478108670 -0.0588465818713835 0.3126192190030343
-0.3196419399442509 -0.0988938861638301 -0.3644492611048539
-0.0933861171090777 -0.0765434706616750 0.4132513559965457
-0.1063760570323073 0.2106922787784116 0.0932834571474735
-0.0037772769890153 -0.3626117809550809 -0.4077728823375135
0.4567183628677574 -0.3966813148715287 0.1823124048381650
0.0732602361915863 -0.2931874618750890 -0.0885907820456475
-0.0587974700074340 0.4041240427000871 -0.3259305807160133
-0.3375304915092074 -0.1481720879615237 -0.0161877267627774
-0.4281449466583102 -0.1121470504280699 -0.3660829152738300
0.1782276586146502 -0.2711067140549474 0.1036206275485724
-0.2173807979707306 -0.2872252514945256 0.1014583150245087
0.1137017214824791 -0.3103462536815801 0.1740887240049999
-0.0266138506576407 0.2484429891426798 0.0656159157398391
0.0412681862210811 0.2642522488545648 0.4460601746297269
-0.4006135093407974 0.1825650703105831 0.2226852191190025
0.2455678203617748 0.1777345717854397 -0.1619938465106761
-0.2225912266018256 -0.3142322814819374 0.0757107020161697
0.3736251900145431 0.3954140344018902 0.1184375676663277
0.2613900196633185 -0.2484342658406304 -0.0090550895477741
-0.3968007149221356 0.3452813335381741 -0.1598701373327243
-0.0875488585871466 -0.3378147190549752 -0.1760532566070477
0.2198265656405319 0.1104379139236893 0.3553465200120842
0.5000000000000000 0.1995683723076585 0.0612786055565356
-0.2174695040455628 0.5000000000000000 -0.0790410035228280
-0.1055273530803713 0.5000000000000000 -0.0703116252995550
-0.1724677348382186 0.5000000000000000 -0.2805992648673646
-0.1886818794095664 0.5000000000000000 -0.1538224147429946
-0.0848719637447898 0.5000000000000000 0.0812059535864144
-0.0328418938550226 0.5000000000000000 0.4887182068041068
0.0048862684149756 0.4840841263424117 0.5000000000000000
0.0554930423658455 0.5000000000000000 0.4255441807141945
-0.5000000000000000 -0.0787726917841057 0.2685740500596731
-0.5000000000000000 -0.1685631601481341 0.2904300879703221
0.5000000000000000 0.3312168597635998 -0.0474060692931927
0.5000000000000000 0.2549418828327691 -0.3334664727464507
0.5000000000000000 0.2542342238990158 -0.1231269131124690
0.5000000000000000 0.1761219058313358 -0.2958538074771278
-0.5000000000000000 -0.0477450109797869 -0.2728826658653198
-0.5000000000000000 0.0386819781321069 -0.2475487121362939
-0.4552811200836721 0.0298677590011078 -0.5000000000000000
-0.5000000000000000 0.0636338414174517 -0.2346063487318102
-0.5000000000000000 0.0898740543211832 -0.3788513735122789
-0.5000000000000000 0.0235434524186640 -0.3597550083961093
-0.5000000000000000 0.0747210976451243 -0.2760364419995064
-0.5000000000000000 0.0259692722667124 -0.1928243842541937
-0.5000000000000000 0.0600551026560560 -0.2872837257066078
0.0140668758757314 0.1945631825133631 0.5000000000000000
0.0603551932020745 0.1285060083836145 0.5000000000000000
-0.0507094065839030 0.1248937528904191 0.5000000000000000
0.0369346028651780 0.1078205149704343 0.5000000000000000
-0.3883505477852415 0.0446401999756428 0.5000000000000000
-0.3813197113104937 0.0120665929860015 0.5000000000000000
-0.3893967475239037 0.0081657435231297 0.5000000000000000
-0.4720688000897242 -0.3034939005112305 -0.5000000000000000
-0.0962821282356259 -0.5000000000000000 -0.0718244536311607
0.5000000000000000 -0.4745735877927750 0.1961969412167664
-0.5000000000000000 -0.2913944907770355 -0.4961602126295827
-0.5000000000000000 -0.1413406650044509 -0.4382598496938847
-0.0124580078290457 0.5000000000000000 -0.0030037094356322
0.1333040079901059 0.5000000000000000 0.0891391953223770
-0.0560503698429962 0.5000000000000000 0.1001818115830988
-0.4298509386615822 0.3238525588600645 0.5000000000000000
-0.3418217434364896 0.2596006862046489 0.5000000000000000
-0.3006142424607500 0.2930656799214217 0.5000000000000000
-0.5000000000000000 0.3224502403147772 0.3506478350071148
-0.5000000000000000 0.2930825853587861 0.4520766733624936
-0.3471810552990330 0.4647870637591608 0.5000000000000000
-0.3659108672261862 0.3324058353815075 0.5000000000000000
-0.2849268676572744 0.3256335755282648 0.5000000000000000
-0.3732746204325998 0.2649048972380640 0.5000000000000000
0.1821637410713560 0.3321333658619663 -0.5000000000000000
0.2010476508194986 0.2544434562930372 -0.5000000000000000
0.2517325585275761 0.3452077289996078 -0.5000000000000000
0.2678791502803801 0.5000000000000000 -0.4569733873080812
-0.0446393034889387 0.2693133696116671 0.5000000000000000
-0.0852552071544163 0.1947145273576918 0.5000000000000000
0.0868611375230463 0.4422272558500920 -0.5000000000000000
0.0782163652779231 0.4401348852917411 -0.5000000000000000
0.0649897487421513 0.4435102165211137 -0.5000000000000000
0.0716230797891855 0.4359178739458204 -0.5000000000000000
0.0654784459539758 0.4417776754278188 -0.5000000000000000
-0.0575834581000408 -0.1087387727529631 -0.5000000000000000
0.0607586058536730 -0.1378923591112447 -0.5000000000000000
-0.0492312646997885 -0.2016317723254666 -0.5000000000000000
0.0676403264665327 -0.0446769506534224 -0.5000000000000000
-0.2022948081426394 -0.1204098883512471 -0.5000000000000000
-0.0385286254651766 -0.1542067614997832 -0.5000000000000000
-0.0518039722846622 -0.1654465035162282 -0.5000000000000000
0.0285479636463043 -0.0592182422554176 -0.5000000000000000
-0.0793003291301506 -0.2416519104268849 -0.5000000000000000
0.0115672091950887 -0.2868134335352426 0.5000000000000000
0.0739416644848400 -0.3657659140365092 0.5000000000000000
-0.1702769500932580 -0.2147181101981878 -0.5000000000000000
-0.5000000000000000 0.0244788607847370 0.2313364283614203
-0.5000000000000000 -0.0648928830273767 -0.0435524012226509
0.5000000000000000 -0.3153856841388397 0.0994258070095453
-0.3507750650739146 -0.5000000000000000 0.1092780799553637
-0.2840449215600948 -0.4879499047271872 -0.0751915154869070
-0.2851150768352908 -0.5000000000000000 -0.0900837284595409
0.3142148362010411 -0.5000000000000000 -0.0614311634238075
0.5000000000000000 -0.3988164452293346 -0.1265472448751475
0.2301886088542545 -0.5000000000000000 -0.1794596945309133
0.5000000000000000 -0.3769915444839674 -0.0132190692357394
0.5000000000000000 0.3010768472673757 0.0203999965505350
0.5000000000000000 0.3670211502149938 -0.0252398776767124
0.5000000000000000 0.4076985251887009 0.0158679676298117
0.5000000000000000 0.3582287299096253 -0.0008368481168163
0.5000000000000000 0.3805022525330800 0.0262314876461853
0.5000000000000000 0.3175425926916611 -0.0270817753795295
0.5000000000000000 0.3592928124820682 -0.0359984704350935
0.5000000000000000 0.3574111663755561 -0.0963641237095477
-0.0190678584269817 -0.2381718750808682 0.5000000000000000
0.4804262471691471 0.2801148069083882 -0.5000000000000000
0.5000000000000000 0.2687985625495272 -0.3440580144163442
0.5000000000000000 0.2805209721474555 -0.3670477958387979
0.4110616786070465 0.2196782900781110 -0.4895498681657133
0.0712214780145697 -0.5000000000000000 -0.4392954323342113
-0.0805997184794737 -0.5000000000000000 -0.3145536960092107
0.5000000000000000 -0.2902432222291769 -0.4216851306296061
-0.0075255674367464 -0.0537735697871021 0.4855866353954933
-0.3702865107822064 -0.5000000000000000 -0.3852493633370392
-0.4486256571353910 -0.5000000000000000 -0.4521547632405998
-0.4075261580867106 -0.3997883673009017 -0.5000000000000000
-0.4584521383788657 -0.3830276936460436 -0.5000000000000000
-0.3943799412255292 -0.5000000000000000 -0.4493840245388584
-0.5000000000000000 -0.4174149771769040 -0.3409054130932127
-0.4532790878503950 -0.4153485921425821 -0.5000000000000000
-0.5000000000000000 -0.4306587540431896 -0.4556594167503582
-0.3331034170796127 -0.5000000000000000 -0.3908742929551842
-0.3294261054539651 -0.5000000000000000 -0.3625777146394993
-0.3532588512556276 -0.5000000000000000 -0.3019898147907956
-0.3019184188741811 -0.5000000000000000 -0.1469990865413838
-0.3283669898715729 -0.5000000000000000 -0.3971793715506857
0.5000000000000000 -0.3864142261871179 -0.2560280119050698
0.5000000000000000 -0.3866419588477427 -0.2550715459355711
0.5000000000000000 -0.3879687654000537 -0.2531876318710525
0.5000000000000000 -0.3854649811062463 -0.2534234338966042
0.5000000000000000 -0.3828277893911419 -0.2533875387919002
0.5000000000000000 -0.3876799400479052 -0.2593046380287786
0.5000000000000000 -0.3861621475460993 -0.2549592966471818
0.2991831807728802 -0.5000000000000000 0.1439155186632819
0.3426898513228233 -0.5000000000000000 0.1559604391036524
0.3357599002960637 -0.5000000000000000 0.1022694104687705
0.4723633752491793 -0.5000000000000000 0.2930376540100115
0.1530827827316067 0.5000000000000000 0.1440168111291945
-0.5000000000000000 0.1249089695982442 -0.4880893507487961
-0.5000000000000000 0.1595470642911924 -0.3994813718582292
-0.5000000000000000 0.3302568537176609 -0.4630999983221693
-0.5000000000000000 0.1597952746444864 -0.2786618223140760
-0.4439752362194907 0.2783445103376530 -0.5000000000000000
-0.5000000000000000 0.2818878722087033 -0.1962811894671117
-0.5000000000000000 0.3134778308253202 -0.2782779399512589
0.5000000000000000 -0.2167336785532194 0.0577989419338983
0.5000000000000000 -0.1505341489551699 -0.0694978298274762
0.5000000000000000 -0.1206753377913561 0.0229525724932684
-0.3242249624579187 -0.4169665341287354 0.5000000000000000
0.2023923059643765 -0.5000000000000000 0.1629636147374066
0.1293759204225509 -0.5000000000000000 0.1114159995529656
0.2180577486620299 -0.5000000000000000 0.0615244553296402
0.1750964396341288 -0.5000000000000000 0.1581284780642467
-0.3545611909100036 0.5000000000000000 -0.2113830063882926
-0.2939219935534818 0.5000000000000000 0.1486746895541858
-0.3133163979468854 0.5000000000000000 -0.0091529853858880
-0.3016586758573647 0.5000000000000000 -0.0749585918861434
0.4131074548810602 -0.0710644631558794 0.5000000000000000
-0.0842695345453699 0.4428156365171244 0.5000000000000000
-0.2038142073342512 0.5000000000000000 0.3606802313746940
-0.1144002964875047 0.5000000000000000 0.4712266860459463
-0.0722801361401064 0.4526811635839970 0.5000000000000000
-0.0842985526511542 0.4886304440970107 0.5000000000000000
-0.0848029826200336 0.5000000000000000 0.4251406582789904
-0.1931303632402660 0.5000000000000000 0.4632418489180000
-0.1743460404256130 0.5000000000000000 0.4305908304177072
-0.0968271390905479 0.5000000000000000 0.4884882556962042
-0.1059877401626351 0.5000000000000000 0.4347302956057527
-0.0516328657789949 0.5000000000000000 0.3705775390931584
-0.3560441403191457 -0.1953818019642294 -0.5000000000000000
-0.3999983877022607 -0.1874254290494437 -0.5000000000000000
-0.4352535497932659 -0.1838252120419676 -0.5000000000000000
0.1712654188693605 0.3535251168557287 0.5000000000000000
0.0064539176103592 0.4487001511186993 0.5000000000000000
0.1179011081043224 0.4197938827366421 0.5000000000000000
0.0808304075472874 0.3112031870779869 0.5000000000000000
0.4880931089307604 0.4823615278344794 0.5000000000000000
0.5000000000000000 0.4677249286379319 0.4321328851178430
0.5000000000000000 0.4050462588458151 0.3644572863283530
0.3166638626441399 0.5000000000000000 0.2617427335883016
0.4180083116015668 0.5000000000000000 0.4568883423467758
0.4667149904172717 0.5000000000000000 0.4839035566412316
0.4043568651816609 0.5000000000000000 0.3735634117475181
0.4418070217270581 0.5000000000000000 0.4566909819157672
0.4872284499438665 0.5000000000000000 0.4085804926741038
0.5000000000000000 0.4401982458756311 0.4379274077473045
0.4772041113538589 0.5000000000000000 0.3942410119444208
0.5000000000000000 -0.3295167153079938 0.0416225947884646
0.5000000000000000 -0.2705958895332398 0.1288027846556409
0.5000000000000000 -0.3229781501921332 0.1877069753418351
0.5000000000000000 -0.3638070965782016 0.0020493445076819
0.5000000000000000 -0.1671372212769328 0.2000444316001070
0.5000000000000000 -0.2586162815995105 0.0321307967277200
0.3943716555308139 0.1906325910106590 -0.5000000000000000
0.3723945103347420 -0.0715992487965340 -0.5000000000000000
0.2919873246607190 0.1422042109874801 -0.5000000000000000
0.3238460606177138 0.0316124205826408 -0.5000000000000000
-0.5000000000000000 -0.0642304908186062 -0.2697970036132497
-0.5000000000000000 -0.0650002269062572 -0.2302806830093231
-0.5000000000000000 -0.0652186732016159 -0.2618757221264666
-0.5000000000000000 -0.0721588240513296 -0.2529757417177668
-0.5000000000000000 -0.0731842258465257 -0.2880407818124129
-0.5000000000000000 -0.3432376523278931 0.2535138925942838
-0.5000000000000000 -0.3340273126828342 0.3138216336331759
0.2391995612744010 -0.0901113165899081 0.5000000000000000
-0.2438731410576887 0.0163381739990749 -0.5000000000000000
-0.3249270215042201 0.3835934139482846 -0.5000000000000000
-0.3359694198139380 0.5000000000000000 -0.4934527421994633
-0.1443201676986305 -0.5000000000000000 -0.2692095158718919
-0.0882609872751350 -0.5000000000000000 -0.0782963796926426
0.3932948058686453 -0.5000000000000000 -0.2108025271049854
0.5000000000000000 -0.1095927383197477 0.4696218637355113
0.5000000000000000 -0.1912044865187098 0.3925737886219859
0.5000000000000000 0.2992576281288718 0.1869980537794056
-0.5000000000000000 -0.3790927412293181 -0.2389356994401479
-0.5000000000000000 -0.3469119019133557 -0.3687591702194716
0.1536926175908060 0.2280087043123604 0.5000000000000000
0.2254987283342343 0.4764152571161693 0.5000000000000000
0.1803124375141127 0.4140122724298699 0.5000000000000000
0.2062742249504561 0.2970175768289600 0.5000000000000000
0.2161882067847315 0.3393895834030755 0.5000000000000000
0.1725075981329808 0.3112008040060055 0.5000000000000000
0.2535843764898850 -0.4622846429345668 -0.5000000000000000
0.1793842543422835 -0.4566866095243503 -0.5000000000000000
0.3761609359813552 -0.4668591168335332 -0.5000000000000000
0.2405009087729279 -0.4628722410483171 -0.5000000000000000
0.4727348041843505 0.5000000000000000 -0.0490838135873239
0.4036681747384546 0.5000000000000000 -0.0027530672684973
0.5000000000000000 0.2452937888491115 0.1357952908668545
0.5000000000000000 0.2771391901726347 0.2321190672404893
0.5000000000000000 0.3120876194845009 0.2582704485369136
0.5000000000000000 0.2259947928816075 0.2084480058327373
0.5000000000000000 0.2778438245476563 0.2832413856077621
0.5000000000000000 0.2899960390130103 0.1627316131307261
0.5000000000000000 0.3217859667727345 0.1842983182703612
0.5000000000000000 0.2656390908879590 0.1962913211976645
0.5000000000000000 0.1958364492493798 -0.3784845140063425
0.3583198371736390 0.2143151742149532 -0.5000000000000000
0.4205107783567772 0.2301562114768577 -0.5000000000000000
0.5000000000000000 0.2161977090762318 -0.4161862829596768
0.5000000000000000 0.3179910255623069 -0.4038234567456610
0.3834602214154482 0.2432958846341775 -0.5000000000000000
0.4172100092793997 0.1973819956623148 -0.5000000000000000
-0.2290359710749100 -0.5000000000000000 -0.3719453605962870
-0.2636647251163811 -0.5000000000000000 -0.4132032763835513
-0.3332971751386125 -0.4497970152951593 -0.5000000000000000
-0.3419906029819579 -0.5000000000000000 -0.4369718787361949
0.5000000000000000 -0.3459053030738489 -0.0275738458853913
0.3993983541864507 -0.5000000000000000 -0.3422675175044725
0.3733430794597768 -0.5000000000000000 -0.2458857066685565
-0.0436745798090804 0.5000000000000000 -0.0448602533031713
0.5000000000000000 -0.2352636067854703 0.2387562990209260
0.5000000000000000 -0.2116295317542902 0.3358833843489901
0.5000000000000000 -0.2008998052142133 0.2859198713440129
0.5000000000000000 -0.0407528290254306 -0.1329700839035566
0.2121237759163647 -0.0440240364573927 -0.5000000000000000
0.1109061488125799 -0.4422914900509934 -0.4869562793886330
0.4204040294981360 0.4304886265991946 0.5000000000000000
-0.1585070521018183 0.5000000000000000 -0.3375640841299575
-0.0758396186652540 0.5000000000000000 -0.3469611175144139
-0.4539237086208186 0.0333207759613187 -0.5000000000000000
-0.4269775825421866 0.0277700131927066 -0.5000000000000000
-0.4502868175695538 0.0241172189962712 -0.5000000000000000
-0.4547971329637394 0.0234956575971773 -0.5000000000000000
0.1428094080790909 -0.2827194244988533 -0.5000000000000000
0.1818852556514607 -0.1974102306454178 -0.5000000000000000
0.0920574674062129 -0.3147586930667303 -0.5000000000000000
0.1973492872332389 -0.3405428360156189 -0.5000000000000000
0.3194768276098010 -0.1908037450469165 -0.5000000000000000
0.1065896723488306 -0.2496444482289336 -0.5000000000000000
0.0861049441596325 -0.2634244907400917 -0.5000000000000000
0.4128609207188284 0.3619611586147148 0.5000000000000000
0.4485392538388965 0.3171515243251147 0.5000000000000000
0.5000000000000000 0.2258316935176908 0.0206359120554975
0.5000000000000000 0.2229928915669165 -0.0812781077823844
0.5000000000000000 0.3175697741518492 -0.2057219407918434
-0.3041689214496829 -0.5000000000000000 -0.4808137784248214
0.1087559750580316 0.1982841303723083 -0.5000000000000000
0.0920813607201786 -0.0083548558626858 -0.5000000000000000
0.1975789126361440 -0.0050299600882104 -0.5000000000000000
0.2059366640515163 0.2002975205874666 -0.5000000000000000
0.1820711779748491 0.2205552931700929 -0.5000000000000000
0.3564535714091120 -0.1768375673074338 0.5000000000000000
0.1619171821369887 -0.2118462793017698 0.5000000000000000
0.3347402011251835 -0.0336227927023346 0.5000000000000000
0.2349136491537345 -0.2881822157038221 0.5000000000000000
0.3973352602509533 -0.2095694243773394 0.5000000000000000
0.3046096414751518 -0.2182607047420640 0.5000000000000000
0.3124077128840018 -0.3453821775845706 0.5000000000000000
-0.5000000000000000 0.2578437825057374 0.4062391943669330
-0.4999204236158514 0.2155660436115376 0.5000000000000000
-0.4605943050354108 0.2736405898135030 0.5000000000000000
-0.4359922789218227 0.2234836483999711 0.5000000000000000
-0.5000000000000000 0.2608245578283623 0.4203523512525645
-0.5000000000000000 0.2592476341068420 0.4657701838503473
-0.5000000000000000 0.2311313755607762 0.4219996534588739
-0.4365302175639555 0.2304308985521530 0.5000000000000000
-0.0124099990673978 0.2577541642769932 0.5000000000000000
-0.0504708433310488 0.1855384117049993 0.5000000000000000
0.0471588581741874 0.2649186186635014 0.5000000000000000
-0.3425051137373782 -0.5000000000000000 0.1511984884372968
-0.2205292390559635 -0.5000000000000000 0.2956255448493839
-0.4974303994329882 0.1544456217831373 0.1157549268501369
-0.5000000000000000 0.0981213707952881 -0.2338745976470118
-0.5000000000000000 0.0700759734719056 -0.1224513356841282
0.5000000000000000 0.3288172591718599 0.3266485632262736
0.5000000000000000 0.2137422697778646 0.2165274286908587
0.5000000000000000 0.1074939442903814 0.2743590944465781
0.5000000000000000 0.2662092217994517 0.3984839355341359
0.4668624676031591 0.1330646604362402 0.5000000000000000
0.4022296288820879 -0.0955491331417156 0.5000000000000000
0.2987613146081242 -0.1161536546115999 0.5000000000000000
-0.0114872264349059 0.4547238731347122 0.5000000000000000
-0.5000000000000000 0.3043060700155105 0.2566444943794471
-0.5000000000000000 0.2935439872597736 0.1524619636727106
-0.5000000000000000 0.2814481875299055 0.2113747786416282
-0.5000000000000000 0.4244406031558885 0.2150833870422692
-0.5000000000000000 0.2600332846411619 0.2858677089284063
-0.5000000000000000 0.1221649119748953 0.3166863778430709
0.3085186819530193 0.4150671983112106 -0.4986104726294833
0.3596611766563056 0.0418269490862358 0.5000000000000000
0.2280250337586132 0.0165993619502059 0.5000000000000000
0.3719511811246565 0.0318605307212528 0.5000000000000000
0.3201236223866806 0.0731815443083445 0.5000000000000000
-0.5000000000000000 0.1660307190818905 0.0950452155091924
-0.5000000000000000 0.1406994084166180 0.1733147677536854
0.3536517089662951 -0.3150729622291192 -0.5000000000000000
0.3334431142609189 0.5000000000000000 -0.0438635030876725
0.2707811543726579 0.5000000000000000 0.1761231151727158
0.3465035276435477 0.5000000000000000 -0.0516767012266811
0.2090846609553070 0.5000000000000000 0.0809694009576455
-0.1612789280750167 0.4376570725478037 -0.5000000000000000
-0.1135970324656720 0.5000000000000000 -0.2333402409879552
-0.1689502065633153 0.5000000000000000 -0.3626635848405307
-0.1762410816587898 0.5000000000000000 -0.3313672099737338
-0.1939999986805797 0.5000000000000000 -0.3273692867833711
-0.2218790191789897 0.4718348652216603 -0.5000000000000000
0.5000000000000000 0.4852381073945997 0.2592188661718441
-0.0285882762548428 0.5000000000000000 -0.0562976255465777
0.4974507306645666 -0.3450698965130355 -0.5000000000000000
-0.5000000000000000 0.3328301016708887 0.2889022145780311
0.2509314828014108 0.5000000000000000 0.1918288743545817
-0.0952914405072339 0.0129507183572032 0.5000000000000000
-0.0736639339961666 -0.0491806696354558 0.5000000000000000
0.5000000000000000 0.1865330633008914 0.0640084317547444
0.5000000000000000 0.1772441172133040 0.0855787592045924
0.2839081689182980 0.0579412462784766 0.5000000000000000
0.1073706537406353 0.1008321380133005 0.5000000000000000
0.1433451393019944 0.0400826813914613 0.5000000000000000
0.0758977256089467 0.1965578276948273 0.5000000000000000
0.1581552466696708 0.1035792303752339 0.5000000000000000
0.4892470881553198 0.1632969714855216 -0.3253281303298189
-0.1208225290359436 -0.2192490134423961 0.5000000000000000
-0.0846389101021394 -0.0995751266913505 0.5000000000000000
-0.2191368740741441 -0.2418543937285363 0.5000000000000000
-0.2152018338325431 -0.5000000000000000 -0.3333721431401624
-0.2598104148467820 -0.5000000000000000 -0.1143823927682808
-0.1002196716010426 -0.5000000000000000 -0.3144974217309016
-0.2214967874536574 -0.5000000000000000 -0.3797806222665260
0.3373560746486322 -0.0234688571837861 0.5000000000000000
0.3432918266203826 0.0648786606937333 0.5000000000000000
0.4169096456563268 0.0828170052611763 0.5000000000000000
-0.5000000000000000 0.4910893540954476 -0.2163081711340016
-0.5000000000000000 0.4456688633132461 -0.2832296656822324
-0.2917092514945182 0.5000000000000000 -0.2321045234866492
-0.2391505148279052 0.5000000000000000 -0.1547648519180226
-0.1217346877097053 0.5000000000000000 -0.1194458962745866
-0.2138818642364150 0.5000000000000000 -0.1982242003928026
-0.0201641211539552 -0.0355287921797437 0.5000000000000000
-0.1029655199318325 0.1174745371083953 0.5000000000000000
-0.1046870521794992 0.0542916055742743 0.5000000000000000
0.2988759595354002 -0.5000000000000000 0.2505653719935978
0.3472622547744271 -0.5000000000000000 0.2198748519325418
0.2829404841898550 0.1961018391070740 -0.5000000000000000
0.4622150644894641 -0.3767300872285308 -0.5000000000000000
0.4674136434660890 -0.4541660667591421 -0.5000000000000000
-0.0271584310312500 0.4457828222938873 0.5000000000000000
-0.0752553542175264 0.3700697727861039 0.5000000000000000
-0.0432406617657414 0.3022168247763923 0.5000000000000000
-0.1384530275716865 0.4226021208827884 0.5000000000000000
0.5000000000000000 -0.3201144833876879 0.2621307257333553
0.5000000000000000 -0.2755302465727683 0.3203631725669245
0.5000000000000000 -0.3590478299087321 0.2821937875298319
0.5000000000000000 -0.3304745130741156 0.2846948112278103
0.5000000000000000 -0.2884399233544639 0.2865029774564659
0.4984839437262401 -0.3772999050991141 0.1314882174671644
0.5000000000000000 -0.3704961648218464 0.2443974403190202
0.4664180589589895 -0.5000000000000000 -0.0932211918553589
0.5000000000000000 -0.4232181875146114 0.0812617556762766
-0.3538306613932396 0.3635097723613176 -0.5000000000000000
-0.3334774232024202 0.3731906968287720 -0.5000000000000000
-0.3135327494689220 0.3544318733493228 -0.5000000000000000
-0.3298603122736183 0.3545463115858096 -0.5000000000000000
-0.4006357702729433 0.4389406761805269 -0.5000000000000000
-0.5000000000000000 0.3325288042227902 -0.4670071914863266
-0.2518404481178776 0.3389650272476987 -0.5000000000000000
-0.3383419135608971 0.3619347031643018 -0.5000000000000000
-0.2875706601491775 0.3809540977712771 -0.5000000000000000
-0.3108672178709280 0.3844033149568097 -0.5000000000000000
0.3877433059320074 0.5000000000000000 -0.3892410764978661
0.3757635183183596 0.5000000000000000 -0.3727972594774900
0.3872271880811923 0.5000000000000000 -0.3660165910120287
0.4421557675844031 0.5000000000000000 -0.2451019899019216
0.5000000000000000 0.4852340748788995 0.2295949571169578
-0.3257578671020910 0.1859739436082846 0.5000000000000000
-0.2860673421430485 0.2253324484421619 0.5000000000000000
-0.2988505181588501 0.0885317949421508 0.5000000000000000
-0.3551288633725662 0.1824659003288394 0.5000000000000000
-0.2550187937264327 0.1348235735771500 0.5000000000000000
-0.4404819999849103 0.0785311036877471 0.5000000000000000
-0.2734266417112695 0.2716863890770644 0.5000000000000000
-0.3902122274320655 0.0874390713399064 0.5000000000000000
-0.5000000000000000 0.1078871760515484 0.3272573811904212
-0.3581318330381179 0.1961725483439146 0.5000000000000000
-0.4197577065890638 0.5000000000000000 -0.3393620525848182
-0.4193726213683643 0.5000000000000000 -0.3260578306718139
-0.4547140714798446 0.5000000000000000 -0.2239997171587071
-0.4221814607187228 0.5000000000000000 -0.3085901717329361
-0.4933847822320085 0.0937021367090572 -0.5000000000000000
-0.3605559009466672 -0.4934625336330803 0.1210496608200450
-0.5000000000000000 0.2037357327312351 0.4932623237556384
0.5000000000000000 -0.3169289820101999 -0.3529506159217068
0.4344142564215346 -0.5000000000000000 -0.3757195060589359
0.2695622662365531 -0.4307644321807572 -0.5000000000000000
0.3338051297377263 -0.3763216381489700 -0.5000000000000000
0.2746189332491646 -0.5000000000000000 -0.3479211171246611
0.3209690114991688 -0.5000000000000000 -0.1053193447833949
0.5000000000000000 -0.4017924998080465 -0.1288359334050302
0.4082370476728931 -0.5000000000000000 -0.3012670134388686
0.2635791759995036 -0.5000000000000000 -0.2024126849230441
0.2852598461853280 -0.5000000000000000 -0.2824375175136641
0.3627627681541382 -0.5000000000000000 -0.1890976448833058
-0.3689630298557505 -0.1939405838164985 0.5000000000000000
-0.3665458435987958 -0.2293316498999401 0.5000000000000000
-0.1050930879414277 -0.5000000000000000 -0.3312418503700424
-0.2551618374450062 -0.5000000000000000 -0.4233412889640811
0.5000000000000000 -0.1345365907989110 0.2521219140428038
-0.5000000000000000 0.4623829554377175 0.3297483447912013
-0.5000000000000000 0.4824585719559737 0.2574886870818719
0.4991490125033203 0.1121199420365621 0.0082663766358746
-0.4814663775485942 0.5000000000000000 -0.4997437118746965
-0.5000000000000000 0.3324364784842255 -0.4646175146622606
-0.4412690675051698 0.3252982971088498 -0.5000000000000000
-0.1089663039262158 -0.0181959984761916 -0.5000000000000000
-0.1870133342470986 0.0001689362522209 -0.5000000000000000
-0.1044389446017200 0.0418060684366499 -0.5000000000000000
-0.0512998967059727 -0.0245837214154923 -0.5000000000000000
0.5000000000000000 -0.3738072742992460 -0.0014446034100295
0.1567252118885746 -0.0004553655866199 0.5000000000000000
0.0187619109540267 -0.0467748028210839 0.5000000000000000
0.1297982226786459 -0.0470575164382916 0.5000000000000000
0.1712319713518081 -0.0469333800081003 0.5000000000000000
0.0248184746247637 -0.5000000000000000 -0.0079398351480697
-0.0067126052340187 -0.2373744689035350 0.5000000000000000
0.1591937269770147 -0.2124546463410446 0.5000000000000000
0.1575578873079443 -0.2079690513234058 0.5000000000000000
0.1613330682964562 -0.2117094502864027 0.5000000000000000
0.1614188195312317 -0.2113962830214684 0.5000000000000000
0.1617596287787742 -0.2113862087760205 0.5000000000000000
0.1613518793722041 -0.2119958888055615 0.5000000000000000
-0.5000000000000000 -0.3141003240676536 -0.0128541463228810
-0.3443843571498971 -0.5000000000000000 0.1416672218855838
-0.4891427827660355 -0.5000000000000000 0.0373238330363631
-0.3144880931551787 -0.5000000000000000 0.1927007067913107
-0.4238080608176731 -0.5000000000000000 0.1554909309037949
-0.4073174491024034 -0.5000000000000000 0.0384860138096738
0.5000000000000000 0.3465009937214978 -0.3961664394629337
0.4762604431579294 -0.0462052696568352 0.5000000000000000
0.4297881255069105 0.0072321447501918 0.5000000000000000
-0.2487741663792850 -0.0907704116522943 -0.5000000000000000
0.1251874452105248 0.5000000000000000 0.1592256635055970
-0.0550974514647150 0.5000000000000000 0.1163902432269153
0.0584752932347722 0.5000000000000000 0.2375701721919797
0.2017970943095749 -0.1018827318566921 -0.5000000000000000
-0.1852406264484868 -0.5000000000000000 0.2984265799653815
-0.1085596426505848 -0.5000000000000000 0.3728922554149491
-0.2138724611507694 -0.5000000000000000 0.3244174559394865
-0.2307524521467791 -0.2632882057796131 0.5000000000000000
-0.0414811489763853 -0.5000000000000000 0.1671178296651912
-0.0648236892640105 -0.4236358532558115 0.5000000000000000
-0.0603491101648240 -0.5000000000000000 0.2803574956548333
-0.1461561412472868 -0.4272344544287101 0.5000000000000000
-0.4600690793358058 0.5000000000000000 0.1323534292641230
-0.4323646641222502 0.0914386746135924 -0.5000000000000000
-0.5000000000000000 0.1041767144596810 -0.4456803137568171
-0.5000000000000000 0.0378976957806171 -0.4253238207376911
-0.5000000000000000 0.3244420310695855 -0.4656584264000665
-0.4459226270326524 0.1570014155408612 -0.5000000000000000
0.3374668746143239 -0.0307275313259568 0.5000000000000000
0.4246471543354605 -0.1460867642078029 0.5000000000000000
0.5000000000000000 0.0353964802309986 0.3081831300182264
0.4572825084844510 0.0821754605949098 0.5000000000000000
0.5000000000000000 -0.1045436594214356 0.2911606039270666
0.4369968507521328 -0.1193999837617570 0.5000000000000000
0.0981557573486185 -0.4345367807039388 -0.5000000000000000
-0.0242556973854687 -0.3534002309975211 -0.5000000000000000
-0.2834990946933436 -0.0807729877289143 0.5000000000000000
-0.2992548475565817 -0.1058855926515263 0.5000000000000000
-0.1661722869992105 -0.1131683046891437 0.5000000000000000
-0.5000000000000000 -0.1999740290474035 0.1593922915125575
-0.5000000000000000 -0.2923723628900251 -0.0104953157267166
-0.2311766452241554 -0.5000000000000000 0.3240093055520339
-0.4263301700428762 -0.5000000000000000 0.1570144855366049
-0.4424332770160065 0.3384810261568307 0.5000000000000000
0.5000000000000000 -0.2133383507834540 0.3564102992590372
-0.4443228053560799 -0.3355852484514856 -0.5000000000000000
-0.3430774987026805 -0.3381031627565035 -0.5000000000000000
-0.3207470037586422 -0.4484957206242753 -0.5000000000000000
-0.5000000000000000 0.3363904839601575 -0.0323433070264060
-0.1152662571548483 -0.0289807507199650 0.5000000000000000
-0.2772813742701237 0.0490939004544958 0.5000000000000000
-0.2413413166476793 -0.2211083794179453 0.5000000000000000
-0.5000000000000000 0.1002265936640560 0.3227205744551017
-0.0243929557409558 -0.2575350972055538 0.5000000000000000
-0.3513236558734611 0.4928212418573517 -0.5000000000000000
0.2176229183917712 0.3869652851991868 -0.5000000000000000
0.2201839318326640 0.4866137037300247 -0.5000000000000000
0.2845029311249689 0.5000000000000000 -0.3431420080139790
0.2635912441878157 0.3844266089623412 -0.5000000000000000
-0.5000000000000000 -0.0871326821919543 0.0305650800743498
-0.5000000000000000 -0.0786133114936266 0.1967428894912370
-0.5000000000000000 -0.1461087956008559 0.1417222911730118
-0.5000000000000000 -0.1862533870545555 0.2226713313055768
-0.2275418928409583 0.0392315162824424 -0.5000000000000000
-0.1608593839232531 0.1590644901623661 -0.5000000000000000
-0.5000000000000000 -0.3091627499690489 -0.0572555915001732
-0.5000000000000000 -0.4163209207904819 -0.3142930400517829
-0.5000000000000000 -0.4053236106328969 -0.2103861652746270
-0.5000000000000000 -0.1653967297224691 -0.2801251387616496
-0.4510006859775877 -0.5000000000000000 -0.0477661481600715
-0.5000000000000000 0.4872643600250442 0.1920501955787743
0.0678075394037078 -0.5000000000000000 -0.1134517153387291
0.0587067370553776 -0.5000000000000000 -0.0724862555632870
0.0541141728915306 -0.5000000000000000 -0.0506968403927857
-0.0137293517591186 -0.5000000000000000 -0.2204920976806105
0.1996860567248074 -0.5000000000000000 -0.0175008265269294
0.0702748163505960 -0.5000000000000000 -0.1513233707762356
0.0865998318534090 -0.5000000000000000 -0.0873153504944073
-0.0316670638941595 0.1821427295350738 -0.5000000000000000
0.0360804274761567 0.1230732954414229 -0.5000000000000000
0.0058761464856887 0.2075634175005840 -0.5000000000000000
0.1004860360178654 0.2007574072115928 -0.5000000000000000
0.0704811697829737 0.2559016633934362 -0.5000000000000000
-0.2962253744254548 -0.5000000000000000 -0.0707088454238618
-0.5000000000000000 -0.2437716829896047 -0.0299120407226683
-0.5000000000000000 -0.2924268828776976 -0.0241088055160390
-0.5000000000000000 -0.2836279706153015 -0.0181110746181572
-0.5000000000000000 -0.2872605489797614 -0.0246062419764321
-0.5000000000000000 -0.2899095224453576 0.0022949502559685
-0.5000000000000000 -0.2787698840874163 -0.0278559697522153
0.4529200544561046 0.5000000000000000 0.1329667654952320
0.2790279758081859 0.5000000000000000 -0.0954193597933665
0.3659431686806251 0.5000000000000000 -0.0323937470067386
0.1304817551130443 0.5000000000000000 0.0750530423278855
0.1403850457438680 0.5000000000000000 -0.0488290168669632
0.5000000000000000 0.4412973673939586 0.2384320777478943
0.5000000000000000 0.3765550421148122 0.2628328673129409
0.5000000000000000 0.3520395885811139 0.3625958318859098
0.5000000000000000 0.3710914584502172 0.2899001354357985
0.2103607558200313 -0.3528570255845287 -0.5000000000000000
0.1474808394516985 -0.4052134174648578 -0.5000000000000000
0.2679841882280878 -0.3323378081417677 -0.5000000000000000
0.2122961356115267 -0.3624517062942971 -0.5000000000000000
-0.5000000000000000 -0.0450757307682644 -0.0022179427674033
-0.5000000000000000 -0.0115211688304092 0.1215233298718795
0.4977933238583636 0.5000000000000000 -0.0576642301283124
-0.3135178398491029 0.5000000000000000 0.2141222948866868
-0.3339324945909428 0.5000000000000000 0.2729601616025259
-0.2808415827646282 0.5000000000000000 0.2741021796355041
-0.2228021142404505 0.5000000000000000 0.1912313731577736
-0.1191293685053854 0.5000000000000000 0.1324722601813113
-0.2692855200065131 0.5000000000000000 0.2660089196772297
-0.4073777681758662 0.5000000000000000 0.2309219816438198
-0.2469311428729671 0.5000000000000000 0.3501807906168269
-0.4135775399587042 0.5000000000000000 0.1793209547483265
-0.5000000000000000 -0.0580434250791764 -0.0618160767142404
-0.5000000000000000 -0.0917726306636558 -0.0807103886643141
-0.5000000000000000 -0.0891139744076212 -0.2438624454349207
-0.5000000000000000 -0.0310759267047388 -0.0676391850687089
-0.2648801716144769 0.0329909021386130 -0.5000000000000000
-0.2516415758184348 0.1495625987633993 -0.5000000000000000
-0.2716140074776714 -0.5000000000000000 -0.0113898515991427
0.3244856784999515 -0.1812043375709991 -0.5000000000000000
0.3361140286468198 -0.1805774043613759 -0.5000000000000000
0.3349928243363136 -0.1967974512620842 -0.5000000000000000
0.3272713511074867 -0.1839406848484202 -0.5000000000000000
0.1739447646606743 0.5000000000000000 -0.1349402604365817
0.4556157543828566 -0.2022658669368659 0.5000000000000000
0.5000000000000000 -0.2249381764390709 0.4204619080320098
0.5000000000000000 -0.2616476484358272 0.3914390064750392
0.5000000000000000 -0.2211705808426026 0.3786683053096792
0.5000000000000000 -0.1478734125339984 0.2983852133119252
0.4797953814565891 -0.1874772063819574 0.5000000000000000
0.3293338863200027 -0.3427571104707255 0.5000000000000000
-0.3832416655310849 -0.2350891405824812 -0.5000000000000000
-0.3034678379910863 -0.1983858082042493 -0.5000000000000000
-0.3379005524470364 -0.1930357344743969 -0.5000000000000000
-0.3367947023845717 -0.2072452894267450 -0.5000000000000000
-0.3273837638228236 -0.1941977701227789 -0.5000000000000000
-0.3388132518196787 -0.1803484225712961 -0.5000000000000000
0.0074168019606519 0.3169701387694478 -0.5000000000000000
0.5000000000000000 0.2012293486130712 0.2034331048990377
0.3246534024596745 -0.0277454888941418 0.5000000000000000
0.3347902863791103 -0.0298200268811650 0.5000000000000000
0.3375863321112763 -0.0267250058611679 0.5000000000000000
0.3318685294839115 -0.0317503012612976 0.5000000000000000
0.3357227457969276 -0.0303374513670116 0.5000000000000000
0.0894737540314088 -0.5000000000000000 -0.4347776022931017
-0.0729954362804928 -0.5000000000000000 -0.3111722900587126
0.2422948416502521 0.5000000000000000 0.1832583153071617
0.0685763495117384 0.5000000000000000 0.0184598694770232
0.1767327089829396 0.5000000000000000 0.0948805380536360
0.0726428054290521 0.0823951869005969 0.5000000000000000
-0.4802570977062147 0.5000000000000000 -0.4893983987687033
-0.5000000000000000 0.3328480123961879 -0.4632102543129491
-0.5000000000000000 0.3616787044812447 -0.2931917366687321
0.0940259153733081 -0.0291815863938611 -0.5000000000000000
0.2077827598836140 -0.0545431102091871 -0.5000000000000000
0.0646576149485454 -0.0367268356545820 -0.5000000000000000
0.2922209011546085 -0.0964300697251775 -0.5000000000000000
0.0460709282454672 -0.2722055452943880 0.5000000000000000
0.1560270552213015 -0.3105846172560087 0.5000000000000000
-0.2435596970232192 -0.2301288735265550 0.5000000000000000
-0.5000000000000000 0.0980494939988673 0.3196825263296701
0.2034736987154420 -0.5000000000000000 -0.2274142489039243
0.3280349970002377 -0.3749868822196036 -0.5000000000000000
0.2423515987583193 -0.5000000000000000 -0.3311206748803859
-0.4765807537833190 -0.3224399585803681 -0.5000000000000000
-0.4504178970821420 -0.3175622872141641 -0.5000000000000000
-0.5000000000000000 -0.4037659569569126 -0.3528098373895051
-0.5000000000000000 -0.3136701329192049 -0.4816143417186991
-0.5000000000000000 -0.1673649681081472 -0.3643901475046485
-0.5000000000000000 -0.3666138778018150 -0.4695395063342483
-0.4525419459538444 -0.2783971834148770 -0.5000000000000000
-0.4796382329931485 -0.2731173850640529 -0.5000000000000000
-0.0284307780331354 -0.1884779578505888 0.5000000000000000
0.0009736759750108 -0.2612892756112192 0.5000000000000000
-0.0123007872977840 -0.2799383646577350 0.5000000000000000
-0.1411723864461323 -0.2534036423921023 0.5000000000000000
-0.0174870838621357 -0.3022867781745998 0.5000000000000000
-0.0401414987442666 -0.2963715072854485 0.5000000000000000
-0.0806942291902077 -0.5000000000000000 0.3959832023662223
-0.0838291020164800 -0.5000000000000000 0.3863390967662187
-0.2473216846571271 0.0219431557523794 -0.5000000000000000
0.4698428341036655 -0.4815216001599066 -0.5000000000000000
0.2815188132544294 -0.4268673233090289 0.5000000000000000
0.2117322371343583 -0.3915483329352415 0.5000000000000000
0.2551879212977297 -0.4075746537086717 0.5000000000000000
-0.2593930746122071 0.0159544659271155 -0.5000000000000000
-0.2513921000852727 -0.0607357763248747 -0.5000000000000000
0.5000000000000000 -0.0238259324391259 0.0947810813713099
0.5000000000000000 -0.0231971737571667 -0.0888167204618455
-0.0200313145905678 -0.0529050455210077 0.5000000000000000
-0.0798849528876662 0.0285359056398531 0.5000000000000000
-0.0744980236589363 -0.0596377922477522 0.5000000000000000
-0.2663513113597251 -0.5000000000000000 -0.0682592215565229
0.1418909691400215 -0.5000000000000000 -0.0936326873307406
0.4869790399838595 -0.5000000000000000 0.3126298615475603
0.5000000000000000 -0.3508047609763609 0.4086538281213669
0.2126244582039998 -0.5000000000000000 0.3105471966406993
0.3149600555439815 -0.3587189889501859 0.5000000000000000
0.5000000000000000 -0.3148526124697218 -0.3535725043511072
0.5000000000000000 -0.3163708611043601 -0.3534139723595975
0.5000000000000000 -0.3143827001736413 -0.3495737517375618
0.5000000000000000 -0.3187889736908552 -0.3549270113103895
0.5000000000000000 -0.3170546550271398 -0.3514884396251927
-0.5000000000000000 0.3384924783597596 0.3156194551663352
-0.5000000000000000 0.3032223313858619 0.4288074885609741
-0.2096485190949318 0.5000000000000000 0.4622157028373657
-0.2375528412460973 0.5000000000000000 0.4110644663547998
-0.5000000000000000 0.4333287326164240 0.2197945031297205
-0.3459657755917921 0.4808971656319437 0.5000000000000000
-0.4165636145696922 0.5000000000000000 0.3074275411199229
-0.2682273594867970 0.3423514986058470 0.5000000000000000
-0.5000000000000000 0.1167028758809225 -0.3857563524793861
-0.5000000000000000 0.1068738026968791 -0.2780090362204256
-0.5000000000000000 0.2308007228207564 -0.2039788116033647
-0.3355166436997210 0.4988163958232679 -0.4742949992114981
-0.4795896612779757 0.5000000000000000 -0.4725696953691796
0.4271691474156082 -0.5000000000000000 -0.1059574750639929
0.2939339890220546 -0.5000000000000000 -0.0373586199926103
0.2575651806036662 -0.5000000000000000 -0.0048512985301840
0.3849845511820157 -0.4989302628378671 0.0989815402154989
-0.4765104820935879 0.5000000000000000 -0.1988722775634416
-0.5000000000000000 0.4992529913790213 -0.1593935937411684
-0.4636949690217853 0.5000000000000000 -0.1590927300653628
-0.4543277595665681 0.5000000000000000 -0.1774816695487144
-0.5000000000000000 0.4989925589075068 -0.2040594617449828
-0.5000000000000000 0.4932017702318716 -0.1931368650288694
-0.5000000000000000 0.4456684388937228 -0.1874036482666297
-0.5000000000000000 0.4428745527347044 -0.2153141475245497
0.0931877788635534 -0.4718240544711274 -0.5000000000000000
-0.0762849376454994 -0.5000000000000000 -0.3535918201190379
-0.0199826035806365 -0.5000000000000000 0.1224244945045197
0.1274634498326756 -0.5000000000000000 -0.0664833798460729
-0.0554319966791826 -0.5000000000000000 -0.0487333501163400
-0.0203680413471217 0.4507936681373359 0.5000000000000000
-0.0257287171301226 0.4686739654473017 0.5000000000000000
-0.0204523913929225 0.5000000000000000 0.4439271701862086
0.0293028138263518 0.4720445003893301 0.5000000000000000
-0.0146038272157798 0.4338476439204942 0.5000000000000000
-0.0037233727732293 0.5000000000000000 0.3741526552053369
-0.1031612183882312 0.2667484537534028 0.5000000000000000
-0.1406564453340328 0.2010118990501689 0.5000000000000000
0.4875013576242744 -0.5000000000000000 0.3111421257895126
0.4433986360199312 -0.5000000000000000 0.2191486962158546
0.4899467262375538 -0.5000000000000000 0.3131637110299669
0.4528990226346066 -0.4950723289827870 -0.1206396224411578
0.5000000000000000 -0.0549378216602111 0.1260107661588613
0.5000000000000000 -0.0055313539758062 0.1138548907618014
0.5000000000000000 -0.0866199146055443 0.0639299369276335
-0.5000000000000000 0.4188941487969317 0.0465987889908186
-0.5000000000000000 0.4714360985563917 0.1807240594082056
-0.5000000000000000 0.4837865317674073 0.1345881593041847
0.5000000000000000 -0.0796156004895041 -0.2244155736865095
0.5000000000000000 -0.0172793026906508 -0.1650460923790025
0.5000000000000000 -0.1098019032768262 -0.1304893696553195
0.5000000000000000 -0.0677442698003829 -0.1381614527873697
0.5000000000000000 -0.0810488040264361 -0.0943029667186102
0.3157301677736264 0.2246536692320165 0.5000000000000000
0.4586507277940365 0.1367419190543651 0.5000000000000000
-0.1809094487968830 0.3509457749446062 0.5000000000000000
-0.0247255937711841 0.3454536458611192 0.5000000000000000
0.5000000000000000 -0.0716047934467385 -0.3320659838152723
0.5000000000000000 -0.2094057251102397 -0.3859255826911758
0.5000000000000000 -0.0728689386124375 -0.4879420401847572
0.4068978443860276 -0.1701934748120725 -0.5000000000000000
0.5000000000000000 -0.1367955211693006 -0.3793739596237894
0.4727934478810227 -0.1552660998207252 -0.5000000000000000
0.3651322965310418 -0.1180475003116433 -0.5000000000000000
0.4384733280089083 -0.0676708559982042 -0.5000000000000000
0.3805216763120788 0.0339880536471395 0.5000000000000000
0.1157486434092737 0.0349140665700896 0.5000000000000000
0.0760403391848627 -0.5000000000000000 0.0649179020592051
-0.0154336465906629 -0.5000000000000000 0.1170287406428588
0.1157397753679852 -0.5000000000000000 -0.0508887501158060
-0.0420590558400516 -0.5000000000000000 -0.0312848842264036
-0.2162762088406656 0.0104638663579523 0.5000000000000000
0.5000000000000000 0.0193462286492893 0.2248935624771239
0.5000000000000000 -0.0976250446599601 0.2375584565630147
0.5000000000000000 0.0044893873183996 0.1554074135374548
0.4877444664521625 0.5000000000000000 -0.1056655006624391
0.1620956037731754 0.3689846503672258 -0.5000000000000000
0.1833979208415553 0.2945228902777594 -0.5000000000000000
0.0983537266485298 0.5000000000000000 -0.2999927191991362
0.2523794871334767 0.5000000000000000 -0.3302961394527913
0.2232825183043455 0.3706832737589016 -0.5000000000000000
-0.1251934621249837 0.3002114622454121 0.5000000000000000
-0.0117299816917786 0.2940258360221908 0.5000000000000000
0.0870697560803798 -0.0248940240788604 -0.5000000000000000
0.0903458423204063 -0.0251812636094447 -0.5000000000000000
0.0809651677926688 -0.0244578292967519 -0.5000000000000000
0.0935628337482953 -0.0210840708585446 -0.5000000000000000
0.0907230775925064 -0.0073488409654505 -0.5000000000000000
-0.2368337853628635 -0.1327768093710071 -0.5000000000000000
-0.1337249282107257 -0.2106017073754936 -0.5000000000000000
-0.1490583311965041 -0.2879944173229695 -0.5000000000000000
-0.4405238987880055 0.1972238983109179 0.5000000000000000
0.5000000000000000 -0.4114856937991740 -0.1241822525234725
0.5000000000000000 -0.3946684129960214 -0.0221436684044098
0.0575918458082013 0.5000000000000000 -0.2947833549407908
-0.1361852696399700 0.4309889734726366 -0.5000000000000000
-0.0340139108899965 0.5000000000000000 -0.1863084930062953
-0.1009724701145183 0.5000000000000000 -0.3882955619724892
0.5000000000000000 -0.3908584156868343 -0.1224609905369769
0.5000000000000000 -0.3968335008335448 -0.1350557228883381
0.1557738129756399 -0.5000000000000000 -0.4520340253895982
0.1784022958472288 -0.4388589925354681 -0.5000000000000000
0.1475581577242953 -0.5000000000000000 -0.3225750551455739
0.1123995138468948 -0.4523767326276206 -0.5000000000000000
0.0948379529694042 -0.4426029593389511 -0.5000000000000000
0.1858419775081646 -0.5000000000000000 -0.3932130854295735
0.0791525163175584 -0.4338665730456943 -0.5000000000000000
0.1256133877139740 -0.4398715385332688 -0.5000000000000000
0.2123332454738701 -0.5000000000000000 -0.4193442984469834
0.0090849343229449 -0.0261784635185921 0.5000000000000000
0.4582738733669241 -0.5000000000000000 -0.4365177619946314
0.5000000000000000 0.0150550450375976 -0.2366851223171630
0.5000000000000000 0.0083155074684765 -0.2797461219550487
0.5000000000000000 0.1375506852989721 -0.3114429461327378
0.5000000000000000 -0.2702196439659645 -0.1407021800559762
0.5000000000000000 -0.3688359244654594 -0.0164299527190671
0.5000000000000000 -0.2712847943506405 -0.0663576697541382
-0.4928579397550061 0.1398055560044547 0.5000000000000000
-0.4647264345972273 0.5000000000000000 0.1959999175751544
0.2600117016300757 0.5000000000000000 0.4993919706622072
0.1777558352523441 0.5000000000000000 0.4459497095573970
0.0482639514363189 0.0615184686066699 0.5000000000000000
0.5000000000000000 0.0582020491922767 0.3168802442101967
0.5000000000000000 0.0772678873005191 0.2236247598760283
0.5000000000000000 0.0632016462994254 0.2728489906368346
0.5000000000000000 0.0455257097555509 0.2845133298775863
0.5000000000000000 -0.1802331410809580 -0.1645860270886536
-0.0013385914196919 0.1023465403142285 0.5000000000000000
0.0228827165497566 0.0563348865207091 0.5000000000000000
0.0522641277488154 -0.0300826987518486 -0.5000000000000000
0.2685019571286769 0.5000000000000000 0.2232942074033414
0.3615898237109971 0.4674797158405299 0.5000000000000000
0.4156135268679165 0.4561593983592769 0.5000000000000000
0.3723269609441930 0.5000000000000000 0.3706131069633801
0.3284719351924948 0.3357479744598766 0.5000000000000000
0.3995482759353596 0.4717662701368954 0.5000000000000000
0.5000000000000000 0.4071763222847666 0.4632980170084054
0.3460882953925300 0.3926253721251075 0.5000000000000000
-0.5000000000000000 -0.4191605554190102 -0.3298164224517796
0.4892590461165310 -0.5000000000000000 -0.4690913742106823
0.5000000000000000 0.4613230547260413 0.0859764098857897
0.5000000000000000 0.4320256261075818 0.0577106896940811
0.5000000000000000 0.4440892559349094 0.0360292191737551
-0.3136122976762979 0.4917483259961852 -0.5000000000000000
-0.1406979892924430 0.4587673076963366 0.5000000000000000
0.5000000000000000 0.2983639742927219 0.4440071644087518
-0.2028358355806501 0.5000000000000000 0.4651959665874100
-0.2071436659802476 0.5000000000000000 0.4302509423922973
-0.2801682188152220 0.4776612786887922 0.5000000000000000
-0.1822972127294100 0.4071920905378349 0.5000000000000000
0.4704823268761050 0.4961875272105580 0.1628984201704477
0.4749747327244068 0.5000000000000000 0.0614613003696114
-0.5000000000000000 0.2348050225812926 0.4602709633762075
-0.4658330868271784 0.1057486608311052 0.5000000000000000
-0.5000000000000000 0.2047164782003098 0.4230919215279595
-0.4430901475454604 0.1259439177674821 0.5000000000000000
-0.5000000000000000 0.1260760134601249 0.3529564024842526
-0.4410561415473614 0.2053958849661190 0.5000000000000000
-0.5000000000000000 -0.0417125015636072 -0.3989847917987252
0.4365863625798075 0.0869054664857187 0.5000000000000000
-0.3363423145539853 -0.5000000000000000 -0.4452580623878921
-0.0397304641551343 -0.5000000000000000 0.1361823802462815
-0.1003069684085996 -0.5000000000000000 -0.0482336354798246
0.2043025735403875 -0.0459657362516305 -0.5000000000000000
0.0577760358743599 -0.0305127905772358 -0.5000000000000000
-0.1233030759970957 0.2617333048340063 -0.5000000000000000
-0.3106922696822891 0.2309747711314628 -0.5000000000000000
-0.2549677345553348 -0.1054297077500215 -0.5000000000000000
-0.0864746846926321 0.5000000000000000 0.1690669096226955
-0.0751692647613605 0.4934265289718046 0.1057584327169867
0.4999119409090610 0.4598358598114748 -0.0444213025380879
0.5000000000000000 0.3767755831572430 0.1045216332195324
-0.3996507083848573 -0.3235110553586542 0.5000000000000000
0.0455019378737686 -0.0387650965929683 -0.5000000000000000
0.4145329763612360 0.5000000000000000 0.1722049529684625
0.2153086883025060 0.5000000000000000 0.2123382133586762
0.2977190536943791 0.5000000000000000 0.1509941055729143
0.2729189234291540 0.5000000000000000 0.1887599112082341
0.5000000000000000 -0.2805806927089203 -0.3819522927404471
0.3963402265748940 -0.2302999270676966 -0.5000000000000000
0.3404634643723162 -0.3635887764209780 -0.5000000000000000
0.3982239217919497 -0.2860834351498314 -0.5000000000000000
0.4667122202238813 -0.1778132779082721 -0.5000000000000000
0.1192966654669605 0.3277620478638524 -0.5000000000000000
0.5000000000000000 0.1093554550019974 -0.1567692227795308
-0.5000000000000000 -0.4218866897594087 -0.3327012966014258
-0.1465181255933836 -0.5000000000000000 -0.1574759880006662
0.4552904172743618 0.5000000000000000 0.1956052256344615
0.5000000000000000 0.4809924885826594 0.1641694874686423
0.0829334717094132 0.5000000000000000 0.3581355184313386
0.1500476033320194 0.4985810919220927 0.5000000000000000
0.5000000000000000 0.0779379182092912 0.1437022260424268
0.2129702847706774 -0.0360105893957549 -0.5000000000000000
0.2336158322172114 -0.0334282543962269 -0.5000000000000000
0.5000000000000000 -0.4461881373176610 -0.4669683558678041
-0.5000000000000000 0.3337864914044807 -0.4610902022388746
-0.5000000000000000 0.3314280616044886 -0.4591823723295095
-0.2692512673068709 -0.1050090377587931 -0.5000000000000000
0.3832598667424176 0.2896964016660553 0.5000000000000000
-0.5000000000000000 -0.4203852117834910 -0.3223095046318338
-0.4442202801935815 -0.5000000000000000 -0.0479119922886497
-0.2296240507181737 -0.5000000000000000 0.3353576467918601
0.2529698142595033 0.2013225057499408 -0.5000000000000000
0.2530644209585566 0.1653287175422616 -0.5000000000000000
-0.5000000000000000 -0.4236586866466377 -0.3224567610852020
-0.1614007946173758 -0.5000000000000000 0.0302384712575060
-0.3895876454008976 -0.5000000000000000 -0.0531011756685252
-0.2233800153892145 -0.5000000000000000 -0.0687961125244722
-0.5000000000000000 0.4282639885046105 -0.0559042960073795
-0.4718080101972768 0.5000000000000000 0.1059525029043394
0.5000000000000000 -0.2170084747946085 -0.2251556120398945
0.0437018300831957 -0.0292093966731972 -0.5000000000000000
-0.1505291766228860 0.1246377522044858 0.5000000000000000
-0.5000000000000000 -0.1539264632086150 -0.1074698477893618
-0.5000000000000000 -0.1082436045206902 -0.3112851423878803
-0.1967258252072905 0.5000000000000000 0.0332981703484320
-0.1843874936623052 0.5000000000000000 0.3208822219066300
-0.0474339324852776 0.5000000000000000 0.1924343201252933
0.1954255765630084 -0.5000000000000000 -0.1514113334998826
0.1752788400795217 -0.5000000000000000 -0.0712476442761591
0.1866627682041643 -0.5000000000000000 -0.1305422541507524
-0.1001556502850707 0.5000000000000000 0.0845233359309607
-0.0649402207762059 0.5000000000000000 0.0818950071060316
-0.0601445273590239 0.5000000000000000 0.1317056767001998
0.3927393610569718 -0.4557405044737147 -0.5000000000000000
0.2529751550921968 -0.4323900632912711 -0.5000000000000000
0.0019078118015425 -0.5000000000000000 -0.2718962709010128
-0.1112339641028352 -0.4632594018867914 -0.5000000000000000
-0.1198786335764636 -0.4117977821888257 -0.5000000000000000
-0.0024738470208644 -0.5000000000000000 -0.2629017246581054
-0.0798978254215962 -0.5000000000000000 -0.2034112131699868
0.2268205774924030 -0.5000000000000000 -0.0312447150244629
0.1967664860088276 -0.5000000000000000 -0.1945071483767268
0.1308099134190689 -0.5000000000000000 -0.2436005946375759
0.5000000000000000 0.1432831435480245 -0.3517394845799792
0.3790331774611049 0.5000000000000000 0.3129493674415424
-0.4263331246958240 -0.5000000000000000 0.1572418526189706
-0.5000000000000000 0.3989156723697365 -0.3377701022417448
-0.4399224479464935 0.4903311446209794 0.1562220040789448
-0.2336025918965319 -0.3210533382634441 -0.5000000000000000
0.4583843498677043 -0.4818105375971157 -0.5000000000000000
-0.3984749963098212 0.5000000000000000 -0.1946081875310041
-0.2049115417989348 0.0781275489942411 0.4971703544362582
0.4378537073823906 -0.4873116505820364 -0.5000000000000000
-0.2017252986422533 0.5000000000000000 0.4630100055362061
0.5000000000000000 -0.1635625342129968 -0.2103786961396195
0.5000000000000000 -0.1793107797514717 -0.1078230307748287
0.2464122680188252 -0.1364359043318792 0.5000000000000000
0.2925050320476676 0.5000000000000000 -0.2786433672059974
0.3396442805165711 0.5000000000000000 -0.1032245361163526
0.5000000000000000 0.3483756890804680 -0.2509197193858866
0.2489136591632813 0.2140692570312465 -0.5000000000000000
0.1754728049623144 0.2220163346366388 -0.5000000000000000
0.1555117676433832 0.2603950454714212 -0.5000000000000000
0.3558788348266741 0.2828776002725062 0.5000000000000000
0.2577051622497487 0.1528786486659672 0.5000000000000000
-0.1562509006153590 0.2475125754056884 0.5000000000000000
0.3941915655328406 -0.4199355826690793 -0.5000000000000000
0.4410954123774310 -0.4624206856248049 -0.5000000000000000
0.5000000000000000 -0.3164721483452561 0.4079721312527487
0.3164222248691883 -0.3499321932620046 0.5000000000000000
-0.5000000000000000 0.3852115305121719 -0.0360863177912813
-0.0280808759542395 -0.3029443821905390 -0.5000000000000000
-0.5000000000000000 0.4304849534588607 0.1704572539821762
-0.5000000000000000 0.3194745973559436 -0.1110967138164515
-0.5000000000000000 0.3431360400086357 -0.1013983973089128
-0.5000000000000000 0.3539086099781196 -0.1561361601379277
-0.5000000000000000 0.2090737869070626 -0.2400239596638510
0.5000000000000000 -0.4146594899165796 0.2220291414523218
0.2777114486701333 0.2602123172472500 -0.5000000000000000
-0.5000000000000000 0.0150423790718658 -0.0765668037374643
-0.5000000000000000 0.2460374329851342 -0.1307852431941996
0.2261524446181581 -0.5000000000000000 0.0289902042225711
0.5000000000000000 -0.3671646039874746 0.3127396319740873
-0.2027104929145759 0.5000000000000000 0.4277019564445301
-0.5000000000000000 -0.1042233391478399 -0.2803076927770622
-0.5000000000000000 -0.1015676684993362 -0.3270361895607449
-0.5000000000000000 -0.0935184536666909 -0.3681839333500074
-0.5000000000000000 0.4536852799224620 0.2071842006042450
-0.5000000000000000 0.4528191814975028 0.1988459872751374
0.5000000000000000 -0.3773430863717426 0.1045148412830942
0.5000000000000000 -0.3851438905259702 0.0030726521555509
-0.2457792955884033 -0.2518841542625332 0.5000000000000000
-0.5000000000000000 -0.2269482571846538 0.2915020362265571
-0.2059539869318254 -0.3713346502499000 0.5000000000000000
-0.4445845497075102 -0.2809504190559605 0.5000000000000000
0.5000000000000000 0.4182451474360462 0.1456947015010014
-0.1140082118646851 0.2747152358821474 -0.5000000000000000
-0.0671849184023540 0.2672877155555515 -0.5000000000000000
-0.0803278907236328 0.2899428674802450 -0.5000000000000000
-0.1105606690992514 0.2999338673446119 -0.5000000000000000
0.3084186906409543 0.5000000000000000 -0.3331275013895191
0.3419613994251930 0.5000000000000000 -0.1689621793093731
0.5000000000000000 0.3680685257314729 -0.2825113180045253
0.5000000000000000 0.3493148231840829 -0.3855832714184690
-0.0132241222108821 0.5000000000000000 0.2745244886450670
0.3244506431760844 -0.3779373626778658 -0.5000000000000000
0.2394679053615918 -0.5000000000000000 -0.3565653870365519
-0.0174591257482796 -0.3873014754135839 0.5000000000000000
0.1246602025197493 -0.5000000000000000 0.3987718214771113
0.0255256633463186 -0.5000000000000000 0.3034788524003088
0.0526451181842084 -0.4863268475691049 0.5000000000000000
0.2938130133628017 -0.3509650878580836 0.5000000000000000
0.5000000000000000 0.1677650206909423 -0.2863470502434599
-0.2095580604799757 -0.2175832011113080 0.5000000000000000
-0.4534318145869792 0.5000000000000000 0.2487471423994590
-0.4360036963204382 0.5000000000000000 0.1875010923881144
0.5000000000000000 -0.1301160519041127 0.2701106041018781
-0.0287665170491661 -0.5000000000000000 0.1555598767491872
-0.0205540604792678 -0.5000000000000000 0.1586586090487674
-0.0109409398148068 -0.5000000000000000 0.1522605543955489
0.4568054914757725 0.1663551028566072 0.5000000000000000
0.4351107234182507 0.1194420440435694 0.5000000000000000
0.5000000000000000 -0.1212261803330366 0.2051099061207560
0.5000000000000000 -0.1604351711025168 -0.0197133728684382
0.4098778003931248 0.5000000000000000 -0.1526694265228788
0.4085430595378737 0.5000000000000000 -0.0658407014470453
0.2124479312780929 -0.5000000000000000 -0.0218416452724732
0.1413539701179379 -0.5000000000000000 -0.1203614434525415
0.1558285836925836 -0.5000000000000000 -0.0756581636193019
0.4882889669863273 0.2484615364334956 0.5000000000000000
0.0605921527479883 -0.0021162898790366 -0.5000000000000000
-0.5000000000000000 0.3759002054284216 -0.2676292120093351
-0.3742168650374255 -0.1152384633175415 -0.5000000000000000
-0.4328357802146466 -0.1223351036249021 -0.5000000000000000
0.3281876325906854 -0.0593794478654945 -0.5000000000000000
0.4179805773380644 0.0468610823029741 -0.5000000000000000
0.1041783905030577 0.5000000000000000 -0.2597348743086351
0.0883069418566519 0.5000000000000000 -0.2927950148481479
0.0705654476542499 0.5000000000000000 -0.2911122560175134
0.2447565688314829 0.5000000000000000 -0.2204216667698858
0.3011678470159025 0.5000000000000000 -0.0933611919272001
0.0762403630923448 0.5000000000000000 -0.0854320711716414
0.1811244603392326 0.5000000000000000 0.0428564623288822
-0.0817626356045937 0.3921734275045036 -0.5000000000000000
-0.1343217764236737 0.4209653524535669 -0.5000000000000000
0.1114862834273595 -0.5000000000000000 0.3778229702185701
0.1470193786340003 -0.5000000000000000 0.3585349771113588
0.0143142843241835 -0.5000000000000000 0.2834937555943431
-0.5000000000000000 0.3033503408522177 -0.1777930271566342
-0.5000000000000000 0.3354916737458672 -0.2422633612146997
0.0215367211892615 0.5000000000000000 0.2723087348727863
0.3712120751727158 0.5000000000000000 -0.0402300517962819
-0.5000000000000000 0.3136500787964381 -0.1627489202732802
0.5000000000000000 0.3825551657373963 0.4530601608349731
-0.2317790004475463 -0.4189920761567011 -0.5000000000000000
-0.0676456557666769 -0.3692623464639530 -0.5000000000000000
0.3772566253864692 0.3457321182768145 0.5000000000000000
0.5000000000000000 -0.4385505420853576 0.1502901163646026
0.5000000000000000 -0.3967122710670722 0.1834438580893296
0.1218013264458077 -0.5000000000000000 -0.2234984349879646
0.3081780599886831 -0.3536010122915536 0.5000000000000000
-0.5000000000000000 -0.1192604609171961 -0.4982858291484993
0.0722161685830121 0.2665796290519620 0.5000000000000000
-0.5000000000000000 0.1103676559177943 0.3136460172177106
0.0375485285684539 0.2922818171539345 0.5000000000000000
-0.5000000000000000 0.3536324020728509 -0.2324580033990069
0.4680305056107597 0.0895277394029902 -0.5000000000000000
0 2
0 17
0 32
0 35
0 38
0 42
0 44
0 48
0 230
0 65
0 654
0 78
0 94
0 106
0 121
0 125
0 133
0 142
0 161
0 172
0 181
0 206
0 223
0 225
231 23
232 34
233 45
234 52
235 1050
236 24
237 103
238 194
239 88
240 171
241 15
242 18
243 38
244 566
1 245
1 29
1 246
1 247
1 248
1 69
1 80
1 90
1 99
1 249
1 250
1 251
1 167
1 252
1 208
1 216
1 253
2 9
2 17
2 48
2 78
2 100
2 121
2 123
2 125
2 136
2 145
2 172
2 186
2 195
2 206
2 220
2 223
3 31
3 254
3 255
3 256
3 79
3 85
3 113
3 117
3 124
3 257
3 157
3 221
258 54
259 72
260 88
261 91
4 5
4 28
4 73
4 76
4 102
4 127
4 132
4 141
4 143
4 305
4 147
4 196
4 262
263 212
264 91
265 216
5 73
5 76
5 90
5 104
5 132
5 138
5 146
5 147
5 215
5 218
5 224
266 34
267 84
268 1050
6 41
6 43
6 54
6 269
6 270
6 98
6 271
6 107
6 128
6 272
6 273
6 274
6 275
6 276
6 277
7 22
7 23
7 45
7 47
7 52
7 53
7 75
7 122
7 134
7 136
7 169
7 177
7 183
7 186
7 192
7 227
8 18
8 39
8 534
8 74
8 96
8 112
8 278
8 156
8 279
8 166
8 173
8 195
8 199
8 280
281 74
9 17
9 47
9 48
9 61
9 62
9 84
9 123
9 136
9 148
9 1050
9 183
9 194
9 210
9 220
282 113
283 157
284 74
285 112
286 116
287 199
288 214
10 40
10 57
10 65
10 70
10 82
10 111
10 115
10 130
10 155
10 160
10 161
10 178
10 198
10 207
10 217
11 37
11 289
11 63
11 64
11 66
11 290
11 291
11 81
11 87
11 93
11 95
11 292
11 114
11 135
11 137
11 293
11 145
11 294
11 295
11 296
11 297
11 211
298 92
299 176
12 31
12 517
12 46
12 72
12 80
12 88
12 138
12 152
12 163
12 188
12 222
300 114
301 88
302 80
303 27
304 634
306 305
13 50
13 67
13 71
13 104
13 138
13 146
13 152
13 171
13 190
13 218
14 27
14 56
14 59
14 68
14 89
14 307
14 922
14 308
14 120
14 149
14 309
14 310
14 600
14 201
14 205
14 897
15 32
15 38
15 44
15 311
15 312
15 313
15 314
15 156
15 315
15 316
15 1051
15 317
15 189
15 200
15 318
15 225
319 92
16 29
16 63
16 73
16 81
16 90
16 114
16 135
16 144
16 147
16 162
16 193
16 196
16 228
17 30
17 42
17 48
17 61
17 62
17 85
17 105
17 106
17 117
17 121
17 126
17 206
17 220
17 221
17 229
18 323
18 38
18 534
18 320
18 156
18 166
18 173
18 321
18 322
18 566
324 471
325 150
19 63
19 64
19 68
19 78
19 81
19 130
19 137
19 144
19 159
19 161
19 213
19 217
19 226
326 139
20 328
20 329
20 33
20 330
20 77
20 331
20 91
20 127
20 332
20 141
20 333
20 153
20 334
20 335
20 204
336 33
337 141
338 143
339 305
340 204
341 55
342 56
343 922
344 120
345 154
346 158
347 205
21 348
21 349
21 97
21 350
21 351
21 168
21 197
21 897
352 84
22 53
22 353
22 58
22 69
22 75
22 86
22 99
22 122
22 354
22 134
22 136
22 355
22 356
22 169
22 357
22 192
22 358
22 359
360 27
361 154
362 180
363 171
364 97
365 110
366 197
367 219
23 34
23 47
23 52
23 368
23 369
23 83
23 101
23 148
23 1050
23 370
23 371
23 177
23 182
23 183
23 1119
372 70
24 373
24 374
24 103
24 107
24 375
24 376
24 377
24 128
24 378
24 148
24 379
24 380
24 174
24 381
24 187
24 194
24 382
24 383
25 384
25 91
25 147
25 153
25 385
25 386
25 208
25 216
387 30
388 103
389 194
390 221
26 391
26 392
26 393
26 126
26 394
26 1031
26 395
26 396
26 397
26 398
26 189
26 399
26 400
26 202
26 401
26 225
27 402
27 403
27 404
27 57
27 59
27 120
27 154
27 405
27 180
27 406
27 600
27 212
27 407
27 226
408 323
409 108
410 166
411 184
412 29
413 80
414 90
415 215
416 216
417 71
418 171
419 155
420 93
421 53
422 892
28 423
28 73
28 95
28 102
28 114
28 127
28 141
28 305
28 150
28 153
28 196
28 204
28 424
28 228
425 56
29 66
29 69
29 90
29 93
29 99
29 100
29 122
29 135
29 147
29 162
29 167
29 193
29 208
29 215
29 216
426 70
427 82
428 32
429 77
430 91
30 48
30 431
30 62
30 84
30 85
30 103
30 106
30 117
30 432
30 126
30 433
30 434
30 194
30 202
30 435
30 436
30 221
30 229
437 55
438 471
439 158
440 175
441 1051
442 200
31 46
31 60
31 72
31 79
31 83
31 105
31 107
31 117
31 122
31 124
31 157
31 163
31 169
31 188
31 203
31 210
31 222
32 38
32 42
32 443
32 444
32 445
32 446
32 447
32 448
32 142
32 449
32 450
32 189
32 202
32 225
323 451
323 534
323 452
323 453
323 454
323 166
323 184
323 455
323 456
323 457
323 566
33 458
33 459
33 460
33 461
33 141
33 153
33 204
462 120
463 55
464 56
34 45
34 47
34 52
34 84
34 116
34 148
34 1050
34 465
466 57
467 82
468 178
35 65
35 654
35 87
35 94
35 469
35 133
35 140
35 470
35 164
35 180
35 181
35 184
35 223
36 46
36 119
36 121
36 144
36 152
36 161
36 162
36 170
36 198
472 126
473 45
474 116
475 69
476 93
477 208
478 216
37 479
37 63
37 64
37 480
37 481
37 482
37 483
37 87
37 89
37 471
37 137
37 139
37 484
37 164
37 485
37 175
37 201
37 211
486 126
487 202
38 44
38 488
38 654
38 94
38 96
38 140
38 156
38 166
38 489
38 181
38 490
38 223
38 225
38 566
491 204
39 492
39 96
39 493
39 125
39 133
39 494
39 495
39 496
39 166
39 172
39 181
39 184
39 195
39 223
40 497
40 498
40 70
40 82
40 499
40 500
40 501
40 97
40 119
40 155
40 160
40 176
40 178
40 502
40 503
40 207
40 217
40 219
41 43
41 504
41 54
41 505
41 506
41 98
41 507
41 129
41 508
41 509
41 510
41 511
512 113
513 157
514 221
515 634
516 67
518 99
519 167
42 48
42 520
42 521
42 106
42 522
42 523
42 131
42 142
42 524
42 202
42 206
42 225
525 70
526 155
527 103
43 517
43 528
43 54
43 60
43 529
43 83
43 98
43 107
43 129
43 530
43 165
43 531
43 179
43 532
43 533
43 1119
43 222
535 51
536 109
537 131
538 229
517 80
517 88
517 163
517 165
517 167
517 169
517 192
517 539
517 540
517 222
541 139
44 48
44 542
44 84
44 543
44 1031
44 156
44 172
44 185
44 189
44 544
44 200
44 545
44 223
44 225
45 47
45 52
45 53
45 86
45 116
45 892
45 136
45 546
45 186
45 547
45 548
45 549
45 550
45 214
45 551
552 1031
46 90
46 105
46 117
46 121
46 122
46 124
46 152
46 162
46 163
46 167
46 170
46 188
46 210
47 52
47 84
47 116
47 123
47 136
47 148
47 1050
47 183
47 185
47 194
47 553
47 214
554 139
555 98
48 62
48 84
48 106
48 123
48 126
48 556
48 172
48 185
48 194
48 202
48 223
48 225
49 557
49 72
49 558
49 327
49 119
49 124
49 151
49 152
49 157
49 188
49 1123
49 209
559 94
560 142
561 51
562 85
563 109
564 221
565 229
50 67
50 72
50 567
50 88
50 92
50 568
50 327
50 119
50 152
50 171
50 176
50 569
50 190
50 191
50 209
50 218
570 141
571 305
572 150
573 204
51 574
51 106
51 109
51 115
51 131
51 575
51 576
51 229
577 101
578 182
52 53
52 579
52 58
52 75
52 86
52 892
52 136
52 1050
52 580
52 177
52 182
52 581
52 582
52 214
583 327
584 157
585 188
586 97
587 168
588 166
589 139
590 158
591 103
592 107
593 113
594 128
595 57
596 82
597 97
598 160
599 178
601 212
602 922
603 600
53 58
53 604
53 69
53 605
53 75
53 606
53 607
53 86
53 608
53 892
53 134
53 136
53 609
53 610
53 611
53 612
53 186
53 214
53 613
614 534
615 74
616 173
617 1051
618 1031
54 619
54 72
54 88
54 98
54 620
54 107
54 621
54 622
54 129
54 623
54 624
54 157
54 1123
54 625
54 626
54 627
54 628
54 222
629 58
630 86
631 101
632 182
633 69
635 129
55 56
55 89
55 636
55 637
55 139
55 638
55 158
55 175
55 639
55 640
55 205
56 89
56 641
56 922
56 642
56 643
56 149
56 644
56 175
56 645
56 205
56 646
647 88
648 171
649 150
650 204
57 59
57 82
57 111
57 130
57 160
57 178
57 180
57 651
57 600
57 212
57 226
652 98
653 179
58 75
58 86
58 655
58 892
58 656
58 657
658 66
659 93
660 134
661 145
59 68
59 97
59 120
59 149
59 160
59 168
59 662
59 600
59 201
59 897
59 212
59 217
59 226
60 61
60 79
60 83
60 107
60 148
60 174
60 183
60 203
60 210
60 222
61 62
61 79
61 105
61 117
61 148
61 174
61 194
61 203
61 210
61 220
61 221
663 109
664 327
665 151
666 155
62 84
62 103
62 117
62 148
62 1050
62 174
62 194
62 221
667 110
63 64
63 73
63 81
63 95
63 114
63 137
63 144
63 196
63 211
63 213
63 228
668 92
669 92
670 327
671 119
672 151
673 155
674 176
634 67
634 71
634 77
634 675
634 676
634 677
634 104
634 132
634 143
634 678
634 305
634 679
634 680
634 224
534 74
534 166
534 173
534 681
64 65
64 68
64 87
64 95
64 120
64 137
64 159
64 164
64 180
64 201
64 211
64 213
64 226
65 78
65 87
65 94
65 111
65 125
65 130
65 133
65 159
65 161
65 164
65 180
65 226
682 70
683 131
66 69
66 81
66 93
66 99
66 100
66 134
66 135
66 137
66 684
66 145
66 193
66 208
685 84
686 1050
687 194
688 87
67 71
67 689
67 92
67 690
67 691
67 305
67 171
67 176
67 692
67 693
67 694
67 190
67 191
67 695
67 696
67 218
67 224
68 120
68 149
68 159
68 201
68 211
68 213
68 217
68 226
697 1119
69 698
69 93
69 99
69 699
69 700
69 134
69 701
69 702
69 193
69 208
69 216
70 82
70 703
70 704
70 111
70 705
70 131
70 155
70 178
70 706
70 707
70 708
70 207
709 471
710 211
654 94
654 140
654 142
654 181
711 72
712 88
713 209
71 714
71 715
71 80
71 104
71 138
71 716
71 146
71 717
71 171
71 215
71 218
71 224
718 98
719 82
720 91
721 153
722 204
723 165
72 88
72 724
72 725
72 152
72 157
72 726
72 188
72 1123
72 209
72 727
72 222
73 90
73 102
73 119
73 132
73 138
73 144
73 147
73 162
73 190
73 191
73 196
73 213
73 218
73 219
73 224
73 228
728 92
729 892
74 112
74 730
74 156
74 731
74 173
74 732
74 733
734 80
735 88
736 138
737 171
75 86
75 177
75 182
75 192
75 227
738 93
739 134
76 77
76 104
76 127
76 132
76 143
76 305
76 146
76 147
77 740
77 91
77 104
77 127
77 143
77 146
77 147
77 741
77 742
77 743
77 744
77 215
77 216
745 179
746 95
747 102
748 110
749 150
750 197
751 211
752 213
753 134
754 145
755 186
756 195
757 199
758 305
759 80
760 104
761 138
762 146
763 171
764 215
78 81
78 100
78 121
78 125
78 144
78 145
78 159
78 161
78 223
765 1031
766 185
767 200
768 84
769 185
770 1031
771 189
772 202
773 225
774 89
775 471
776 139
777 175
778 80
779 88
780 1051
781 83
782 98
783 107
784 148
785 1050
786 174
787 179
788 187
789 1119
79 105
79 107
79 113
79 117
79 157
79 174
79 203
79 221
80 88
80 90
80 790
80 138
80 791
80 163
80 167
80 792
80 793
80 215
794 93
795 134
81 100
81 114
81 121
81 125
81 135
81 137
81 144
81 145
81 159
81 193
81 196
796 305
797 87
798 108
799 139
800 164
801 185
82 802
82 803
82 160
82 804
82 805
82 178
82 806
82 807
82 808
809 91
810 114
811 147
812 153
813 196
814 208
815 199
816 142
817 109
818 115
819 131
820 155
821 207
83 98
83 107
83 148
83 165
83 169
83 174
83 177
83 183
83 203
83 210
83 1119
83 222
822 471
823 150
84 123
84 126
84 824
84 1050
84 185
84 194
84 825
84 826
84 225
85 109
85 117
85 118
85 124
85 827
85 221
85 229
86 828
86 892
86 829
86 182
86 192
86 830
87 108
87 831
87 125
87 133
87 137
87 140
87 832
87 159
87 164
87 833
87 184
87 834
835 92
836 176
88 138
88 152
88 163
88 167
88 171
88 837
88 209
88 838
88 222
89 471
89 139
89 149
89 839
89 175
89 840
89 841
89 201
89 205
89 211
90 100
90 122
90 135
90 138
90 144
90 146
90 147
90 152
90 162
90 163
90 167
90 193
90 215
842 91
91 843
91 127
91 147
91 844
91 153
91 845
91 846
91 847
91 848
91 849
91 216
92 850
92 851
92 852
92 327
92 119
92 151
92 176
92 853
92 854
92 190
92 209
92 855
856 176
857 191
858 93
859 158
860 97
861 176
862 219
93 863
93 134
93 135
93 864
93 145
93 193
93 208
94 865
94 866
94 111
94 140
94 142
94 161
94 180
94 181
94 198
94 206
867 327
868 157
869 209
870 305
95 102
95 114
95 149
95 150
95 871
95 196
95 204
95 211
95 213
95 228
96 112
96 156
96 166
96 172
96 181
96 185
96 195
96 199
96 223
97 872
97 110
97 149
97 160
97 873
97 168
97 874
97 197
97 875
97 212
97 217
97 219
876 108
877 139
878 154
879 158
880 205
98 107
98 128
98 881
98 882
98 883
98 884
98 885
98 886
98 887
98 179
98 187
98 888
98 1119
99 122
99 889
99 134
99 890
99 167
99 169
99 192
99 193
99 891
100 121
100 122
100 134
100 136
100 145
100 162
100 186
100 193
100 220
893 182
894 922
895 149
896 197
101 898
101 899
101 900
101 901
101 165
101 177
101 182
101 902
101 903
101 904
101 1119
101 905
101 227
906 471
907 150
102 110
102 132
102 150
102 908
102 909
102 190
102 191
102 213
102 219
102 910
102 228
103 107
103 113
103 911
103 912
103 128
103 913
103 914
103 174
103 194
103 915
103 221
103 916
917 113
918 157
919 168
920 897
921 212
104 132
104 143
104 146
104 218
104 224
105 117
105 121
105 170
105 203
105 206
105 210
105 220
923 111
924 142
925 180
926 165
927 179
928 1119
929 108
930 140
931 154
932 164
933 180
106 126
106 131
106 934
106 935
106 202
106 206
106 225
106 229
107 113
107 128
107 157
107 174
107 187
107 936
107 937
107 221
107 222
108 938
108 139
108 140
108 939
108 940
108 154
108 941
108 164
108 942
108 184
108 943
108 944
108 945
946 131
109 115
109 118
109 327
109 124
109 947
109 151
109 155
109 229
110 132
110 948
110 949
110 950
110 190
110 191
110 197
110 213
110 217
110 219
110 951
952 209
111 953
111 130
111 142
111 161
111 178
111 180
111 954
111 198
111 955
111 206
111 207
956 1051
112 957
112 156
112 958
112 959
112 185
112 960
112 199
112 961
113 128
113 157
113 174
113 962
113 963
113 221
964 125
965 133
966 145
967 181
968 195
114 135
114 137
114 969
114 150
114 153
114 970
114 971
114 196
114 204
114 208
114 211
972 129
922 973
922 974
922 205
922 897
115 118
115 131
115 155
115 198
115 206
115 207
115 229
116 975
116 185
116 976
116 977
116 978
116 214
117 118
117 121
117 124
117 170
117 203
117 206
117 221
117 229
118 327
118 124
118 151
118 155
118 170
118 198
118 206
118 229
979 120
980 205
471 981
471 982
471 150
471 983
471 175
471 984
471 985
471 986
471 987
471 988
471 211
989 175
327 119
327 124
327 990
327 151
327 157
327 188
327 209
119 124
119 144
119 151
119 152
119 155
119 162
119 170
119 176
119 190
119 191
119 209
119 217
119 218
119 219
991 158
992 140
993 184
994 566
120 995
120 154
120 164
120 996
120 180
120 201
120 205
120 997
120 226
998 129
121 122
121 136
121 144
121 161
121 162
121 170
121 193
121 206
121 210
121 220
122 134
122 136
122 162
122 163
122 167
122 169
122 193
122 203
122 210
999 179
1000 126
1001 194
123 136
123 172
123 185
123 186
123 214
123 220
124 1002
124 151
124 152
124 157
124 170
124 188
1003 131
1004 142
1005 206
1006 207
1007 154
1008 157
1009 188
125 133
125 137
125 145
125 159
125 161
125 172
125 1010
125 195
125 223
126 1011
126 1012
126 1013
126 1014
126 1015
126 1016
126 194
126 1017
126 202
126 1018
126 225
127 141
127 143
127 305
127 147
127 1019
127 153
127 196
1020 158
1021 1031
1022 189
1023 200
892 1024
1025 128
1026 202
128 1027
128 1028
128 1029
128 187
128 1030
1032 200
129 1033
129 1034
129 1035
129 1036
129 1037
129 1038
129 222
1039 216
130 144
130 159
130 160
130 161
130 180
130 198
130 213
130 217
130 226
131 142
131 1040
131 206
131 207
131 229
1041 204
132 143
132 305
132 146
132 1042
132 190
132 1043
132 224
133 1044
133 159
133 164
133 181
133 1045
133 195
133 223
134 136
134 145
134 1046
134 1047
134 186
134 193
134 195
135 1048
135 144
135 147
135 162
135 193
135 196
135 208
136 169
136 183
136 186
136 210
136 214
136 220
1049 148
1052 189
1053 171
137 145
137 159
137 1054
137 196
138 146
138 152
138 162
138 163
138 171
138 215
138 218
1055 1031
1056 194
1057 200
1058 225
139 1059
139 154
139 1060
139 158
139 164
139 1061
139 201
139 1062
139 205
139 1063
1064 199
140 154
140 164
140 1065
140 181
140 184
140 566
141 143
141 305
141 150
141 1066
141 153
141 204
141 1067
1031 1068
1031 1069
1031 189
1031 200
1031 225
1070 194
1071 194
142 198
142 1072
142 206
142 207
1073 181
1074 184
1075 158
1076 182
1077 192
1078 208
1079 202
143 305
143 1080
143 1081
144 161
144 162
144 170
144 191
144 193
144 198
144 213
144 217
144 219
1082 171
1083 166
1084 184
305 1085
305 1086
305 1087
305 190
305 1088
305 224
1089 165
1090 1119
1091 154
145 1092
145 186
145 193
145 195
146 147
146 215
146 218
1093 157
1094 215
147 153
147 1095
147 196
147 208
147 215
147 216
148 1050
148 1096
148 1097
148 174
148 183
148 194
148 210
148 1098
149 1099
149 168
149 1100
149 197
149 201
149 1101
149 897
149 211
149 213
149 217
1050 1102
1050 194
1050 1103
1050 1104
1105 158
1106 175
150 1107
150 1108
150 1109
150 1110
150 204
150 211
150 1111
150 228
1112 197
1113 201
1114 211
151 155
151 170
151 209
1115 566
1116 225
1117 171
1118 182
152 162
152 163
152 170
152 171
152 188
152 209
152 218
153 1120
153 196
153 204
1121 158
1122 182
1124 158
1125 187
154 164
154 1126
154 180
154 205
154 1127
155 170
155 1128
155 198
155 207
155 217
155 219
156 166
156 172
156 173
156 1051
156 185
156 1129
156 1130
156 200
156 1131
156 223
1132 166
1133 195
1134 199
1135 202
1136 229
157 188
157 1123
157 1137
157 222
158 1138
158 1139
159 161
159 164
159 226
160 1140
160 168
160 178
160 1141
160 212
160 217
160 219
160 226
1142 165
161 170
161 198
161 206
161 217
162 170
162 193
162 218
163 167
163 169
163 215
163 222
164 180
164 184
164 201
164 205
1143 211
165 167
165 169
165 1144
165 177
165 183
165 192
165 1145
165 1146
165 1119
165 1147
165 222
165 227
1148 192
1149 212
166 173
166 181
166 184
166 1150
166 566
167 169
167 1151
167 192
167 1152
167 215
167 222
1153 197
1154 212
168 197
168 897
168 212
169 183
169 192
169 203
169 210
169 222
1155 187
170 188
170 198
170 206
170 217
170 219
1156 215
1157 216
1158 216
1159 179
1160 1119
1161 600
1162 897
171 1163
171 1164
171 1165
171 1166
172 185
172 186
172 195
172 199
172 214
172 223
1167 189
1168 186
1169 195
1170 199
1171 214
173 1051
173 1172
173 1173
173 1174
173 1175
174 187
174 194
174 221
174 1176
175 1177
175 1178
176 1179
176 190
176 1180
176 191
176 1181
176 1182
176 1183
176 219
1184 566
177 182
177 183
177 1119
177 227
1185 209
1186 179
1187 1119
178 1188
178 207
1189 190
1190 191
1191 219
1192 202
1193 229
179 1119
180 1194
180 1195
180 226
1051 1196
1051 1197
1051 200
181 184
181 223
181 566
1198 197
1199 211
1200 213
1201 202
1202 195
182 192
182 1203
182 227
1204 208
1205 216
183 192
183 203
183 210
183 220
183 222
183 227
184 1206
184 1207
184 566
1208 185
1209 199
1210 214
185 1211
185 1212
185 1213
185 199
185 1214
185 214
1215 199
1216 214
186 195
186 199
186 214
188 1123
189 200
189 225
600 897
600 212
190 191
190 218
190 224
1217 191
1218 219
191 1219
191 218
191 219
192 1220
192 1221
192 227
193 208
194 1222
1223 200
1224 227
195 199
195 223
1225 202
1226 204
1227 211
196 208
196 228
197 897
197 213
197 217
198 206
198 207
198 217
199 214
200 225
201 205
201 211
201 226
202 1228
202 225
1123 209
1229 897
1230 212
203 210
203 222
1231 211
1232 219
1233 216
897 212
206 207
206 229
208 216
210 220
211 213
1234 221
213 217
213 219
213 226
213 228
1235 222
1236 221
215 216
1237 227
217 219
217 226
218 224
1238 566
