1333 2636 0
0.3521452833585090 -0.2107850456679896 0.3593261404161830
0.3352273009320658 0.2219022718815089 0.3575133700422384
-0.0327473660126219 0.3827147885937700 0.2427151850445188
0.3246464217136906 0.3136730491325195 -0.3487650087575547
0.0246981096939828 0.3572298354306748 0.1173048134980712
-0.4780281250417689 -0.2844130873624083 0.2735599663929636
0.1351085633157394 0.4365971776538004 0.0548067704691993
0.0315189423870689 0.1073590577430416 -0.2725626886528466
-0.2089939893722659 -0.1382577779118222 0.0455146264796987
0.4454156516848656 0.3581392117138500 0.0715356118278290
0.4824746084054732 0.1419707975443703 0.0347503298441310
-0.0960707671339288 0.2629469032443960 0.2264033849089317
0.0676982686557417 0.3079779895050347 -0.2746635850131771
0.4195747931938800 -0.3196574365933897 0.0911569663073989
-0.3630946856901712 0.4798465464440061 -0.2668257807736022
0.4958053837815011 0.1300954855377956 0.2018088426622790
-0.2193529374723369 0.0549816187583959 0.2688044898199052
0.1322790304375117 -0.1534293225090350 -0.4523290053205866
0.2944754139027002 0.3221970023191085 0.2331535846370835
0.1863333049474976 -0.3986127712711728 0.4468180323816410
0.4722921362033499 -0.0639151520928385 -0.4189619170516946
-0.1062677100493909 0.1601722639314424 -0.3297466701679752
0.0321240237412417 0.4761708112731901 0.0768936703864788
0.4215683219087688 -0.1197867463215877 -0.3616310816838256
-0.3680421524659515 0.2465548814971908 0.1650298110408810
-0.3492259869376305 -0.4880843332254654 0.3733335563290629
-0.4735872067998479 -0.0430685629794967 -0.1080423897687946
0.3932984868468248 -0.4732787519074785 0.1492688278391673
0.0538392445179738 0.1978829125249805 -0.4069301322906204
0.2168251154361545 0.3854385858749800 -0.0307167536018193
0.4642219594569365 0.1809140221157634 0.0901614432281779
-0.1462136524520860 0.1364416245064664 -0.3978448043219740
-0.3343357765298943 -0.2539530761269522 0.4244192685111183
-0.3412083702927617 0.0947034952869428 0.1362633125030353
0.1652977658292594 0.3178761377728639 -0.0300055184405341
0.3819712925753266 -0.3194003135813147 -0.1827193735747583
-0.1828868278145894 -0.1967694350053356 -0.3791699549709621
-0.2666292353053191 -0.2060542467022750 0.1038767522998565
-0.3280627502274940 -0.1539254582836533 -0.1851025593141349
0.3432631247525951 0.2453582486367585 -0.1399525272988793
-0.1105193221659957 -0.1107052442089468 -0.0567387252359626
-0.3849282972131829 -0.0626191419668689 -0.1466934426769379
-0.3742846982231177 -0.3324351559719951 -0.0743351849856485
-0.2831431290882295 -0.1335185531605378 0.1485705754113555
-0.3256390091969222 -0.1461376591412362 0.3709398268750078
-0.3801326898489921 -0.1504554336241374 -0.2153278542170587
0.1321057111095694 -0.1060711078581721 -0.3343812186726384
-0.0689629600130744 -0.0663246969726883 0.2640829448109717
0.3083972524637094 -0.4307992667832661 0.3748370115724864
0.4715906473998668 -0.2553692956924042 0.1002939111244409
-0.4849593060610122 -0.3079217234223547 -0.2745572065747570
-0.0478805031009659 0.1342149755078919 0.0015551900475518
-0.4393088308920062 0.2320750704534292 0.3925952735763654
0.0693073476838732 0.1270169994030892 -0.2481639879069679
0.1231129232947262 -0.2235938443595886 0.3864122913859965
-0.4131266932462540 0.2985032770419509 0.1343404240416761
-0.3863219890477093 -0.1629636067334324 -0.3472651852921970
-0.0791803279919109 -0.0776341124540213 0.1792668127392597
0.1951534733208752 0.3505420567868218 -0.3954790154001040
0.0032626641905067 0.1771188873575335 -0.1891963818921899
0.3880327647710284 -0.3916239962366911 -0.4767529266359574
-0.2876125949405286 -0.2455492376839255 0.1748802496216983
-0.1696700447961279 0.0006141244712884 -0.0123302733560486
0.0900902037516528 0.0371378598357628 0.1437735483036046
-0.3492636175025391 0.0545921190577446 -0.0388028147576749
0.4360026572757048 -0.2171801280411582 -0.1672740684158255
0.1576747641740156 0.0505404050462684 0.0926826427551075
-0.3696713029063595 -0.2575443001599924 -0.2434159757709491
0.4680530756898296 0.0745138789033696 0.0802629495251846
0.0566599616515438 0.0709916836147580 0.4790834843862112
-0.4957826178806534 -0.1965592405109669 0.3066316747252247
0.0948410731362934 -0.3399655320356061 0.4293695437027007
0.1478437739639271 -0.0623974707450180 -0.0073127296595311
0.2780722620688285 -0.4845500075965507 0.0255823873306464
-0.4816216142889468 0.1547322559753533 -0.3633346338790501
0.0436753468121515 0.3228338369535244 0.3580560968939010
-0.4071557731171051 0.3025313526513694 0.2929817519615589
0.0042859349791195 -0.2673847231354379 -0.3242326039810615
-0.3848841656530839 -0.0039989296895340 0.3045032054766740
0.0266540772512044 0.0232765013691293 -0.3910156891866919
-0.4264808387718117 0.3938324820285324 0.4339220178083022
0.1184681521242332 0.3721144439857249 0.0155897482771280
0.1673667526658228 0.1786262517305713 0.2803795694208263
-0.0668422112655811 -0.4810909180897011 0.0580167540672682
-0.2388011978229753 0.2433956994384037 -0.2623011563897177
0.4496036951300021 -0.2497721402467649 -0.2961248049991104
0.2391045426478292 0.4539175497991176 -0.4526007919812319
0.2960669949928733 0.1705986172618937 0.3549841187902020
0.0697200026326506 0.3968672729579081 -0.3485043706845055
-0.1076627599762211 0.3087631216583148 -0.2076040526818674
-0.2841057555679781 -0.2653684341836336 -0.3356732762174109
-0.2393613637766035 0.0096206733763575 -0.2980247719192405
0.4184816015401007 0.1533878566257261 0.1304547403003959
-0.0281335752452137 0.0608350158151498 -0.4185873773514125
0.0546189866776427 0.0220779320271141 -0.2484529562203556
-0.1349846865520143 -0.2545611546763142 0.1050279023111429
0.1881933456655117 0.0019493516627921 -0.4677290566619434
0.0300849752711391 -0.4356471592151709 -0.3048650726159147
0.3348953212311946 0.4488248416480973 0.3188068137705509
0.0468015367723133 -0.0405059525518656 -0.4255469994196018
0.3178488429544950 0.0472942344625960 -0.4581825226938384
0.0237345470014190 -0.0744088836514561 0.0991574688762161
-0.1208368485704217 0.2420144387506198 0.4735402441167372
0.2133840754326825 0.4512416455585580 -0.1698655194425598
-0.2738767630279126 -0.0221524965618462 -0.2961889905357320
-0.3604634252645549 -0.2246168941785262 -0.1303276614051218
-0.3278766473805688 0.1907644579366711 0.2576904446928240
0.4095881698514700 -0.1899020331285804 0.3570285997878259
0.3546698025212421 -0.3581417115686846 0.2373936260772067
-0.2790834842876786 0.2956175224131183 0.0696853084341976
-0.2918990324694271 0.1626175886776702 -0.0769002763916338
0.3687463796135856 0.4480823243064282 -0.3172978110326569
0.1910014926174312 0.1987036130525053 -0.2757973076746762
-0.3456291950128281 -0.0784118495093045 -0.1305706730491895
-0.0776454225207714 -0.4420999719580971 0.1321374274362465
-0.4737804317893440 -0.1680144899579031 -0.0896226933142357
0.3062605124909675 0.2898904320387690 -0.2543714511218253
-0.0357923534185158 -0.3847863402422600 -0.1109441499757022
-0.4216814467632043 -0.4804041649830269 -0.2957840873614836
0.1946142425508768 0.4364347798077333 0.4774692323478534
0.2324941536367073 -0.3417468050133932 -0.4478587706780995
0.3038245085378197 0.0370776344503620 0.2090901777219046
0.2307229731757518 0.4893225983021379 0.1900366328173345
-0.0508260431574592 -0.0784881028055713 -0.3211671319693858
-0.2423962632177218 -0.4091517986305547 0.1151992520625632
-0.2910677327762041 0.3333730775828068 -0.3246257261568485
-0.1939221549238411 -0.2611598258248927 0.1759009282276661
0.1803754294742388 0.1370337336236531 -0.2579163604691085
-0.0867198521274781 0.2319908934215713 -0.4221266981508366
0.1799707221548853 -0.3854419490802931 -0.3183798396659999
0.1370869501449434 0.1623862014240423 -0.3197962026099011
0.4495456456753722 -0.1117633648421923 -0.0167644219355546
-0.0227529367435459 -0.1676870954627925 0.2194792280447991
-0.2934772754442548 -0.0386694831106534 0.1882789835134365
0.2839888385111127 -0.2898383461423268 0.4407539036987407
0.1086910321561319 0.1651770618191955 -0.0617958709790572
-0.0032528599310370 0.4249582084651587 -0.3431814405142502
0.0630817775032496 0.2224959570822614 0.2369984640413296
0.1664331115525557 -0.0601900037352285 -0.1674103896520733
0.1432665228653847 0.4304106091873622 -0.4597922512703595
-0.4141210956147053 0.2232207887602335 0.0716079461477391
0.1015158223943508 0.3964526361666562 -0.2649012926321269
-0.0307871308863741 -0.1213066173581065 -0.0430931502505200
0.0996249737149359 -0.0447349162084079 0.0295696140464304
-0.2394933615449593 0.0579737776337741 0.0930825638454312
0.3545349130328678 -0.1958040481487492 0.3864992193722180
-0.2635111456652518 0.0631556974377687 -0.0118278718251869
-0.1135658413180136 -0.1295363645974263 0.4591188454230815
-0.3003970752677289 0.0440469266903421 0.0717630194934322
-0.2664308468081870 0.3101845050219864 0.2810599295217614
0.0049651664321467 0.2071069890148920 -0.1871533261825806
-0.3984290885237887 0.0917203427298469 0.3375128465190263
0.3993724139244392 0.0317835021483848 -0.0833195248834232
-0.1840312122087658 0.2000188921726526 -0.4377875971585646
0.2919699754544784 0.0623047354602946 -0.3135288897063113
-0.3510745816107502 0.2265488209280410 -0.1021208479622198
0.3841228300976837 0.4465532355963152 0.3725134534721804
0.3243088056532769 -0.3753218566442544 -0.3227225224721704
-0.0292023618014907 -0.3589471815480240 -0.2826660304273460
0.0733940913171859 -0.1827367796872240 -0.2296495035109866
-0.1946549717561831 -0.2739909565216522 0.4292258087128447
-0.1334773691131742 -0.1588741525149002 0.2713349860926716
0.1125432358163228 -0.3783411965412767 -0.2128878630159088
-0.1344610248310161 0.2677082173348578 0.1459347333044995
0.2521801822348175 0.2279916527725596 -0.3265821677209371
-0.0422899952551739 -0.0385370837009234 -0.2275919975286527
0.3168260072245517 -0.4617979835079787 -0.3627271462276717
0.4782141477792708 -0.1873347375576215 0.0250166186523820
0.3433225259953654 0.2483827200221770 -0.1070359764509620
-0.3357138432389723 -0.3735569913479861 0.2037619539767523
0.2452555230368692 -0.4623110528911221 -0.3499792016339424
0.0100871817027386 0.1624180819779672 0.3028994941722715
-0.2143297323864838 0.3187337977088542 0.3399773717643459
0.2318792805490655 0.1063534494492224 -0.1272371884755572
0.1894267501640585 -0.3648574677544751 -0.1823855031397330
0.4814161683620356 -0.0325624159668528 0.0445178172917766
-0.3971191021051102 -0.0238354456114369 -0.0110676285797355
0.3971806446886265 0.3281297311383286 -0.3691500988098457
-0.4050353350229572 -0.0021754035459048 0.2647839549106066
-0.2000411371904333 -0.3793071414566232 -0.3496270489361571
0.3238520512573107 -0.4354811181810673 0.0651265742747016
-0.2377190914080947 0.3401757903569492 0.4315524203500695
-0.2806339710105709 -0.3121916497228633 0.0515705810894525
-0.1836064468246343 -0.4875123263681658 -0.4059278041323591
0.0629182695168655 0.3792274025997037 -0.0283073569911789
0.0488052176794498 0.1026920131901850 0.4586093766667695
0.2312341746043796 0.2146909649916914 0.3542276159975705
-0.1092740160044742 -0.0701895985531029 0.4382331182884480
0.4721948737102395 0.0878488445252395 -0.0459045078149872
0.2295912602123065 0.2224377365563705 0.2399954904294428
0.0124125119606569 0.0739666307783669 -0.1116412415463114
-0.2996965386289217 -0.4825037578060332 -0.2527221175789391
0.1840752963241883 -0.2549060850590137 0.2659027093029859
-0.3601959098423448 -0.4707726029881303 -0.1281487336403974
0.4565029170678890 0.0166983932419167 0.1286342904241538
-0.3110677534463556 -0.0580793967181468 0.1454432323722853
0.3306327286268491 0.2163380299305911 -0.2966018672162161
-0.2349262744981307 0.1074323823947595 -0.3136504088254692
0.3379794175634790 -0.0546796889506474 -0.1662119156320681
0.1399556084095507 0.1268589851948728 -0.0101868505930793
0.2113331606678918 0.0345879447961235 0.1001459697704489
-0.4826972821011756 0.1515345442355922 0.1653867159168932
-0.2722233636384411 0.1986575679802097 -0.3085535461230031
-0.0635456111713963 -0.1117218458950744 -0.0066893055562515
-0.2804863144355148 0.1115031677932606 0.1351030116484871
-0.3481111607054744 -0.0920913500610037 -0.3418650331733276
0.0298264955822948 0.3929734695843446 0.1866295139030803
0.2194778015893059 -0.1221067514516247 0.0400761333056610
0.1016780351049376 0.2358929490865880 0.3814117635671958
0.4797962846773538 -0.4057593593329478 0.0271113906334487
-0.4457644970598877 -0.1748683964324863 -0.1025241631702339
0.0253371086566059 -0.4353827510448884 -0.0286833084553299
0.0371648473084232 -0.2472547539390247 0.0929975501936208
0.3575011578517911 0.2021973624078306 0.2049757454153534
-0.3890301206618601 -0.3154912522064722 0.1627115977846608
0.2111067891618844 -0.1014202265313205 0.1652305746119506
0.1859061629038863 -0.4146669305174016 0.1845050310472211
-0.0982224453329246 -0.3154364145169153 -0.2396029397308973
-0.1514483633368093 0.2194127807528448 -0.0296918125831626
-0.2626526863538997 0.1830604673403806 0.3944096394142041
0.3186010959843812 0.1354512851347026 -0.4005537782364988
-0.2591433623123990 -0.3616613969735542 -0.3712910417570145
0.2655696235369192 0.2537213944969550 -0.1148123243123539
-0.1662980826577036 -0.2166208013174868 0.0709841147436118
-0.4064884100628632 -0.4077249233491415 0.1373859354773144
0.0954419057504389 0.0081508462683070 -0.1964166783096220
0.2179405479006028 -0.4772061107669671 0.0581814241747351
-0.0642612744314270 -0.4838715642744978 -0.4660103779699553
-0.3894631374300666 0.1228804412636032 0.3937074943991005
-0.3492806769851345 0.4199182210374664 0.1488737545270332
0.3115824148082355 -0.4674066209879202 0.4578168650580882
-0.3127642526178780 0.3819886448775985 0.3998549167733896
-0.3997598369847352 0.2678508472921870 -0.1169065609309025
-0.0170663906558931 -0.2605878136472921 0.3784546700553016
0.2283807853748120 0.3522865527416160 0.0665544845105644
0.1526062992552350 -0.1227354035589257 0.3261515292741483
-0.2945603497693966 -0.3630044551406483 0.2748856149055581
0.2066117979217375 -0.0409255328490226 0.3075141254872267
0.4109528478013566 0.3175789222814140 -0.2451765409055850
0.3027426442170030 -0.1413917821211469 -0.3669165922186414
0.1898935950009050 -0.2694508982228764 0.3982285634731681
0.2349437417226238 -0.0066626067766118 0.0535229605110791
-0.2342866278026213 0.2794051137884861 -0.1995721377099281
-0.4266826092267528 -0.1967188370309680 0.1927934050558190
-0.4645675892648621 -0.2931659373618826 -0.0023574250311031
0.3393870627261369 -0.2284056296914130 0.3506625767410354
-0.2377434096197107 0.4635189186602478 -0.1817869103652272
0.2006487947221670 0.3017345985287135 0.1558201034197148
0.1103163906871181 0.0998473612858496 -0.2526696042517892
-0.4358796289601714 0.3973273396885109 -0.1311918464493756
0.2835033242553449 0.1149957556072259 0.4159651572636344
-0.2279403098292996 -0.1700095400063596 0.1737865082930627
-0.4735307119965146 -0.0501952373793849 -0.2091797017407371
0.3493012435591518 0.2232458137268060 0.3106604196134901
0.2453831418634763 0.1222244884167147 0.1951989097031444
-0.3579025170846580 0.0252654718835304 -0.0059506842713860
-0.0233821877048548 0.1818929076294400 0.3686980853386068
-0.3744648477296059 -0.0512591377459676 0.0749247216580421
0.4017003630118274 0.1270544640237688 0.0831453351980618
0.4076983526678522 -0.3710420560382709 0.4570291905767483
-0.0261758159264792 0.2873397905227881 -0.1257123065417080
0.3404981451928294 0.0757187889776278 -0.5000000000000000
0.3428992894679811 0.1913646025406470 -0.5000000000000000
0.4040187903678331 0.2457097244854555 -0.5000000000000000
0.3795711610858657 0.1843580548091522 -0.5000000000000000
0.3585971651981916 0.1478135250020078 -0.5000000000000000
-0.5000000000000000 -0.0655583597791715 -0.1245616069727802
-0.5000000000000000 -0.1582447992203591 -0.2647854179754946
-0.5000000000000000 -0.0712752355944850 -0.2051761472029512
0.4029962502028243 -0.2611661197439916 0.5000000000000000
0.3656767080518327 0.5000000000000000 0.3343968321770927
0.3978909502020221 0.5000000000000000 0.3690336779010867
0.4702755488568617 -0.5000000000000000 0.1184487879639443
0.5000000000000000 -0.4395149175699473 0.0430174070597216
0.5000000000000000 0.3098941199882577 -0.4707520611446631
0.3180419871057502 0.2961271461150383 0.5000000000000000
0.4227166657538037 0.1530620658852434 0.5000000000000000
0.2241493121150926 0.2693221715604440 0.5000000000000000
0.3304932242488143 0.1912297384574101 0.5000000000000000
0.3606763558787990 0.2418617012407976 0.5000000000000000
-0.1827430422310999 -0.4852373965489428 -0.5000000000000000
-0.2840105334375428 -0.2839735852209020 0.5000000000000000
-0.2153412940319354 -0.2930949421859028 0.5000000000000000
-0.2503611178645712 -0.3246512148118358 0.5000000000000000
0.4256572668535662 -0.5000000000000000 0.2184894143108962
0.2747733055504775 0.4950794742757414 -0.5000000000000000
0.3519500374751741 0.5000000000000000 -0.3749185343095963
-0.0928677173667022 0.5000000000000000 0.3078476418723484
0.0215868396995949 0.4666777172693448 0.5000000000000000
-0.0784298028194407 0.3994153729738439 0.5000000000000000
-0.1320870409557929 0.3278915036479186 0.5000000000000000
-0.0702333727208539 0.2449234684871095 0.5000000000000000
-0.0751014908136045 0.5000000000000000 0.0919173594832831
-0.1011526277098309 0.5000000000000000 0.1712981553747762
-0.5000000000000000 -0.0254025627947881 -0.0618483540482263
-0.5000000000000000 0.0327492937703989 0.0303489885667852
-0.5000000000000000 0.1278719214756052 -0.2456719638154983
-0.5000000000000000 0.0034449105534683 0.0327185780717684
-0.5000000000000000 0.1263613273518755 0.1454544603516474
-0.5000000000000000 -0.0305754276416114 -0.1355776215365728
0.3236153904858517 0.3115820904393687 -0.5000000000000000
0.3612959370222535 0.3269477299600219 -0.5000000000000000
0.2294925629231135 0.3356511723562858 -0.5000000000000000
0.2502070843045161 0.4273725632537825 -0.5000000000000000
0.1677736839270972 0.4109070112232807 -0.5000000000000000
-0.2798401284328623 0.2203203230702082 -0.5000000000000000
-0.2810005775717326 0.2230051139387794 -0.5000000000000000
-0.2734600594742290 0.2183447625993055 -0.5000000000000000
-0.2804931277833829 0.2192870917929278 -0.5000000000000000
0.5000000000000000 -0.3654527487721170 -0.2619180520139967
0.5000000000000000 -0.2965779333531089 -0.3107124494368891
0.5000000000000000 -0.3710776736984897 -0.4731995649709543
0.5000000000000000 -0.4070678681907635 -0.0240285770729866
-0.0429964356381737 0.4214574626919714 -0.5000000000000000
-0.0477774238137504 0.4203523454700377 -0.5000000000000000
-0.0535691756366312 0.4197923665789091 -0.5000000000000000
-0.0491747908906019 0.4107112105131142 -0.5000000000000000
-0.0453914566349559 0.4223588632015585 -0.5000000000000000
-0.0497226812005792 0.4229182417603247 -0.5000000000000000
-0.5000000000000000 -0.2349654132384688 0.2347542289748450
-0.5000000000000000 -0.3569046328583931 0.1027987938955978
-0.5000000000000000 -0.3026934806192405 0.2923084996211381
-0.5000000000000000 -0.2811019340178136 0.2957385801247253
-0.5000000000000000 -0.2916853870016101 0.2717578862386356
-0.5000000000000000 -0.3750097181474728 0.2859924077522614
-0.5000000000000000 -0.2509849281770081 0.4870646712132781
-0.4533330134592586 -0.3628714615593018 0.5000000000000000
-0.3316321556784103 -0.5000000000000000 0.3608031665362223
-0.1138896476576997 -0.5000000000000000 0.1745237718244849
-0.2153994376773210 -0.5000000000000000 0.1784565006190675
-0.5000000000000000 -0.0684133986015851 -0.2265977871939790
0.3033543206523553 0.3396169036126105 0.5000000000000000
0.3163167497132834 0.3813770328698824 0.5000000000000000
0.3397507029828037 0.3889638009595914 0.5000000000000000
0.3208649747555555 0.3047574513256989 0.5000000000000000
0.0847374362210226 0.5000000000000000 0.1009299546401634
0.0357431173778753 0.4745358639787581 0.5000000000000000
0.1244324084790882 0.5000000000000000 0.0643036279148223
0.1549183871051732 0.0927273029440297 -0.5000000000000000
-0.2456992280674059 0.3312499169593627 0.5000000000000000
0.0521640295900665 0.0680719247390663 0.5000000000000000
0.5000000000000000 0.1513487891907086 -0.4706645574482247
0.4506038432129200 0.1348404181100738 0.5000000000000000
0.4151402242981357 0.1424801493715768 0.5000000000000000
0.3961420539479342 0.1292014969363641 0.5000000000000000
0.4296544819916860 0.1496139692877254 0.5000000000000000
-0.5000000000000000 -0.4790206639652157 -0.1423694139489308
-0.5000000000000000 0.1547779568104206 -0.3514723296656308
-0.4859189521100774 0.1499229342065225 -0.3100116230807981
-0.2532314870136383 -0.1882708540095156 -0.5000000000000000
-0.3320371630822743 -0.1754744031020305 -0.5000000000000000
-0.2960530931767677 -0.2104494099956901 -0.5000000000000000
-0.3181099737067692 -0.1510316591475413 -0.5000000000000000
-0.2851686890031164 -0.2531924803843664 -0.5000000000000000
0.1712178014493957 -0.3492844296549807 0.5000000000000000
0.1304142946626891 -0.2320103344598860 0.5000000000000000
0.1110579493559279 -0.3026097152241529 0.5000000000000000
0.1438425084106168 -0.1932177151733741 0.5000000000000000
0.1657342950038914 -0.2560745525443074 0.5000000000000000
0.5000000000000000 0.3860966293305573 0.0293047044563397
0.5000000000000000 0.4169244751100888 -0.0907773900878769
0.5000000000000000 0.3758064106016494 0.2335165389046974
0.5000000000000000 0.4597650223884415 0.0973223492404207
0.5000000000000000 0.3281325311669499 0.0466636386091832
0.5000000000000000 0.1368774179889496 -0.0242614826147248
0.5000000000000000 0.1564799306101146 0.0292184043387623
0.5000000000000000 0.1220850454066685 0.0218154056208413
-0.5000000000000000 -0.1934964431223063 0.2861040552925682
-0.5000000000000000 -0.1718399567493551 0.0489808836328889
-0.5000000000000000 -0.1754168672840613 0.0931789654895969
-0.5000000000000000 -0.1812433538628538 0.1894365961905885
-0.5000000000000000 -0.2257802858825396 0.1069599185421075
0.2448685508338843 0.3344517586221684 -0.5000000000000000
0.2578732156950650 0.4213772286550233 -0.5000000000000000
0.2884067884169821 0.2698907368060026 -0.5000000000000000
0.3261221807741065 0.2679273316319275 -0.5000000000000000
-0.1423491305622825 0.3097256020704362 0.5000000000000000
-0.0735394930589976 0.2384569681648386 0.5000000000000000
-0.5000000000000000 -0.0458425672205912 -0.2518154368031537
0.1327080542893503 0.3032309102264620 -0.5000000000000000
0.0695233164049780 0.2341846215327389 -0.5000000000000000
0.0127270259207303 0.2777834737420083 -0.5000000000000000
0.5000000000000000 -0.3201816650448304 0.1288874489061637
-0.1929289050815321 -0.5000000000000000 -0.4389267419818857
-0.2903724264950998 -0.5000000000000000 -0.3226741700335787
-0.2540950857259137 -0.4674813778724610 -0.5000000000000000
0.1116316258530996 -0.1185630007762782 0.5000000000000000
-0.3997147849972360 0.5000000000000000 -0.2683946688224674
-0.3656983846964365 0.3990463702624966 -0.5000000000000000
-0.3485155399086748 0.5000000000000000 -0.2833503619550140
-0.3767061520056479 0.5000000000000000 -0.2306604956294823
-0.3587095493847822 0.5000000000000000 -0.2011834591752400
-0.3756202052675278 0.5000000000000000 -0.3158075718618139
-0.5000000000000000 0.4209341712186132 -0.3948426880101729
-0.3118505117220861 0.5000000000000000 -0.4594149459237834
0.5000000000000000 0.1746557058965500 0.2208828869795074
0.5000000000000000 0.1308431375242358 0.1330203607978009
0.4346445004960943 0.0227288543154694 0.5000000000000000
0.5000000000000000 0.1202444553889495 0.2467764735985535
-0.3043837546867408 -0.0991287816766474 0.5000000000000000
-0.3372472730300133 -0.0485696263140413 0.5000000000000000
-0.2063944745756583 0.0841835242772330 0.5000000000000000
-0.2459463082808956 0.0860129532094289 0.5000000000000000
-0.2185028611899196 -0.0383262806367288 0.5000000000000000
-0.1657465005578582 0.0206523625116305 0.5000000000000000
-0.3285873801006178 -0.1459842265677835 0.5000000000000000
-0.3234447809799108 -0.1261984079421121 0.5000000000000000
0.1296916417009541 -0.1830894363695803 -0.5000000000000000
0.1269272441957831 -0.1585203822488837 -0.5000000000000000
0.1204463720714907 -0.1236204213735505 -0.5000000000000000
0.1699016484174634 -0.1951295194356665 -0.5000000000000000
0.1553589545165409 -0.1492562785897672 -0.5000000000000000
0.0558276202002157 -0.2080025035519387 -0.5000000000000000
-0.3620731712785835 -0.1197321880973182 0.5000000000000000
-0.4294697092103875 -0.1331375956549575 0.5000000000000000
-0.3900051041699740 -0.0639647872379523 0.5000000000000000
-0.3671025043241212 -0.0821911519825378 0.5000000000000000
0.2192288129592078 0.2743850055652651 0.5000000000000000
0.2326054647942184 0.4165738433691281 0.5000000000000000
0.1897428540042813 0.3020385018747665 0.5000000000000000
0.1646223389935615 -0.4096568089471364 0.5000000000000000
0.2230576115873341 -0.4937663275885171 0.5000000000000000
0.1680172749422341 -0.5000000000000000 0.3633891364688859
0.1666424206279308 -0.4012696673635060 0.5000000000000000
0.2360586811833538 -0.3020070284762262 0.5000000000000000
0.1661445486127448 -0.3938058963336475 0.5000000000000000
0.1966383143341000 -0.3954954112712004 0.5000000000000000
0.2478383132875405 -0.5000000000000000 0.2953874085764893
0.2593436793579867 -0.4391095836937222 0.5000000000000000
-0.1181827354909575 0.5000000000000000 -0.2226987824567906
-0.2684478550979251 0.5000000000000000 -0.0102455045176986
-0.2266836926320817 0.5000000000000000 -0.1611705913842271
0.5000000000000000 -0.0755916006710051 -0.3910073309941756
0.5000000000000000 -0.0180963602867697 -0.4013182920299287
0.5000000000000000 -0.1073595840245945 -0.4941493440815017
0.5000000000000000 -0.0661764291070948 -0.3135470553713259
0.4674129191888690 -0.0447745180291702 -0.5000000000000000
0.5000000000000000 -0.0594045028169158 -0.4605901479995737
0.4825580587198749 -0.0806492946911205 -0.5000000000000000
0.3981566690795800 -0.0405233479201067 -0.5000000000000000
-0.5000000000000000 -0.3027767221828065 -0.3310446960263512
0.0824146012310227 0.3856361940901813 -0.5000000000000000
0.0466262490218386 0.5000000000000000 0.0973601655605252
-0.0267779946649581 0.5000000000000000 0.1802585066077523
0.0881804100129419 0.5000000000000000 0.0703854625854649
0.0282030928499135 0.5000000000000000 -0.0299614816782112
0.0019985800655078 0.5000000000000000 0.0562196064462106
-0.0108741802948621 0.5000000000000000 0.0889330083923833
0.5000000000000000 -0.1188303972954757 -0.3302714218599240
0.4917881164979565 -0.1419172428305589 -0.5000000000000000
0.4198087423020480 -0.2161774848237555 -0.5000000000000000
0.3939984347640455 -0.1476016711632758 -0.5000000000000000
0.4398268558729076 -0.0663290460286595 -0.5000000000000000
0.4545158203410335 -0.1243376907016671 -0.5000000000000000
0.3548747927687212 -0.0570198876616788 -0.5000000000000000
0.0522919079537484 0.0636102674808341 0.5000000000000000
0.0958469909329503 -0.1049351508200807 0.5000000000000000
-0.2815561155496297 -0.2814333614815370 -0.5000000000000000
-0.2639616350441646 -0.3483311723619557 -0.5000000000000000
-0.2812747939076911 -0.5000000000000000 0.4487742230690923
-0.2948635634116628 -0.5000000000000000 0.2932590768989112
-0.3461315927718470 -0.4566443990803533 0.5000000000000000
-0.3559274254566977 -0.5000000000000000 0.2911041838986964
-0.3752994312907074 -0.5000000000000000 0.3879652706560079
-0.3523665925507645 -0.5000000000000000 0.3588682499648627
-0.4217410253621648 -0.5000000000000000 0.3466883012770667
-0.3459085338486196 -0.4815811443042451 0.5000000000000000
-0.3331845606664020 -0.5000000000000000 0.3406102638702824
-0.3843929095279122 -0.4609632161635991 0.5000000000000000
-0.5000000000000000 -0.0256392334061545 0.1083621679231854
-0.5000000000000000 -0.0499406327157752 -0.1264448532614383
-0.5000000000000000 -0.0214174785455806 -0.1102045406075245
-0.5000000000000000 -0.1230566368216588 -0.0994267080041313
-0.5000000000000000 -0.0373178270739240 -0.0979684620366319
-0.5000000000000000 0.0380344364378661 -0.0679784229562677
-0.5000000000000000 -0.0670821696296126 -0.0104619948100622
0.5000000000000000 -0.4802083886019255 -0.0056547285142848
0.3725824776409402 -0.5000000000000000 0.0910308120068341
0.3907879500062879 -0.5000000000000000 0.1314325730982282
0.3968062126374168 -0.5000000000000000 -0.0015173105499120
0.3805676499110399 -0.5000000000000000 0.1673475739251899
0.4290832229738372 -0.4226978733624267 0.5000000000000000
0.3709257048921961 -0.4084581859064847 0.5000000000000000
0.4544029650044794 -0.5000000000000000 0.3611056257103458
0.3576807268431337 -0.5000000000000000 0.1689950223439110
-0.1954433663206185 -0.5000000000000000 0.4537973654766720
-0.2217920267073885 -0.5000000000000000 0.4726795924763123
-0.2250605865357309 -0.5000000000000000 0.4994307803749414
0.1351784277823972 0.1314277686172255 -0.5000000000000000
0.1148913427052329 0.2664766054169535 -0.5000000000000000
0.0641372475792804 0.2100937556018783 -0.5000000000000000
0.0230422485593343 0.2260205056543613 -0.5000000000000000
0.5000000000000000 -0.1790247899341441 -0.0118428381292778
0.5000000000000000 0.3003070020336943 0.2182024495797900
0.5000000000000000 0.1473356529949818 -0.0261422879404716
0.5000000000000000 0.1984756519018075 0.0677919536243232
0.5000000000000000 0.1669699155634224 -0.2375485448789840
0.0325236786233470 -0.5000000000000000 -0.4188666073670501
0.0221370792229958 -0.5000000000000000 -0.1982844248190604
0.0629964918539852 -0.5000000000000000 -0.4877058432869594
-0.0325050248066271 -0.5000000000000000 -0.4700622305411620
0.3028817630337254 0.3405412900889442 -0.5000000000000000
0.2937803511552272 0.4069201401240711 -0.5000000000000000
0.3762208149093109 0.3665271024037516 -0.5000000000000000
0.3412115084642978 0.3018807853471857 -0.5000000000000000
0.3857340403250066 0.3315275110900653 -0.5000000000000000
0.3662697875194504 0.3021799161680807 -0.5000000000000000
0.3705539868825601 0.3838268186731318 -0.5000000000000000
-0.0974213683461324 0.1047134419007706 -0.5000000000000000
-0.2428845240954868 0.1499151871098683 -0.5000000000000000
-0.1498737166093339 0.1607435979809732 -0.5000000000000000
-0.2597303108508632 0.0951852935040995 -0.5000000000000000
-0.2493266245215829 0.1272096675570668 -0.5000000000000000
-0.1810947528374865 -0.0417859560597936 -0.5000000000000000
-0.1437280416823752 0.1259813071371019 -0.5000000000000000
-0.3147608394985922 -0.1840820270577267 0.5000000000000000
-0.3338934535843224 -0.2580230252916280 0.5000000000000000
-0.3996198693124570 -0.2445900239396916 0.5000000000000000
-0.3641654187325095 -0.3048951844692174 0.5000000000000000
-0.4967897403570902 0.5000000000000000 0.1640455055534270
0.0180985853611116 -0.4889154216277263 -0.0944030332265180
-0.0293077297315418 0.5000000000000000 -0.3689872369613362
0.4773438846351098 -0.5000000000000000 -0.4742979189037045
0.3989023429661642 -0.5000000000000000 -0.2850888904686870
-0.1714878924140580 -0.2058266650414612 -0.5000000000000000
-0.1428105001785117 -0.2056103802900823 -0.5000000000000000
-0.1921135781135290 -0.1354126451237866 -0.5000000000000000
-0.1338517581358948 -0.2632454028933119 -0.5000000000000000
-0.0575605857851806 -0.2261261170216302 -0.5000000000000000
-0.1610286055781255 -0.1818220454886164 -0.5000000000000000
-0.0391996720668838 -0.1365243502404315 0.5000000000000000
0.0287982672731928 -0.1830522824992267 0.5000000000000000
0.0369067828519902 0.0190073000542708 0.5000000000000000
-0.0287188454180407 -0.1597020284333133 0.5000000000000000
-0.0831402587311493 -0.1398110028450166 0.5000000000000000
-0.0725262100380022 -0.1108638048576013 0.5000000000000000
-0.0253725297964398 -0.1956565265921216 0.5000000000000000
0.0228359681590738 -0.1475365225731871 0.5000000000000000
-0.5000000000000000 -0.4045157402645706 -0.0379930384924238
-0.5000000000000000 -0.3584581935920402 -0.1596268441622133
-0.5000000000000000 -0.4265420702894502 -0.0808720435162321
-0.5000000000000000 -0.4207762859370287 -0.0435171227332704
-0.5000000000000000 -0.4134591058387435 -0.0061368091373562
-0.5000000000000000 -0.3744580340815247 -0.0228448433077588
-0.4956309418203399 -0.4566093224782993 -0.0182504223806686
-0.2107701769595784 -0.1189255142500230 -0.5000000000000000
0.5000000000000000 0.1427531660216732 -0.0843422347785708
0.5000000000000000 0.1680077890674195 -0.3178127035981206
-0.3574689776414592 0.1062443177817249 -0.5000000000000000
-0.5000000000000000 -0.0845507689643048 0.0399249698992606
0.1683677785389757 0.2274545130994416 0.5000000000000000
0.1243587251714123 0.2344842258563590 0.5000000000000000
0.2044140604955969 0.1794346631577894 0.5000000000000000
0.5000000000000000 0.4111796762119521 0.0823896800992648
-0.0918256500819885 -0.5000000000000000 0.0601023385449523
-0.1158766547527819 -0.5000000000000000 0.0903674242991826
-0.1149143729371781 -0.5000000000000000 0.0220964892624976
-0.1692161906678381 -0.5000000000000000 0.0787253600891495
-0.1538352541467561 -0.5000000000000000 -0.0317301380514172
-0.1718436904636137 -0.5000000000000000 -0.2805436154389914
-0.0874917146042141 -0.5000000000000000 -0.3032050490458234
-0.3139925192448225 -0.1787234965622829 0.5000000000000000
-0.2739091756030159 -0.1213870232840578 0.5000000000000000
-0.4186980254512815 -0.1863636127915507 0.5000000000000000
0.5000000000000000 -0.1782595482076454 -0.2154045871602459
0.5000000000000000 -0.2054045414569752 -0.2942030059617879
0.5000000000000000 -0.1137291882368834 -0.1086989724136636
0.5000000000000000 -0.1748338819797293 -0.0315377061934756
0.3382492086955772 -0.1687792971394676 0.5000000000000000
0.0664893647589981 -0.2737883946899119 -0.5000000000000000
0.2044800471924061 -0.3260484920151244 -0.5000000000000000
0.1482938685808267 -0.3282172348170735 -0.5000000000000000
0.1182238360191173 -0.3140841246960629 -0.5000000000000000
-0.3082392526766481 0.5000000000000000 0.1783862571105370
-0.2839884782062252 0.5000000000000000 0.2932188435899490
-0.1173792203624602 -0.0183031510580216 0.5000000000000000
0.4155932510463473 0.5000000000000000 0.4649177181426430
-0.4923926720820773 0.5000000000000000 0.3675883648073763
-0.4787465800973176 0.5000000000000000 0.1610828772782848
-0.4590127391769763 0.5000000000000000 0.2715354913811799
0.2743932621356365 -0.5000000000000000 0.4633330058109816
0.3682238503256683 -0.4084278775081741 0.5000000000000000
0.2939866907933147 -0.5000000000000000 0.2846275341592920
0.3003606146096402 -0.4552648089798365 0.5000000000000000
0.3328233513659108 -0.4504906188655114 0.5000000000000000
0.5000000000000000 0.4241055475662923 -0.0935638468768334
0.5000000000000000 0.4242902382325649 -0.1171136048224892
0.5000000000000000 0.4181062292898547 -0.1222429253553909
0.5000000000000000 0.4167119571295660 -0.1166355889136001
0.5000000000000000 0.4251342365833388 -0.0990585691646465
0.5000000000000000 -0.2476379038094545 0.0633846117976627
0.5000000000000000 -0.2849625320506908 0.1205683072368668
0.5000000000000000 -0.2588365637483189 0.0915214266772940
0.5000000000000000 -0.2786790827795573 0.3554968326268527
0.5000000000000000 -0.2633427287731237 0.1339341773007288
0.5000000000000000 -0.2647130918174038 0.0398272877801335
-0.5000000000000000 -0.2917870978356917 -0.2856113318057093
-0.5000000000000000 -0.3570705410355003 -0.3322576847601572
-0.5000000000000000 -0.2415513561369041 -0.1859935457938230
-0.4001836043275335 -0.2246886884119394 -0.5000000000000000
-0.4778573419864254 -0.3218665183270774 -0.5000000000000000
-0.5000000000000000 -0.2963866648327067 -0.2552167774388429
-0.5000000000000000 -0.3064438860008875 -0.2638605873296306
-0.5000000000000000 -0.3200189439569739 -0.2651200540271211
0.5000000000000000 -0.2117431269660882 -0.1718970544854226
0.5000000000000000 -0.2384672861458713 -0.2731540358491926
0.5000000000000000 -0.1881628386832099 0.0035143910769097
-0.4616506633252319 0.5000000000000000 -0.1164660688881424
-0.4822860782776640 0.5000000000000000 -0.2204929129473495
0.2851157360796829 0.5000000000000000 -0.3695476762018620
0.2828304036045292 0.5000000000000000 -0.3410356312370097
0.2978069134507522 0.5000000000000000 -0.3558867197981804
0.3110285513058173 0.5000000000000000 -0.3549325649540050
-0.2390759929260551 -0.2558376575227389 -0.5000000000000000
-0.2277494967919857 -0.3291204452573317 -0.5000000000000000
-0.5000000000000000 0.2481112889176775 0.4613473453553765
-0.5000000000000000 0.2049433536637292 0.3263678634993049
-0.4257059895633070 0.2305558180095795 0.5000000000000000
-0.5000000000000000 0.2979799676114176 0.4114759880509793
-0.4278490962955842 0.2681899229252473 0.5000000000000000
-0.4038886387637349 0.2919308364868354 0.5000000000000000
-0.5000000000000000 0.2141997821564631 0.4735033239268387
-0.4525776378724323 0.2149050858097798 0.5000000000000000
0.1646789271852080 0.0961873151887546 -0.5000000000000000
0.0417498824235730 0.3311665520943168 0.4971111605678764
0.1901678347141552 0.4122896912271728 0.5000000000000000
0.0564104846174145 0.5000000000000000 0.1340377145688420
-0.5000000000000000 -0.1264705127971544 0.2516935505610281
-0.5000000000000000 -0.0126550103601264 0.1831009052031729
-0.5000000000000000 -0.0207896385968676 0.1587063356435338
-0.5000000000000000 -0.0191837647721254 0.1784025467834416
-0.5000000000000000 0.0324113398516660 0.1695515406475121
-0.5000000000000000 -0.0372929938489751 0.1734351802435865
-0.5000000000000000 -0.0182078244682046 0.1622934152106547
-0.5000000000000000 -0.0223347014509748 0.1658316747940128
0.0251817781897439 0.0244631403630350 -0.5000000000000000
-0.0158512137278426 0.0525586081593790 -0.5000000000000000
0.0410600063943691 -0.0249559264379775 -0.5000000000000000
-0.0205093085455742 -0.0343836732330384 -0.5000000000000000
0.0500688654331838 -0.2432393798542978 0.5000000000000000
0.0526033361444446 -0.2082973034804114 0.5000000000000000
0.5000000000000000 -0.3302122607927030 0.4485816866347191
0.5000000000000000 -0.3461536656978655 0.4975489123060808
0.3966499839873597 -0.3807311339195109 -0.5000000000000000
0.1920007382697196 0.4363207141364869 0.5000000000000000
0.3307403098247986 0.0369937607664816 -0.5000000000000000
-0.5000000000000000 0.1773154483311550 -0.3993433611629384
-0.5000000000000000 0.2181878809804439 0.2569487122601427
-0.5000000000000000 0.3492402129321005 0.2763215789411864
-0.5000000000000000 0.3098212266337277 0.1712814012017157
0.5000000000000000 -0.3924570301710469 -0.4048914994175735
0.5000000000000000 -0.4222004765739091 -0.0029329389677136
-0.5000000000000000 -0.1816567714412874 -0.3499504991346939
-0.5000000000000000 -0.1716279570206544 -0.1260733257025943
-0.3831977727441910 -0.1963786963020757 -0.5000000000000000
-0.4709115840228428 -0.0035910915448427 -0.5000000000000000
-0.3430509046272099 -0.1251856738937216 -0.5000000000000000
-0.3596672789200794 -0.0968935008362175 -0.5000000000000000
-0.5000000000000000 -0.1106190687718285 -0.3599931409977861
0.2503539353934613 0.5000000000000000 -0.4639700161357878
0.1905725760736826 0.5000000000000000 -0.4725895611375082
-0.5000000000000000 -0.4105304845837162 0.2479961165042430
-0.2428880816957870 0.1607512105128974 -0.5000000000000000
-0.2548075215142551 0.1486474147070601 -0.5000000000000000
-0.2574205169352692 0.1550245567955704 -0.5000000000000000
0.1620507247348839 0.3175249495375687 -0.5000000000000000
0.4251187007984483 0.2756878335749839 -0.5000000000000000
0.4827263920648904 0.1832597971926327 -0.5000000000000000
0.4740829323459645 -0.5000000000000000 -0.4923341698864441
0.3946604354590533 -0.3664488929640059 -0.5000000000000000
0.3794530316489522 -0.4125912877010863 -0.5000000000000000
0.3986610398086616 -0.5000000000000000 -0.3711757570619314
0.3895644332333345 -0.3834753195520738 -0.5000000000000000
0.3810491194928147 -0.3843459579717840 -0.5000000000000000
0.4906759677286987 -0.3215244635221928 0.4082299796461524
-0.3928845173043994 0.5000000000000000 0.3032569484281613
-0.3565886315416165 0.5000000000000000 0.1700964918695032
-0.3423749935114081 0.5000000000000000 0.2823401907281050
0.0392454903598052 0.3512116777843818 0.5000000000000000
0.5000000000000000 0.3399829440841652 0.3657419593756416
0.5000000000000000 0.3950514421577609 0.3193600580078146
0.5000000000000000 0.3610113290923248 0.3082655050426633
-0.1265027891997882 0.5000000000000000 0.3286822489303750
-0.1323895589659958 0.5000000000000000 0.3448744400257266
-0.0766119490794384 0.5000000000000000 0.2930416813878050
-0.1551975827794001 0.5000000000000000 0.3428690914299598
-0.1162083274845668 0.5000000000000000 0.3950365175827856
-0.0849112203523569 0.1167105337208891 -0.5000000000000000
-0.1162085015560229 0.2108103749853318 -0.5000000000000000
-0.1721479129563890 0.1938460374742833 -0.5000000000000000
-0.5000000000000000 -0.0823563841525388 -0.2404656224824344
-0.1578364396970529 -0.4044261165268563 -0.5000000000000000
-0.1572189672333473 -0.4772222895196048 -0.5000000000000000
-0.2020383239885627 -0.3900060819662225 -0.5000000000000000
-0.0662070600709141 -0.4800678198457852 -0.5000000000000000
0.2386706064031898 0.4889874347133721 -0.5000000000000000
-0.0720889942094550 -0.5000000000000000 0.0362904097742076
-0.0228810502146665 -0.5000000000000000 -0.2059603792752429
-0.0701886659961355 -0.5000000000000000 -0.0864869374795781
0.0038577256110905 -0.5000000000000000 -0.0912099315543467
-0.1724109610501712 -0.5000000000000000 -0.3625076534952150
-0.0692450544378001 -0.5000000000000000 -0.4055344475561467
-0.2665963740298447 0.0925980535252917 -0.5000000000000000
-0.5000000000000000 0.1439176782786923 -0.0110360021074531
-0.3550358561787981 0.1155668245339988 -0.5000000000000000
0.5000000000000000 -0.2450038430010736 -0.2156617059381302
-0.5000000000000000 0.1402518267227246 0.1684509307351932
-0.3412327617836635 0.3564780194486143 -0.5000000000000000
-0.3729264961151751 0.3492844534055194 -0.5000000000000000
-0.3801431956745219 0.3738660577413062 -0.5000000000000000
0.2860360542159193 -0.5000000000000000 0.0104717125646491
0.3181953521797972 -0.5000000000000000 -0.2510776487353242
0.2723661019341932 -0.5000000000000000 -0.2438767007733061
0.3222567778343775 -0.5000000000000000 0.0061668530407499
0.2439846989475550 -0.5000000000000000 0.0294400579773981
-0.3802251408993962 -0.2149508838727716 -0.5000000000000000
-0.4112282088279515 0.5000000000000000 -0.1586386805184435
-0.3262825018785790 0.5000000000000000 -0.3055724375575163
-0.2943818282816737 0.5000000000000000 -0.2550719427962321
0.2951925774412362 -0.5000000000000000 0.0341661511623389
0.3504865561705091 -0.5000000000000000 0.0710492307508197
0.4274712838272864 -0.5000000000000000 0.0548998787246832
0.5000000000000000 0.1128272885511010 -0.0252845442213478
0.5000000000000000 0.0458936884210124 0.1102778866433617
0.5000000000000000 0.0627630479591533 0.0464927266889605
-0.4405475879884427 -0.5000000000000000 -0.3105195218296790
-0.5000000000000000 -0.4521889501520422 -0.4845408411493338
0.0644318368492789 0.0728274173592367 0.5000000000000000
0.0509607617333095 0.0655787015135481 0.5000000000000000
0.0424266476503091 0.0645204580825740 0.5000000000000000
0.0280166161071430 0.1077478185563367 0.5000000000000000
0.0253823815783999 0.0603770657158875 0.5000000000000000
-0.5000000000000000 -0.1714105450119540 0.3364919114815881
-0.5000000000000000 -0.2048327279558131 0.3883866567230564
0.0497154024068533 -0.3026978032585330 0.5000000000000000
0.0942481372101264 -0.3703905662318439 0.5000000000000000
0.0519576501039785 -0.3447549355605108 0.5000000000000000
0.0974225271436426 -0.3604415963160045 0.5000000000000000
0.0932744882408662 -0.3490776980148191 0.5000000000000000
0.1304864240486733 0.0657053041127217 -0.5000000000000000
0.0962386609700430 0.0770392129850931 -0.5000000000000000
0.1878573156511770 0.0325014294558722 -0.5000000000000000
0.1248188881841866 0.0313813805189397 -0.5000000000000000
0.2639758802066433 0.0644532338985928 -0.5000000000000000
0.1880272613216313 0.1119452830935436 -0.5000000000000000
0.1858821044636856 0.0984010624652754 -0.5000000000000000
0.1747781945618482 0.1071526835735216 -0.5000000000000000
0.2125932389061219 0.0824575654604560 -0.5000000000000000
0.2038409016521993 0.1244576311370820 -0.5000000000000000
0.2364463052336113 0.1063352092596534 -0.5000000000000000
0.1723073093086674 0.0910209392056938 -0.5000000000000000
0.3053843855309522 -0.5000000000000000 -0.0485839133429184
0.2789555839957767 -0.5000000000000000 0.0652820829173781
0.2715600605767532 -0.5000000000000000 0.0083649104351720
-0.4258561181724304 0.1691555288147448 -0.5000000000000000
-0.4765986430395014 0.0162167661397542 -0.5000000000000000
-0.3609848981795126 0.2087700075385096 -0.5000000000000000
-0.3761772580371120 0.1249981619881096 -0.5000000000000000
-0.5000000000000000 0.1279387179847735 -0.4194424692509959
-0.5000000000000000 0.1743885274128071 -0.3351305215281176
-0.4519591347794278 0.4887264881719577 -0.0847700542476541
0.0313085796714050 0.4484680646659669 0.5000000000000000
-0.0521099832710264 0.3811174427874501 0.5000000000000000
0.0058608013198336 0.2868744175818577 0.5000000000000000
-0.1018550960980069 0.3190677053958241 0.5000000000000000
-0.0615940203286888 0.2450987031408423 0.5000000000000000
0.1492535416243302 0.3040596568626144 0.5000000000000000
0.2120769809874636 0.2006659891508153 -0.5000000000000000
0.2744189620617259 0.2362955567064050 -0.5000000000000000
0.3134354435983015 0.1704520157444218 -0.5000000000000000
0.2463009121593598 0.4422479038018929 -0.5000000000000000
-0.2220774319410373 -0.2672207743317213 0.5000000000000000
-0.5000000000000000 0.2178446336500141 0.2953813698389229
-0.5000000000000000 0.3531769679050255 0.3645349058566379
-0.4152309414443203 0.2988497697245269 0.5000000000000000
-0.3954587515354246 0.3082670006052652 0.5000000000000000
-0.5000000000000000 0.3127409211856474 0.2692006516860598
0.1618793271146197 -0.2625372167347371 -0.5000000000000000
0.0439912760292630 -0.3395107756607051 -0.5000000000000000
0.0418610717180514 -0.2189184863977356 -0.5000000000000000
-0.0099409060972175 -0.2425021523684156 -0.5000000000000000
-0.3008491365258863 0.0643232034967530 0.5000000000000000
-0.5000000000000000 -0.0171606955578598 0.4764402429043317
-0.4304431204886917 -0.0336369612790967 0.5000000000000000
-0.4015122903122209 0.0342934716020466 0.5000000000000000
0.0355041715405243 0.0275368384052862 -0.5000000000000000
0.0558692568537557 0.1539906293803140 -0.5000000000000000
-0.5000000000000000 0.3573580577110673 0.4982984692827587
-0.3906248358049006 0.4493934539540553 0.5000000000000000
-0.5000000000000000 0.4001355704328391 0.4378263871629041
-0.4336408357150116 0.3769690124503066 0.5000000000000000
-0.4230739955268742 0.3520584581519465 0.5000000000000000
-0.5000000000000000 0.4686134133685051 0.3670632581643104
-0.3815042854662794 0.4090179991534363 0.5000000000000000
-0.4697452455388330 0.4022827243233801 0.5000000000000000
-0.4041435123024533 0.3360814548301938 0.5000000000000000
-0.4591785950068653 0.4327515641143229 0.5000000000000000
-0.5000000000000000 0.1431023546951171 -0.2905006352977095
-0.4766716346290577 0.0133785408026340 -0.5000000000000000
-0.3574493845036956 0.2100856191435480 -0.5000000000000000
-0.5000000000000000 0.1548862378813904 -0.2307047813469259
-0.3715016806136979 0.1229545545722829 -0.5000000000000000
-0.5000000000000000 0.1280810300757419 -0.3747969430291431
-0.5000000000000000 0.1677362948808785 -0.2979154181043992
0.4422540674542825 0.2392315552908024 0.4992040500292382
0.1105006024207946 0.1040512248716207 0.5000000000000000
0.1170598707190633 0.2025039378047641 0.5000000000000000
0.0642739962402937 0.0942113053965902 0.5000000000000000
0.1096398419069068 0.0194714377077897 0.5000000000000000
0.1232321510270773 0.0461763471611308 0.5000000000000000
0.1808432703038832 0.0958699179045959 0.5000000000000000
0.1213215724445496 0.0875519469155246 0.5000000000000000
-0.0656845275059810 -0.5000000000000000 0.0593776105606765
-0.3189437421987899 0.4585031395047648 0.5000000000000000
-0.1712281031417706 0.2466727700703148 -0.5000000000000000
0.5000000000000000 -0.1893809342613726 -0.4714539428285054
0.4277758112470634 -0.2676128948078095 -0.5000000000000000
0.5000000000000000 -0.2659992553700478 -0.3089705685144006
0.1409866189478474 0.4401180823911650 -0.5000000000000000
0.1652618241797336 0.5000000000000000 -0.4541655610102609
0.2325431860658436 0.5000000000000000 -0.3533795447930685
0.2360866716085918 0.4699756229770552 -0.5000000000000000
0.5000000000000000 0.0145480540393854 -0.3960534855546938
0.5000000000000000 -0.0207657929027874 -0.2926283873695667
0.5000000000000000 0.0144195350741292 -0.3438767957464650
0.5000000000000000 0.0153647082525122 -0.3839528000541282
0.5000000000000000 0.0412116629622540 -0.2556609286882064
0.5000000000000000 0.0048095416774841 -0.3678241762760743
0.5000000000000000 0.1260920206455726 -0.3872162389222510
0.3199632778428537 0.1773179770594030 0.5000000000000000
-0.4822290555163914 0.5000000000000000 -0.0759807206961064
-0.4368060517775650 0.5000000000000000 -0.0670751548351964
-0.4578781973143243 0.5000000000000000 -0.0988880971909318
-0.5000000000000000 0.4428189072090890 -0.2695510459128241
-0.5000000000000000 0.4784323776148314 -0.0667714930850985
-0.5000000000000000 0.4479835398924104 -0.0055791679833086
0.1280334199891254 0.3251585954164938 -0.5000000000000000
0.1336052772055337 0.4384426860269292 -0.5000000000000000
0.0399935461913882 0.5000000000000000 -0.4050965223248756
0.0215260271452633 0.3211667543671897 -0.5000000000000000
-0.0149974125273882 0.0646843432066187 -0.5000000000000000
0.5000000000000000 0.2373625929360788 0.4962564016299885
0.5000000000000000 0.2712484842463442 0.4259629515055381
0.5000000000000000 0.2455059138726233 0.3379090453240758
0.5000000000000000 0.1219097803819738 0.3941012087577444
-0.1064656352421556 0.5000000000000000 -0.0764147196971070
-0.1340635532753003 0.5000000000000000 0.0331969183319937
0.0544771092425087 -0.0684015441593277 -0.5000000000000000
0.3374287424464553 -0.5000000000000000 0.4926288615199264
-0.0096706436987799 -0.2590155376994473 0.5000000000000000
-0.5000000000000000 -0.0559119399843418 -0.2110444097366823
-0.2935381660401875 -0.1748288298460023 0.5000000000000000
-0.3063934817534523 -0.1855617289028500 0.5000000000000000
-0.3100656264403309 -0.1794631008498106 0.5000000000000000
-0.3124028246796113 -0.1797372765260697 0.5000000000000000
0.1261221078182362 -0.4349124189304636 0.5000000000000000
-0.3599369020942808 -0.2202043346259046 -0.5000000000000000
-0.1304014223600382 -0.1293705839445190 0.5000000000000000
-0.5000000000000000 0.2000325540220854 0.2412903029709926
-0.5000000000000000 0.1709145871294569 0.3049824218814162
-0.5000000000000000 0.1672876967907016 0.2155991921171021
-0.5000000000000000 0.2073013363830382 0.0972435965375287
-0.5000000000000000 0.1785679171862523 0.3156794261391943
-0.2649681223626805 0.0908954928125403 -0.5000000000000000
-0.2028098845015585 -0.0931545336798120 -0.5000000000000000
-0.1983433721760985 0.0434780902039709 -0.5000000000000000
-0.2542641317136315 0.0069817218867996 -0.5000000000000000
-0.0078379520371452 0.0552633835378335 -0.5000000000000000
0.0314860902108544 0.1557511511364711 -0.5000000000000000
-0.1387903874396599 -0.0551088993475620 -0.5000000000000000
-0.0508901140342564 0.0679591531566364 -0.5000000000000000
-0.0232826631876012 0.1426567428515748 -0.5000000000000000
-0.2658521671236473 0.0901059299111742 -0.5000000000000000
-0.2647900152891941 0.0934361292988131 -0.5000000000000000
-0.2658206227504918 0.0958925255298893 -0.5000000000000000
0.1735386027125389 0.0059166752306643 -0.5000000000000000
0.0489617492315170 -0.0230026483558439 -0.5000000000000000
0.4047210185967696 0.5000000000000000 -0.2802823689187857
0.3630796947917929 0.5000000000000000 -0.3331784541748498
0.4748144872433960 -0.3621879825778899 -0.4984923527330999
-0.4584944600006550 -0.5000000000000000 -0.1026304667445793
-0.4486882489087837 -0.5000000000000000 -0.0432907870038701
-0.4687665415663756 -0.5000000000000000 -0.0053166335855982
-0.4778708719593133 -0.5000000000000000 -0.0184131803513026
0.2171004910673615 -0.0013706827495938 -0.5000000000000000
0.1996840870265394 -0.0083636967544049 -0.5000000000000000
0.1902511870869701 0.0046741838024496 -0.5000000000000000
0.0569034974641641 -0.4149151940426182 -0.5000000000000000
0.0652981469791215 -0.5000000000000000 -0.2907120557503269
0.4830896306624209 -0.5000000000000000 -0.4944029369637628
0.4245685822569436 -0.5000000000000000 -0.3690381509965084
0.5000000000000000 -0.3580554279442611 -0.4810289267099497
0.2465461908657644 0.4388530693755682 0.5000000000000000
0.3721583639931419 0.4515860453519788 0.5000000000000000
0.4806957294028621 0.5000000000000000 0.1651569772413726
0.5000000000000000 0.4629432880255708 0.3803658642734937
0.0293239327732428 -0.0678283175290438 -0.5000000000000000
0.0438123550473514 -0.2003062461424878 -0.5000000000000000
0.0085132487083331 -0.1651662828164918 -0.5000000000000000
0.4432393733032153 -0.5000000000000000 -0.4621734471390621
0.4833567515150114 -0.5000000000000000 -0.4340825194628080
-0.4881102735913259 0.5000000000000000 0.1247524661810914
-0.3769863391337312 0.2141720515131056 0.5000000000000000
-0.3227581416720929 0.2019699198199475 0.5000000000000000
-0.3967824594868087 0.1670239825783627 0.5000000000000000
0.4054036130933181 -0.1571933508402133 0.5000000000000000
0.3672084029857842 -0.1661053851782361 0.5000000000000000
0.3496387232678246 0.0341736135101835 -0.5000000000000000
0.3780118899904777 0.1022744373998457 -0.5000000000000000
0.3145541935322219 0.0299107630079451 -0.5000000000000000
0.3324928116616557 0.0459542242237563 -0.5000000000000000
-0.1244518524092768 0.2375627359742504 0.5000000000000000
-0.1383778620588569 0.2101296939377578 0.5000000000000000
-0.1427163917488323 0.2357397953176969 0.5000000000000000
-0.1314240497001146 0.2692056485368396 0.5000000000000000
-0.0895097397500045 0.2388778409538357 0.5000000000000000
0.1428226470721562 0.5000000000000000 0.0126310688291192
0.2430773141508853 0.5000000000000000 -0.1207474113197095
0.1454086791124116 0.5000000000000000 -0.2671715781971711
0.2135913507180096 0.5000000000000000 -0.1439068876398635
-0.3458512560965148 0.1026240249909455 -0.5000000000000000
-0.2086004235688514 -0.0986950644137417 -0.5000000000000000
-0.3024984652620655 -0.0761566359086513 -0.5000000000000000
-0.3231073575200011 -0.0101212709444015 -0.5000000000000000
-0.2715738285874164 -0.0089024219595145 -0.5000000000000000
0.1545731437587368 0.2838062338292975 -0.5000000000000000
0.1446584744921260 0.2725659140596376 -0.5000000000000000
0.1448210688760873 0.3722912306164278 -0.5000000000000000
0.1697430187120545 0.2859935862207887 -0.5000000000000000
-0.0797300728207558 -0.5000000000000000 0.1881435474533999
-0.5000000000000000 -0.0272932875592373 -0.1941395841745394
-0.3862807256863492 0.2957557946138020 0.5000000000000000
-0.2614989644436155 0.1246435387940607 -0.5000000000000000
-0.2640975189503943 0.1309100445941195 -0.5000000000000000
0.5000000000000000 -0.0978712055799069 0.2608056108565810
0.4279200041022906 -0.1175930975371688 0.5000000000000000
0.5000000000000000 -0.1888486240024146 0.3902421185341230
0.4298071781793507 -0.2519366650059529 0.5000000000000000
0.5000000000000000 -0.1014973807627320 0.2965672761873581
0.5000000000000000 -0.2776013329343750 0.4155863941016655
0.4233180458341791 -0.0328086170019820 0.5000000000000000
0.5000000000000000 -0.1486352823150164 0.2584358772052932
0.3743073703681649 -0.1077260043922449 0.5000000000000000
0.5000000000000000 -0.2430527488253238 0.2733024590989784
0.4464448457431727 -0.1556872792459258 0.5000000000000000
-0.3170815678467594 -0.3802021090117076 0.5000000000000000
-0.1848829585658866 0.5000000000000000 -0.3742099509251605
-0.1415765619541909 0.5000000000000000 -0.3725683275292029
-0.1944675250704689 0.5000000000000000 -0.3154427891023532
0.5000000000000000 -0.3275623362718434 0.1624045562953646
0.3703105637896102 -0.4066159619659559 0.5000000000000000
-0.1785192649135271 -0.4975498403314261 0.5000000000000000
-0.0486915320663363 -0.1165594959744139 -0.5000000000000000
0.4189065413241173 0.5000000000000000 -0.4386496868266082
0.5000000000000000 0.4502486495908924 -0.4542216310519680
0.3493414513180527 0.5000000000000000 -0.2182038740114637
0.5000000000000000 0.4882973840692808 -0.2226535141221554
0.0357950902649637 -0.3503548884079712 0.5000000000000000
-0.0104974869445007 -0.5000000000000000 0.1690014520161262
-0.0703582854393736 -0.5000000000000000 0.1020980731210466
-0.0758144764693149 -0.5000000000000000 0.1584363961024827
-0.0657433897683781 -0.5000000000000000 0.3554369479176070
-0.1439172557079653 -0.4122006705398981 0.5000000000000000
-0.4513801770201434 -0.5000000000000000 -0.2627349238707266
0.2817774330650241 -0.1288967000844409 -0.4974291858501682
0.1773698387254824 0.4445516026916248 0.5000000000000000
-0.5000000000000000 -0.4500370592274713 -0.3952893339440865
-0.5000000000000000 -0.1710052554131287 -0.0923490992354359
-0.5000000000000000 -0.1271097765800948 -0.0019436251538747
-0.5000000000000000 0.4759259226804191 0.2002753089765422
0.5000000000000000 -0.3212583055795294 0.3464420590055780
0.5000000000000000 -0.3739576137501103 0.0709778243726144
0.5000000000000000 -0.3340419515707826 0.2289285614920299
-0.4115373462926509 -0.5000000000000000 -0.2254729662664381
-0.4100091363034478 -0.5000000000000000 -0.3221603025206001
-0.4221597952584543 -0.5000000000000000 -0.2637490975423319
-0.3492771310303053 -0.4674747164602342 -0.5000000000000000
0.2097828094113389 0.3225829712216066 0.5000000000000000
0.1267015937812551 0.4531440104144023 0.5000000000000000
0.2020285115981108 0.4362646690542811 0.5000000000000000
0.1880343350337568 0.4841496013136489 0.5000000000000000
0.2296479766096776 0.5000000000000000 0.3046444762428748
0.1959639831894945 0.5000000000000000 0.4201015509002475
0.1873097560036199 0.3833313236890656 0.5000000000000000
0.0489051267686555 -0.3495932775482224 0.5000000000000000
0.0338445825331451 -0.3351257979248416 0.5000000000000000
0.0286177404644965 -0.5000000000000000 -0.0646895580448588
0.0225555133941081 -0.5000000000000000 -0.1069664741871371
0.0061874150079406 -0.5000000000000000 -0.0711100020853592
0.0284371381379280 -0.5000000000000000 -0.1103393271269684
0.0382128200499030 -0.5000000000000000 -0.0968419175590618
-0.3334521389980100 -0.5000000000000000 0.0153319785613171
-0.3213532802000861 -0.5000000000000000 -0.1989704300105009
-0.3691696879257927 -0.5000000000000000 -0.0965983213760528
-0.3926483776193290 -0.5000000000000000 0.0227057115186283
0.3035917748623502 -0.3162670381473294 -0.5000000000000000
0.2877261110190960 -0.3994469334214218 -0.5000000000000000
0.2360365565974659 -0.3426900138757932 -0.5000000000000000
0.2309999614361991 -0.3083399021409619 -0.5000000000000000
0.2062386690079858 -0.3547331023966500 -0.5000000000000000
0.1731307625197721 -0.4188462133542236 -0.5000000000000000
0.2481972202953587 -0.3366774727427085 -0.5000000000000000
0.4127349174394609 0.0122175752903672 0.5000000000000000
0.2673624549477965 -0.0128610968371388 0.5000000000000000
0.3282992158329477 -0.0068261974567534 0.5000000000000000
0.2173801428075069 0.2689335217468127 0.5000000000000000
0.2159992811055537 0.2734265209020256 0.5000000000000000
0.0476580540125192 0.4783905508024008 0.5000000000000000
0.1826398825603817 0.5000000000000000 0.1352520818239584
0.2093145406158993 0.5000000000000000 0.2009971089217053
0.2379181415862823 0.5000000000000000 0.1704030098456315
0.2291505397127040 0.5000000000000000 0.1681685664354397
-0.1680428479487083 -0.1075505411754760 -0.5000000000000000
0.0396174761670927 -0.2111011843255683 -0.5000000000000000
-0.0205888118098514 -0.2060864998498819 -0.5000000000000000
-0.0760482169177418 -0.1070336286666738 -0.5000000000000000
-0.2785964755393152 -0.5000000000000000 -0.1840296002614925
-0.2290125445721847 -0.5000000000000000 0.1053563705664960
-0.3413498314741339 0.2257159939712501 -0.5000000000000000
-0.2011758740041035 0.2848083790155110 -0.5000000000000000
-0.2187276397498976 0.3457001084331993 -0.5000000000000000
-0.2735102953448951 0.4300927186835647 -0.5000000000000000
0.0285970823913823 0.4693682580290765 0.5000000000000000
-0.0784922514810414 0.4617897863869418 0.5000000000000000
0.2169807757775799 0.2573999345436586 0.4986322997147563
0.3111995398251114 0.1546732184833033 0.5000000000000000
0.3708460787847760 0.5000000000000000 -0.3800470809562616
0.0762486610664823 0.1524652710055783 0.5000000000000000
0.1363561911743704 0.2092007103553697 0.5000000000000000
0.1052160000339879 0.2153878922403736 0.5000000000000000
0.1689449031185225 0.1748784028134668 0.5000000000000000
0.2877568047798963 -0.5000000000000000 0.4861586748065884
0.0068441066305419 0.2230290399107425 -0.5000000000000000
-0.1043077235425732 0.2381335897213512 -0.5000000000000000
-0.0587792645228068 0.2438382675165795 -0.5000000000000000
0.1480012179579805 -0.3923024427503890 -0.5000000000000000
0.1419508004723408 -0.4555178341650001 -0.5000000000000000
0.1228616962996434 -0.3931846375953930 -0.5000000000000000
-0.1166577855363021 0.4442451247122757 0.5000000000000000
0.0851005831131906 0.2046627981565092 -0.5000000000000000
0.0285341608568688 0.2582703695738758 0.5000000000000000
-0.0153411673061141 0.2412351670429226 0.5000000000000000
-0.4721422596474253 0.4950304139977339 0.1354321381099840
-0.5000000000000000 -0.3819507798318321 0.1845314237681187
-0.5000000000000000 -0.3023532538214717 0.0480134421869214
0.5000000000000000 -0.0930073810937246 -0.0497228535113334
-0.0030689781102831 -0.1908056128328688 0.5000000000000000
-0.0639798798099742 -0.1691499944289214 0.5000000000000000
0.5000000000000000 -0.0329398899715011 -0.0865080477276891
0.5000000000000000 -0.1560350539740572 -0.0054951662014801
0.5000000000000000 -0.0417492948316791 0.0127587543119504
0.5000000000000000 0.0370720996220206 -0.0594825085677560
-0.4972113603516373 0.5000000000000000 0.2032718365413391
-0.5000000000000000 0.4675095199699405 0.1511462101277045
-0.2301827781132657 0.1372106101054816 0.5000000000000000
-0.1266726506043819 0.1320462932144854 0.5000000000000000
0.3882687027738063 -0.3073700510498317 -0.5000000000000000
0.3737070772740729 -0.2231351516337400 -0.5000000000000000
-0.1167088388007095 0.4729364595999224 0.5000000000000000
0.2997298819376958 -0.3086850908284008 0.5000000000000000
0.3638825747079348 -0.3983985131582893 0.5000000000000000
0.3373352218302403 -0.2947334726584586 0.5000000000000000
0.2681165301746495 -0.2648409002625018 0.5000000000000000
0.2777192157589781 -0.3059649227209482 0.5000000000000000
0.2938008689857957 -0.4052453879980866 0.5000000000000000
0.5000000000000000 0.1430392950350597 -0.0812696746058291
0.5000000000000000 0.1159008128329510 -0.0666003148622383
0.5000000000000000 0.1606358764149632 -0.1041750380953824
0.5000000000000000 0.1314622802866990 -0.0557987629431610
0.3950018342728591 -0.3693557046397193 0.5000000000000000
-0.1155548669771736 -0.1131373870557217 0.5000000000000000
-0.1129281008771914 -0.0588284606043198 0.5000000000000000
0.1195115177051872 0.5000000000000000 0.0260493001004793
0.1322939772289637 0.4389905746425632 -0.5000000000000000
0.0036941908960176 0.5000000000000000 -0.3934936192083103
-0.0106317688400187 0.3321196241426824 -0.5000000000000000
-0.0512858344137910 0.5000000000000000 -0.1909907603644693
0.1354317207320613 0.4386487014193829 -0.5000000000000000
0.0880932125686726 0.5000000000000000 -0.4587837237005549
0.1680714713119237 0.5000000000000000 -0.3251546658061462
0.0640879467195101 -0.5000000000000000 0.0635972541034236
0.1695246045094829 -0.5000000000000000 0.2115642777353204
0.2071288761323804 -0.5000000000000000 0.0867679950327375
-0.2501935794760450 0.2982717201940464 0.5000000000000000
-0.2696034753822456 0.1881567618614059 0.5000000000000000
-0.3470710991629657 0.1514272917957257 0.5000000000000000
0.0551765618610467 0.5000000000000000 -0.3651331407608348
0.2298355857648142 0.4471408503119350 0.5000000000000000
-0.5000000000000000 -0.1733443057496759 -0.0960299812543295
-0.5000000000000000 -0.2110239730246858 -0.0649810858895278
-0.5000000000000000 -0.1258539965976746 -0.1381873423737051
-0.2600347012615032 0.1403215976556372 0.5000000000000000
-0.3217377092635271 0.1108970754564641 0.5000000000000000
-0.4811428610891511 -0.4080391362055898 -0.5000000000000000
-0.3486461356720044 -0.2491363557873172 -0.5000000000000000
0.3523409263994948 0.4901084665164317 -0.3449317512175250
0.3433454970495919 -0.4677350825492702 -0.5000000000000000
0.3226302319178921 -0.4680541466055303 -0.5000000000000000
-0.5000000000000000 -0.0433987802859829 -0.1843963374788985
0.3779778181387963 0.4511150878006989 0.5000000000000000
0.3682215210237469 0.4558744576521822 0.5000000000000000
0.4945511040545699 0.5000000000000000 0.1768200657885960
0.2952767571324627 0.5000000000000000 0.2409392966797405
-0.3456864268942886 0.5000000000000000 0.0950794726451587
-0.2718348025684449 0.5000000000000000 -0.1080301746339929
-0.4878252834726119 -0.4534062036092200 -0.5000000000000000
0.3128859742556188 -0.1726093445506904 0.5000000000000000
0.3991481867692268 -0.2483721892110848 0.5000000000000000
0.2787672373119850 -0.2426070167188155 0.5000000000000000
0.4087933761415678 -0.0424151143145632 0.5000000000000000
0.3086780034952754 -0.1275119778343771 0.5000000000000000
0.3480009720386644 -0.1203013839552004 0.5000000000000000
0.3228392926118246 -0.1953881138809371 0.5000000000000000
0.2841454381087616 -0.5000000000000000 -0.3962566339452107
0.2404731597952412 -0.5000000000000000 -0.3881533672953035
0.5000000000000000 -0.0303496192705652 0.0715568014147817
0.5000000000000000 0.0027260012326820 0.1477839276688695
-0.1359442127234138 -0.1519338699574251 0.5000000000000000
-0.1218542140710238 -0.1485999714967665 0.5000000000000000
-0.1372306343402769 -0.1216262441762160 0.5000000000000000
-0.0951243508862887 -0.1470774007824425 0.5000000000000000
0.3794380090641112 -0.5000000000000000 -0.3186010690268932
0.3522856852406633 -0.5000000000000000 -0.3440567392956986
0.3668818922590893 -0.5000000000000000 -0.1395413722133639
0.4322965149677137 -0.5000000000000000 -0.1887787693390217
-0.3779969652889049 0.3092529050326204 0.5000000000000000
-0.1785109201113386 0.5000000000000000 0.1696667591434487
-0.5000000000000000 0.0051462709540453 0.4793709047100192
-0.5000000000000000 0.0392082261777019 0.4763430807550908
-0.4284408899630829 0.1141138658815674 0.5000000000000000
-0.4071039770910024 0.0807744184673858 0.5000000000000000
0.3297578361678969 -0.1588068737085572 -0.5000000000000000
-0.1649464754949336 0.3180228662431491 0.5000000000000000
-0.1860528401059162 0.3269512924474395 0.5000000000000000
-0.1301933019151397 0.4238828028466685 0.5000000000000000
0.4161520688212029 0.1315992960556567 -0.5000000000000000
0.5000000000000000 0.1512019065758201 -0.3069359696900356
-0.1679161338163690 0.2156085897120572 -0.5000000000000000
0.4012647950452679 0.1284571340405970 -0.5000000000000000
-0.3463626704905857 0.2158599882640956 -0.5000000000000000
-0.5000000000000000 0.1820160566795472 -0.0252270929838642
-0.4688899904377794 0.0008003352298111 -0.5000000000000000
-0.4761577373615906 0.0046411836095491 -0.5000000000000000
0.3175132479486226 -0.5000000000000000 0.4005146416437443
-0.2766074730471118 -0.5000000000000000 -0.2207975351080053
-0.2436014337212264 -0.5000000000000000 -0.2873263379634308
-0.2877246940282739 -0.5000000000000000 -0.2251057066560924
-0.2994720391160327 -0.5000000000000000 -0.1930711212915430
-0.1978252842816418 -0.2540600297962123 0.5000000000000000
-0.1788892468879799 -0.1982087361831824 0.5000000000000000
0.0343090663665840 -0.3831513902242892 -0.5000000000000000
-0.0369410501384388 -0.3714241722329693 -0.5000000000000000
-0.0159791787901533 -0.2565403876837836 -0.5000000000000000
-0.0155271292658439 -0.5000000000000000 0.0153288209666189
0.1952010883390017 -0.2436462437464468 -0.5000000000000000
0.0443299551947810 -0.2158581279064698 -0.5000000000000000
0.0103665147955670 -0.5000000000000000 -0.0140820553234768
-0.0422956451048328 -0.4793307990070778 -0.5000000000000000
0.4328915776443291 -0.4164542043733104 0.5000000000000000
0.4301757051812142 -0.4217580119814557 0.5000000000000000
0.4164934373055837 -0.4269937863104045 0.5000000000000000
0.4272232795334369 -0.4163685053467275 0.5000000000000000
0.5000000000000000 0.3869925999896639 -0.4658775659573029
0.5000000000000000 0.3766512506817716 -0.3890660228673855
-0.1815563042547501 -0.2885343118244372 0.5000000000000000
-0.2829602644743583 -0.2652367090778480 0.5000000000000000
-0.1811932719375333 -0.2564484341381136 0.5000000000000000
-0.1237815264809269 -0.2137480326450161 0.5000000000000000
-0.1780435245672341 -0.3348176386118687 0.5000000000000000
0.1811038326065376 -0.1223831302465942 0.5000000000000000
-0.1859658089899379 -0.1189750317796933 0.5000000000000000
0.3643672197132541 -0.4138662081731099 0.5000000000000000
0.3744645612700522 -0.4037415453422864 0.5000000000000000
0.0889558376543795 -0.3923071508572480 -0.5000000000000000
-0.1419014035525811 0.5000000000000000 0.1310273738868419
-0.3402019497668097 0.2140582492559422 -0.5000000000000000
-0.3484142168988987 0.2176108539452838 -0.5000000000000000
-0.0052490854653715 -0.2226179241576724 0.5000000000000000
0.0500971133292939 -0.1737851334092093 0.5000000000000000
0.2817153576945086 0.1186593207710266 0.5000000000000000
0.2554218960712527 -0.2176632453324986 -0.5000000000000000
-0.5000000000000000 0.1566373586594894 0.1168059473949728
-0.4944188439336414 0.2107381195955082 0.0506209510859737
-0.5000000000000000 0.1987110153476225 -0.0371589071819111
-0.5000000000000000 -0.2740719242975328 -0.0225805030005714
0.2933768932701756 -0.5000000000000000 -0.3010896423263538
0.5000000000000000 -0.1971313410149050 0.0258821738967656
0.5000000000000000 -0.1729155436399606 0.0412856811090457
0.5000000000000000 -0.2107856840543550 0.0714311026812061
0.5000000000000000 -0.2018556029431834 -0.0149433025047176
0.4713040949927477 -0.3143539325058053 0.5000000000000000
0.3986711817250122 -0.2704768675798615 0.5000000000000000
0.4179554031047338 -0.3537702056643306 0.5000000000000000
0.5000000000000000 0.1681910399074474 -0.3158334105108835
0.5000000000000000 -0.3329676355113732 0.3906892724947559
0.5000000000000000 -0.4151698385486342 0.0456579748665746
-0.3197400348296828 -0.5000000000000000 -0.2878513007760719
-0.3670218969221408 -0.5000000000000000 -0.2232518091501900
-0.4315705841088231 -0.5000000000000000 -0.4375649729548466
-0.3464220883731954 -0.5000000000000000 -0.3863112183111154
-0.3972548660537850 -0.4052604307916612 0.5000000000000000
0.1550935584787402 -0.4673403063710126 -0.5000000000000000
0.2182739618250892 -0.5000000000000000 -0.3295914530169533
0.2398909920132636 -0.5000000000000000 -0.2921421471212071
0.0060649402214672 0.1383316579379837 0.5000000000000000
-0.0860917270055260 0.0611024224149206 0.5000000000000000
-0.1645649775696608 0.5000000000000000 0.1881878628376001
0.2465722057468502 -0.2362024343591931 0.5000000000000000
0.2462255044823468 -0.2568866051598248 0.5000000000000000
0.2728506652681584 -0.2497817568648028 0.5000000000000000
-0.5000000000000000 -0.0161641611806701 0.4595838113507360
0.5000000000000000 -0.4271063968278505 0.0199582717361679
-0.0810133792553208 -0.2869372162740358 0.5000000000000000
-0.3401482815188300 0.1176528481600879 -0.5000000000000000
-0.3451080762898223 0.1289495347524563 -0.5000000000000000
-0.3653989027397073 0.1047644176485956 -0.5000000000000000
0.0178878508046389 0.1268467886763248 0.5000000000000000
0.0173097457379988 0.1483549240759885 0.5000000000000000
0.0025224570857860 0.1413657083621896 0.5000000000000000
0.5000000000000000 -0.0410034956202136 0.0560709606224874
0.5000000000000000 -0.0196093233917562 0.0290610426782468
-0.5000000000000000 -0.0766939405443874 0.0620684413150009
-0.5000000000000000 -0.1157035844948647 0.0230594586829798
-0.5000000000000000 -0.1159611227207310 0.1075983728587644
-0.5000000000000000 -0.0830313186566201 0.0786320698213147
0.5000000000000000 0.3057348802159436 -0.4282701521758707
0.4137886979156022 0.1709037531894320 -0.5000000000000000
0.5000000000000000 0.0024139091138909 0.1691918547595240
0.5000000000000000 -0.2996355108012004 0.4155057326680155
-0.4954093740948886 -0.4369030471429545 -0.4950898878003822
0.4868382629139546 -0.5000000000000000 0.4681208350355597
0.4337903646875530 -0.5000000000000000 0.4682918700995803
-0.2270966614931079 -0.1096818332322013 -0.5000000000000000
-0.1369172889726089 -0.3812261385669533 -0.5000000000000000
-0.0545837058603088 -0.2679976715127004 -0.5000000000000000
-0.2544961173422029 0.3735843170133452 0.5000000000000000
-0.3023668409854156 0.4066972487806527 0.5000000000000000
-0.1393691122880978 0.4538016284553913 0.5000000000000000
0.5000000000000000 -0.4035972599908164 0.0035276400753067
0.5000000000000000 0.2934285553121607 -0.1472030066934451
0.0925691660059797 -0.4659646186408777 -0.4978141399541173
-0.0375867053864177 -0.4679180180161728 -0.5000000000000000
0.3016668058169886 -0.5000000000000000 0.1427059124600193
-0.3452535790178715 0.3187689879094301 0.5000000000000000
0.4297122379141788 0.0096863206475381 0.5000000000000000
0.3822785972114084 0.0419967191798506 0.5000000000000000
-0.1723842077433163 -0.5000000000000000 -0.4192822254249852
-0.1418008867411214 -0.4559223691449871 -0.5000000000000000
-0.1945855669661140 -0.4778304889642215 -0.5000000000000000
-0.0026158164779705 0.0758861878566991 0.5000000000000000
0.1866546568742457 0.2827179285951226 0.5000000000000000
-0.1426358261381765 -0.0776902471350990 0.5000000000000000
-0.0888513820703187 -0.1240294629391647 0.5000000000000000
-0.1203127337425362 -0.0435335794041492 0.5000000000000000
0.5000000000000000 0.0736928673463307 -0.0430952041289595
0.5000000000000000 0.1431711653146556 -0.2542254852509327
0.1009214829026751 -0.5000000000000000 -0.4460617199802207
-0.3280678914650505 -0.0979619056220968 -0.5000000000000000
0.5000000000000000 -0.3160886513633933 0.3816695346380224
-0.5000000000000000 0.1187905500359309 0.2551751967258534
-0.5000000000000000 0.0483219732489865 0.4998619920133651
0.2045149736425332 -0.0771684726118706 0.5000000000000000
0.2304334908966847 -0.0394483318200077 0.5000000000000000
0.2709417077678945 0.0595337974739099 0.5000000000000000
0.2437828704007380 -0.5000000000000000 0.2003118204452892
0.2363799716235213 -0.5000000000000000 0.1019808482873756
0.3008468636779304 -0.5000000000000000 0.3675844915289803
0.2840560454300877 -0.0333105137799935 0.5000000000000000
0.3047851199054984 0.0611991149010381 0.5000000000000000
0.5000000000000000 0.0735635344142093 0.3080668866825341
0.5000000000000000 0.0230367892951106 0.0696395182301543
0.3484169521707365 0.5000000000000000 -0.3147615326764638
0.4070091303747207 0.1473792636610355 -0.5000000000000000
0.5000000000000000 0.1660419758393791 -0.3273470655399098
-0.3430462499870038 -0.0658157030012227 -0.5000000000000000
-0.0674770106641898 0.2316639749474315 0.5000000000000000
-0.3640838272144971 0.2806205455566555 0.5000000000000000
-0.3746527066860173 0.3262809435549588 0.5000000000000000
0.3037962729227156 -0.4634924436848161 0.5000000000000000
0.5000000000000000 0.3012201681837440 -0.3494134235996733
0.4943193936437927 0.1745013287644744 -0.3877194452597145
-0.3423212738766782 -0.0322031773209711 -0.5000000000000000
-0.5000000000000000 0.4003699793271550 -0.3130284164086469
-0.5000000000000000 -0.4891269117162536 0.2598853131567264
-0.5000000000000000 -0.4658509341799236 0.0256994207301057
0.3960184122852858 0.1375555495899753 -0.5000000000000000
0.4317922194882556 0.1450870006572540 -0.5000000000000000
0.1586413246295957 0.2846855810046885 0.5000000000000000
0.5000000000000000 -0.3979457935868680 -0.0104357196141639
-0.5000000000000000 0.2128960597880325 0.0164279132940181
-0.3276782188618282 -0.2759274955164692 0.5000000000000000
-0.0692146774673868 -0.3526516985693025 -0.5000000000000000
-0.0253124246461515 -0.2475723340695486 -0.5000000000000000
0.5000000000000000 0.0939005426241073 0.3708069982447763
-0.0708280839660871 -0.5000000000000000 -0.4720557504270184
-0.2601246942588482 0.5000000000000000 0.4185221493650382
-0.1643993295322235 0.5000000000000000 0.4643525880863641
-0.0774495545259258 -0.2420499690482048 0.5000000000000000
-0.1799090525942774 -0.3699277749640284 -0.5000000000000000
-0.2518368476511919 -0.3856839242558791 -0.5000000000000000
0.3049882867875577 -0.0673176865018818 -0.5000000000000000
-0.4023285565896590 -0.5000000000000000 0.2929403722503302
-0.4249942921920482 -0.4187987295063081 0.5000000000000000
-0.0552665516984787 -0.1967657312356972 0.5000000000000000
-0.5000000000000000 0.4022087408930864 -0.0993282697291780
0.2189115302714867 -0.5000000000000000 0.0286949903657544
-0.0616465958589279 -0.4704859528742945 -0.5000000000000000
0.2747200590990520 0.4988882924805262 0.2521224301050459
0.4946142622173761 0.5000000000000000 -0.2311313815294601
-0.4164443212754274 0.1286345251974413 0.5000000000000000
-0.3996343742821019 0.1025885870928062 0.5000000000000000
-0.4224428892618703 0.1491789736879205 0.5000000000000000
-0.2940059523455593 0.5000000000000000 0.1828650830427198
-0.2426779615608808 0.5000000000000000 0.1371269906568988
-0.3726353577689552 -0.3972646702458089 0.5000000000000000
-0.0867144867962062 0.0854773002581099 0.5000000000000000
-0.2675679229493199 0.5000000000000000 0.2954883816488647
-0.2091664369673560 0.5000000000000000 0.2316514473469787
0.1780927341582433 0.2995706873328813 0.5000000000000000
-0.5000000000000000 0.2428201402707724 -0.2082550988702844
-0.1015560154729826 -0.3470197806910836 0.5000000000000000
-0.3654604937406062 -0.0145176828166532 -0.5000000000000000
-0.5000000000000000 -0.0524837800153486 -0.2416202074271346
-0.1950855213018790 -0.3941382288231331 0.5000000000000000
0.5000000000000000 0.1786739718647550 -0.3206817486277349
-0.5000000000000000 0.3761060707325644 -0.0190182485638288
-0.1982808182296784 0.5000000000000000 -0.1327063412464759
-0.2368113277716872 0.5000000000000000 -0.0623436734581870
-0.2068574507039428 0.5000000000000000 -0.0799936159365760
0.5000000000000000 0.1694132662268686 -0.3617599679382372
-0.1248380774076664 0.4560992752734538 0.4889929116823253
0.2325417890752295 0.1476973770284369 0.5000000000000000
-0.5000000000000000 0.3047557608136577 -0.1999234744026825
261 100
262 164
263 177
264 196
265 220
266 26
267 56
268 252
0 49
0 107
0 131
0 145
0 167
0 269
0 215
0 235
0 245
0 259
270 98
271 156
272 27
273 209
274 177
1 275
1 276
1 18
1 87
1 804
1 277
1 278
1 1024
1 186
1 279
1 253
280 183
281 32
282 160
283 236
284 27
285 86
286 1095
2 4
2 11
2 22
2 287
2 75
2 89
2 102
2 288
2 289
2 290
2 163
2 172
2 291
2 206
2 292
2 1330
2 260
2 293
294 26
295 64
296 348
297 176
298 201
299 252
3 300
3 29
3 301
3 58
3 86
3 103
3 111
3 116
3 164
3 177
3 196
3 238
302 58
303 86
304 139
4 11
4 22
4 34
4 75
4 81
4 135
4 137
4 163
4 184
4 206
4 260
305 84
306 125
307 153
308 202
309 35
310 85
311 879
312 209
313 88
314 89
315 125
316 128
317 136
318 246
5 319
5 32
5 320
5 321
5 70
5 322
5 323
5 169
5 324
5 214
5 224
5 325
5 326
5 243
5 244
327 25
328 114
329 124
330 252
331 18
332 98
333 156
334 253
6 22
6 29
6 335
6 75
6 81
6 103
6 119
6 122
6 336
6 337
6 141
6 184
6 206
6 234
6 247
7 21
7 28
7 51
7 53
7 59
7 338
7 79
7 93
7 94
7 130
7 165
7 190
7 248
339 181
340 69
341 1280
342 15
343 87
344 250
345 253
346 118
347 74
349 36
350 56
351 90
352 205
353 221
354 19
355 54
356 71
357 235
358 240
8 36
8 37
8 38
8 40
8 43
8 57
8 62
8 91
8 104
8 113
8 133
8 161
8 195
8 223
8 251
9 18
9 29
9 30
9 359
9 360
9 361
9 804
9 98
9 111
9 122
9 362
9 156
9 168
9 363
9 213
9 234
9 238
9 253
9 1307
10 15
10 30
10 68
10 92
10 364
10 168
10 365
10 188
10 366
10 258
367 70
368 115
369 210
370 243
371 244
372 58
373 86
374 164
375 196
11 16
11 51
11 75
11 102
11 137
11 376
11 163
11 171
11 172
11 377
11 219
11 256
11 260
378 252
12 28
12 34
12 58
12 88
12 89
12 379
12 112
12 128
12 130
12 135
12 136
12 141
12 150
12 380
12 184
12 381
12 260
13 27
13 35
13 49
13 65
13 85
13 108
13 382
13 167
13 180
13 674
13 192
13 207
13 209
13 245
383 183
384 191
385 221
386 235
14 387
14 388
14 389
14 390
14 760
14 125
14 391
14 392
14 393
14 394
14 229
14 246
14 249
15 30
15 395
15 68
15 87
15 804
15 92
15 396
15 397
15 194
15 398
15 250
15 253
16 399
16 400
16 44
16 47
16 51
16 57
16 62
16 78
16 102
16 401
16 133
16 402
16 144
16 148
16 151
16 161
16 163
16 171
16 187
16 204
16 218
16 219
16 403
16 228
16 404
16 256
405 44
406 133
17 407
17 46
17 77
17 408
17 409
17 96
17 99
17 123
17 964
17 159
17 410
17 411
17 412
17 239
413 44
414 70
415 78
416 133
18 98
18 119
18 417
18 122
18 1024
18 418
18 156
18 168
18 186
18 189
18 213
18 419
18 234
18 247
18 253
18 1307
19 48
19 71
19 420
19 108
19 421
19 134
19 422
19 423
19 424
19 425
19 426
19 427
19 428
19 216
19 230
19 240
429 136
430 229
431 246
20 23
20 432
20 433
20 434
20 100
20 131
20 435
20 152
20 154
20 436
20 437
20 198
20 438
20 439
21 28
21 31
21 51
21 59
21 62
21 84
21 89
21 93
21 110
21 128
21 146
21 150
21 153
21 190
21 197
21 218
21 242
440 50
441 88
22 442
22 443
22 89
22 444
22 136
22 141
22 184
22 206
22 445
22 446
22 260
22 447
23 448
23 65
23 85
23 449
23 100
23 964
23 131
23 450
23 451
23 452
23 198
23 453
23 454
23 239
455 69
456 235
457 90
458 221
24 33
24 52
24 55
24 76
24 106
24 109
24 110
24 140
24 149
24 155
24 201
25 459
25 460
25 461
25 462
25 124
25 463
25 464
25 169
25 465
25 466
25 467
25 224
25 468
25 236
26 41
26 469
26 64
26 348
26 470
26 471
26 115
26 472
26 473
26 474
26 176
26 475
26 210
26 252
27 48
27 476
27 477
27 478
27 73
27 108
27 479
27 480
27 481
27 482
27 483
27 180
27 484
27 209
27 230
27 259
485 114
486 124
487 236
28 53
28 59
28 488
28 79
28 93
28 489
28 128
28 130
28 150
28 490
28 491
28 260
492 167
29 34
29 58
29 81
29 103
29 111
29 116
29 122
29 222
29 234
29 238
30 493
30 804
30 92
30 494
30 168
30 495
30 213
30 238
30 496
30 253
30 258
497 97
498 520
499 1240
500 227
501 58
502 86
503 111
504 164
505 177
506 196
507 1095
31 508
31 509
31 510
31 62
31 84
31 91
31 93
31 511
31 512
31 128
31 153
31 513
31 197
31 514
32 44
32 61
32 70
32 515
32 126
32 160
32 169
32 516
32 214
32 517
32 518
32 236
32 243
32 251
519 1042
33 64
33 78
33 106
33 110
33 140
33 146
33 148
33 151
33 178
33 201
33 204
33 255
34 58
34 81
34 103
34 112
34 116
34 135
34 137
34 141
34 164
34 184
34 199
34 222
34 234
34 247
34 260
521 136
35 60
35 65
35 85
35 879
35 522
35 108
35 523
35 157
35 174
35 180
35 192
35 207
35 209
35 216
35 239
36 37
36 38
36 40
36 524
36 77
36 90
36 91
36 104
36 105
36 123
36 525
36 526
36 179
36 182
36 205
36 217
36 221
36 223
36 527
36 528
36 529
37 38
37 43
37 61
37 90
37 105
37 126
37 182
37 223
37 243
37 251
530 47
531 54
532 69
533 132
534 147
535 187
536 233
537 235
538 42
539 50
540 118
541 193
542 224
543 244
38 43
38 45
38 56
38 67
38 90
38 104
38 105
38 113
38 545
38 205
38 210
38 243
38 257
39 116
39 546
39 152
39 168
39 173
39 188
39 196
39 222
39 238
39 547
39 1280
39 258
40 57
40 62
40 77
40 91
40 104
40 123
40 142
40 161
40 165
40 203
40 217
40 223
41 45
41 64
41 104
41 113
41 115
41 548
41 176
41 549
41 205
41 210
41 252
41 255
41 257
42 50
42 67
42 90
42 105
42 118
42 124
42 169
42 179
42 182
42 191
42 193
42 214
42 221
42 224
42 244
42 544
550 186
551 208
552 250
43 44
43 61
43 105
43 113
43 133
43 195
43 243
43 251
43 257
553 156
554 83
555 114
556 117
557 124
558 179
559 183
560 227
44 61
44 70
44 78
44 561
44 133
44 161
44 178
44 187
44 195
44 562
44 563
44 243
44 251
564 65
565 85
566 131
567 167
45 56
45 67
45 105
45 113
45 115
45 205
45 210
45 252
568 145
569 77
570 120
571 129
572 162
573 229
574 231
46 94
46 96
46 99
46 964
46 138
46 142
46 159
46 165
46 225
46 239
47 51
47 57
47 63
47 69
47 101
47 132
47 147
47 161
47 171
47 185
47 187
47 190
47 575
47 235
47 256
576 156
577 80
578 1042
579 229
48 108
48 580
48 134
48 581
48 180
48 582
48 583
48 216
48 230
48 259
584 230
585 98
586 111
587 177
588 238
589 1307
49 590
49 65
49 85
49 107
49 108
49 591
49 167
49 592
49 593
49 674
49 209
49 594
49 245
49 595
50 56
50 596
50 67
50 597
50 118
50 598
50 599
50 600
50 601
50 602
50 1229
50 210
50 221
50 244
50 603
604 65
605 85
606 167
607 760
608 249
609 86
610 103
611 111
612 1095
51 57
51 59
51 62
51 63
51 135
51 137
51 144
51 150
51 163
51 171
51 190
51 218
51 256
51 260
613 90
614 221
52 55
52 76
52 80
52 615
52 616
52 617
52 106
52 618
52 619
52 140
52 151
52 201
52 620
52 219
52 228
52 621
52 622
53 59
53 623
53 94
53 130
53 135
53 150
53 190
53 248
625 119
626 206
627 70
628 151
629 176
630 178
631 201
632 243
633 255
634 257
635 79
636 93
637 99
638 123
54 71
54 639
54 132
54 640
54 192
54 212
54 233
54 235
54 240
641 674
642 259
643 60
644 119
645 100
646 74
55 76
55 80
55 647
55 109
55 648
55 1042
55 140
55 155
55 1182
55 229
55 232
55 649
55 249
650 879
651 209
56 652
56 67
56 90
56 115
56 653
56 654
56 655
56 656
56 657
56 205
56 210
56 658
56 252
57 62
57 101
57 132
57 133
57 142
57 161
57 187
57 190
57 203
57 251
659 86
660 139
661 224
662 153
663 197
664 202
58 86
58 88
58 103
58 665
58 112
58 116
58 139
58 141
58 164
666 177
667 1280
59 135
59 150
59 190
59 218
60 85
60 879
60 668
60 120
60 669
60 670
60 671
60 157
60 672
60 166
60 673
675 80
676 229
677 231
624 75
624 119
624 678
624 208
679 804
680 156
681 253
682 172
683 181
684 206
685 231
686 1330
687 93
688 128
689 153
690 252
691 179
692 183
693 221
694 227
61 105
61 126
61 169
61 182
61 214
61 236
61 243
61 251
62 91
62 93
62 104
62 113
62 123
62 133
62 144
62 146
62 148
62 165
62 190
62 195
62 197
62 203
62 218
63 66
63 69
63 72
63 82
63 101
63 135
63 143
63 171
63 185
63 190
63 199
63 215
63 225
63 235
63 237
695 86
696 83
697 97
698 117
699 520
700 183
701 227
64 348
64 91
64 702
64 104
64 110
64 140
64 146
64 148
64 155
64 703
64 704
64 176
64 197
64 201
64 202
64 1182
64 252
64 255
65 85
65 131
65 167
65 192
65 198
65 207
65 209
65 239
65 245
65 705
706 201
707 125
708 232
709 249
66 69
66 72
66 82
66 138
66 143
66 173
66 185
66 199
66 200
66 215
66 225
66 237
66 241
66 254
710 73
711 166
712 170
713 180
714 226
67 90
67 105
67 118
67 715
67 210
67 221
67 244
716 760
717 125
718 246
719 73
720 180
721 209
68 92
68 722
68 723
68 152
68 175
68 188
68 194
68 724
68 258
725 118
726 1229
69 82
69 727
69 728
69 729
69 730
69 185
69 187
69 200
69 731
69 235
69 237
69 254
70 78
70 732
70 178
70 733
70 243
71 734
71 735
71 114
71 736
71 737
71 738
71 192
71 211
71 212
71 216
71 233
71 240
739 79
740 93
741 96
742 99
743 100
744 112
745 127
746 130
747 154
748 164
749 220
750 248
72 101
72 138
72 143
72 159
72 200
72 207
72 212
72 215
72 225
72 235
72 241
73 751
73 157
73 166
73 170
73 174
73 180
73 752
73 216
73 753
73 226
74 348
74 754
74 755
74 756
74 757
74 758
74 232
74 759
75 81
75 102
75 119
75 761
75 762
75 763
75 137
75 764
75 765
75 206
75 208
75 766
75 247
75 256
767 130
768 164
769 220
770 86
771 160
76 80
76 772
76 106
76 109
76 773
76 774
76 149
76 775
76 229
76 231
76 776
77 95
77 97
77 117
77 120
77 123
77 129
77 142
77 158
77 159
77 162
77 777
77 778
77 212
77 217
77 223
77 779
77 780
78 133
78 781
78 148
78 151
78 782
78 178
78 195
78 204
78 783
78 228
78 784
78 243
79 93
79 785
79 94
79 96
79 99
79 123
79 786
79 165
79 248
80 787
80 788
80 789
80 790
80 1042
80 791
80 792
80 793
80 794
80 795
80 796
80 229
80 231
348 797
348 155
348 798
348 799
348 800
348 801
348 202
348 1182
348 802
348 232
348 803
348 252
81 103
81 137
81 141
81 184
81 206
81 234
81 247
82 805
82 806
82 137
82 171
82 185
82 186
82 189
82 199
82 208
82 247
82 250
82 254
807 185
808 235
809 237
810 250
811 254
83 114
83 117
83 520
83 124
83 812
83 211
813 231
84 89
84 110
84 125
84 128
84 153
84 155
84 814
84 197
84 202
84 218
84 242
85 815
85 879
85 816
85 157
85 209
85 239
85 817
86 103
86 111
86 139
86 141
86 818
86 819
86 820
86 1095
86 821
822 100
823 131
824 152
825 154
826 188
827 198
828 1280
87 92
87 121
87 829
87 1024
87 186
87 189
87 213
87 250
87 253
87 254
87 258
760 830
760 1042
760 831
760 832
760 833
760 834
760 229
760 835
760 249
88 836
88 136
88 139
88 141
88 837
88 184
88 838
88 839
88 260
840 93
804 841
804 842
804 156
804 843
804 844
804 253
89 109
89 125
89 128
89 136
89 150
89 163
89 218
89 242
89 246
89 845
89 260
89 846
847 99
848 230
849 233
850 252
851 147
852 160
853 161
854 251
855 216
90 105
90 856
90 179
90 182
90 205
90 217
90 221
857 147
858 140
859 151
860 201
861 1182
862 228
91 93
91 863
91 104
91 123
91 146
91 165
91 864
91 197
91 865
91 866
91 255
92 121
92 168
92 194
92 213
92 250
92 253
92 258
93 867
93 99
93 123
93 128
93 868
93 165
93 869
93 190
93 870
93 871
872 104
873 197
874 202
875 96
876 99
877 111
878 1095
94 96
94 99
94 101
94 165
94 190
94 225
94 248
95 114
95 117
95 124
95 126
95 132
95 142
95 160
95 161
95 182
95 203
95 212
95 217
95 223
95 233
880 118
881 193
882 224
883 544
96 99
96 100
96 127
96 964
96 138
96 154
96 884
96 885
96 225
96 239
96 248
96 886
97 117
97 520
97 129
97 158
97 162
97 170
97 887
97 888
97 211
97 1240
97 227
879 889
879 890
879 209
879 891
98 119
98 892
98 893
98 894
98 156
98 1307
895 156
99 896
99 123
99 159
99 165
99 225
99 897
99 898
899 166
900 209
901 1042
902 106
903 219
904 228
905 107
906 145
100 964
100 154
100 907
100 198
100 908
100 220
100 909
100 239
100 910
101 132
101 142
101 143
101 159
101 165
101 190
101 203
101 207
101 212
101 225
101 235
102 911
102 912
102 913
102 914
102 172
102 181
102 915
102 219
102 256
103 111
103 116
103 122
103 916
103 139
103 141
103 184
103 917
103 918
103 919
103 1095
104 113
104 146
104 920
104 921
104 922
104 197
104 205
104 923
104 924
104 252
104 255
925 112
926 130
927 139
928 164
105 182
105 210
105 214
105 243
105 244
929 114
930 252
106 109
106 110
106 140
106 149
106 151
106 163
106 201
106 204
106 931
106 218
106 219
106 228
932 197
933 202
107 121
107 131
107 145
107 934
107 935
107 936
107 167
107 937
107 175
107 938
107 939
107 940
107 674
107 941
107 942
107 194
107 943
107 245
107 944
107 259
945 236
946 125
947 136
948 246
108 949
108 134
108 950
108 180
108 674
108 192
108 209
108 216
108 240
108 245
108 259
951 114
952 123
109 110
109 125
109 149
109 155
109 163
109 204
109 218
109 229
109 232
109 242
109 246
109 249
110 140
110 146
110 155
110 197
110 202
110 204
110 218
110 242
111 116
111 122
111 953
111 954
111 177
111 955
111 1095
111 234
111 238
111 956
111 1307
112 127
112 130
112 135
112 164
112 173
112 199
112 220
112 222
113 146
113 148
113 176
113 195
113 205
113 210
113 243
113 255
113 257
114 117
114 957
114 124
114 126
114 958
114 959
114 160
114 211
114 212
114 216
114 960
114 233
114 236
114 961
114 962
963 118
965 119
966 118
115 967
115 968
115 210
115 244
115 252
969 1042
970 674
971 209
972 259
116 164
116 168
116 177
116 196
116 222
116 234
116 238
117 520
117 124
117 158
117 162
117 179
117 183
117 211
117 212
117 217
117 227
118 973
118 974
118 191
118 193
118 1229
118 975
118 221
118 544
118 976
119 977
119 122
119 978
119 979
119 980
119 981
119 206
119 982
119 983
119 234
119 247
119 1307
984 216
985 233
520 986
520 987
520 988
520 162
520 170
520 989
520 211
520 990
520 226
991 124
992 191
993 193
994 224
120 129
120 995
120 996
120 997
120 157
120 159
120 162
120 998
120 166
120 170
120 999
120 1000
120 174
120 1001
120 239
121 131
121 145
121 152
121 175
121 1002
121 1003
121 1004
121 194
121 198
121 200
121 215
121 237
121 241
121 250
121 254
121 258
1005 186
1006 247
122 1007
122 1008
122 1009
122 1010
122 1011
122 234
122 247
122 1307
123 142
123 159
123 165
123 1012
123 1013
123 1014
123 1015
124 126
124 1016
124 160
124 169
124 179
124 182
124 183
124 191
124 193
124 217
124 1017
124 224
124 236
125 128
125 153
125 155
125 1018
125 1019
125 1020
125 202
125 1021
125 229
125 232
125 242
125 246
125 249
1022 206
1023 1330
1025 250
126 160
126 161
126 182
126 223
126 236
126 251
1026 1095
1027 185
1028 186
1029 208
1030 250
1031 230
127 130
127 135
127 154
127 164
127 173
127 199
127 220
127 225
127 248
128 136
128 150
128 153
128 1032
128 1033
128 242
128 1034
128 260
129 157
129 159
129 162
129 170
129 1035
129 1036
129 174
129 1037
129 1240
1038 1330
130 135
130 150
130 1039
130 164
130 248
964 138
964 239
1040 208
1041 256
1043 224
1044 244
131 1045
131 145
131 152
131 167
131 175
131 194
131 198
131 207
131 215
131 241
131 245
132 142
132 147
132 161
132 1046
132 203
132 212
132 1047
132 233
132 235
1024 186
1024 208
1024 250
1048 152
1049 167
1050 175
1051 188
1042 1052
1042 229
1042 1053
1042 249
1054 219
1055 256
1056 157
1057 239
1058 1330
133 144
133 148
133 161
133 178
133 187
133 195
133 251
134 1059
134 145
134 1060
134 1061
134 1062
134 192
134 1063
134 1064
134 240
134 245
134 259
135 137
135 150
135 171
135 184
135 190
135 199
135 222
135 247
135 248
135 260
1065 168
1066 188
1067 238
1068 258
1069 259
1070 147
1071 187
1072 141
136 139
136 141
136 1073
136 184
136 1074
136 1075
136 246
136 1076
136 260
137 171
137 199
137 208
137 247
137 256
137 260
138 142
138 143
138 154
138 159
138 173
138 198
138 207
138 225
138 239
138 241
139 141
139 1077
139 1078
139 1079
1080 211
1081 216
1082 226
1083 181
1084 219
1085 228
140 155
140 201
140 1182
140 232
141 184
141 1086
141 260
1087 1307
1088 210
1089 244
1090 252
1091 219
1092 228
1093 1229
1094 221
142 143
142 159
142 165
142 190
142 203
142 212
142 223
142 225
1096 166
1097 170
143 159
143 190
143 215
143 225
143 235
1098 252
144 146
144 148
144 204
144 218
1099 156
1100 1307
1101 156
1102 1307
1103 229
1104 246
1105 1229
145 1106
145 1107
145 1108
145 1109
145 1110
145 1111
145 194
145 1112
145 215
145 235
145 237
145 245
146 148
146 195
146 197
146 204
146 218
146 255
1113 166
1114 170
1115 175
1116 194
147 1117
147 160
147 161
147 187
147 1118
147 1119
147 1120
147 233
1121 157
1122 166
1123 180
1124 209
148 178
148 195
148 204
148 255
148 257
149 163
149 172
149 181
149 1125
149 219
149 229
149 231
149 246
149 1126
150 218
150 260
151 1127
151 178
151 1128
151 201
151 204
151 1129
151 228
151 1130
1131 239
1132 172
1133 181
1134 1330
152 154
152 173
152 175
152 188
152 194
152 196
152 198
152 200
152 1135
152 220
152 241
152 1136
152 1280
152 254
152 258
153 1137
153 197
153 202
154 173
154 196
154 198
154 1138
154 220
154 225
154 239
154 241
155 1139
155 1140
155 202
155 1182
155 232
155 242
1141 205
1142 252
1143 230
156 253
157 166
157 170
157 174
157 180
157 239
1144 179
1145 183
1146 191
1147 193
1148 160
1149 161
158 162
158 179
158 1150
158 183
158 217
158 1151
158 227
158 1152
1153 211
159 162
159 165
159 1154
159 174
159 207
159 212
159 1155
159 239
1156 211
1157 227
1158 674
1159 209
1160 230
1161 259
1162 177
1163 238
160 161
160 1164
160 1165
160 1166
160 1167
160 233
160 236
160 251
160 1168
1169 235
161 187
161 203
161 223
161 1170
161 233
161 251
1171 230
1172 259
162 170
162 174
162 1173
162 211
162 212
162 226
163 172
163 218
163 219
163 246
163 260
163 1174
164 173
164 196
164 220
164 222
1175 202
1176 232
165 190
165 203
165 225
1177 233
1178 235
1179 250
1180 239
1181 201
1183 232
1184 244
166 170
166 174
166 180
166 1185
167 175
167 1186
167 1187
167 1188
167 245
167 1189
1190 674
1191 245
1192 259
168 173
168 188
168 189
168 213
168 222
168 234
168 238
168 1193
168 247
168 254
168 258
1194 674
1195 209
1196 191
1197 193
1198 1229
1199 221
169 182
169 214
169 224
169 1200
169 236
170 1201
170 174
170 1202
170 1203
170 226
170 1240
171 1204
171 185
171 199
171 208
171 1205
171 256
172 181
172 219
172 229
172 231
172 246
172 1330
172 1206
1207 235
1208 240
1209 245
1210 178
173 196
173 198
173 199
173 200
173 220
173 222
173 225
173 241
173 248
173 254
173 258
174 180
174 192
174 207
174 211
174 212
174 216
174 226
174 239
1211 209
1212 233
1213 197
1214 202
1215 252
1216 185
1217 208
1218 256
175 188
175 1219
175 194
175 1220
176 1221
176 178
176 201
176 210
176 255
176 257
1222 210
1223 243
1224 257
177 196
177 1225
177 1226
177 238
177 1280
178 195
178 201
178 243
178 255
178 257
1227 194
1228 674
1230 674
1231 230
1232 205
179 182
179 183
179 191
179 217
179 221
179 1233
179 227
179 1234
1235 181
1236 231
1237 1330
1238 209
1239 238
1241 227
180 192
180 1242
180 209
180 216
180 226
181 1243
181 219
181 231
181 1330
182 191
182 193
182 214
182 217
182 221
182 223
182 224
182 236
1244 194
1245 250
183 191
183 1246
183 221
183 1247
183 227
183 1248
184 206
184 260
185 187
185 208
185 1249
186 189
186 208
186 213
186 1250
186 247
186 250
186 253
186 254
187 1251
187 1252
187 1253
188 194
188 1254
188 1255
188 258
1256 1240
1257 205
189 199
189 208
189 213
189 222
189 247
189 253
189 254
190 199
190 203
190 225
190 248
674 1258
674 245
674 259
1259 201
1260 228
1261 235
1262 237
1263 250
191 193
191 221
192 207
192 212
192 215
192 216
192 235
192 240
192 245
193 221
193 224
193 544
1229 221
1264 216
1265 226
1266 230
1267 237
1268 250
194 1269
194 1270
194 250
194 258
1271 1095
195 243
195 255
195 257
196 1272
196 220
196 222
196 238
196 1273
196 1280
197 202
198 207
198 215
198 239
198 241
199 222
199 225
199 247
199 248
199 254
200 215
200 237
200 241
200 254
1274 205
1275 256
201 1182
201 228
201 255
202 232
203 223
204 218
204 219
204 228
1276 219
1277 231
1278 230
1279 238
205 1281
205 252
206 247
1282 249
207 212
207 215
207 235
207 239
207 241
207 245
1283 224
1284 544
1285 220
1286 1280
208 1287
208 247
208 256
209 1288
209 259
1182 232
1182 1289
1182 249
1290 236
210 243
210 244
210 252
210 257
211 212
211 216
211 226
211 233
212 216
212 233
212 235
213 253
213 254
213 258
214 224
214 236
214 243
214 244
215 235
215 237
215 241
215 245
216 226
216 240
217 223
217 1291
217 1292
1293 250
1294 227
218 219
218 242
218 260
219 228
219 256
1295 231
1296 1330
220 1280
1297 233
221 1298
221 1299
222 234
222 247
222 254
1300 239
223 251
224 1301
224 1302
224 244
224 544
1303 233
1304 249
1305 226
225 248
1306 227
1240 227
1095 1308
1309 228
228 1310
228 1311
229 231
229 232
229 246
229 249
229 1312
229 1313
1314 236
1315 256
231 1330
231 1316
231 1317
1318 247
232 242
232 1319
232 249
233 1320
1321 252
234 238
234 247
234 1307
1322 252
235 237
235 240
235 245
236 1323
237 241
237 250
237 254
238 1324
238 1280
1325 249
240 245
242 246
243 244
243 257
245 259
246 1326
246 249
246 1327
246 1328
1329 1280
1331 250
1332 249
250 254
250 258
254 258
255 257
