1239 2053 0
0.3396749391542628 0.4536348161022541 0.1946871063806896
0.2803095392792145 0.0753411770222296 -0.4091716221601536
0.3592530792378035 0.0606631890683544 -0.4930351652192028
-0.4250503863089413 -0.1113121294345525 0.0847531099059442
-0.0525199954031008 -0.0240048487389833 -0.1556852388000499
-0.2737369660920018 0.0612400010911560 -0.2561197478192542
-0.0765589440102833 0.0533661201115821 0.1195721772723044
0.2484785124556575 0.3352370172266209 -0.4368286710779742
-0.2804641905763370 0.2527565200739958 -0.2274168342000176
-0.0065203821367707 0.1412754255055790 0.2120685780296934
0.4568378847287982 -0.0811132811412976 -0.1076977327836132
-0.4932324137091200 0.2731152555443391 0.4834312975123843
-0.3877018201001228 -0.0723731003278833 0.4385969413166881
-0.2352228871940727 0.4782666061078654 0.4280356289045079
0.4267816330508819 0.1420473023297240 -0.1647080640523652
0.0987440452999316 -0.0716586072905669 0.0060613885231066
-0.1537031096468626 0.1813122670952325 0.1548613778914780
-0.3727584513642456 0.0748673044884464 -0.1000470601797419
-0.1954513397550590 0.3722701116335282 -0.0511995820530150
-0.1680080946158749 -0.3734296168066855 -0.2580468379901509
0.3366378721357488 0.2069303607709095 0.2705675250250069
-0.3239031798130340 -0.1071449324946174 -0.1602167569659104
-0.3997259568729793 0.0872702697416966 0.2917531719923122
0.1416734179534515 0.1457165886961010 0.4308623994318302
0.3016849794249942 0.2947748407568365 0.2766296772808086
-0.1353757545508848 -0.3737636771033219 0.0682289907170427
-0.4627350725243766 0.2186634411055875 0.2290440752680165
0.1703229325641412 -0.4241800259053798 -0.0714044632239440
0.3043400116375939 -0.4293176089835194 0.2472960014135071
-0.2995897557617265 0.2130386483017334 -0.0606282487518118
-0.4030557983070186 -0.0552497586678016 -0.0160428415077400
-0.4596671035266851 0.1371058064480226 -0.0544001030129777
-0.4315996503678849 -0.2417900815638516 -0.3625935074096935
0.2015397684028756 0.3932678328373313 0.1563534572110183
-0.3554375123944010 0.4891346354392930 -0.1495028136269316
0.4353752098174388 0.1677049453470407 0.4682039183344046
-0.2036216136868424 0.3048413385389990 -0.2023844500335220
0.3569660243204533 -0.2413918738242824 -0.1710494451721417
-0.2414253773420139 0.0134300661237461 0.1845390456135599
0.0690808116944644 0.2622824556558611 0.3871295991746016
0.4629909224664444 0.3253934406468538 0.2910109716043334
-0.3274717872397883 0.4267362182234788 0.4914876460003493
-0.0739467605410261 -0.3182446577304221 -0.1930265009933320
-0.3908090735659975 -0.4477552585109286 -0.3835386041553542
0.2457969274809207 0.3310993847908474 0.4539058536557517
0.4189322770986361 0.1490117315015317 -0.4805015886779624
-0.1802288758525295 0.1702480075153512 0.0978194324992909
-0.4087012684721950 0.3570946730643545 0.2320808399128162
-0.1430002300643536 0.3944227152695644 0.2884122286908508
0.4669005895563699 0.2114810039509983 0.4666909713129471
-0.2938513852929646 0.2719489151762719 -0.3775576623717704
0.3479774343102992 -0.4565884643100473 -0.1885241350555417
-0.3818904777814239 0.1833383128331564 0.0758116720917163
0.0258945136538275 0.2267204310598828 -0.2375058244890456
0.1055856704836455 -0.1266511598584621 0.2697886117896534
0.2379488731717848 0.1010863860504763 0.1341506755461185
0.2233408749008737 0.3670229028197556 0.2490614918435674
-0.4286276094603648 0.4739781682559408 0.3806062395108240
0.0001815398082815 -0.2146536454806754 0.1455060577767934
0.1705511299458158 -0.3962781849380202 0.2914037303919895
-0.3869429140715154 0.2246840913016344 0.3267445530510600
0.2161612847104720 0.4510428184110400 -0.1535740917779585
-0.2242912964318493 -0.1530154887745082 -0.1865254131299625
0.1738257249195227 -0.0082047272822749 0.3578532021695111
-0.1006231738673512 -0.0459712057627521 0.2497090785152191
-0.2758741589787461 -0.0113500107641607 -0.3632830301161635
-0.2444847753175317 -0.1741084585228698 0.0316497100874678
-0.4506200690648247 0.4603138849706606 0.2147900916736134
-0.1398604985632960 0.4546249316183212 -0.1637432029059734
0.1857240948541286 -0.1417042949287604 -0.0706945599787222
-0.2008626996883507 -0.1486074068514519 -0.3375236971024852
-0.3662533299014383 0.0081073339506955 -0.3656764547740565
0.2780081390560135 -0.0407927571186422 0.4305391592461724
0.2276862513875005 -0.0517745300384982 -0.1697285773572334
0.4779959862608333 -0.0155760381927012 0.4699065680405876
-0.0357734524769960 0.4541293007407771 -0.3917511650690386
-0.1522788697489620 0.1129357109453873 0.1703463171917816
-0.3983703191319533 0.4650611379115533 0.1052697908736810
-0.1484422332780375 -0.2467453807476172 0.3304855903124402
-0.3019176740806592 -0.0428451080219644 0.0398043594002136
-0.4721268275101353 0.4550673058674696 -0.1579838042925037
0.4791842758391148 0.0218064563645509 -0.4408091412547259
0.4472768237803644 0.1885326978133436 -0.1595009440048882
-0.0366480147105091 -0.1849568776604426 0.0421267390058019
-0.2563443998063055 0.2858962956571249 0.0734198232199226
-0.1950898658205203 -0.3529796067956873 0.3756446747644274
0.3742294889162400 -0.2875165573919149 0.3043829407264954
0.0191066049848333 -0.4287137986866950 -0.2879627667713746
0.3560073598459589 -0.0710547081417440 0.4319870628303005
-0.0866008896558997 0.2045072056768249 -0.1157499994880396
0.2685063069910468 0.2981788818525788 -0.1501005716916666
0.1736689513519465 -0.2358590961005030 0.1190531226738635
-0.3982461075940492 -0.4034611213238899 0.2023586375006153
-0.0280642589402382 0.0406168774468262 0.0985950419597672
-0.1691630898257914 0.0339470415444713 0.0313235935288547
0.0311368380234631 -0.1232177600192917 0.1406600060963571
-0.0036562873390103 -0.3897727274443037 0.0993394052172442
-0.2495631874202995 -0.1443833820499276 -0.0413118414004790
-0.3397003618229831 0.4616794639704619 -0.1434338553828787
-0.4574106990185528 0.2028943141403196 -0.2510978144459401
0.2615377177453208 0.2616821668981351 -0.2922920002206703
0.1485280496730000 0.3405547352954696 0.1291883603214104
0.3575536385026385 0.4249662125846537 -0.0931024551082999
0.3448135188889812 0.1657154214750567 0.0556951137784292
-0.3232751524329299 0.2300912432899449 -0.3978228963253054
0.0590091636551255 0.1429453746714486 0.0167826363607377
-0.4570392797498697 -0.2117558420316913 0.4418963911048682
-0.3337212985710353 -0.4833057563699196 0.4412239531340857
-0.0124643614337801 -0.0720558588497485 0.4804927201197651
0.0800052471740157 0.0079764353645966 -0.0622146459429407
-0.3984075380443712 0.3547177781414831 0.2154439945298344
0.1375359251282099 -0.2152686284904992 -0.1141001548512337
-0.0697308342012708 -0.4159792389957902 -0.4346909974814047
0.4414588307051308 0.1585871795075606 0.0583783260243918
-0.4595883197679806 0.4827202380462789 -0.2719866423266137
0.0949975822983606 -0.1642191888687015 -0.4046311468595125
-0.2384063208428376 0.1959219149825444 0.4557340529126583
-0.0545885420144614 -0.3724050603015969 -0.0845469463666551
-0.3250690349062584 -0.4201162323177588 -0.2448065927844181
-0.0756673908173192 0.2065935428139669 0.0194875939361672
0.3447800203980984 0.4099935085967102 -0.2800059647725327
-0.4725681229858316 -0.0652920133992294 0.2892642488861792
0.3882451844016709 0.0709066732298779 0.1207224326760505
0.3873581199226729 0.0147209602446584 -0.2052898631473061
-0.3080635229167314 0.2308937438594063 0.0798032345071097
-0.2095249084265129 0.1194373229891678 -0.4097631497432634
0.2772484379133532 -0.2123698703818859 -0.1008921734480035
-0.1464175306804628 -0.3090496265322474 0.0929382648488039
0.2896882657648653 -0.0852374171343954 0.0791430950180545
-0.0115352464194826 -0.1289281513554178 0.4491084771345495
-0.0917862104468468 -0.1633020902813233 -0.4372382808332250
-0.3881760743457530 -0.0110737192296971 0.0145118746617665
0.0474745802657268 -0.4096974685972207 -0.3483019163161306
0.0532777399655186 -0.3382409512489102 0.0872517272910115
-0.0755276184851195 -0.1868669568869268 -0.0696792749012046
0.0957883352941273 0.4324238216422594 -0.4370658244312269
-0.1717224336251527 -0.1884625503245868 -0.4034549162920629
-0.1764596065884592 0.2644420759776367 0.0072922265315576
-0.1819743144492378 0.3789707171135701 -0.0240035468502564
0.3116877421548422 0.0494099655394079 -0.2155285166868355
-0.1840361871019508 -0.1384187337834173 -0.4144075450188202
-0.1643554040447369 -0.0585820384822609 0.2161214059992813
-0.2900945237154606 0.3168525499477186 0.2275364210962014
-0.2844232705258247 -0.0521159272592708 0.0235189332654139
-0.2344584241110817 0.4389217246444806 0.3986482585481840
0.0864827937257934 0.2477442701851005 0.0693309667369726
0.3610577685189139 0.3043907627009594 0.1817181464697108
-0.1683434610081033 -0.1492260705080996 0.1673267384094544
0.2212621062190576 -0.4089923512252557 -0.1079687572803422
-0.2379226061922458 -0.4404834941606637 -0.1753200266825101
0.4134218410126971 0.4570544904274824 -0.0383796525161451
0.1758968057213288 0.2649873665136832 -0.4314934367105215
0.0077993601004541 -0.0155200325922311 0.4494765710600032
-0.1427753407853087 -0.0497830602813598 -0.4392140661715365
0.3120627662799782 -0.3579980002030483 -0.0007634862493359
-0.2414442794337238 -0.1328575513797499 -0.3262590483327802
-0.2851489553707316 0.0878850111373266 -0.2234603461757130
0.1235991773373438 0.1354072152317866 -0.0349752031527750
-0.0038665626363283 0.2372826873577905 -0.0429044527496296
0.4445580784191192 -0.1810240133720789 0.3301502461668029
0.3097246899856251 0.0790492900530811 -0.0794756520197093
-0.2295652931264411 0.4181555453522994 0.4200176991808006
-0.2908265187507192 -0.1141565878176492 0.1264384715193838
0.2741406153624729 -0.0723190678465858 -0.3152592889329444
0.4145630827432951 0.0457574624785979 -0.3227078195843404
-0.4172877210283055 0.3926340345036022 -0.3098153361568011
-0.0807373586232723 -0.1571481420899618 0.0530279877164162
0.3111693777688548 0.2481990268637572 0.3556916386533598
0.3342163094382141 -0.0123048922721583 0.3518015113307202
-0.1831850806208205 0.3791549836105279 -0.2620413038344570
0.3959070183184521 0.2679259285533165 0.0271142156209343
0.2250126980760521 0.1180029271551713 -0.1011250158447352
-0.0320761497447884 -0.3805327537651126 0.1919426541009077
-0.2432569085850831 -0.2224872565168506 0.4246590183007765
-0.2090087454223319 0.2076884582335305 0.1361633766264468
-0.4350595462855889 0.3686542869213749 0.3810817405909764
-0.2602041796781841 0.1965237093432311 -0.3331373287733984
0.1796014745662363 0.1967862493969649 -0.3655969960949224
-0.2389224888486592 -0.1442130592605123 0.2109309996127545
0.1749248164677922 -0.2188575999458750 -0.2186704096136136
0.3509824219261536 0.1651177036477745 0.4294848949384971
-0.4091742804855303 0.0161233493451026 -0.3794793446757067
-0.0840634815538372 0.0492434311420649 -0.3936911733519335
-0.3166974622881370 -0.1602889990653220 -0.1351770683919678
-0.3615123146709031 0.3545972297184169 0.4324871596596788
-0.5000000000000000 -0.1395013967834172 -0.2946015147351993
-0.5000000000000000 -0.1900090022853384 -0.3474545472708638
-0.5000000000000000 -0.1499608653966352 -0.3112792741494755
-0.5000000000000000 -0.1042603927240238 -0.3441949138994458
-0.5000000000000000 -0.1465275645313749 -0.3339707076883608
-0.1582513923411757 0.2269111970098711 0.5000000000000000
-0.2927651032945860 -0.2555247376846458 -0.4927398963761531
-0.2488857052662203 -0.1711615521311164 -0.5000000000000000
-0.3158312002909415 -0.1831226578020851 -0.5000000000000000
-0.3140707539669659 -0.1615519264776246 -0.5000000000000000
-0.2728981967594218 -0.1118303838936605 -0.5000000000000000
0.2521329847149608 0.5000000000000000 0.0839155679004893
0.4135775630468073 0.5000000000000000 0.1689007484821399
0.5000000000000000 0.4206635837340326 0.2246586982756301
0.5000000000000000 0.3417962889486291 0.1526320059766395
0.5000000000000000 0.4885767769902797 0.2312785296158927
0.4709854545039560 0.5000000000000000 0.3594843843671317
0.1521271581080535 0.5000000000000000 0.1362480805983102
0.5000000000000000 0.4199753026492434 0.1647753130857275
0.4459736965613850 0.5000000000000000 0.2114291514453787
0.4833170151977908 0.5000000000000000 -0.2697497118038648
0.2225345177448173 0.4977662328810801 -0.2083881989748629
0.4036646113617270 0.5000000000000000 -0.1348590197619041
0.4274327214805559 0.5000000000000000 -0.0871370878206480
-0.2388117952383306 -0.2786479920876244 -0.5000000000000000
0.1960517210903332 -0.4483797749598051 -0.5000000000000000
-0.0297723311074576 -0.3905820119187166 -0.5000000000000000
0.0207159680026309 -0.3179459620700018 -0.5000000000000000
-0.3672965604608474 -0.5000000000000000 -0.4543241070323493
-0.2510628654232391 -0.5000000000000000 -0.4869731970421709
0.5000000000000000 -0.4466120416554321 0.2747720467940723
0.0915220925915237 -0.1351949943730409 -0.5000000000000000
0.0885739012754138 -0.1131820269868172 -0.5000000000000000
0.0240264278638060 -0.1410070072066896 -0.5000000000000000
-0.0002553807922034 -0.1420557542733895 -0.5000000000000000
-0.0085256193632375 -0.1247309406155949 -0.5000000000000000
0.0303693584681037 -0.1346067500804466 -0.5000000000000000
0.0506078390125214 0.0021146253474074 -0.5000000000000000
0.2916369960023693 0.0459330885550494 -0.5000000000000000
0.1833112604687968 -0.0726803363957106 -0.5000000000000000
0.1747853644462785 -0.0103653822112936 -0.5000000000000000
-0.1016708744254399 -0.0421524926986592 -0.5000000000000000
0.0007617539796535 -0.0435794785243700 -0.5000000000000000
-0.0740284315725142 -0.0098010507527137 -0.5000000000000000
0.5000000000000000 0.1123464743771448 -0.3818829412729237
-0.0488914718525265 0.1442677506977434 -0.5000000000000000
0.2044930403217319 0.0942485956174110 -0.5000000000000000
0.5000000000000000 0.1023471163667672 -0.4097832062424495
0.5000000000000000 -0.0670762133198684 0.4376015152352667
0.5000000000000000 -0.1554501414882931 0.3548299104594451
0.5000000000000000 -0.0343481500472173 0.3938537986272587
0.2202895698394102 0.3543587181001899 0.5000000000000000
0.0595867734549408 0.4386099675007650 0.5000000000000000
0.0023810575202644 0.4002924346468272 0.5000000000000000
0.5000000000000000 -0.2660477075349515 -0.1699917088262173
0.5000000000000000 -0.4152676269248971 -0.1819764874349712
-0.4909573015273648 -0.2878063967212737 0.3339991389613560
-0.5000000000000000 -0.3718048896541414 0.3063594034666481
-0.5000000000000000 -0.3933215659007472 0.2342624849388115
-0.5000000000000000 -0.4259911683855779 0.3495603113163805
0.5000000000000000 0.0382037458451282 -0.4932789114007341
0.3277602423927999 0.0515086586634141 -0.5000000000000000
0.3355088636117446 0.0586242067625510 -0.5000000000000000
0.3368273321745393 0.0657500580637941 -0.5000000000000000
0.5000000000000000 0.0908264777548996 -0.4492848207489103
0.5000000000000000 0.3110962867201531 -0.0802784357936197
0.5000000000000000 0.3884954558864127 -0.0611285133838167
0.5000000000000000 0.4228903687854492 -0.0298547462702286
0.5000000000000000 0.2847735254360118 0.0175029483791257
-0.5000000000000000 -0.1404412334359119 0.0683481616398436
-0.5000000000000000 -0.1296149517181827 0.0274347008170453
-0.5000000000000000 -0.0983644898469810 0.0825262138824149
-0.5000000000000000 -0.1467980390966850 0.1241209537766608
-0.5000000000000000 -0.0734913385377312 0.0838902824814243
-0.5000000000000000 -0.1221738318417694 0.0785708260080209
-0.2298845826316303 0.5000000000000000 0.4587931971914018
-0.3619540569988143 0.5000000000000000 0.4303949949326146
-0.2756492039306222 0.2188122356453761 -0.5000000000000000
-0.2435224682395012 0.1863436607685136 -0.5000000000000000
-0.5000000000000000 -0.0692848815037573 0.2881549431568658
-0.4883993837486563 0.1178728919934907 0.5000000000000000
-0.4626886597125149 0.0060814558981356 0.4864400610738936
-0.3103798792746394 0.1617151364920512 0.5000000000000000
0.5000000000000000 0.3823572676596069 -0.3323821713509461
0.4934507507774269 0.4774670658929140 -0.2929523218723478
0.5000000000000000 0.3406117567187228 -0.4290536284178870
0.5000000000000000 0.4023960339852897 -0.2911026039228131
0.5000000000000000 0.4041724072014682 -0.3214272879275810
0.5000000000000000 0.3419009264373057 -0.4557840999372027
-0.5000000000000000 -0.0344411440681909 -0.2526407208285107
-0.5000000000000000 0.1878516360911772 -0.3006038891158387
-0.5000000000000000 0.0319272363610391 -0.2992767460192720
-0.5000000000000000 0.0435185435406727 -0.3166844554745961
-0.5000000000000000 0.0730583673529225 0.0464111481757024
0.5000000000000000 0.2916965018572139 -0.3726508235433232
0.1817679432730292 0.5000000000000000 -0.4952439394993052
0.5000000000000000 0.3194864303512773 -0.4016365240856449
0.2121946495409803 0.3138642538025748 -0.5000000000000000
0.2745400747346459 0.3596853246668074 -0.5000000000000000
-0.1388067484627622 0.2603145083492032 -0.5000000000000000
0.0949434908850530 0.3150567909642760 -0.5000000000000000
0.5000000000000000 0.3288404886265612 -0.2818445903997218
-0.5000000000000000 -0.4757768334625309 -0.0847525689025983
-0.5000000000000000 -0.4075551434905548 -0.1076141731241354
0.1944902865789813 0.2307109431065653 0.5000000000000000
0.2971209707761261 0.2214541726388724 0.5000000000000000
0.1885732486470673 0.2564320651082552 0.5000000000000000
0.2207404020951891 0.2783612745065922 0.5000000000000000
0.3065025157448517 0.2388784431455596 0.5000000000000000
0.0699688634283153 0.2368357120390909 0.5000000000000000
0.1216659058315862 0.2880490270781528 0.5000000000000000
0.2411088224729969 0.2353857427523947 0.5000000000000000
0.0788716701466285 0.2781302059245240 0.5000000000000000
-0.5000000000000000 0.3302191377045720 -0.2132853146322357
-0.5000000000000000 0.2637146456177831 -0.3074829661209141
-0.5000000000000000 0.2267714366858097 -0.2943797948130290
-0.5000000000000000 0.2994642215018972 -0.1640703875577226
-0.5000000000000000 0.3071181651453491 -0.2577320961145513
-0.5000000000000000 0.3819245307094342 -0.3353719833713887
0.5000000000000000 0.1595039911114093 0.4762531096299444
0.5000000000000000 0.2028567897084471 0.4713172621624623
0.5000000000000000 -0.0731677478761581 -0.1182232435209740
0.5000000000000000 -0.0886417220749216 -0.0931431539532232
0.5000000000000000 0.0647294232992795 -0.0819454322434079
0.5000000000000000 -0.1085275510095486 -0.1478594585909617
0.5000000000000000 -0.0705422905098467 -0.1162195136664993
0.5000000000000000 -0.1199180806848279 -0.0943949637968826
0.5000000000000000 -0.0366049500425182 0.0094167101625845
0.5000000000000000 -0.0541772992452801 -0.1263276572545687
0.5000000000000000 -0.0426593330474302 -0.0965948517178513
0.5000000000000000 -0.0768349439432626 -0.1026666590409353
0.5000000000000000 -0.0748602178748635 -0.0679948618944858
0.3178479278391853 -0.5000000000000000 -0.1578095101936176
-0.5000000000000000 0.4949418063078671 -0.3861850078846648
-0.5000000000000000 0.4878160169055609 -0.2919148886407882
-0.5000000000000000 0.4290904486079423 -0.3325806117904320
-0.3761760174077204 0.3546551524792178 0.5000000000000000
-0.4399114221539890 0.2636446830703865 0.5000000000000000
-0.4775012290684407 0.2780844316908004 0.5000000000000000
-0.2742730097451042 -0.0547896602678342 0.5000000000000000
-0.5000000000000000 0.0262076634118780 0.4260221306227032
-0.5000000000000000 -0.0962377545522674 0.4122720723211001
-0.1257870488410992 -0.0881109919817925 0.5000000000000000
-0.2175562706481798 -0.1373018517861532 0.5000000000000000
-0.5000000000000000 -0.0723481989883626 0.4199257029764442
-0.3797032989561369 -0.0701771590649128 0.5000000000000000
-0.4072890551128440 -0.1159020698122560 0.5000000000000000
0.5000000000000000 0.1439141017546973 -0.4738767220719759
0.5000000000000000 0.3309567911484687 -0.1532403026415327
0.5000000000000000 0.3836782934489924 -0.2205004238684504
0.2468312407734942 0.5000000000000000 -0.4532864062677968
0.4414971892142033 0.5000000000000000 -0.3009428521242138
0.4914189109323592 0.5000000000000000 -0.3125882189917973
0.1677747701503778 0.5000000000000000 -0.3700631887791839
0.3741345027108589 0.5000000000000000 -0.2902749325571864
-0.0838779883289068 0.4343269165222830 0.5000000000000000
-0.2263810822196879 0.5000000000000000 0.4214850977810568
-0.2684656311050302 0.4753149718911904 0.5000000000000000
-0.2597989784391488 0.5000000000000000 0.4108477319103612
-0.1279190051631258 0.4973565482563712 0.5000000000000000
0.5000000000000000 -0.2804111232277918 0.2706275978265253
0.5000000000000000 -0.2538134149254811 0.1696395481333340
0.5000000000000000 -0.3178670782893686 0.0906273075640767
0.5000000000000000 -0.1972275515803010 0.3068504081615467
0.5000000000000000 0.0107253861219534 -0.4567753025711453
-0.5000000000000000 -0.4734586322112204 0.4361522597508555
0.5000000000000000 0.1224155322917274 -0.0888875244143367
0.5000000000000000 0.1323548908676334 -0.1881943659422327
0.5000000000000000 0.1293786736223242 -0.1993565459253876
0.5000000000000000 0.1094469706167443 -0.1736618846686218
0.5000000000000000 0.1333103878011135 -0.1312896970133843
0.5000000000000000 0.1823633003771306 -0.1613459734473610
0.5000000000000000 0.1371484301782769 -0.1472925020161835
0.1636786696735738 0.5000000000000000 0.0273721683655870
0.2214797330602667 0.5000000000000000 -0.1750928824952870
0.2143397183404477 0.5000000000000000 0.0565492580388903
-0.1312346327372796 0.5000000000000000 -0.0758348314208854
0.2164759063370890 0.5000000000000000 -0.0145115192520504
0.1120901787899476 0.5000000000000000 -0.0204760263560839
0.0333655149087145 0.5000000000000000 -0.0211231273762942
0.2094102430236474 0.5000000000000000 0.0484770698255000
0.1629569628784515 0.5000000000000000 0.0304775085207792
0.2765721038602224 0.5000000000000000 0.0153864656277174
0.4633872145479093 0.5000000000000000 0.0003080224225245
0.5000000000000000 0.1932816928191191 -0.4273884720909305
0.5000000000000000 0.3214154707343936 -0.4431368767553941
0.5000000000000000 0.2657016956129910 -0.3211657910997877
0.5000000000000000 0.2671114617079200 -0.3655689677667249
0.5000000000000000 0.2466932848354366 -0.3460733091814545
-0.2585474385165631 0.5000000000000000 0.2455927185604573
-0.4162165415676349 0.5000000000000000 0.2141947753057987
-0.3826645589100266 0.5000000000000000 0.1379035172701609
0.0050439814709869 0.5000000000000000 0.2509114458952860
0.5000000000000000 -0.0242728199616866 0.0447603782294941
0.1624002297343169 -0.4905165496784457 -0.5000000000000000
-0.0924338303298007 -0.4867631384967700 -0.5000000000000000
-0.0732844326144414 -0.5000000000000000 -0.4958447475329875
0.4473619463938476 -0.0841029035425727 -0.5000000000000000
-0.2857844240000033 0.0990261265697691 -0.5000000000000000
-0.2237075238029108 0.0580613609213954 -0.5000000000000000
0.5000000000000000 0.0059942437302539 -0.2016929658487565
0.5000000000000000 -0.0488723075177672 -0.2625968764520619
0.5000000000000000 0.0318418338971463 -0.2939392556943621
-0.5000000000000000 0.0626102650128832 -0.0760552372957336
-0.5000000000000000 0.0056079866597616 -0.0785381119680310
-0.5000000000000000 0.0751738240760520 -0.0964712070122389
-0.5000000000000000 0.0583444609631311 -0.1185439560342085
-0.5000000000000000 0.3785914849512311 0.2266284935872399
-0.5000000000000000 0.4710225664741187 0.3499740995978645
-0.5000000000000000 0.4599123470226623 0.2137465265383595
0.3680462754588668 -0.0571649260014176 0.5000000000000000
0.4491308655238579 -0.0383873359831085 0.5000000000000000
0.3943695416669387 -0.0675115524835503 0.5000000000000000
0.2382169388025685 -0.0918391586026315 0.5000000000000000
-0.5000000000000000 -0.0430566527447996 0.1493890941822874
-0.5000000000000000 -0.0669075220344869 0.2644240657174058
-0.5000000000000000 -0.0704328038923988 0.1558922195144785
-0.5000000000000000 -0.0917338590100993 0.1279730337604149
-0.5000000000000000 -0.1006512201759140 0.1588741340129100
-0.4113903178158121 -0.5000000000000000 0.1264854685102501
-0.3139784908495161 -0.2647189106805137 -0.5000000000000000
-0.3134952981780652 -0.2528400846008185 -0.5000000000000000
-0.2502692780387376 -0.2572612418436837 -0.5000000000000000
-0.5000000000000000 -0.3180581224274742 -0.4501687412470348
-0.5000000000000000 0.3763563481832465 -0.1572178954756570
-0.5000000000000000 0.4305047351910802 -0.0380993729994298
-0.5000000000000000 0.3424196838516012 -0.1014020705095355
-0.5000000000000000 0.2994345055893853 -0.0423038485589007
-0.5000000000000000 -0.3344625556612859 -0.4227177610922713
-0.5000000000000000 -0.3260514795549145 -0.1908949025725095
0.3106136793835266 -0.5000000000000000 0.2559786818438337
0.5000000000000000 0.2325983942355037 0.2022412075832347
0.5000000000000000 0.1597888255202462 0.2780409512142593
0.5000000000000000 0.1694173835147182 0.2386633490465264
0.5000000000000000 0.2197226128228254 0.2834645285924516
0.5000000000000000 0.2257803360396113 0.3458082915614956
0.5000000000000000 0.2380629408567520 0.3318350704456459
-0.5000000000000000 -0.1370347372880727 -0.1754133913463288
-0.5000000000000000 -0.0795553848857848 -0.0997309661393926
-0.5000000000000000 -0.0526512989079173 -0.1581862426985547
-0.5000000000000000 -0.1088972418660613 -0.2045121018297664
-0.5000000000000000 -0.1590164654960904 -0.1976018363083529
-0.5000000000000000 0.1075895638235624 0.3231224632907735
-0.5000000000000000 0.0673170974875134 0.2801005250712477
-0.5000000000000000 0.0947167346101622 0.2680336474642919
-0.5000000000000000 0.0733415388702511 0.3800234350190940
-0.5000000000000000 0.0515469900838643 0.2749376650373834
-0.5000000000000000 0.0363952032460459 0.2066835646713172
-0.5000000000000000 0.0840602326395319 0.1793164904093422
-0.5000000000000000 0.0868242568715268 0.2548978475777336
-0.5000000000000000 0.0530721537200030 0.2622158785979774
-0.5000000000000000 0.1441691350256527 -0.0602320125639195
0.5000000000000000 0.4355666079903450 -0.1683040999262914
0.1841416579774781 0.5000000000000000 -0.2120201890921970
0.1687532474364498 0.0615600014001763 0.5000000000000000
0.4764253080840181 0.0712767680252086 0.5000000000000000
0.1349956910417384 -0.0099971760983169 0.5000000000000000
0.0799377192585804 0.1515341519772179 0.5000000000000000
0.2341716300770557 0.1483978400959290 0.5000000000000000
-0.3662481111051707 0.5000000000000000 0.0902563527607310
-0.2631279844124869 0.5000000000000000 0.0322435275217426
-0.0004214731215799 0.5000000000000000 0.2200945404163344
0.5000000000000000 0.3377133108966216 -0.4468081584039948
0.2328824428984559 -0.4778207505684185 -0.5000000000000000
0.2850493776066150 -0.4560099574446864 -0.5000000000000000
-0.4950354553285807 -0.3713577256966271 -0.1400893088601923
-0.5000000000000000 -0.3578322736274770 -0.0993584689719522
-0.5000000000000000 -0.2122957054789150 -0.0339099257762616
-0.5000000000000000 -0.2056498151406199 -0.0495323490132449
-0.5000000000000000 -0.2369646014812283 -0.0279525787426495
-0.5000000000000000 -0.2176646219876608 -0.0543462326528130
-0.5000000000000000 -0.2055069338503264 -0.0748157413760475
0.5000000000000000 -0.1785098839377641 -0.0559068442036818
-0.3292261736523213 0.4037052246253397 0.5000000000000000
-0.3181791460006816 0.3624439518597279 0.5000000000000000
-0.3224373057167633 0.3897910777481197 0.5000000000000000
-0.3329607337279858 0.3844933318024610 0.5000000000000000
-0.3290389729062229 0.5000000000000000 -0.1373898232343203
-0.1145567745380951 0.5000000000000000 -0.1230400050002847
-0.2106859856317020 -0.5000000000000000 -0.1099058130172644
-0.1597619017103001 -0.5000000000000000 0.0699015946315820
-0.1009920729386968 -0.5000000000000000 0.0490696910472804
-0.1030808856617192 -0.5000000000000000 -0.0784286876868719
-0.5000000000000000 -0.3800208035510569 0.0494459814698163
-0.5000000000000000 -0.4219766268885547 0.0447021072392415
-0.4884110488481003 0.0228647398515845 0.5000000000000000
-0.3860093663540864 0.1587188300002921 0.5000000000000000
-0.5000000000000000 -0.3913059528006971 0.1834447062122934
-0.4891810743168685 -0.3835962049720779 -0.1092679653598145
-0.5000000000000000 -0.1662095788416800 -0.1623101228717548
-0.5000000000000000 0.1823623381786105 0.2711704437059137
-0.5000000000000000 0.2401425360739450 0.2020954494659190
-0.5000000000000000 0.2084563020101421 0.2251239535503842
-0.5000000000000000 0.2184367724760056 0.2240068564937739
-0.5000000000000000 0.1894436042859687 0.1855905415398603
-0.5000000000000000 0.2308824649716653 0.2328132060180486
-0.5000000000000000 0.2157994952727025 0.2194439563953806
0.0999109296210090 -0.5000000000000000 -0.1289066688162075
0.2527407879307975 -0.5000000000000000 0.0484968013685611
-0.0696281034912673 -0.5000000000000000 -0.0876900133428543
0.2607604859014258 -0.5000000000000000 -0.0596085439406146
0.0655226290176496 -0.5000000000000000 -0.0656643209607733
-0.5000000000000000 0.1579636006799259 0.3371513508610645
-0.5000000000000000 -0.0092786282766823 0.3054678252963082
0.5000000000000000 -0.3318002848959032 0.3172727203748434
0.5000000000000000 -0.4302134622925988 0.1648894037968130
0.5000000000000000 -0.4818122376231360 0.3842607136496642
0.2904814999529576 -0.5000000000000000 0.2245046687389733
0.2566017823955126 -0.5000000000000000 0.0578334773821167
0.2883974591765715 -0.5000000000000000 0.3034832929988555
0.1126799692042713 -0.4846271737629470 0.5000000000000000
0.1949476876332098 -0.3819389830650105 0.5000000000000000
0.4496593201179946 0.5000000000000000 -0.0126793332165100
0.2585702319092728 -0.5000000000000000 -0.4962487024500206
-0.5000000000000000 -0.1902337160670129 0.0336640092474060
-0.5000000000000000 -0.2328492919791885 0.0524041172341514
-0.5000000000000000 -0.1838969180717480 0.0766760566277009
-0.5000000000000000 0.2184083341025143 -0.1082773616205534
-0.5000000000000000 0.2815913905849277 -0.0982437010781889
-0.5000000000000000 0.2632791240188391 -0.0456604325169456
0.5000000000000000 -0.4847041089674394 -0.1879390451891685
0.5000000000000000 -0.4909120480395103 -0.2432000870153050
0.5000000000000000 -0.4855868902997855 -0.2040616827361261
-0.5000000000000000 -0.1127194565132530 -0.0117671155097987
-0.5000000000000000 -0.0776543937852629 0.0474283355306485
-0.5000000000000000 -0.0174199206790093 -0.0267961278998460
-0.5000000000000000 -0.0575892501014764 -0.0346645242624088
-0.5000000000000000 -0.0553107386155327 0.0565361798714974
-0.5000000000000000 0.1193159069478142 -0.0525571241643600
-0.5000000000000000 0.1459877160998143 -0.0682963750158976
-0.5000000000000000 0.1242469982601913 -0.0372788017100662
-0.5000000000000000 0.1267570721835774 -0.0605424132167043
-0.5000000000000000 0.1882281092773594 -0.0493640035775025
-0.4149884765996554 0.0013527245730538 0.5000000000000000
-0.0263481274564907 -0.0645121327800558 0.5000000000000000
-0.0275385173681299 -0.0194705604558275 0.5000000000000000
-0.5000000000000000 -0.1466571256593101 -0.0030481768787291
-0.5000000000000000 -0.1419258406374924 -0.0147666557243711
-0.5000000000000000 -0.1250528157600726 -0.0035451050565662
-0.5000000000000000 -0.1453896449229304 -0.0358829551450797
-0.2862806336704072 0.4219304974323141 0.5000000000000000
-0.0030885648320998 0.4451159045057957 0.5000000000000000
-0.1239224184731790 0.2613122693875636 0.5000000000000000
-0.0724184852465724 0.4012473194216278 0.5000000000000000
-0.1586298650081807 0.3676755309006911 0.5000000000000000
0.5000000000000000 0.1866858256207613 -0.1068049403560944
0.5000000000000000 0.2106609317631876 -0.0631887961522684
0.5000000000000000 0.1784859516557882 -0.0081803145013512
0.5000000000000000 0.1702788174684691 0.0149276089668165
0.5000000000000000 0.2178563881346138 -0.0112134990019338
0.5000000000000000 0.1708145661580103 -0.0499542837852559
-0.2285453470361170 -0.5000000000000000 -0.1183101715554696
-0.2069042724833309 -0.5000000000000000 -0.1172205067272075
-0.2167200533514408 -0.5000000000000000 -0.1242737001170934
-0.5000000000000000 -0.0943592076423353 0.0899483862642650
0.5000000000000000 -0.3190345501212820 0.3290446078112452
0.5000000000000000 -0.3020900580303789 0.3261860530131377
0.5000000000000000 -0.2486762049160793 0.3325110981397103
0.5000000000000000 0.0846426768042650 -0.4877503532322108
0.5000000000000000 0.0228372478824870 -0.4526440406346836
-0.0219642239589216 -0.5000000000000000 0.2771298235626392
-0.1574263814061394 -0.5000000000000000 0.3009059224931820
-0.2436780967242912 -0.5000000000000000 0.2419820411105498
-0.2939149452513165 -0.5000000000000000 0.4055081002753815
-0.1029507839976454 -0.5000000000000000 0.2416308982764702
-0.5000000000000000 -0.4018499361546996 -0.1133844508545966
-0.5000000000000000 -0.3836231714949815 -0.0862935101599102
-0.5000000000000000 -0.3902056341065136 -0.0906250482834608
0.0905623256552501 -0.0151985248568631 0.5000000000000000
-0.5000000000000000 -0.3238790590261477 -0.3010549507021734
-0.5000000000000000 -0.4279785261095772 -0.2946218263988534
-0.5000000000000000 -0.4160709639828142 -0.2367292156818222
-0.5000000000000000 -0.4201697919154845 -0.2203110112392352
-0.5000000000000000 -0.4871864488635082 0.3741321755758116
0.2533381727751368 -0.4807288007233376 -0.5000000000000000
-0.0243733888110896 -0.4996936785178109 0.5000000000000000
-0.3310362300887432 -0.4997853123210004 0.5000000000000000
0.1897301032469402 0.5000000000000000 -0.4960216770306781
0.1723412965258174 0.5000000000000000 -0.4923978594802129
-0.5000000000000000 0.4418247399588298 0.0861852893354480
-0.5000000000000000 0.3289667034112084 0.0549786888668558
-0.5000000000000000 0.3609896524444994 0.1669078022407540
-0.5000000000000000 -0.2670866558052231 -0.3583406917899113
-0.5000000000000000 -0.2368863670690902 -0.3405524570081143
-0.5000000000000000 -0.2414691779614295 -0.3956491208116668
-0.4330087911467354 -0.2364546784990304 -0.5000000000000000
-0.5000000000000000 -0.2033249617298891 -0.2748833188808371
-0.5000000000000000 -0.2976153526903353 -0.4131320545244882
-0.5000000000000000 -0.2670873610257913 -0.2898951099303699
-0.5000000000000000 -0.2193912196848387 -0.3660649664011860
0.5000000000000000 0.3977948175504388 0.2214359936975178
0.5000000000000000 0.3193392357564528 0.1419472764930187
0.1034212822590076 0.5000000000000000 0.1216714123008450
-0.3740578488639099 0.5000000000000000 -0.1341110871189090
-0.3207441017597325 0.5000000000000000 -0.1773183060638233
-0.5000000000000000 0.2965817941379651 0.1901008906021558
-0.5000000000000000 0.2432797691662614 0.1431801873808118
-0.5000000000000000 0.2694656371431779 0.1540811638543202
-0.5000000000000000 0.2937341368070665 0.1834859844243921
-0.5000000000000000 0.2595858802006195 0.1520217787101297
-0.5000000000000000 0.2459637634689898 0.0465011352032341
-0.5000000000000000 0.2753907247913108 0.1795671452221353
-0.5000000000000000 0.2584493586810068 0.1646933296613129
0.0739888377346078 0.4851032577912544 0.2582963162210212
-0.5000000000000000 -0.4289096095112517 -0.3718171740016939
-0.5000000000000000 -0.4043343058065105 -0.2799156675075403
0.5000000000000000 -0.4857141974016356 -0.4470751821358067
-0.3963300729018786 0.0864581437042763 0.5000000000000000
-0.4404316632592735 0.0083819635479449 0.5000000000000000
-0.2617973804123659 0.1382038070610598 0.5000000000000000
-0.1083785012881974 -0.0004996555034204 0.5000000000000000
0.4821579521319319 0.0744347067218863 0.5000000000000000
0.5000000000000000 0.1524165744275403 0.4106938645110131
0.5000000000000000 0.1209392538540423 0.4874666521358741
0.5000000000000000 0.1596062849005622 0.4889181902757123
0.5000000000000000 0.1881547307239446 0.4589116929438304
0.3823527374021320 0.1608850435554074 0.5000000000000000
0.0566988166701667 -0.4966611864281963 0.4864251713118893
-0.2879406464587750 -0.5000000000000000 0.4659265272693087
0.5000000000000000 0.2623650651426081 -0.2815313340351545
0.5000000000000000 0.2365854277449980 -0.3092830118377311
-0.5000000000000000 0.3551208376386162 -0.2038593599709270
-0.5000000000000000 0.4419836276554379 -0.1659054241951263
-0.5000000000000000 0.4164945310985786 -0.1764986214203702
-0.5000000000000000 0.2447132354048726 -0.2399892485248373
-0.5000000000000000 0.4587624971178620 -0.2565287490856892
-0.5000000000000000 0.3871660102492597 -0.2699873217830079
0.5000000000000000 0.1344111489214865 -0.0925836543555896
0.5000000000000000 0.1267709080998597 -0.0446668283195665
0.5000000000000000 0.1054363776833492 -0.0888576259653108
0.5000000000000000 0.1128462953659105 -0.0835903122959987
0.5000000000000000 0.1151717917320577 -0.0730430376793269
0.5000000000000000 0.1181652231449901 -0.0740647964482962
-0.0848083776388663 0.4991250554748375 0.4279300496967821
0.0532916972205924 0.5000000000000000 0.2683305924243007
-0.4480245049824566 0.2071026112115871 -0.5000000000000000
-0.3910661976994886 0.1591813924845264 -0.5000000000000000
-0.5000000000000000 0.4661708700098283 -0.1601399805023943
-0.5000000000000000 0.3212290865447098 -0.1490571084904558
-0.5000000000000000 0.3318866177560704 -0.2527091577151959
0.0520706925304941 -0.4442956481520290 0.5000000000000000
0.1446790350239101 -0.4851899117974662 0.5000000000000000
0.2508608299846209 -0.4975012086602619 0.5000000000000000
0.0344580609904299 -0.4964249718782104 0.5000000000000000
0.3643318757920544 -0.4203140487139957 -0.5000000000000000
-0.5000000000000000 0.4537558084577554 -0.1648602695532053
-0.5000000000000000 0.4784077160327799 -0.2715242474232797
0.2811078271655791 0.1684479793623563 -0.5000000000000000
0.0280237337882908 0.2392177995280579 -0.5000000000000000
0.5000000000000000 -0.3176531074568943 -0.3616655209508602
0.5000000000000000 -0.2432162559854334 -0.2884768128864502
0.5000000000000000 -0.1989822800321250 -0.2110494868808671
0.5000000000000000 -0.2386647871285352 -0.1098614151180589
0.5000000000000000 -0.2390990359953305 -0.2034636155040054
-0.1401877359354924 0.4131026826563412 -0.5000000000000000
-0.0293214698058995 0.4102365797198875 -0.5000000000000000
0.4809851839529136 0.0685273658367257 0.5000000000000000
0.4797212541502999 0.0668106856480793 0.5000000000000000
0.4843039395502008 0.0648972591862120 0.5000000000000000
0.4691300712384846 0.0666783402407851 0.5000000000000000
0.4829534371693359 0.0685179095384268 0.5000000000000000
0.4815120578387120 0.0716987737581345 0.5000000000000000
0.5000000000000000 0.3304637559683407 0.3096791285107924
0.5000000000000000 0.3459510026377186 0.4286667702992110
0.5000000000000000 0.3016626679720505 0.3818229192517566
-0.3748114358251149 -0.5000000000000000 0.4326991574911665
-0.5000000000000000 -0.4568721910728381 -0.1356089034089465
0.4948578232037594 -0.0650440000265893 -0.5000000000000000
0.4829683546727859 0.0164802391169319 -0.5000000000000000
-0.5000000000000000 -0.0203704760308397 0.1177501929990603
-0.5000000000000000 0.0563284297635131 0.0792544567307677
-0.5000000000000000 -0.0469331223964981 0.0958220520304250
-0.5000000000000000 0.0409811767211149 0.1531824841598942
-0.5000000000000000 -0.0116634963103686 0.1843050220544347
-0.0205075708512979 -0.5000000000000000 -0.3539824512727071
0.2275627783865725 -0.5000000000000000 -0.4881267338362048
-0.0090552044607566 -0.5000000000000000 -0.4041338166682136
0.5000000000000000 0.3448684739748868 0.2786391609818706
0.5000000000000000 0.3905562954111552 0.2453924545483665
0.5000000000000000 0.3588062064698569 0.2174131567457854
0.5000000000000000 0.4696297480006906 0.4052483004186451
0.3471192704540057 -0.5000000000000000 -0.4679676144968630
-0.5000000000000000 0.0198405971777598 0.4877676772242024
0.5000000000000000 -0.3202786823302908 -0.3620170486671254
0.5000000000000000 -0.3199175734386625 -0.3651019913694786
0.5000000000000000 -0.3189449233476650 -0.3643394542356254
0.5000000000000000 -0.3179352109057700 -0.3642955871988984
0.5000000000000000 -0.3190002120618076 -0.3640488033693351
0.5000000000000000 -0.3180717218996124 -0.3632957322210419
0.5000000000000000 0.3175516146231544 0.2265219174259256
0.5000000000000000 0.3251927226324688 0.3026589701165900
0.5000000000000000 0.3180660734475540 0.2929468058731175
0.5000000000000000 0.3125120573253796 0.3142895298352999
0.5000000000000000 0.3189265084049160 0.3087505046737809
-0.5000000000000000 -0.4814334320696463 -0.2638703190093532
-0.5000000000000000 -0.4802179157557765 -0.2290718099183610
-0.5000000000000000 -0.4860837582756975 -0.2200558796566329
-0.5000000000000000 0.4168103533926053 0.4704628761805964
-0.5000000000000000 0.3583581925286741 0.4408294728903308
-0.2942906373074006 0.4359646588597901 0.5000000000000000
-0.3555024807616841 0.4246763066119124 0.5000000000000000
-0.5000000000000000 0.4671381081797937 0.4365571332051746
-0.5000000000000000 0.0136726010204469 0.4892721151084696
-0.4265026997434573 0.0945061315047563 -0.5000000000000000
-0.3544901341613390 0.0101823189349607 -0.5000000000000000
-0.5000000000000000 0.0467231188523599 -0.4751058656092264
-0.3930092508350554 0.0657122629946744 -0.5000000000000000
0.5000000000000000 0.2107844587940056 0.0937077419200561
0.5000000000000000 0.1848616802072227 0.0782480794188934
0.5000000000000000 0.2832326881797945 0.1597127094630216
0.5000000000000000 0.2641882103166026 0.0685888417411580
-0.5000000000000000 -0.1898319229284238 -0.2068959164783579
-0.5000000000000000 -0.3114648254065371 -0.1730260601921997
-0.5000000000000000 -0.4203924534116303 -0.4930647150745416
-0.2156245945796679 -0.5000000000000000 -0.3010898595038183
-0.5000000000000000 -0.4310173875097787 -0.4191162359156939
-0.5000000000000000 -0.4737034503694727 -0.3900338661572187
-0.4215908967123345 -0.5000000000000000 -0.3311632009076576
-0.5000000000000000 -0.4573317717172556 -0.3782507232063069
-0.5000000000000000 -0.3611398888668832 -0.4266952057125007
-0.3995264119786734 -0.5000000000000000 -0.3860756542997596
-0.4062550111122749 -0.5000000000000000 -0.4957762527928121
0.2877222871456331 0.3784445852391277 0.5000000000000000
0.4303882587636504 0.3987701947041945 0.5000000000000000
0.4255443015924764 0.3236584293486113 0.5000000000000000
0.5000000000000000 0.3144227356608175 0.4845337429111772
0.2522169808242601 0.5000000000000000 0.3904399640159331
0.5000000000000000 0.1786649769828978 -0.4780661689658713
0.3384349065492909 0.2031758548509174 -0.5000000000000000
0.4756325257777483 0.2155750653170153 -0.5000000000000000
0.4317661956381327 0.1447099349352672 -0.5000000000000000
0.5000000000000000 0.1430427989979526 -0.4358991600916341
0.1310028568359402 0.1531188818593114 -0.5000000000000000
0.3652977157429372 0.1419812105974972 -0.5000000000000000
0.5000000000000000 0.1374754119135532 -0.4537906578413896
-0.5000000000000000 0.3969644446930546 -0.3362057072775451
0.5000000000000000 -0.2332783590887432 -0.3488665157530585
0.5000000000000000 -0.2065749557226836 -0.3347553809654376
0.5000000000000000 -0.2399352698932634 -0.3204667209216926
-0.5000000000000000 -0.0601980904273269 0.2856197063325664
0.3928633678865489 -0.4829275789648415 -0.5000000000000000
-0.5000000000000000 0.3532081716006557 0.2394735844071449
-0.5000000000000000 0.3632040864191841 0.2422665389010522
-0.5000000000000000 0.3660267818460314 0.2026426171809038
0.1951060283681302 0.5000000000000000 0.3697536191551128
0.4850478334377210 0.3285007974292630 -0.4562849569962859
-0.5000000000000000 0.0123342809092884 -0.0095896470074481
-0.5000000000000000 -0.3031870082893776 0.3487321382125653
-0.5000000000000000 -0.2829062473685161 0.2782636658652131
-0.2675433706959766 0.5000000000000000 -0.1580258222359252
-0.4437188569188393 0.5000000000000000 -0.1549902347300510
-0.4474143534486381 0.5000000000000000 -0.2415704159886203
0.5000000000000000 0.2167612114136430 0.4766375105668456
0.5000000000000000 0.2015299468165867 0.4787129817525265
0.5000000000000000 0.2453044351829291 0.4891697989124064
0.5000000000000000 0.2265646730565826 0.4729533459741462
0.5000000000000000 0.2168752671338436 0.4614778340036222
0.3996615585713263 0.1868171915596661 0.5000000000000000
-0.5000000000000000 -0.1692612222692849 0.1304438983775038
-0.5000000000000000 -0.1773945261477686 0.1690310830967202
-0.5000000000000000 -0.1040105534941532 0.2362459284422602
-0.5000000000000000 -0.1844684163122795 0.1417802021652316
-0.5000000000000000 -0.1660780085840236 0.1504084110067957
-0.5000000000000000 -0.1586850657656430 0.1442065613797599
-0.5000000000000000 -0.1647989882993550 0.1574294631847269
-0.5000000000000000 0.4607390478955640 -0.1450058410118141
-0.3267344877386216 0.4736279732208630 0.5000000000000000
0.2120026927978705 0.4265299691565711 0.5000000000000000
-0.0633449199680135 0.5000000000000000 0.4247723056294451
-0.5000000000000000 0.2685215329571914 -0.3451764650381979
-0.2301099422241334 0.2468479429148359 -0.5000000000000000
-0.5000000000000000 0.3287913053039456 -0.4859665028940751
-0.4782339153921934 0.3790723120203578 -0.5000000000000000
-0.5000000000000000 0.2805407559837587 -0.4615473209093887
0.5000000000000000 0.4202550158029904 -0.1502878572830288
0.5000000000000000 0.3658963792553004 -0.1492288427115334
0.5000000000000000 0.4150180998810625 -0.1215992407164955
0.5000000000000000 0.4076220300418037 -0.2099238852151170
0.5000000000000000 0.4369810083432181 -0.0813840948477578
0.1120442647794320 0.5000000000000000 0.2798858460399007
-0.5000000000000000 0.2167323983537632 -0.2615234093405602
0.5000000000000000 -0.1390701710238821 -0.2202046289165420
0.5000000000000000 -0.1690392116531353 -0.2703844201149531
0.5000000000000000 -0.0845921575492160 -0.2229657707715359
0.5000000000000000 -0.1407695750641446 -0.2613679666294848
0.5000000000000000 -0.1813863673357519 -0.2337096373426747
0.4979991667220534 -0.1434359293878722 -0.5000000000000000
0.5000000000000000 0.1126307808635224 0.2317327561391428
0.5000000000000000 0.0920515416425533 0.1929265417036438
0.5000000000000000 0.2125698561222393 0.2326036703524578
0.5000000000000000 0.0584058665666542 0.3155384344449177
0.5000000000000000 0.1414213229951061 0.3552008121924897
0.5000000000000000 0.4218947371200399 -0.0610376799452568
0.5000000000000000 0.4469300874356750 -0.0293444406178821
0.5000000000000000 0.3111505914784250 0.1382506913957317
0.5000000000000000 0.2725947131013432 0.1191321121104115
0.5000000000000000 0.3062915100091527 0.1506866541958044
0.5000000000000000 0.3618605883336076 0.0744711310995709
0.5000000000000000 0.2943179208670708 0.1030988004774142
0.2306465346442983 -0.5000000000000000 -0.1871416637841881
0.3984918602408183 -0.5000000000000000 -0.1862361743241844
0.5000000000000000 -0.3375091132758661 -0.1161267167845635
0.3244968865065863 -0.5000000000000000 -0.1156248277724637
0.3867633005296618 -0.5000000000000000 -0.2300640019091915
0.5000000000000000 -0.4452408626861001 -0.1953941224878713
0.4430709123298829 -0.5000000000000000 -0.2230112276315172
0.5000000000000000 -0.4706408758977610 -0.1441192084443773
0.5000000000000000 -0.4254270886503317 -0.1366044542983182
-0.0096826746202040 -0.2467613480935898 0.5000000000000000
-0.0352587216206210 -0.2792553991833883 0.5000000000000000
0.0109564040860339 -0.1856679158226882 0.5000000000000000
-0.0820684340150590 -0.2365428411592237 0.5000000000000000
0.0839607517581136 0.4251562029521672 -0.5000000000000000
0.5000000000000000 0.2248503140714060 -0.1461744505458762
0.5000000000000000 0.2885355140507107 -0.1312408626829900
0.5000000000000000 0.2786869117517127 -0.1691563015645863
0.5000000000000000 0.3380803504336808 -0.1123550976677469
0.5000000000000000 0.2771654281157359 -0.0551986537217517
0.5000000000000000 0.1103117338991884 0.1670543200400941
0.5000000000000000 0.1462141122721813 0.1128625941718608
0.5000000000000000 0.1501882413285462 0.0867841964214113
0.5000000000000000 0.0866762049999090 0.1455317904319610
-0.4937155151950835 0.1506810386707918 0.4082747095862032
-0.5000000000000000 0.0329887144963708 0.4566442769569942
-0.5000000000000000 0.0863241100547727 0.4260852726756605
-0.5000000000000000 -0.0161473723838405 0.3381756889707581
-0.5000000000000000 0.0600073059428141 0.4232274830317957
-0.5000000000000000 -0.0879148621239444 -0.0525496436369015
-0.5000000000000000 -0.0347730448388172 -0.0202424935325905
-0.5000000000000000 -0.1002886426611983 -0.0887635877873171
0.1521727744274103 0.5000000000000000 -0.1375692602026901
-0.1320824895506695 0.5000000000000000 -0.1467441356579318
-0.5000000000000000 0.1358785293561097 0.0512913719723326
-0.5000000000000000 0.1842518138694770 0.0872486705968764
0.4997432475171291 -0.1183291290829951 -0.4405221969667901
0.5000000000000000 -0.0036175135402814 0.4922203947270749
-0.4707805734602294 0.5000000000000000 0.3807334733565541
0.5000000000000000 0.1710197800014811 -0.1789354305896690
0.5000000000000000 0.1761506150218840 -0.2690966528734486
0.5000000000000000 0.0776817239963950 -0.2326630958299203
0.5000000000000000 0.0644331771171935 -0.3005233154714178
-0.5000000000000000 -0.0163551949905435 0.4672034541642440
-0.5000000000000000 -0.2000699330787487 0.4285602291261702
-0.5000000000000000 -0.0739718372419113 0.2975226303255671
-0.5000000000000000 -0.1784963352648646 0.3905263841747428
0.2493702675633640 0.5000000000000000 0.3675738233223392
0.4471157288488810 -0.4295355393451867 0.5000000000000000
0.2879820347446275 -0.4106229339444765 0.5000000000000000
-0.2658797559516010 -0.4063535375095255 -0.5000000000000000
-0.5000000000000000 0.1811959034900792 -0.2411073241440653
0.5000000000000000 0.3159098460145366 -0.4590594147457286
0.1529369028043740 -0.0346426551697375 0.5000000000000000
0.2231438721146084 -0.0290102145871221 0.5000000000000000
0.0826448500077909 -0.0471519676898210 0.5000000000000000
0.1090344627719858 -0.0500328376153237 0.5000000000000000
0.1122184283655531 -0.0305733964270620 0.5000000000000000
-0.5000000000000000 -0.0633788584072534 0.2837663264920811
-0.4220483774856345 0.5000000000000000 0.3692563465248785
-0.5000000000000000 0.4575074256752660 0.3953879400330895
-0.5000000000000000 0.4584900813021102 0.3629117313572713
-0.5000000000000000 0.4854668753857999 0.3762320227252370
-0.5000000000000000 -0.2713633782176659 0.1783646758157498
0.5000000000000000 0.0112664932046798 -0.1969113234224390
0.5000000000000000 -0.4821070583087011 0.3984842229670821
0.4573780567907370 -0.5000000000000000 0.4482776343435128
0.3655802832453703 -0.4944111336803235 0.5000000000000000
0.5000000000000000 -0.3226565964873190 0.4236386631907578
0.2868297721159884 -0.5000000000000000 0.3042643743566943
0.1356038547239267 -0.5000000000000000 0.3461697639975266
0.3316364540825371 0.5000000000000000 0.4516241359051376
-0.5000000000000000 0.1861049755762762 -0.2575265567246620
-0.5000000000000000 0.2225359456596416 0.2884885870325749
-0.5000000000000000 0.2859038392452751 0.3810924487212204
-0.5000000000000000 0.2538806155371725 0.3113045696034273
-0.5000000000000000 0.2443465053269015 0.3601652122885551
0.2922000909737310 0.5000000000000000 -0.1102645232015723
0.5000000000000000 -0.3907240643753228 0.1889303178774629
0.5000000000000000 -0.4053071346663487 0.1412205508543231
0.5000000000000000 -0.4268705829540708 0.1405483627133986
0.5000000000000000 -0.4214239874994627 0.1389116096127578
0.5000000000000000 -0.4156023297125332 0.1147610692773506
-0.5000000000000000 -0.1708943644463678 -0.2050963203088968
-0.1968922097684734 0.1950988971403676 0.5000000000000000
-0.5000000000000000 -0.2739387354645483 0.2682303856623011
-0.5000000000000000 -0.3512028740744665 0.2210537687476226
-0.5000000000000000 -0.1032291845724365 0.2816012630934751
0.3230285739390116 0.3138603448159963 -0.5000000000000000
0.4202278458601468 0.3502376187205062 -0.5000000000000000
0.5000000000000000 0.3240889480850167 -0.4740399387698511
-0.5000000000000000 -0.0701990657618665 -0.3831642032435914
-0.5000000000000000 -0.0355101752862402 -0.4041351864756159
-0.5000000000000000 -0.1352007434479220 0.0686140066270508
-0.4358986092217501 0.5000000000000000 0.2409154573539291
-0.4821135019812594 0.5000000000000000 0.2060080413155904
-0.4977129268668327 0.5000000000000000 0.1128459487495969
-0.5000000000000000 0.4972149284809709 0.1845223218228942
-0.5000000000000000 0.4507387463705984 0.2231167582392200
-0.5000000000000000 0.4529553998789878 0.1993322911553745
-0.1937057052908392 0.5000000000000000 -0.2150026982821395
0.5000000000000000 -0.0275822021778120 0.0412520960619853
0.5000000000000000 -0.1344679189167272 0.0555717140505052
0.5000000000000000 -0.0799277782865030 0.0000970376995860
-0.5000000000000000 -0.1101288568972008 -0.3783036794784202
-0.5000000000000000 -0.1829562324746190 -0.3631803707221048
0.4176230102324069 -0.1669532896804113 -0.5000000000000000
0.4181107837077391 -0.2342795671694826 -0.5000000000000000
0.3078273502309669 -0.0885952416786515 -0.5000000000000000
-0.2772989350359016 -0.5000000000000000 0.1310330891097708
-0.1025431790119741 -0.5000000000000000 0.0830158589689621
-0.1174066578942691 -0.5000000000000000 0.1199566704646475
-0.5000000000000000 -0.0515056735189972 -0.3807300748837503
-0.5000000000000000 -0.0424846602691638 -0.3163580466853553
-0.5000000000000000 -0.0166412479407706 -0.3788935829374502
-0.5000000000000000 0.0035853970857128 -0.3625840646219528
-0.5000000000000000 -0.0197540569158459 -0.3965375559361541
0.5000000000000000 0.0422911416145156 0.4817906928608731
0.5000000000000000 0.0895578144171582 0.4767774586112337
0.5000000000000000 0.1122830039952576 0.4856222080724060
0.0251883151740253 -0.5000000000000000 -0.2372347721826355
-0.1396092437476797 -0.5000000000000000 -0.2135909564999201
0.1163919950282862 -0.5000000000000000 -0.1504204115002922
-0.1175576349846687 -0.5000000000000000 -0.1795533273836631
0.2203355296984209 -0.5000000000000000 -0.2451154191887458
0.5000000000000000 -0.2274454194007322 -0.0715624063171359
0.5000000000000000 -0.2909649499485988 -0.0714688586708713
0.5000000000000000 -0.2858504826099405 -0.0326134485569056
-0.5000000000000000 0.2055033439991964 -0.2456032348602207
0.5000000000000000 -0.0785983221119606 -0.2909297022119186
0.3534470722378364 0.4223314586030079 0.5000000000000000
0.1859368430768021 0.4063476300218000 0.5000000000000000
0.2598597582445229 -0.4781977369184584 -0.5000000000000000
0.5000000000000000 0.0507640139746471 0.2009358233750557
0.5000000000000000 -0.1510511211556038 0.3420077061657735
0.5000000000000000 -0.0076156948712064 0.3704284112545566
-0.1534110354373447 -0.2040531920746926 -0.5000000000000000
0.5000000000000000 -0.0119487702879545 0.4819388837835503
0.5000000000000000 -0.0173384249172622 0.4696072327245195
-0.5000000000000000 -0.2174035913061467 0.4540391418248938
-0.2375691103437291 -0.5000000000000000 -0.2782386559387522
-0.4001562388710156 -0.5000000000000000 -0.2590259200168963
-0.3463099624053966 -0.5000000000000000 -0.2219878354639911
-0.2560209452466665 -0.0455361448761746 0.5000000000000000
-0.3986157265131107 0.0268002160274252 0.5000000000000000
-0.5000000000000000 -0.0009884068051247 0.4743496896494291
-0.4329115118335282 -0.0200454221714096 0.5000000000000000
-0.5000000000000000 0.0038206713122834 0.4771635207195483
-0.2885501738137798 0.5000000000000000 0.3710655257514160
0.0655967429124777 0.5000000000000000 -0.3911086859149212
-0.2018974940950471 0.2676779108758936 -0.5000000000000000
-0.0050251218493491 0.5000000000000000 -0.4120966256443755
0.0881296028685014 0.5000000000000000 -0.3316973658613851
-0.1603466000760933 0.5000000000000000 -0.4544065451428008
-0.4610021514132511 0.3895403524114875 -0.5000000000000000
-0.1511751727889855 0.5000000000000000 -0.3089274987318854
-0.5000000000000000 0.0891567265835691 0.0647523244322767
-0.4938698786499467 0.5000000000000000 0.1063841630969712
-0.0612534690891139 0.5000000000000000 0.1131109600911016
-0.5000000000000000 0.4459386925632235 0.0041351174682495
-0.5000000000000000 0.4505971117280541 0.1016474921321489
-0.5000000000000000 0.0659994935145962 0.0249156734412758
-0.5000000000000000 0.2198457438564391 0.0007402272499822
-0.5000000000000000 0.0291601960355897 0.0179249866569719
0.1424795135030745 -0.2045500495776553 0.5000000000000000
0.5000000000000000 -0.2783656456033916 0.4571590862243884
-0.5000000000000000 -0.2722932720434632 0.1890550473820060
0.5000000000000000 -0.0217228218235670 0.0426895236103859
0.5000000000000000 -0.0125874040338730 0.0541128712816388
0.5000000000000000 -0.0264529013630019 0.0480591022523083
0.5000000000000000 -0.0159357763243635 0.0377427230534267
0.5000000000000000 0.1670451301171903 -0.1881346017116069
0.5000000000000000 0.1660191478942363 -0.2821731013791136
0.5000000000000000 0.0775718237182953 -0.2478188162871144
0.5000000000000000 0.0651450987888105 -0.3062657881680165
0.5000000000000000 0.1333755742606183 -0.3054883633631832
-0.5000000000000000 0.2267895399621148 -0.2817823411222770
-0.5000000000000000 0.2565180262494990 -0.3523977030051567
-0.5000000000000000 0.3257425607845021 -0.3226338005780380
-0.5000000000000000 0.2509302402477183 -0.3336690752799132
-0.5000000000000000 -0.0534135125996210 0.0767622495358557
-0.5000000000000000 0.4576783189538153 -0.1547604502176696
-0.5000000000000000 0.4456003429043781 -0.1640268780173427
-0.5000000000000000 0.4482435808493223 -0.1085301548725038
-0.5000000000000000 0.4338898565608540 -0.1523121830979474
-0.5000000000000000 0.4603742955065181 -0.1579220770658346
-0.4409337850707677 0.5000000000000000 -0.1211350673097212
0.2760654425850814 -0.4766583264265363 -0.4868265131719448
0.5000000000000000 0.0194163368535982 -0.4309246914139556
0.5000000000000000 0.0180100311427391 -0.4413156187455125
0.5000000000000000 0.0375850474943337 -0.4302791395221761
0.2960678994446233 -0.0048070034066181 -0.5000000000000000
0.5000000000000000 0.0349567853786272 -0.4366452696065993
0.1571564246310357 0.3489561331209111 -0.5000000000000000
0.1863650590019568 0.2892609562105705 -0.5000000000000000
-0.0465770331888359 -0.5000000000000000 0.0633999641167045
0.0053957189803567 -0.0823430587285550 0.5000000000000000
0.0221053756243710 -0.1237029796921279 0.5000000000000000
-0.5000000000000000 0.1804790132096334 -0.2228720536716905
0.5000000000000000 0.1708720601685144 -0.1344733573740071
0.5000000000000000 0.2049279133892024 -0.1586113061028987
0.5000000000000000 0.1775181989140713 -0.1470122910774800
-0.5000000000000000 -0.3649379950629758 0.4542288419146969
-0.5000000000000000 -0.3778100405463307 0.4573054100502888
0.5000000000000000 0.0259974552447139 -0.1998135864720992
0.5000000000000000 0.0449445065542343 -0.2027543429319761
0.5000000000000000 -0.0045780559978813 -0.2420041617613001
0.5000000000000000 0.0441661075475409 -0.2760101607182674
0.0958677853634341 0.5000000000000000 -0.3839942117781422
0.0804253389173220 0.5000000000000000 -0.3948264404568140
-0.4864875257331549 0.2378571736721224 -0.0024423077594034
-0.3476062291084842 -0.2194786134826260 -0.5000000000000000
-0.3448929012940519 -0.2004548251014240 -0.5000000000000000
-0.5000000000000000 0.4164805382154823 -0.0206437937299426
-0.5000000000000000 0.2827387808341604 -0.0137438179536246
-0.5000000000000000 -0.3421582409578578 0.3846348145349997
-0.4138002441349411 -0.2987489142809229 0.5000000000000000
0.3354926588777926 -0.4887965339800976 0.5000000000000000
-0.0374093741554223 -0.4100959159069282 0.5000000000000000
0.5000000000000000 -0.2989464399757819 0.4674527569564775
-0.5000000000000000 -0.2794611293910059 0.1935103956400690
0.0537940788856597 -0.5000000000000000 0.3692139142443737
-0.5000000000000000 0.4987038890145157 -0.2887461232153971
0.2169842054411689 -0.5000000000000000 0.1870966173004427
0.2148137065739484 -0.5000000000000000 0.2089582768817301
0.1895984073285530 0.4136647749297158 -0.5000000000000000
0.5000000000000000 -0.2869858054155131 0.3848501647422795
-0.1475249936048646 -0.5000000000000000 -0.3418037074051545
-0.1723686505473555 -0.5000000000000000 -0.3332143015981033
0.1957899348982168 -0.5000000000000000 -0.3092962553161323
0.0032403927551045 -0.5000000000000000 -0.3413033916482125
0.3070079588701953 -0.5000000000000000 -0.2847821179610382
0.5000000000000000 0.0723148307322844 0.1415244051561345
0.2500792288303449 -0.5000000000000000 0.0528845157987770
0.2498943437194769 -0.5000000000000000 0.0496570143299156
0.2524250680201705 -0.5000000000000000 0.0524327958857923
0.2559872815581848 -0.5000000000000000 0.0511601779237011
-0.5000000000000000 -0.4767687413872233 0.1942698064187210
-0.3987262013567869 -0.5000000000000000 0.3802956281986276
0.5000000000000000 -0.0485498717242360 0.4506749305470709
0.3208156187081975 -0.1233205386613854 0.5000000000000000
0.5000000000000000 -0.1721138423876887 0.4587277531396506
0.4624558642011735 -0.1303076871927453 0.5000000000000000
0.0989106315706770 -0.2234784737180718 -0.5000000000000000
-0.0005339459674879 -0.2122833025226186 -0.5000000000000000
-0.5000000000000000 -0.1071126585573478 -0.3976361381991521
-0.5000000000000000 -0.1071485700901796 -0.3735495697154081
-0.5000000000000000 -0.0371412329015885 -0.3854775538908310
0.5000000000000000 -0.1140336107169821 0.1765353517155403
0.5000000000000000 -0.1779107343961109 0.3300917438200095
0.5000000000000000 -0.0613859273880651 0.3444377905373271
0.5000000000000000 0.3202998118404287 -0.2177261326443491
0.5000000000000000 0.2527025829949875 -0.1550212534770552
0.5000000000000000 -0.1549721787230724 0.0980734575624691
0.5000000000000000 -0.0385759734858599 -0.3210624316952477
0.5000000000000000 0.0313154653675205 -0.3238268976783373
0.2134001752398904 0.5000000000000000 0.2098603284267496
0.5000000000000000 0.4840205264229330 0.4154864183286787
-0.2348442086580367 0.2423825549605560 -0.5000000000000000
-0.2211893883124524 0.2275824533882211 -0.5000000000000000
-0.1658874193385493 0.2777673390703907 -0.5000000000000000
-0.1563827093927134 0.2475315833442276 -0.5000000000000000
-0.1856583481080908 0.2396554426909182 -0.5000000000000000
-0.5000000000000000 0.1773106298979701 -0.2372752551890596
-0.5000000000000000 0.0592314539358022 -0.1921239511757764
-0.5000000000000000 -0.3413249428049436 0.1735380044919398
-0.5000000000000000 -0.3039519722210229 0.1463207106802693
-0.5000000000000000 -0.3122017024016244 0.1600556248929373
-0.5000000000000000 -0.2976967761588553 0.1839891606623233
-0.5000000000000000 -0.4153729607326836 0.2086577073613141
-0.5000000000000000 -0.3911006775980321 0.1144084884607617
-0.5000000000000000 -0.4195030445673174 0.1185490422199384
-0.5000000000000000 -0.0200809784388618 -0.2378182922708068
-0.5000000000000000 -0.1711762660390842 -0.1924291641243701
-0.5000000000000000 0.2101695529110065 -0.2769895520140957
-0.5000000000000000 0.2224564604388948 -0.3329609836530344
-0.5000000000000000 0.1921234830430236 -0.2932442190167185
-0.5000000000000000 0.2154461448100292 -0.3159947357812012
-0.5000000000000000 0.1410273705437339 -0.3380666696769575
0.4943080620694513 0.4339090829243990 0.5000000000000000
-0.5000000000000000 -0.3370686122953312 -0.4416566781246715
-0.5000000000000000 -0.3464512611343143 -0.4059383812323419
-0.5000000000000000 -0.3352006621568263 -0.4359747863311209
-0.5000000000000000 0.3764816438487007 0.3947195399974360
0.5000000000000000 -0.0209936624115205 0.4163790903818393
-0.0926802965644127 -0.5000000000000000 -0.0743776781316548
0.0050456433386698 -0.5000000000000000 0.1479537363430524
-0.5000000000000000 0.1993794333347039 -0.2540269260154820
-0.0474266078963517 -0.0837030348509453 0.5000000000000000
-0.0586380176065979 -0.0990267290103157 0.5000000000000000
-0.0546273872446995 -0.0759536006132295 0.5000000000000000
-0.5000000000000000 -0.3640510385291613 0.3945887140952895
-0.5000000000000000 -0.3278404057830656 0.3899262422900705
-0.0973048078736571 -0.5000000000000000 -0.0894173488235570
-0.1199623721332661 -0.5000000000000000 -0.1018615031655794
-0.1597719205063722 0.1837609506755617 0.5000000000000000
0.0049015710043914 0.0473480644522657 0.5000000000000000
0.3101681684759276 -0.5000000000000000 -0.4995514558860846
0.3115344809822281 -0.5000000000000000 -0.4629403171026899
0.3752846569110019 -0.5000000000000000 -0.4507895332979592
0.2415810086152855 -0.5000000000000000 -0.4854681866012620
0.3551318804665365 -0.5000000000000000 -0.4365516801343527
0.2500209334869707 -0.4683157501999631 -0.5000000000000000
0.2107527305687667 0.5000000000000000 0.2259492471673015
0.5000000000000000 0.4957973810815339 0.4271586370886244
-0.5000000000000000 0.4430196259302054 -0.0580253474193758
-0.3861462741210520 0.5000000000000000 -0.1172232831291548
0.0667507417288800 0.5000000000000000 -0.4390862932649456
-0.5000000000000000 0.2325677901397090 -0.2212044727925414
-0.5000000000000000 0.2332906781906874 -0.2571384914853208
-0.5000000000000000 0.1765672158841987 -0.2642592431626636
-0.5000000000000000 0.1788403615768343 -0.2696924966064068
0.5000000000000000 0.3121157071169585 -0.2506690069981365
0.5000000000000000 0.2419839910284623 -0.1953131431429252
0.2806297007414310 -0.5000000000000000 -0.0694493400808969
0.3061442889915354 -0.5000000000000000 -0.0429635047720044
-0.5000000000000000 -0.0445583772997156 0.0666867360537542
-0.5000000000000000 -0.0556479321651852 0.0963197088121356
-0.5000000000000000 -0.0639673342573575 0.0897819803327206
-0.5000000000000000 -0.0051514393853784 -0.3857777245425659
-0.2140144106561376 -0.5000000000000000 -0.4294511394549353
-0.1562541652205062 -0.5000000000000000 -0.3823493658204133
-0.5000000000000000 0.3500393995301986 0.3980662815770823
-0.5000000000000000 0.3374366261605365 0.4234019845916780
-0.4194968083611880 -0.2943487936497814 0.5000000000000000
-0.4147026394467747 -0.3049056638223346 0.5000000000000000
-0.4126407966001878 -0.2954227950713580 0.5000000000000000
0.2304930808474339 0.5000000000000000 -0.2834060857984025
-0.5000000000000000 0.3638056030466364 0.3622026650228864
0.1787733351149239 0.4987099160215784 0.2061106830482440
0.0581774169326517 0.5000000000000000 0.1005694706563823
0.0814891430518478 0.5000000000000000 0.1871471306464240
-0.5000000000000000 0.1951920432847241 -0.4321994547399403
-0.5000000000000000 0.2722816801052788 -0.4631340587612798
-0.0079709586285052 -0.5000000000000000 0.1933999595685900
0.5000000000000000 0.0531304648324824 -0.1450070594996088
-0.2342789249877272 -0.1662583062900251 0.5000000000000000
-0.5000000000000000 -0.2427314337916591 0.4409130599330298
-0.4345405390020748 -0.1705941385002898 0.5000000000000000
-0.5000000000000000 0.3615563274319452 -0.4358053565475846
-0.2757535185962993 -0.4896533372977424 0.5000000000000000
-0.1862912054157156 -0.4773628960063477 0.5000000000000000
-0.3296674889749265 -0.5000000000000000 0.4517183773952588
-0.4028349468724843 -0.5000000000000000 0.4054240809799485
-0.5000000000000000 -0.4627025094100218 0.3401756920408012
-0.2002393418556119 -0.5000000000000000 0.4196167860383299
-0.3145664558516090 -0.5000000000000000 0.4495418352351619
-0.5000000000000000 0.4315569515295380 -0.0349492044448751
-0.0582212634822814 0.5000000000000000 0.0307142420491106
-0.1303626444018888 0.5000000000000000 -0.4853597060383158
-0.5000000000000000 0.3649636640700750 0.1871547981846915
-0.5000000000000000 -0.3534658094839491 -0.1982457055524771
-0.5000000000000000 -0.2834564439852277 -0.1467404816509539
-0.5000000000000000 -0.2520469001142069 -0.1551135230627610
-0.4295644267730281 0.3900818812329460 -0.5000000000000000
-0.4863624079947320 0.3855604677562826 -0.5000000000000000
-0.2360625334164798 -0.5000000000000000 -0.4133538478446644
-0.2535364695324552 -0.4759954819507849 -0.5000000000000000
0.5000000000000000 0.1649990579658634 0.0534374745502935
0.5000000000000000 0.1278956610377858 0.0662076568719305
-0.1356038120978259 -0.1480323765790553 0.5000000000000000
-0.1859311717972508 -0.1657804457678097 0.5000000000000000
0.5000000000000000 -0.1556068076145034 0.0361186762008016
0.5000000000000000 -0.1181128782171040 0.0882582025313865
0.5000000000000000 -0.2060828999066598 0.0618353755337236
0.5000000000000000 -0.1626275982739241 0.2401871183613556
-0.5000000000000000 0.3440494683656752 -0.0938359707119902
0.1017600618736572 -0.1506296411893663 0.5000000000000000
0.3322814471820433 -0.1835082797212529 0.5000000000000000
-0.5000000000000000 0.4549986701093926 -0.2735352068431832
-0.3796700711503498 0.5000000000000000 -0.2646805256353617
-0.5000000000000000 0.3767532832043293 -0.2994517555424619
0.3364107771668063 -0.2551606006755187 -0.5000000000000000
-0.5000000000000000 0.2432732837737385 0.4235104210812886
0.0837294984751959 0.4061536213401509 -0.5000000000000000
0.0092316994548386 0.3698614785647189 -0.5000000000000000
0.0485330418015706 0.2760215316547502 -0.5000000000000000
0.5000000000000000 0.3529757263940712 -0.2513704101065336
0.5000000000000000 0.4346903649555565 -0.0059496405071166
0.5000000000000000 0.2904033597902038 0.0477367679661880
-0.5000000000000000 -0.0657320453826214 0.2932451257720107
-0.5000000000000000 -0.0626793319222761 0.2794063361814423
0.5000000000000000 0.0273718622905403 0.1106919397781952
0.5000000000000000 0.0685399678321722 0.1018793918926073
-0.5000000000000000 0.1536574826964348 -0.4428288742828769
-0.1229058107409773 0.1508918756146238 -0.5000000000000000
0.5000000000000000 -0.1070209428593241 -0.0154315266289282
-0.5000000000000000 -0.2760830955553750 0.1745902054540109
-0.5000000000000000 -0.3680550775153472 0.0541062901008263
0.5000000000000000 -0.0684725982365939 0.0402891577276667
0.5000000000000000 -0.0380068815311394 0.0937453926515608
-0.5000000000000000 0.3714117074424413 0.3646462038933326
0.0155314962374451 -0.1560178781094231 0.5000000000000000
0.2389451079521829 -0.5000000000000000 -0.3470384607882743
0.4871383405159594 0.4797419397256628 0.4299557556786910
0.4454800984156960 0.5000000000000000 0.4853122906007818
-0.1479684884925424 -0.0870536606727659 -0.5000000000000000
0.3542410385533032 -0.5000000000000000 -0.3115004261929168
-0.5000000000000000 -0.1916223990773402 -0.3769075440246045
-0.5000000000000000 0.2785612682527397 -0.0313356923023489
-0.3751158578766927 0.5000000000000000 -0.0834485419194527
-0.5000000000000000 0.3000895486172291 -0.0371068134463861
-0.5000000000000000 -0.2783277661418015 0.4361350193267207
0.0491452271891970 0.5000000000000000 0.2318687695733829
0.5000000000000000 0.0811604897402118 -0.3401877675357330
0.5000000000000000 0.1515927463975557 -0.3659801183459451
-0.5000000000000000 -0.0809284667032423 -0.4266386827412184
-0.5000000000000000 -0.1812487690782137 -0.3793784921385562
-0.1726324988393062 -0.0755366283632841 -0.5000000000000000
0.5000000000000000 -0.2077808310061821 0.3705087873607816
-0.5000000000000000 0.0482232089813875 -0.2790911665976986
-0.5000000000000000 0.0108298242293291 -0.3739056534118592
-0.5000000000000000 -0.0516070611939200 -0.4346912060556882
-0.5000000000000000 -0.0090178520356105 -0.3990062848497689
0.1571973566634953 0.5000000000000000 0.3166827236099627
0.0570648133189449 0.5000000000000000 0.2481184794469991
0.5000000000000000 0.2884447001922710 0.2181738720114428
-0.5000000000000000 -0.2659161568877988 0.1790573622988871
-0.5000000000000000 0.0590564436633411 -0.2965339213854586
-0.5000000000000000 0.0175037123045394 -0.3823505259092170
0.5000000000000000 -0.4484597105856855 -0.0714441525995517
0.5000000000000000 -0.3798259629879711 -0.0598493377499078
0.5000000000000000 0.2446969837099166 0.0289632474927949
-0.5000000000000000 -0.2789141254883938 0.1804274695705573
-0.5000000000000000 -0.2635148998623880 0.1823647442270943
0.5000000000000000 0.4645912703449675 -0.0309580012797393
0.4367307098685327 0.5000000000000000 -0.0257594352714561
0.5000000000000000 0.4564549982685220 -0.0164055486893918
-0.5000000000000000 0.1788735139328509 -0.4136136419928983
-0.5000000000000000 0.0785832396357655 -0.4114514772053019
-0.0533751702938201 0.1772070094931008 -0.5000000000000000
0.3632869571455329 0.5000000000000000 0.4055078504629675
0.4515621421686925 0.5000000000000000 0.4220308836299406
0.1557526330126619 0.0684078664994902 0.5000000000000000
-0.1618939982020723 -0.0556158434555539 -0.5000000000000000
0.5000000000000000 -0.4033829380854335 -0.0041604447403246
0.5000000000000000 -0.3504718389600585 0.0049030540194512
-0.5000000000000000 -0.1780247744528113 -0.3596175647140932
-0.5000000000000000 0.3193978720133845 -0.4218519394325920
0.5000000000000000 -0.1698610551897863 0.3395548699459213
0.5000000000000000 -0.1942192569577501 0.3479239257615524
0.5000000000000000 0.2773494323834891 0.4345013378967990
-0.0766286246690513 0.1608379388076729 -0.5000000000000000
-0.1043301610041865 0.1423757404916747 -0.5000000000000000
0.5000000000000000 -0.0131546089302383 -0.0123860482145266
0.5000000000000000 0.0710200026740447 0.0201889784417715
-0.2742943357742104 0.5000000000000000 -0.2646206060376492
-0.2215253683862100 0.5000000000000000 -0.2534309952701388
0.5000000000000000 -0.0133976234742508 0.1991570366520878
0.5000000000000000 0.2477849189872907 0.3940182700717919
0.5000000000000000 0.2015813892414133 0.4306010062347461
0.2850446404267879 -0.5000000000000000 0.3033233532758792
0.5000000000000000 0.2629526070508769 0.3829264152845659
-0.5000000000000000 0.3392170138288927 0.3882296118373073
-0.5000000000000000 0.3144747166891871 0.4192910891944164
-0.1537223999085772 -0.0381920247269933 -0.5000000000000000
185 21
186 32
187 62
188 71
189 155
190 116
192 130
193 136
194 140
195 153
0 196
0 197
0 33
0 198
0 199
0 56
0 200
0 201
0 202
0 203
0 1112
0 588
0 150
0 1177
0 204
205 269
207 102
208 150
209 191
210 970
211 112
212 115
213 43
214 112
215 28
216 819
217 81
218 115
219 130
220 153
221 163
222 1
223 2
224 819
225 81
226 153
227 163
228 182
1 2
1 45
1 81
1 229
1 153
1 230
1 163
1 164
1 231
1 177
1 232
1 182
233 88
234 159
235 168
236 44
237 618
238 161
239 37
240 51
242 85
243 92
244 107
2 245
2 45
2 81
2 246
2 247
2 248
2 249
250 90
251 102
252 150
253 170
3 254
3 30
3 255
3 256
3 257
3 66
3 79
3 258
3 143
3 259
3 147
3 162
260 13
261 57
262 104
263 125
264 121
4 5
4 15
4 17
4 21
4 62
4 65
4 69
4 73
4 109
4 134
4 139
4 155
4 156
4 160
4 171
265 807
267 116
268 7
270 730
271 120
272 135
273 730
5 21
5 53
5 65
5 71
5 73
5 274
5 275
5 99
5 125
5 139
5 276
5 277
5 155
5 156
5 171
5 176
5 181
5 182
6 9
6 38
6 46
6 52
6 55
6 63
6 64
6 76
6 278
6 79
6 93
6 94
6 95
6 131
6 141
6 168
7 279
7 280
7 281
7 730
7 75
7 282
7 283
7 284
7 100
7 285
7 120
7 135
7 286
7 151
287 25
288 473
289 23
290 35
291 39
292 44
293 49
294 116
295 161
296 180
297 184
8 29
8 298
8 36
8 50
8 53
8 299
8 89
8 300
8 99
8 301
8 302
8 156
8 165
8 169
8 176
303 165
9 16
9 20
9 22
9 23
9 24
9 26
9 38
9 39
9 46
9 55
9 60
9 63
9 64
9 76
9 142
9 145
9 167
9 168
9 180
304 35
305 49
10 306
10 307
10 308
10 37
10 309
10 310
10 69
10 311
10 73
10 312
10 313
10 314
10 109
10 123
10 126
10 315
10 160
10 316
10 163
10 179
317 51
318 75
319 114
320 165
11 321
11 60
11 322
11 807
11 116
11 323
11 184
12 22
12 324
12 325
12 326
12 266
12 327
12 106
12 108
12 328
12 121
12 129
12 329
12 330
12 331
12 152
12 173
332 45
333 90
334 120
269 206
269 335
269 336
269 337
269 338
269 339
269 120
269 135
13 340
13 341
13 41
13 342
13 618
13 57
13 343
13 344
13 144
13 161
345 86
346 91
347 154
348 159
349 81
350 107
14 351
14 53
14 352
14 353
14 82
14 354
14 100
14 355
14 123
14 139
14 356
14 160
14 164
14 171
14 177
14 357
358 18
359 206
360 33
361 34
362 61
363 68
364 98
365 101
366 138
367 150
368 150
369 45
370 730
371 100
372 151
373 177
374 48
375 67
376 77
377 588
15 21
15 69
15 378
15 83
15 93
15 94
15 95
15 97
15 109
15 122
15 128
15 134
15 143
15 166
379 970
380 112
381 132
382 819
383 125
384 182
385 123
386 163
387 164
16 20
16 24
16 26
16 46
16 52
16 76
16 101
16 142
16 145
16 174
17 21
17 29
17 30
17 31
17 388
17 389
17 390
17 89
17 391
17 94
17 99
17 105
17 109
17 131
17 156
17 157
392 47
393 57
394 67
395 72
396 74
397 88
398 129
399 38
400 121
401 141
402 162
403 178
404 92
191 32
191 405
191 406
191 407
191 408
191 112
191 115
191 130
191 132
191 136
18 29
18 409
18 36
18 68
18 80
18 90
18 98
18 102
18 410
18 411
18 137
18 138
18 150
18 412
18 158
18 170
19 32
19 42
19 43
19 87
19 413
19 414
19 118
19 132
19 136
19 148
19 149
19 179
415 28
20 24
20 40
20 416
20 417
20 418
20 55
20 103
20 145
20 146
20 419
20 420
20 167
20 168
20 180
20 421
21 422
21 30
21 423
21 62
21 71
21 424
21 425
21 426
21 97
21 109
21 134
21 143
21 155
21 156
21 183
22 23
22 26
22 427
22 38
22 428
22 429
22 430
22 52
22 431
22 432
22 60
22 63
22 64
22 807
22 76
22 433
22 434
22 116
22 121
22 152
22 435
436 31
206 437
206 61
206 68
206 75
206 102
206 120
206 150
206 438
206 169
23 439
23 35
23 440
23 39
23 441
23 60
23 63
23 72
23 442
23 116
23 152
23 167
23 443
23 180
444 77
445 138
446 588
447 730
448 970
449 970
451 473
452 66
453 97
454 127
455 134
456 183
457 126
458 41
459 116
460 161
461 184
24 39
24 40
24 44
24 48
24 56
24 101
24 142
24 145
24 146
24 167
24 174
462 34
463 68
25 464
25 473
25 465
25 466
25 92
25 96
25 467
25 117
25 127
25 133
25 468
25 172
25 469
470 266
471 116
472 92
474 183
26 475
26 476
26 39
26 47
26 477
26 52
26 60
26 478
26 76
26 479
26 480
26 142
26 481
26 174
27 482
27 483
27 96
27 484
27 485
27 117
27 148
27 149
27 154
27 486
487 60
488 121
28 489
28 59
28 490
28 491
28 492
28 86
28 493
28 91
28 96
28 133
28 494
28 172
495 602
496 85
497 150
498 970
450 473
450 42
450 117
450 118
450 134
450 149
450 183
499 66
500 127
501 147
29 31
29 36
29 46
29 52
29 502
29 89
29 99
29 105
29 503
29 119
29 124
29 993
29 137
29 504
29 158
505 51
506 970
507 132
30 508
30 509
30 510
30 511
30 66
30 79
30 94
30 97
30 512
30 109
30 131
30 143
31 46
31 513
31 52
31 514
31 515
31 516
31 94
31 99
31 105
31 119
31 993
31 131
31 517
518 266
519 108
520 152
521 66
522 97
523 143
524 183
525 41
526 618
527 116
528 161
529 184
530 82
531 90
532 103
533 113
534 170
535 171
536 473
537 117
538 149
539 162
540 59
541 86
542 159
543 45
544 81
545 59
546 85
547 92
548 107
549 172
473 550
473 117
473 127
473 134
473 149
473 551
473 552
553 152
554 32
555 43
556 118
557 149
558 107
559 970
560 602
561 107
562 730
563 135
564 77
565 84
566 110
32 567
32 568
32 42
32 62
32 70
32 569
32 570
32 571
32 572
32 573
32 118
32 132
32 136
32 155
32 574
32 179
33 575
33 48
33 576
33 56
33 77
33 101
33 577
33 1112
33 138
33 142
33 588
33 146
33 150
34 68
34 80
34 98
34 114
34 578
34 579
580 47
581 52
582 84
583 110
584 124
585 993
586 142
587 174
589 43
590 118
591 970
592 807
593 266
594 116
595 152
35 596
35 49
35 597
35 598
35 599
35 600
35 601
35 180
603 107
604 100
605 177
606 36
607 80
608 98
609 99
610 114
611 165
612 82
613 113
614 123
615 139
616 160
617 171
619 588
620 104
621 125
622 80
36 50
36 53
36 61
36 68
36 89
36 90
36 98
36 623
36 624
36 158
36 165
36 169
602 625
602 626
602 59
602 85
602 107
602 627
602 628
629 970
630 80
631 114
632 45
633 151
37 634
37 42
37 635
37 636
37 51
37 637
37 87
37 111
37 126
37 132
37 148
37 154
37 179
37 638
639 75
640 135
641 63
642 72
643 74
644 152
645 168
646 180
647 40
648 44
649 167
650 107
651 149
652 819
653 81
38 654
38 63
38 64
38 76
38 655
38 79
38 656
38 657
38 121
38 131
38 141
38 162
38 658
659 87
660 970
661 132
662 40
663 56
664 146
665 1177
666 970
667 266
668 51
669 970
670 112
671 115
672 132
673 179
39 44
39 48
39 49
39 56
39 60
39 116
39 142
39 161
39 167
39 175
39 180
39 184
40 44
40 674
40 56
40 675
40 146
40 1177
40 676
40 677
40 167
40 678
679 43
680 118
681 149
41 57
41 682
41 683
41 684
41 685
41 686
41 161
41 175
41 184
687 266
688 125
689 153
690 181
691 182
692 103
693 113
694 146
695 170
42 62
42 70
42 87
42 696
42 111
42 697
42 117
42 118
42 134
42 136
42 148
42 149
42 179
42 183
43 698
43 699
43 700
43 701
43 702
43 703
43 87
43 704
43 112
43 118
43 705
43 132
43 706
44 48
44 49
44 618
44 56
44 707
44 708
44 144
44 709
44 1177
44 710
44 161
44 711
44 167
45 712
45 730
45 713
45 714
45 715
45 716
45 151
45 717
45 718
45 177
45 719
720 165
46 52
46 55
46 76
46 84
46 93
46 94
46 105
46 119
46 124
46 145
46 174
721 115
722 163
723 179
724 121
725 970
47 48
47 60
47 67
47 726
47 110
47 727
47 142
47 144
47 728
47 175
48 618
48 56
48 60
48 67
48 77
48 110
48 142
48 144
48 588
48 161
48 729
48 175
731 131
241 78
241 85
241 92
241 732
241 106
241 121
241 733
241 173
734 68
735 80
736 114
49 737
49 738
49 739
49 740
49 741
49 167
49 742
49 180
743 66
744 78
745 121
746 127
747 147
748 162
749 178
750 80
751 57
618 57
618 67
618 752
618 144
618 588
618 161
618 753
50 53
50 75
50 754
50 755
50 100
50 104
50 756
50 757
50 135
50 151
50 758
50 165
50 169
50 176
50 177
759 61
760 90
761 102
762 120
763 150
764 588
765 99
766 73
767 115
768 123
769 163
770 179
771 819
772 55
773 122
774 146
775 168
776 180
777 102
778 150
779 101
780 103
781 146
782 150
783 170
51 784
51 785
51 786
51 87
51 787
51 788
51 789
51 132
51 148
51 790
51 791
51 792
793 78
794 85
795 129
796 173
797 135
798 82
799 90
800 100
801 102
802 170
803 55
804 103
805 113
806 122
808 266
809 116
810 121
811 152
812 97
813 131
814 183
815 61
816 68
52 76
52 817
52 94
52 124
52 993
52 818
52 174
53 82
53 89
53 90
53 100
53 125
53 139
53 156
53 169
53 171
53 176
53 177
53 182
820 74
54 58
54 63
54 64
54 72
54 78
54 86
54 88
54 91
54 95
54 128
54 129
54 141
54 147
54 159
54 168
54 178
821 57
822 82
823 100
824 139
825 164
826 266
827 106
828 121
829 173
55 93
55 95
55 103
55 105
55 122
55 128
55 145
55 146
55 168
56 101
56 1112
56 142
56 588
56 146
56 1177
56 830
56 167
56 174
831 59
832 85
833 112
834 99
835 730
836 72
837 74
838 108
839 129
840 152
841 121
57 67
57 842
57 843
57 844
57 144
57 845
57 161
57 175
58 66
58 78
58 83
58 86
58 91
58 95
58 127
58 133
58 147
58 846
58 159
58 166
58 172
58 178
847 123
59 848
59 78
59 85
59 86
59 849
59 92
59 850
59 851
59 852
59 172
59 853
854 1177
855 99
60 807
60 856
60 857
60 858
60 116
60 142
60 175
60 859
60 184
61 68
61 90
61 102
61 120
61 150
61 860
61 169
861 86
862 91
863 96
864 133
865 154
62 69
62 70
62 73
62 866
62 111
62 134
62 155
62 179
62 183
867 116
868 78
869 92
870 121
63 64
63 72
63 74
63 88
63 129
63 152
63 168
63 180
64 93
64 95
64 121
64 129
64 141
64 152
64 168
64 178
730 871
730 872
730 873
730 151
65 70
65 71
65 73
65 874
65 139
65 140
65 875
65 153
65 155
65 163
65 181
65 182
66 83
66 97
66 127
66 134
66 143
66 876
66 147
66 162
66 166
67 877
67 77
67 878
67 879
67 110
67 880
67 881
67 144
67 588
67 882
67 175
807 116
807 152
68 90
68 98
68 102
68 114
68 138
68 150
68 883
68 165
68 169
69 73
69 884
69 83
69 91
69 109
69 111
69 885
69 126
69 128
69 134
69 886
69 179
70 73
70 887
70 115
70 136
70 140
70 153
70 155
70 163
70 888
70 179
819 81
819 889
819 890
819 115
819 891
819 163
892 92
893 96
894 172
71 895
71 896
71 897
71 125
71 898
71 899
71 155
71 181
71 182
900 74
901 168
902 180
903 87
904 118
905 148
906 149
907 87
908 126
909 148
910 154
911 99
912 163
72 74
72 88
72 108
72 129
72 152
72 168
913 1177
914 161
915 970
916 122
917 159
918 168
919 130
73 109
73 111
73 123
73 126
73 139
73 155
73 160
73 163
73 179
73 182
74 920
74 88
74 921
74 168
922 106
923 87
924 118
925 149
266 926
266 927
266 116
266 928
266 929
266 152
266 930
931 144
75 932
75 933
75 934
75 100
75 935
75 936
75 937
75 120
75 135
75 151
75 938
75 165
75 169
76 939
76 131
77 84
77 940
77 101
77 941
77 942
77 110
77 1112
77 138
77 142
77 588
77 943
944 94
945 993
946 131
78 85
78 86
78 92
78 947
78 121
78 127
78 129
78 948
78 147
78 949
78 159
78 172
78 173
78 178
950 109
951 122
952 128
953 160
954 82
955 100
956 139
957 164
958 177
959 99
960 104
961 165
962 176
79 93
79 94
79 95
79 963
79 131
79 141
79 143
79 162
80 964
80 965
80 98
80 966
80 967
80 114
80 968
80 969
80 165
81 971
81 972
81 973
81 974
81 163
81 164
81 975
976 135
977 151
978 96
979 108
980 129
981 99
82 90
82 100
82 982
82 983
82 171
82 984
985 85
986 107
987 123
988 139
989 163
990 164
83 91
83 95
83 97
83 127
83 128
83 133
83 134
83 166
991 120
992 135
994 136
995 140
84 101
84 996
84 110
84 119
84 124
84 993
84 137
84 138
84 142
84 145
84 997
84 174
85 86
85 92
85 998
85 999
85 107
85 1000
85 1001
85 1002
85 1003
85 172
85 173
85 1004
1005 114
1006 96
1007 172
1008 135
86 91
86 133
86 1009
86 159
86 172
87 1010
87 112
87 118
87 1011
87 1012
87 132
87 148
87 149
87 1013
87 1014
87 179
1015 122
1016 96
1017 117
1018 133
1019 154
1020 92
1021 107
88 1022
88 1023
88 129
88 1024
88 1025
88 159
88 168
1026 115
1027 130
1028 140
1029 155
1030 181
1031 128
1032 159
1033 168
89 90
89 99
89 105
89 119
89 156
89 157
89 158
89 171
90 100
90 102
90 120
90 1034
90 1035
90 158
90 169
90 170
90 171
91 95
91 111
91 1036
91 126
91 127
91 128
91 133
91 134
91 154
91 159
91 172
1037 163
1038 164
1039 1112
1040 1177
1041 104
1042 125
1043 135
1044 151
1045 177
1046 99
1047 156
1048 92
1049 127
1050 172
92 107
92 127
92 1051
92 1052
92 1053
92 172
92 1054
1055 156
1056 183
1057 99
1058 104
1059 156
1060 176
1061 181
93 94
93 95
93 105
93 109
93 122
93 128
93 143
93 168
1062 1177
1063 112
1064 118
1065 132
94 105
94 109
94 119
94 131
94 143
1066 175
1067 168
95 122
95 128
95 141
95 143
95 147
95 159
95 162
95 166
95 168
96 1068
96 1069
96 117
96 127
96 133
96 154
96 172
1070 99
1071 108
1072 129
1073 152
1074 107
1075 173
1076 117
1077 149
1078 116
1079 152
97 134
97 143
97 166
97 183
970 1080
970 112
970 1081
970 1082
970 132
970 1083
970 1084
970 1085
1086 1112
1087 1177
98 1088
98 114
98 138
98 1089
98 165
98 169
1090 135
99 1091
99 1092
99 1093
99 1094
99 156
99 176
100 120
100 135
100 1095
100 1096
100 151
100 169
100 177
1097 148
1098 154
1099 131
1100 141
1101 162
1102 181
101 137
101 138
101 142
101 145
101 146
101 150
101 170
101 174
1103 112
1104 132
1105 175
1106 184
1107 106
1108 107
1109 173
102 120
102 150
102 158
102 170
1110 120
103 105
103 113
103 122
103 145
103 146
103 157
103 158
103 170
103 171
1111 175
1113 138
1114 588
104 125
104 1115
104 1116
104 176
104 177
1117 172
105 109
105 119
105 122
105 145
105 157
105 158
1118 123
106 1119
106 121
106 1120
106 1121
106 173
1122 165
107 1123
107 1124
107 1125
107 1126
107 1127
107 1128
107 1129
1130 138
1131 138
108 129
108 152
109 122
109 143
109 156
109 157
109 160
109 171
1132 135
110 142
110 1133
111 117
111 126
111 134
111 148
111 154
111 179
1134 118
1135 134
1136 183
1137 135
1138 165
112 115
112 1139
112 132
112 1140
113 122
113 1141
113 157
113 160
113 170
113 171
113 1142
1143 129
1144 173
1145 126
1146 128
1147 154
1148 159
1149 138
1150 129
1151 159
114 1152
114 1153
114 165
114 169
1154 165
1155 115
115 130
115 132
115 136
115 140
115 153
115 163
115 179
116 152
116 1156
116 184
117 127
117 133
117 134
117 148
117 149
117 154
117 183
118 149
119 124
119 137
119 145
119 158
1157 135
1158 135
1159 151
120 135
120 1160
120 169
1161 150
1162 170
121 129
121 141
121 1163
121 152
121 173
121 178
121 1164
122 128
122 157
122 160
122 1165
122 168
122 1166
123 139
123 160
123 163
123 164
124 993
124 137
124 142
124 174
125 1167
125 1168
125 176
125 177
125 181
125 182
126 148
126 154
126 1169
126 179
127 133
127 134
127 147
127 1170
127 1171
127 172
128 159
128 1172
128 1173
128 166
128 168
1174 175
993 137
129 1175
129 152
129 159
129 173
129 178
1176 132
1178 1177
130 136
130 140
130 153
130 1179
131 143
132 136
132 1180
132 179
133 134
133 154
133 172
134 154
134 183
1112 588
1112 1177
135 151
136 140
136 1181
136 179
137 138
137 145
137 1182
137 158
138 1183
138 145
138 150
138 1184
138 158
138 170
1185 173
1186 588
139 160
139 163
139 164
139 171
139 177
139 182
1187 164
1188 177
140 1189
140 153
140 155
140 163
140 1190
140 1191
141 147
141 162
141 178
142 174
142 175
1192 159
1193 156
1194 181
1195 153
1196 181
143 162
143 166
144 161
144 175
588 1177
588 1197
588 1198
145 146
145 158
145 170
145 174
146 1199
146 170
147 1200
147 162
147 166
147 178
1201 156
1202 181
148 149
148 154
148 1203
148 1204
1205 170
1206 172
1207 178
150 1208
150 1209
150 1210
150 170
1211 176
1212 181
151 1213
151 177
1177 1214
1177 1215
152 1216
153 163
153 1217
153 181
153 182
154 1218
154 1219
155 163
155 1220
155 179
156 157
156 171
156 176
157 158
157 160
157 170
157 171
158 170
158 171
1221 165
159 1222
159 1223
159 168
1224 167
1225 177
1226 182
160 1227
160 171
160 1228
161 175
161 184
1229 165
1230 169
162 166
162 178
1231 168
163 164
163 179
163 182
1232 167
1233 180
164 177
164 182
165 169
1234 172
167 180
167 1235
168 180
170 171
175 1236
175 184
176 177
176 181
177 182
1237 184
1238 182
181 182
