1189 2106 0
0.0138569331667265 0.2700931494689887 -0.2019815422447863
0.2222088995663339 0.1098047821411590 -0.3997423135599963
-0.2276336343546598 0.4171956462791139 -0.0002244884307959
-0.1179851390455419 -0.4807929339994389 0.0830778278716406
0.2994929422011929 0.4119503501530158 0.2746914827480079
0.3871355229097944 0.4194522098592605 -0.1760334291819086
0.3806394012840397 -0.0842510810494454 -0.0067667174652951
-0.0657038007481103 0.0884225374916709 0.3863166430579708
-0.2125303624921446 0.2578957316509644 0.2858015447223133
0.4259012159860507 0.4856304580390430 -0.2695282038738041
0.4095107260545477 0.1774363234065264 -0.1979831244949488
0.0908091425544169 -0.4686385425718366 -0.1661127834275234
0.3503743005689258 -0.4187407859240005 -0.0821498073504915
0.4639394453076075 0.3411082583817712 0.4890454880349936
0.0063623134846770 -0.4304345678120917 0.4965194836938620
0.2620143384223534 0.3875876412491259 -0.0366677257870245
0.0687279515185407 -0.1825916035126874 -0.4117627652374198
0.3382392640707451 -0.4231559790974129 0.1084692057161488
0.2904980172697248 -0.2459909298272336 -0.1567410828431092
0.0034384660593643 0.4490501968758259 0.1721742736121155
-0.0993134528842172 0.1738819505075852 -0.4575208607828351
0.3603951172907463 -0.1330237469478320 0.3428506314125589
0.2847396991276324 0.2649387935922419 -0.0916592059613134
0.0143708376471873 -0.1931689869451119 -0.4424567351500110
0.2318396465395908 0.1848150172230666 0.4178944093250717
-0.2282716094627408 -0.0596828829181638 0.3727854183276325
0.1874472848697838 -0.1403062001928579 -0.2162753875963753
-0.1047968049554447 -0.1351344924244432 -0.1666884881552021
-0.0808666014341860 0.1942659868421250 0.3988074481906178
-0.1205797086553169 -0.2044517934233939 -0.1626808953241901
-0.0740942742464226 0.1220462862219297 0.3413388421760010
0.1170414662559444 -0.4929173371166649 0.0831171276432110
0.4436694296167918 0.3502310957090424 0.0876056453142549
-0.0012978102596063 -0.1947153851924546 -0.0537752845375640
0.0940794652261266 0.2530697840366639 0.4180051479731037
0.4550610548376346 -0.1607243358853651 -0.2026768505155319
0.0949243676861274 -0.0292414134886832 -0.2553837256178759
-0.3642817274694908 -0.4724764801615849 -0.4494742368422960
0.4800301461820239 -0.0641944811466066 -0.3625585570198651
0.4742342691355014 -0.2649825458417011 -0.1765217602308247
0.0774349786582707 -0.3730936961860142 -0.3258002675339193
0.3800032424755103 0.1959196366913559 -0.3558684569160820
0.1327030539892743 0.3088738475896768 0.3305188162255887
0.3913424692566848 0.2297373532613960 0.2429412083172215
-0.0445425653640739 0.1522698258983130 -0.3380772761111913
-0.0694785665949239 -0.0745317705494266 -0.4166809002373440
0.4449158930723454 0.0309561096309735 0.0869992950951082
0.4252541751990267 0.4985892405723540 -0.0236017874745920
-0.4819768709484037 -0.2804928922965438 -0.3057090986704729
0.1533969123233309 -0.1864576107631974 0.4092126533552514
0.1736442559758037 -0.4391958829436367 -0.0052979764730669
-0.2399834963468531 -0.4282030467721871 -0.3045334919226784
0.2478108097616549 0.4136785025387503 0.0700916885050689
-0.0253972695271973 -0.1157776243122862 -0.3352017511393842
0.0363784576404415 0.0179155805188005 -0.4833990314673221
0.3901782041996141 0.1638212409507216 0.2335110948364413
0.0788788973552739 -0.0518432491451242 0.0298769947232103
-0.3543673693646069 -0.1992092509913389 0.0266347942441302
-0.0922144163385100 0.1382380612344737 0.1885104439378670
-0.0607480844352172 -0.3091287318327721 0.0794140983237152
-0.0994979752655416 0.4005660627398031 -0.3163896718804447
0.4474939525400939 -0.1350459646572707 -0.0253631609119184
-0.1107491310216559 0.0263046889799854 -0.0499561997264178
-0.1493051932510310 -0.0797551871438559 -0.2055266258362312
-0.1949415778721127 -0.2995043243320678 -0.0148885507311802
0.2937107566379594 0.0108944877104353 0.4990195481315034
-0.1547822035303071 -0.0286100132891016 -0.3758627510071885
-0.2066962376920909 -0.0216383992498903 -0.0234651787640315
-0.0335207011688274 -0.4463210285466603 -0.0014300538076791
0.1777021214651162 -0.1500956711897776 -0.4112928324931704
0.4393362898795621 -0.2094050647494886 0.0685948519930402
-0.0227630690666989 0.2004233507895629 -0.0280278436428699
0.1620233093511177 -0.2718412150876742 -0.0291245569687000
-0.1642761709268420 0.1713064310689933 0.3638542103017510
0.1643683817906894 0.2553184426206911 -0.1813730873505795
-0.1690470877813825 -0.1225200528103912 0.3498650792980507
-0.1231912938792426 0.4074682224385256 -0.2253603979009428
-0.3916078250121529 -0.4822066366040059 0.1758942765410499
0.0654312738853318 0.1588535872526678 0.2624667425942425
0.3161363155576876 -0.2761362091200757 -0.0716997262184484
-0.3228145421732370 0.4831310120058226 0.3200283584282506
0.3740745062640479 -0.2993536409291612 -0.2853974348943453
0.4398100368190686 0.2154690124363560 0.0990367361473152
-0.3547351152267628 -0.2502407171212210 0.1781783048262429
-0.0431092797459250 -0.3846281386669162 0.1270543568223717
0.2584154355831282 -0.4375624869615380 -0.0070241412950126
0.4375854881047921 -0.2006546018108298 0.4168821376486149
0.3500061991695969 -0.3657540265149008 0.4315606847993694
0.1986269569181519 0.0312741887837479 -0.1386931261757818
-0.4152361814170560 -0.1566207092584209 0.2375922308600627
-0.1856214192673012 -0.0793617171615584 0.2138053519194847
-0.1957149030606100 0.3159103113992618 0.1333515752246289
0.2145555610692987 -0.2310429622986900 -0.2296950235847564
-0.0429279835308013 0.4849516684226913 0.2742172839822039
-0.3365453395013422 0.1480898230442890 -0.2298830281080239
0.0233529338892757 0.1470284151819971 0.4826358285082191
-0.0410600750261706 0.3158823114384465 0.0566336729245820
0.0593978561245578 -0.0676430152644588 -0.1974558401573571
0.0448924445972329 -0.4078798703420380 -0.3509208380191555
-0.3826075269743903 0.4041867285456965 0.0525099912176609
-0.4396768570021394 -0.0794840758782347 0.1326954634248173
0.2490198208737960 -0.4514399189890787 -0.2415337748296699
0.3990722869552421 -0.1027896228328405 0.1588561814762267
-0.1094012750987852 0.2267029642729608 -0.4665472021912485
0.3472023084929547 0.1927935792018431 0.1025126691058404
0.0866945756688073 0.1287669943073311 -0.2924918267453865
0.2480532701712118 0.1409498537141103 -0.3917514955359313
0.0439980781101943 0.4007434241657972 0.3753451497696406
-0.0108620742702713 0.1025455547828636 0.4794330724217243
-0.0264012353695661 0.4409400292186859 0.0831460056032780
0.0814603045209932 0.1929838903701503 0.2399694535267686
0.0757175269157055 -0.3285018261179004 -0.0238838346955731
-0.2296373145985826 0.4662568551506095 -0.4134388809933615
-0.3438336290472211 0.2563177127524678 -0.0788103076959723
0.1641824004052824 0.1116489018834765 0.0001040514195080
-0.1674922093393884 0.4011288078568524 -0.3066191810541338
0.3270359394617478 -0.2538367283415044 -0.1235071535865103
-0.0446353225493036 -0.2508401821611432 0.1899385283521501
0.1146759651901966 -0.0823741359324354 -0.2635984948698236
-0.3774582140377077 -0.2828202433756515 -0.4822649881256068
-0.0699211009572491 0.2225353867229381 -0.0184159100355447
-0.4571957805769692 -0.2843966942062764 0.3701283619318869
-0.0058909164321594 -0.3479362646378865 -0.1415730274943741
-0.4701875986577145 0.1049227118884020 -0.0907198074395399
-0.2583762167244452 0.0224296942942293 -0.4046744031426930
-0.3614769545931288 -0.2449957378668374 0.3345357114799368
-0.4772610299863473 -0.4571477088362328 0.3243697130154172
0.4254477359831353 -0.0767367516587990 0.0605503982967274
0.0268314818929987 -0.1977309772670231 -0.2475525729095338
0.0108228582735268 0.0401180322910678 -0.4105771450462847
-0.0998159223410806 -0.3632342008049699 -0.2135003971209175
0.2266765246329117 -0.2214083394950528 -0.2473181180743386
0.4169593208508340 -0.1300941885242324 -0.0770060770565040
-0.1596969624968836 0.0601126377885583 -0.3134110844731408
-0.2817298460777642 0.3181523804976025 -0.4147455230952971
-0.2157400415625956 -0.4688017298890418 0.1056138874888764
0.3020138841618277 0.3143345145383550 0.0632615663728775
0.0937766807844330 -0.2643757130926974 -0.4284454523145985
0.2052783187178872 0.3194626787664193 0.4026429072412171
0.0394564415783659 0.3976830239052779 -0.0287406481995503
-0.1646355956946509 0.1634916211362910 -0.4647185417849081
-0.2105609708583269 0.3707783128632432 -0.0708667676227088
0.2989292220069306 -0.3992539262853987 0.2133569938120289
0.4798367744374266 0.0192983250694974 0.0719764171717173
0.1993652242953193 -0.0634200264953696 -0.3489066323234051
-0.2169669940089612 -0.2894810545362967 0.0963082960267110
-0.4414563526011810 -0.2395572503978868 -0.0993682477076781
-0.4002963645595894 0.2587191097811706 -0.3478535889468782
-0.2490214012186674 -0.3836223886786979 -0.2720548394947708
-0.3607855889003816 0.0626376095218731 -0.0045658523108280
-0.4606177258176797 0.0283363022840817 -0.0234591854629500
-0.1221127021615722 -0.0063820456887631 -0.4102440145829564
-0.0878971801746685 -0.2189497156712099 0.0025585182113888
0.0468832607022239 0.4108321037034121 0.1600193573476464
0.0311325339874485 0.0003440791756500 -0.0969517512626134
0.2567717383665313 0.0517079835562528 0.3028169388703441
0.0693943977910744 -0.1542805819376355 0.0556932663214955
-0.0809572506421453 -0.4506580350632803 -0.3307678378576520
-0.3961226722548621 0.2694507026975703 -0.1940945118670915
0.1252740524646778 0.4403685855651110 0.3677644355621846
-0.4515226806401125 -0.4512197227625719 0.1112635219021319
0.1124749914891986 0.1336436745053213 -0.4558270049456092
0.1581338406031488 -0.3992877426044602 -0.4160366877600195
0.3046751550379171 -0.2191037142957503 0.3041428782002926
0.4238574577166281 -0.3699937387104116 0.1373325281527716
-0.2347255011245247 0.0189209981192075 -0.3435386249763634
-0.2932957273202597 0.2478077732098077 0.3410044313319476
0.0979304973520179 0.4383780569959761 0.1596832580195990
0.3017739353580093 -0.3235664197981871 -0.2586070723119950
0.4639494005266355 0.2229401365074806 -0.0752143245150415
0.3871841492112654 -0.0164908929986606 -0.3837814567953526
0.3122647380253854 0.0410226863196397 -0.0803068920330420
0.2900209721909401 -0.4331280154620734 -0.2120941799275487
-0.0803327691188277 -0.2406281282057852 -0.0402266608767247
-0.4638805581004702 0.4734121438290170 0.2500768652007933
-0.1921755505175795 -0.1464799814075187 -0.0841852563219209
0.1409881230896832 0.1336101099434031 -0.3745021921386117
0.3164340947451549 0.3528240789062524 -0.2815151099280715
-0.1506547554811156 -0.2489785915181395 -0.4444333672473043
-0.1452587066296264 -0.3648490688873715 0.1846618474873232
0.3316523535021909 -0.0449943875231670 -0.4637077396861152
0.0639745725473524 -0.3872427984823922 0.4128268470320721
0.1572118856211613 -0.4514264120346093 0.0166587328109851
-0.0829489666172286 -0.4129288192058468 0.2456966549413915
-0.2529568826640275 -0.2388049772385862 -0.3433781955034776
-0.4045336159496424 -0.2666796477373539 0.0871170580614864
0.0137032791140351 0.0446855526661827 -0.3783628310433919
-0.3648652616743563 0.0030433518168100 0.1494937470761849
-0.3323456165682070 0.1964309127045123 -0.3621144163337774
-0.2411601870935965 0.4644868980808615 0.2455635385479883
0.1171740803180378 0.2711825737942264 -0.2189770417031862
0.1723787016660808 0.3534166445833636 0.4733523163244920
-0.2131757058682710 0.0201584967170383 -0.1029398445602391
-0.3018344715292118 -0.2171951164013310 0.4348028731621609
0.0800249433346819 -0.4019888113822183 0.4274080807099323
0.2926509647232591 -0.0316972902273668 0.4001220054717537
0.4701793369514077 -0.2795635469368553 0.0558056827982320
-0.1919578757341624 0.4312985078121349 -0.4010726410696107
-0.3478310679700382 -0.2569579183867030 0.0782484634037486
-0.1653084883584250 0.3236500804151825 -0.4744766681760462
-0.1668060524670161 -0.0141873597725906 0.2126682684665486
0.3995920275511296 -0.0432517318295880 0.2246131321745302
0.2289881846097364 -0.1227807621806724 0.2599287843234738
0.3750424319121838 0.2469034342951867 0.4525211513527514
0.5000000000000000 -0.2670855701620694 -0.1506450755818002
0.3238541797223315 0.3615465977147118 -0.5000000000000000
0.1563866717965967 0.1216829544326449 -0.5000000000000000
0.5000000000000000 0.0847884634061895 -0.1317869552716115
0.1496182526128332 0.0939583818193398 -0.5000000000000000
0.2508152607105344 0.0473648805480753 -0.5000000000000000
-0.1923897712709914 0.5000000000000000 0.1204858476957272
-0.5000000000000000 0.3680965277791245 -0.1997647607427919
-0.3321604739908522 0.5000000000000000 -0.1069912958823933
-0.1457375866749081 0.5000000000000000 0.0240263272703609
-0.2028616448423083 0.5000000000000000 -0.0038214963828285
-0.5000000000000000 0.4516511974638624 -0.3043469942578215
-0.3444747233985499 0.5000000000000000 -0.0526668091097711
-0.3222378507689379 0.5000000000000000 -0.1786438482334972
-0.5000000000000000 -0.0919073371346880 -0.4029820446138392
-0.5000000000000000 -0.0645741118576707 -0.3054941241570349
-0.5000000000000000 -0.0431471790572637 -0.4461198707874937
-0.5000000000000000 -0.0448984597268191 -0.3392083659473384
-0.0858076033108301 -0.5000000000000000 0.0803319765098875
-0.1108242375874218 -0.5000000000000000 0.1582628918475292
-0.1025149837423204 -0.5000000000000000 0.1218735988502515
-0.1358890847718187 -0.5000000000000000 0.0118111413158152
-0.0141047969374933 -0.5000000000000000 0.1189602406753036
-0.5000000000000000 -0.4258625251894370 -0.3648864441197637
-0.1139512895584658 -0.5000000000000000 0.0907543211018078
-0.2702941227249683 -0.5000000000000000 -0.0756869516393308
-0.0804854347090941 -0.5000000000000000 0.0261012543045776
0.3437154163260173 0.5000000000000000 0.2813823712464539
0.3462416110116853 0.4700800118929183 0.5000000000000000
0.5000000000000000 0.3591086478702881 0.3789822847666397
0.5000000000000000 0.4306563143976223 0.3458226360684764
0.5000000000000000 0.4595887574858827 0.3743805027843753
0.4632882109341852 0.4404706296017097 0.5000000000000000
0.3957303154296614 0.3887169732180570 0.5000000000000000
0.1477370208635823 0.5000000000000000 0.0554605456069015
0.2952520706048875 -0.2369730083704665 0.5000000000000000
0.3633457261470378 -0.2394569498011933 0.5000000000000000
0.3418735939344485 -0.2850855684987401 0.5000000000000000
0.3071208198933904 -0.2522736203983884 0.5000000000000000
0.3343738990272196 -0.2482722088179778 0.5000000000000000
0.2723092376812990 -0.2849425728738935 0.5000000000000000
0.4897604847493425 0.5000000000000000 -0.0530152206459531
0.5000000000000000 0.4138788674124867 -0.1115384602264040
0.5000000000000000 0.3959804781088673 -0.1787639110465958
0.3214674015845029 0.5000000000000000 -0.2280214798465955
0.5000000000000000 0.3308680250243158 -0.0458145836004149
0.4972522110732767 -0.2272084246318968 0.5000000000000000
0.4253300669008922 -0.3447936193576975 0.5000000000000000
-0.1500325260913960 0.0502004457277047 0.5000000000000000
0.0288318771498283 0.0076630216919221 0.5000000000000000
0.2383727603047625 0.0681629488171703 0.5000000000000000
0.4421337841950241 0.5000000000000000 -0.2608787138448589
-0.5000000000000000 0.3351546094777939 -0.0843324493609754
-0.5000000000000000 0.2268000457656213 0.0710039394202642
-0.0228978578657947 0.3535634510319140 0.5000000000000000
-0.1347521043143267 0.3676055628050697 0.5000000000000000
-0.5000000000000000 0.1897693686018537 -0.0742924571226339
0.4811269771259059 0.5000000000000000 -0.0902586973024382
0.5000000000000000 0.4962327909399665 -0.2153746000176608
0.5000000000000000 0.4565460518088898 -0.1846114992770774
0.5000000000000000 0.4708255623024200 -0.2014211037692155
0.2236940050194401 0.4162960929650634 -0.5000000000000000
0.4161800191969307 0.5000000000000000 -0.3096085632809026
0.5000000000000000 0.3760815285326200 -0.2770773984008473
0.5000000000000000 0.4088031638028447 -0.1948842708122949
0.3923560410290233 0.5000000000000000 -0.3251136679269094
0.2099238584030338 0.4888532944801174 -0.5000000000000000
0.5000000000000000 0.4581302696112469 -0.2925505658559261
0.3859718939317838 0.5000000000000000 -0.2638425997823264
0.5000000000000000 0.1805992949217363 -0.1602856564922464
0.5000000000000000 0.2286698509174090 -0.1767863174130550
0.5000000000000000 0.0867950470187260 -0.1312861540834728
0.0507147776038409 -0.5000000000000000 -0.1866922964823934
0.1771195164326198 -0.5000000000000000 -0.1764365618607564
-0.0110461315333538 -0.5000000000000000 -0.1742469884630048
0.1484354515116847 -0.5000000000000000 -0.1269688398722779
0.0934011717342588 -0.5000000000000000 -0.1650035897360938
0.2943255947994868 -0.5000000000000000 -0.0690078109907585
-0.0033913278542134 -0.5000000000000000 -0.0684727959538790
0.5000000000000000 -0.2809678228186017 -0.0272820769655189
0.4983023596348972 -0.5000000000000000 0.0496885290448203
0.5000000000000000 -0.3980387583043747 -0.1365766876728852
0.2346969262291669 -0.5000000000000000 -0.1666388182489831
0.5000000000000000 -0.3820806490918902 0.0163232009715373
0.4069681277302719 -0.5000000000000000 -0.0939099657772491
0.4789906296239340 -0.5000000000000000 -0.1402567772540640
0.3304343217080760 -0.5000000000000000 -0.0542477870454230
0.1172831856315870 -0.4972327328528836 -0.3870475237209208
0.5000000000000000 0.3377652803285828 0.4746516603822838
0.5000000000000000 0.3671718594257557 0.4591585435793220
0.5000000000000000 0.3761097850053289 0.4740119779460300
0.4891432458388045 0.3408601108210267 0.5000000000000000
0.4488208670122762 0.3522922285434339 0.5000000000000000
0.4931944712692283 0.5000000000000000 -0.0442513707023241
0.4494734697282593 0.5000000000000000 -0.0315156094488198
0.0134165065105299 0.5000000000000000 0.1571125751679466
0.0003722417490578 0.5000000000000000 0.1148993729225151
0.0944141622691720 0.5000000000000000 0.2120149250724434
0.0569929603498688 0.5000000000000000 0.1500533696473705
0.5000000000000000 0.0655604106690891 0.2966835277085116
0.5000000000000000 -0.0402206560947830 0.2640596558456269
0.5000000000000000 -0.0355281830483351 0.2032140736683241
0.5000000000000000 -0.0159293483253779 0.2908120664458342
-0.1121561570665569 -0.1171713710309240 0.5000000000000000
-0.0660931197219242 -0.1592398060464447 0.5000000000000000
0.5000000000000000 0.1858324443151588 -0.3011200056659785
-0.0869946894392178 -0.5000000000000000 -0.3114620493955900
-0.0767006711818668 -0.5000000000000000 0.3049188709173659
-0.0776360353214898 -0.5000000000000000 0.3913227144138509
-0.0148625234259695 -0.3829671375205710 0.5000000000000000
-0.2491324614353783 -0.5000000000000000 0.3919189732359236
-0.1032192709849119 -0.5000000000000000 0.4392143324852337
0.1531098294700594 0.5000000000000000 -0.2075127174363079
0.2493502829589479 0.5000000000000000 -0.1158641570797936
0.5000000000000000 0.4497894767498846 0.1733350962234748
0.3234431099332174 0.5000000000000000 0.2024030186517145
0.1506067341612978 0.5000000000000000 0.2356444045574533
0.2431663299197485 0.5000000000000000 0.2266153892284185
-0.5000000000000000 0.4430894894026931 0.2587564310433095
-0.5000000000000000 0.4020179490785973 0.2605840348767938
-0.5000000000000000 0.4550367618082017 0.2473430273874962
0.5000000000000000 -0.0415026312907805 -0.3557619468331627
0.5000000000000000 -0.0404921860711885 -0.3556935089862603
0.5000000000000000 -0.0406707711128981 -0.3559862969244809
-0.5000000000000000 0.3430088675762172 -0.1061995468712934
-0.5000000000000000 0.3624433813324446 -0.0882141320135029
-0.5000000000000000 0.3270927599400826 -0.1270950645649637
0.5000000000000000 0.0786214906521796 0.0959359811972237
0.5000000000000000 0.2032282241541567 0.1044214308664848
0.5000000000000000 0.0429198476249764 0.0782978072388114
0.5000000000000000 0.2126847192590419 -0.0303266932152407
0.5000000000000000 0.1264555794498502 0.0400819384220982
-0.0305861164454436 -0.1589116190504987 -0.5000000000000000
0.0855433218363630 -0.1023641257440515 -0.5000000000000000
0.0514762233937933 -0.1997608926824163 -0.5000000000000000
-0.3645993124575244 -0.3033103427428659 0.5000000000000000
-0.3583414802473645 -0.3927014760245121 0.5000000000000000
-0.2850784528027382 -0.2475396311403385 0.5000000000000000
-0.2632700281001973 0.5000000000000000 -0.3316458633180042
-0.3599218238295935 0.5000000000000000 -0.4168194883505136
-0.2733503980510056 0.5000000000000000 -0.4012884684160448
-0.2804244183036346 0.5000000000000000 -0.3598261914832777
0.3611162943916712 -0.5000000000000000 0.1664596148467811
0.5000000000000000 -0.4821543790876540 0.2042518231120885
0.4612038430302670 -0.5000000000000000 0.2323421035351331
0.2739856380337211 -0.5000000000000000 -0.0012868621364573
0.4087806177304756 -0.5000000000000000 0.1555887630344135
0.5000000000000000 -0.4256448548017118 0.2715662144269968
0.4679263919371680 -0.5000000000000000 0.2776550354823983
0.2532514715574049 -0.5000000000000000 0.2235486024493478
0.3297135236082970 -0.5000000000000000 -0.0419142781566712
0.0067638859514530 0.5000000000000000 0.1686719147469493
-0.1151192312769563 0.5000000000000000 0.0490451045991975
-0.0626005989530654 0.5000000000000000 0.2667638201051333
-0.2579529035314443 0.5000000000000000 0.1519424899579324
-0.2152196706859985 0.5000000000000000 0.2404506335584406
-0.1310028775565928 0.1695973775878762 -0.5000000000000000
-0.1560166008667385 0.1862938511952526 -0.5000000000000000
-0.0996319933652856 0.1550313425911708 -0.5000000000000000
-0.5000000000000000 -0.2937735663348017 -0.3007644034985145
-0.5000000000000000 -0.3676213872721150 -0.1823709529895666
-0.5000000000000000 -0.4229318323174517 -0.1380559046776732
-0.5000000000000000 -0.3625878451109572 -0.1408365101644389
-0.5000000000000000 -0.2859013381433725 -0.1462259338724455
-0.3783875851798063 -0.5000000000000000 0.1661787721810377
-0.2609486605667244 -0.5000000000000000 0.1171374341926857
-0.3976975954954147 -0.5000000000000000 0.1234937515578219
-0.1183504300651057 0.2338525214524044 -0.5000000000000000
0.5000000000000000 -0.0829802627921370 0.4343060119257439
0.5000000000000000 -0.1394454566485168 0.3836234225204344
0.4321659003053452 -0.1261330029768505 0.5000000000000000
0.4002729945104845 -0.1910940094413852 0.5000000000000000
0.4981005623394684 -0.0748955139663263 0.5000000000000000
0.3506930333934953 0.1624808084566426 -0.5000000000000000
0.3257053117014703 0.4803466333717823 0.5000000000000000
0.3056189376712160 0.4710047174882986 0.5000000000000000
0.5000000000000000 0.1913316330891181 -0.2403559470140363
0.5000000000000000 0.2155963978238404 -0.0799467022147937
0.5000000000000000 0.3422058321800551 0.1582579238387303
0.5000000000000000 0.2665576138355092 0.2889018451083347
0.5000000000000000 0.2443646517703149 0.1700236530183247
0.5000000000000000 0.3173897741574614 0.2261093011689070
-0.5000000000000000 0.2361782405379792 -0.4633158743472007
0.5000000000000000 0.2665345347609320 0.0096538302148796
0.3260302472436354 -0.3383673773008002 -0.5000000000000000
0.2083078684740242 -0.3864065927017818 -0.5000000000000000
0.1848790709627531 -0.5000000000000000 -0.3634126884182111
0.1391630639971544 -0.5000000000000000 -0.3430383581009956
0.0373972684864649 -0.4998666761142994 -0.5000000000000000
-0.0453331500747013 -0.4478791963114007 -0.5000000000000000
-0.4571731118857547 0.5000000000000000 0.3206550310539266
0.3164909293303926 -0.0610502858357177 -0.5000000000000000
0.5000000000000000 -0.0610595885837430 -0.3522436067799943
0.3103852391175819 -0.0473211442798405 -0.5000000000000000
-0.0895574121677523 -0.2631619590589878 -0.5000000000000000
-0.0450147966477447 -0.1726153348955768 -0.5000000000000000
0.0743133166684386 -0.1095425556066629 -0.5000000000000000
-0.0648104040007629 -0.1911764905085371 -0.5000000000000000
0.0172179651642956 -0.2030232929972069 -0.5000000000000000
-0.4454797796211097 -0.4623905866957739 -0.5000000000000000
-0.4103864938527178 -0.2997918000357055 -0.5000000000000000
0.3040304043477116 0.1947400259384381 0.5000000000000000
0.2459002589087803 0.1803220928981714 0.5000000000000000
0.2870755462796079 0.0914811904451743 0.5000000000000000
0.3697992876587973 0.0983236700819573 0.5000000000000000
-0.5000000000000000 -0.1202421498801353 0.4027824901631066
-0.5000000000000000 0.0429533609174242 0.2543511473055801
-0.1844623976874040 0.0197500905140617 0.5000000000000000
-0.0987376387760890 -0.0650074060656350 0.5000000000000000
-0.2215783876279623 -0.1376675734592928 0.5000000000000000
-0.5000000000000000 -0.0331307277430986 0.4402403536644134
-0.0598749460866217 -0.0847970191864121 0.5000000000000000
-0.1122915053009476 -0.0322592830848052 0.5000000000000000
-0.3258722206965074 -0.2524177034233981 0.5000000000000000
-0.2633737564907014 -0.2167956049832040 0.5000000000000000
-0.5000000000000000 -0.2575087945850404 -0.1255298753597702
-0.5000000000000000 -0.2857335949012533 -0.0007306687745987
-0.5000000000000000 -0.0627774691036781 0.0729261218373213
-0.5000000000000000 -0.0185748979229994 0.0483831571054190
-0.1593629786463415 0.4967701594726859 0.5000000000000000
0.1381261021679209 -0.4237745934092347 -0.5000000000000000
-0.5000000000000000 -0.1409865059711024 0.3442936983912067
-0.5000000000000000 -0.1490949900869893 0.4138021690697834
0.5000000000000000 0.2440806653346451 0.3023530522168946
0.5000000000000000 0.1983785173632684 0.2962419246688833
0.5000000000000000 0.2274219174290481 0.1649919734010101
0.0396760443126509 0.1859245962132865 0.5000000000000000
-0.0080521781383416 0.2999894203653207 0.5000000000000000
-0.0946476628747682 0.3138364053389331 0.5000000000000000
-0.0711675207827047 0.1453346729493158 0.5000000000000000
-0.0012061694086979 0.1851936078347410 0.5000000000000000
-0.0786996146514392 0.1694308282384042 0.5000000000000000
0.2532509099357905 0.0715673543075642 0.5000000000000000
-0.5000000000000000 0.0983702496994714 0.1736711422670711
-0.5000000000000000 0.1140614254474717 -0.0864963624950346
0.1345045478949518 -0.5000000000000000 0.0946519377848021
0.1359707955478697 -0.5000000000000000 0.0597672944774760
0.1157032405555856 -0.5000000000000000 0.0573715206630485
0.1032765802158294 -0.5000000000000000 0.1064122109994300
0.1712988713369543 -0.5000000000000000 0.1519270187206826
0.0573927775874672 -0.5000000000000000 0.0463472332080467
0.5000000000000000 0.3676277842697636 0.0495260835084622
0.5000000000000000 0.3876148784577635 0.1469348496095842
0.5000000000000000 0.3431421576476191 0.2025938029615504
0.5000000000000000 0.3815040470536404 0.1900461682437476
0.5000000000000000 0.3570800585246006 0.1202392700164377
0.5000000000000000 0.3826168906111260 0.1528619776238496
0.5000000000000000 0.3161966964546961 0.0713308309522468
0.2039105239839760 0.2443007426882139 0.5000000000000000
0.1478745313756069 0.2288876226831871 0.5000000000000000
0.0760698604178932 0.3202177690297505 0.5000000000000000
0.2043925124497057 -0.1613909731873457 -0.5000000000000000
0.5000000000000000 -0.2597959786497862 -0.0480993309498244
0.5000000000000000 -0.1712498725012468 -0.1429432923539288
0.5000000000000000 -0.1436755921788053 -0.2191415073632964
0.5000000000000000 0.0731357956946037 -0.1330729758087315
0.5000000000000000 -0.1649890597354529 -0.1732905013413223
0.5000000000000000 -0.1487198227932045 -0.1538767873023041
0.5000000000000000 -0.1394455089040569 -0.2009943391505824
0.2725483333293869 -0.1767755762799256 -0.5000000000000000
0.5000000000000000 -0.0950302164617822 -0.2474103986116838
-0.0312264750866995 0.5000000000000000 0.2501835831474673
0.0929045233046577 0.5000000000000000 0.2163057997959337
0.4501330492585695 -0.4426778282547968 0.5000000000000000
0.4551509269933487 -0.4478940417434816 0.5000000000000000
0.3064821929105648 -0.5000000000000000 -0.3206784912155453
0.2975672566276352 -0.5000000000000000 -0.3121517987818882
0.2951605485505613 -0.5000000000000000 -0.3277014064366632
0.3029461626547794 -0.5000000000000000 -0.3118969769340337
-0.3370314093050971 -0.5000000000000000 -0.4645479215806340
-0.3958852251868457 -0.5000000000000000 -0.4790444255207957
-0.3146382621830430 -0.4296896606181802 -0.5000000000000000
-0.3804490334386037 -0.5000000000000000 -0.4815592369172726
-0.3596218864886717 -0.5000000000000000 -0.4494359244008890
-0.3232458117854587 -0.5000000000000000 -0.4253289388553612
-0.3040758623964748 -0.5000000000000000 -0.3611804764033940
-0.3821288831930568 -0.4647445398739431 -0.5000000000000000
-0.4092520702347793 -0.4722196113519552 -0.5000000000000000
-0.5000000000000000 -0.4288111376854066 -0.3914072259263159
-0.4450068627958413 -0.5000000000000000 -0.4121345230624902
-0.3965121432901670 0.5000000000000000 0.2643475686449519
-0.5000000000000000 0.4994058512841503 0.2073315330196049
-0.3964120852206450 0.5000000000000000 0.1968273027329732
0.3148454964062916 0.1461684030238768 -0.5000000000000000
0.5000000000000000 -0.0795376989907487 -0.3301918861343603
0.4198151337521766 -0.0234693660984808 -0.5000000000000000
0.3374096274465208 -0.1213720550069660 -0.5000000000000000
0.4666343529848088 -0.0759165730037316 -0.5000000000000000
0.5000000000000000 -0.0626154310013462 -0.3203232096501999
0.4060687603794470 0.5000000000000000 0.1738835515536297
0.0330980938995722 -0.2806457282168581 -0.5000000000000000
0.0768194528855353 -0.3925052272213150 -0.5000000000000000
0.5000000000000000 -0.2642487942484472 -0.1498617545819508
0.5000000000000000 -0.2727009654429134 -0.0563839882964344
0.5000000000000000 -0.3928847442936669 -0.1384371819254751
0.5000000000000000 -0.2551867371896495 -0.1423798150783306
0.5000000000000000 -0.2200121758386475 -0.1964320905240779
0.5000000000000000 -0.2687176664767205 -0.1452439222065599
0.5000000000000000 -0.2582832289048563 -0.1608887033901001
0.5000000000000000 -0.3039200102724074 -0.2110998172181096
0.5000000000000000 -0.2692927461278367 -0.1699926093476932
-0.1363011395557999 -0.3650606365841499 -0.5000000000000000
0.0771233795084558 -0.3184724627197380 -0.5000000000000000
-0.5000000000000000 -0.1313137885465484 0.1824426357130540
-0.5000000000000000 -0.0802001583456251 0.1173097672744719
-0.1127276809682931 -0.5000000000000000 -0.4345970882709920
-0.1457571537448618 -0.5000000000000000 -0.3975812538121744
-0.3575822846462270 0.4690154571080121 -0.5000000000000000
0.1517404689710845 -0.1556335830753346 -0.5000000000000000
0.2009251601199087 -0.2040754003912421 -0.5000000000000000
0.2744684727185409 -0.0770675918002686 -0.5000000000000000
0.5000000000000000 0.2217522098782661 -0.2970090201188991
0.5000000000000000 0.2334560251600652 -0.1973201431657308
0.5000000000000000 0.0865955798428181 -0.1337383264782390
0.5000000000000000 0.3056840580011368 -0.2952011288548856
0.3089349626754206 0.2764343399167599 -0.5000000000000000
0.5000000000000000 0.1549913697123759 -0.3394930965613817
0.2382919371853397 0.2348457600818279 -0.5000000000000000
0.5000000000000000 0.1250262528694251 -0.3623621738799483
-0.5000000000000000 -0.0296412163698106 0.2310839202354195
-0.4871422927525492 0.0919673495796519 0.1977547052906014
-0.4933423966245685 0.0112970074419452 0.1399552496074769
0.5000000000000000 0.1548982983381285 0.3434935770012862
0.5000000000000000 0.1203311023959321 0.3391659712926375
0.5000000000000000 0.0664269771429552 0.4037590357249504
0.5000000000000000 0.0104367958692730 0.3294627176437060
0.5000000000000000 0.1577838358381567 0.4526447894975765
0.5000000000000000 0.2775382731797047 0.3379281399239455
-0.2456678110890698 0.0784725085049624 -0.5000000000000000
-0.1794700963123589 -0.0643765180416129 -0.5000000000000000
-0.1167348980598545 -0.0896009256909981 -0.5000000000000000
-0.1404101955458115 -0.0541791270465593 -0.5000000000000000
0.0665210177704880 -0.0882026207594018 -0.5000000000000000
-0.1468777346795543 -0.1089633360433109 -0.5000000000000000
0.1414302845838694 0.5000000000000000 0.2601313432700682
0.5000000000000000 0.0359432356636002 0.1623583212333016
-0.5000000000000000 -0.0093057508949598 -0.2120305279697023
-0.5000000000000000 0.0922342165677891 -0.1222180169627935
-0.5000000000000000 0.0380974739540766 -0.1401529990426832
-0.5000000000000000 0.0239586746049515 -0.0738427850391395
-0.5000000000000000 0.0085848887150597 -0.2444771051058316
-0.1717954966034635 0.0644274212442663 0.5000000000000000
-0.2031162520397500 0.0445442888247199 0.5000000000000000
-0.0748794757736654 0.0777535244619013 0.5000000000000000
-0.1992720326904058 0.0371947019052686 0.5000000000000000
-0.1894135523836470 0.0365156979125507 0.5000000000000000
0.3938283988698735 0.5000000000000000 -0.0462462624961631
0.1066278874877731 0.5000000000000000 -0.2421467983590719
0.1216940840174119 0.5000000000000000 -0.2567859834259586
0.0782122037739828 0.5000000000000000 -0.2617306135439970
0.5000000000000000 -0.0603560939093275 0.2233850273384113
0.5000000000000000 -0.0503333051905304 0.1462440338147524
0.2028019938754373 0.5000000000000000 0.0190424435748746
0.2208801006475915 -0.5000000000000000 0.0827038930961528
0.5000000000000000 0.4955238455453148 0.0847905206670295
0.5000000000000000 -0.2587679617877046 -0.0248625660909317
0.5000000000000000 -0.2681682829035249 -0.0154165923359901
0.5000000000000000 -0.2747802125415162 -0.0264646039082466
0.5000000000000000 -0.2739427922244151 -0.0285182520348463
0.5000000000000000 -0.2638212271182958 -0.0287357223632054
0.5000000000000000 -0.2763440345052844 -0.0325241569611395
0.5000000000000000 -0.2756249597192524 -0.0098771721927867
-0.5000000000000000 -0.2295097631248640 -0.3044730267178922
-0.5000000000000000 -0.2865537562826377 -0.3085087452655039
-0.5000000000000000 -0.3549885449610219 -0.3466638070991076
-0.5000000000000000 -0.2659164638106136 -0.3523535685784095
-0.5000000000000000 -0.2844406989908049 -0.3201053293253675
0.5000000000000000 -0.1545362793654707 0.0429215193105696
0.5000000000000000 -0.2117851024957885 0.1202772451988883
0.5000000000000000 -0.1195398096511929 0.1229218541121003
0.5000000000000000 -0.3236081777714424 0.1771092467801804
0.5000000000000000 -0.2705686225011577 0.0869707520163894
0.5000000000000000 -0.4182297553603599 0.1877131429835920
-0.3461121409869106 0.3096083855546322 -0.5000000000000000
-0.1981109699857437 0.3201304417519850 -0.5000000000000000
0.5000000000000000 -0.4403599834128009 0.1558745239652573
0.2288542107266938 -0.2078633602091212 0.5000000000000000
0.1660221975745711 -0.1953050220774948 0.5000000000000000
0.1866568507615777 -0.1942656615926882 0.5000000000000000
-0.0400461737491791 -0.2614191483309686 0.5000000000000000
0.1618782613617562 -0.1643234451395426 0.5000000000000000
0.2933140513524246 -0.1591006920784689 0.5000000000000000
0.3020357792117181 -0.2037826185776033 0.5000000000000000
0.2081063141756300 -0.5000000000000000 -0.0408787552160430
-0.2622145162734199 0.0960371172439862 0.5000000000000000
-0.2637442000643206 0.0954434247264309 0.5000000000000000
-0.2631721705184359 0.0964576136639081 0.5000000000000000
-0.2366927054556081 -0.3808797662219919 -0.5000000000000000
-0.2067795541097731 -0.5000000000000000 -0.3128572547494707
-0.2092343385085858 -0.5000000000000000 -0.2381091818558915
-0.5000000000000000 -0.4237628069226838 -0.3795376569570668
-0.0839262909929481 -0.5000000000000000 -0.0707040670548088
0.5000000000000000 -0.3971148057753413 -0.1381254673606999
0.5000000000000000 -0.3979030912424451 -0.1377663288274046
0.5000000000000000 -0.3975221383576188 -0.1375609444273698
0.5000000000000000 -0.3980676597028948 -0.1373039032904152
-0.2931937659544385 0.4748058826532908 -0.5000000000000000
-0.3047704813664132 0.4412453165824649 -0.5000000000000000
-0.2874333790640333 0.4680107606275067 -0.5000000000000000
-0.2392401838532360 0.4013312654102177 -0.5000000000000000
0.5000000000000000 0.4611141144091737 0.2186640554130227
0.5000000000000000 0.3553629394699868 0.3230059704294865
0.5000000000000000 0.4325999887841947 0.2905473937188677
0.3516974568635594 0.5000000000000000 0.1013970234009319
0.1348296413858180 0.5000000000000000 0.0023780664773695
-0.2052272784191199 -0.0770823538248976 -0.5000000000000000
-0.1177655280727145 -0.1166700958206724 -0.5000000000000000
-0.1635333532414033 -0.1484395534223432 -0.5000000000000000
-0.0141671090986960 0.0240410349963736 -0.5000000000000000
0.0119480448548994 0.0039277340191831 -0.5000000000000000
0.0144364400156004 0.0117715148993271 -0.5000000000000000
0.0421505237485874 0.0014967418379954 -0.5000000000000000
-0.0324063013186077 -0.0033893949504966 -0.5000000000000000
0.0659126129134146 -0.0439401890982044 -0.5000000000000000
0.1169827438485568 0.0214320924987989 -0.5000000000000000
-0.0028674708779554 0.0518025319978318 -0.5000000000000000
0.5000000000000000 0.0462738016056111 0.1789534485867733
0.5000000000000000 0.1179531360580997 0.2549950060591527
-0.5000000000000000 0.0663806647642224 0.0752479836375386
-0.5000000000000000 0.0618636333440964 -0.0631826084265207
-0.5000000000000000 0.0219388514510078 0.0678697015612777
-0.5000000000000000 0.0422763190899079 -0.0448755217418742
-0.5000000000000000 0.0368191211600988 -0.0421017262248848
-0.5000000000000000 0.0363502199837251 -0.0292821204781813
-0.5000000000000000 -0.1802250933075342 0.3075159425389500
-0.5000000000000000 -0.2456142452395837 0.3626714430283590
-0.5000000000000000 -0.2003032793759390 0.3708655962410549
-0.5000000000000000 -0.1416445690475109 -0.1153727100609392
-0.5000000000000000 -0.0969850341712067 -0.0215660300802561
-0.5000000000000000 -0.2090388470895895 -0.2886847262463519
-0.5000000000000000 -0.1858049230696436 0.0552249745554916
-0.3485252575913941 0.0137846373445806 -0.5000000000000000
-0.1334979296399479 0.2095663005350283 -0.5000000000000000
-0.1749837679474713 0.1625076737966555 -0.5000000000000000
-0.0212991417462348 -0.5000000000000000 0.0397640024869372
-0.2625163353063947 -0.5000000000000000 0.2065579497476507
-0.1494440187330462 -0.5000000000000000 0.1870256155784243
-0.0986357485349625 -0.5000000000000000 0.2447752405071073
-0.0690761767579401 -0.5000000000000000 0.2781155593744837
0.2747796284289490 0.0692179997490547 0.5000000000000000
-0.0721517073761789 0.5000000000000000 -0.2698530515218246
0.5000000000000000 -0.1539809439871572 -0.0075918468973201
0.5000000000000000 -0.1273727473001125 -0.0108956831363439
0.5000000000000000 -0.1305061354625522 0.0193772875654478
0.0562674702149996 -0.2601779540345506 -0.5000000000000000
0.5000000000000000 0.2337177311201952 -0.1389598133431417
0.5000000000000000 0.2499511946692918 -0.1825458861918569
-0.5000000000000000 -0.2069523240060981 -0.3020430464441226
-0.4372905096116988 -0.1595557388854885 -0.5000000000000000
-0.5000000000000000 -0.1807746400513647 -0.4902331688190018
0.2229090576900769 -0.5000000000000000 -0.1495091163266616
0.1929118869876598 -0.5000000000000000 -0.2031015829976705
0.2225764565801772 -0.5000000000000000 -0.1943683791749686
0.1504111789412845 -0.5000000000000000 -0.2136926577316218
-0.5000000000000000 -0.3571205838952335 0.0309900713401786
-0.5000000000000000 -0.3369573900371645 0.1756315277251505
-0.5000000000000000 -0.3547912787342052 0.0682368136165797
-0.5000000000000000 -0.4322035025469462 0.2048365805063327
-0.5000000000000000 -0.3975339672143887 0.0041089575376274
-0.5000000000000000 -0.3748990225662438 0.0029877288173248
-0.5000000000000000 -0.3264542014223020 -0.0470977428400015
-0.5000000000000000 -0.4165564009715463 0.0452593671314173
-0.5000000000000000 -0.3849423529972294 0.0096871495218275
-0.5000000000000000 -0.3510548243214800 0.0187979192629771
-0.5000000000000000 -0.3596229131984919 0.0083093644532239
-0.5000000000000000 -0.2115536862259828 -0.2974416597089209
-0.5000000000000000 -0.4170925639043173 -0.3652844142594131
-0.5000000000000000 0.3005457702063361 -0.3407218476967971
-0.5000000000000000 0.2958116230616830 -0.3248340009750437
-0.5000000000000000 0.2926362833819128 -0.3304110541909582
-0.5000000000000000 0.2932261096889622 -0.3229121797160915
-0.3118617420127198 0.3414969109049744 0.5000000000000000
-0.3062263805668395 0.2978352102895352 0.5000000000000000
-0.2456483078605810 -0.0401772658929812 -0.5000000000000000
-0.1668460352805547 -0.0418715243865753 -0.5000000000000000
-0.3737505065734773 -0.1211787003611583 -0.5000000000000000
-0.2557863698109111 0.0523140036861988 -0.5000000000000000
-0.5000000000000000 -0.0357730659469528 -0.2024670612518754
-0.5000000000000000 -0.0561180397326945 -0.0359488803540394
-0.5000000000000000 -0.2050949598376028 -0.2973872831150575
-0.3467677773966688 -0.5000000000000000 0.1969111896850704
-0.1096664803366353 -0.5000000000000000 -0.0946269470841030
0.0499874787306773 -0.5000000000000000 0.1142029816687511
-0.0463867654963869 -0.5000000000000000 -0.0158610377420939
0.1312338150783809 -0.1253423237216972 -0.5000000000000000
0.1150281552543384 -0.2444176379659768 -0.5000000000000000
0.0996650182279051 -0.0981011911101949 -0.5000000000000000
0.1180962671354519 -0.1799340808190598 -0.5000000000000000
0.1281677453325445 -0.1843331430346012 -0.5000000000000000
0.5000000000000000 -0.2340172829597608 0.2957926280779895
0.5000000000000000 -0.2075116129852191 0.0593858083592903
0.5000000000000000 -0.1930634284543096 0.1645003284680486
0.5000000000000000 -0.1876124496978432 0.0976156573524696
0.5000000000000000 -0.1964112902432606 0.1424658717398965
0.0178296365589814 0.5000000000000000 0.3097382965296822
0.1214169188258072 0.5000000000000000 0.2633910883202284
0.1507569354457081 0.5000000000000000 0.3856237851678950
-0.1369054922232282 -0.3776860269707547 -0.5000000000000000
-0.3518553093277563 -0.2969648811154934 -0.5000000000000000
-0.2055468727045350 -0.3617552477828987 -0.5000000000000000
-0.0608801697597613 -0.3099408722373724 -0.5000000000000000
-0.1854817495546719 -0.3901820903712821 -0.5000000000000000
-0.0424819858765488 -0.3799387571962613 -0.5000000000000000
-0.1851815690592573 -0.2947919435033087 -0.5000000000000000
-0.1551378149730999 -0.5000000000000000 0.1498028127382089
-0.0713852918011605 -0.5000000000000000 0.2258844300635881
-0.0186467473643267 -0.5000000000000000 0.2833684476806096
-0.2903133046267703 -0.0110927601164338 -0.5000000000000000
-0.2134758505234763 -0.0260303721090323 -0.5000000000000000
-0.2092856348319703 -0.1834187120203411 -0.5000000000000000
-0.2966332134583675 -0.1293191554412319 -0.5000000000000000
-0.5000000000000000 0.2050890267318779 0.0809354251854538
-0.1135031161673209 0.1242560391791562 0.5000000000000000
-0.1307181788171175 0.1495840152693333 0.5000000000000000
-0.1231884143799366 -0.1912031592264422 0.5000000000000000
-0.0693717080357935 -0.2604434567444031 0.5000000000000000
-0.2017559970485859 -0.1628882804656011 0.5000000000000000
-0.0110115011480495 -0.1215474434963268 0.5000000000000000
-0.5000000000000000 -0.1833618434013420 0.0645966389220312
0.5000000000000000 -0.3834840375807863 0.1876418723171061
0.2991321027024821 -0.0362956925430249 -0.5000000000000000
-0.1353881949536961 0.5000000000000000 0.0038573459173491
-0.2848103677583687 0.5000000000000000 -0.2773352380403002
-0.0846242003436315 0.5000000000000000 -0.2270626772790400
-0.0698091041273784 0.5000000000000000 -0.0855592939693349
0.0393990227317870 0.5000000000000000 -0.0732161706549797
-0.0727292840650166 -0.2767359574152813 0.5000000000000000
-0.2932898781737189 -0.5000000000000000 0.3402995150476501
-0.3420793428570963 -0.5000000000000000 0.2293345343073368
-0.4237721508542394 -0.5000000000000000 0.1850509533194327
-0.4125236382133946 -0.5000000000000000 0.1605617709804807
0.2813300975826069 0.0726555556155785 0.5000000000000000
0.5000000000000000 -0.4245990270800600 -0.3856249919191759
0.5000000000000000 -0.4336964211010379 -0.3943698275559220
-0.1333742248109013 0.0487096149007850 -0.5000000000000000
-0.1973213366162124 0.1344318903490476 -0.5000000000000000
-0.2013681039459726 0.0250377823636787 -0.5000000000000000
-0.1546603976223041 0.0520338558780226 -0.5000000000000000
0.5000000000000000 -0.2303566338261415 0.4573522006692528
0.5000000000000000 -0.2837170683442232 0.4757944788654456
0.5000000000000000 -0.2848633208416292 0.4339455561420505
0.5000000000000000 -0.2475781287933705 0.4517537405618905
0.5000000000000000 -0.3018636150993730 0.3473106343122229
0.3856565715598119 -0.3974963281528674 0.5000000000000000
-0.1896092937074103 0.4255699858172445 -0.5000000000000000
-0.1675100401351216 0.3338271244042259 -0.5000000000000000
0.1433981503499737 0.4993317110620124 -0.1314665290989321
-0.1744593532158627 0.5000000000000000 -0.3921768239565473
-0.1185495852944558 0.5000000000000000 -0.3719019476616653
-0.1962594729890587 0.5000000000000000 0.3899655605792163
-0.3149394174368196 0.5000000000000000 0.4609062797735360
-0.2918394333031917 0.5000000000000000 0.3405187294783895
-0.3465874894956641 0.5000000000000000 0.2679795513324272
-0.3350661249538166 0.5000000000000000 0.3267572093652754
-0.3028378178681712 0.5000000000000000 0.3045337543614347
-0.1726187728506716 0.4316992244985128 0.5000000000000000
-0.2788718708580051 0.4177750036350231 0.5000000000000000
-0.3570531007787217 0.5000000000000000 0.3185260927643152
-0.5000000000000000 0.4597833962527327 0.0946695377219788
-0.2993824858797240 0.5000000000000000 0.3521438441083108
0.5000000000000000 -0.1768431106981127 -0.2536883272113169
0.1365561737066810 -0.3011559759404804 -0.5000000000000000
0.5000000000000000 -0.3719038177998403 -0.3001515449279133
0.2599735904958096 -0.2326236126620591 -0.5000000000000000
0.5000000000000000 -0.3050220822754045 -0.2283425216057582
0.2371520882469706 -0.2863321979048153 -0.5000000000000000
0.1753904590488604 -0.2584412004377488 -0.5000000000000000
-0.1143332060977045 0.5000000000000000 0.3910128633243718
-0.5000000000000000 0.3655020017099279 -0.1970938194574807
-0.5000000000000000 0.3689995814873415 -0.1897063819880943
-0.5000000000000000 0.3616362718280854 -0.1994626270000482
-0.5000000000000000 0.3668368480169071 -0.2018809821801424
-0.5000000000000000 0.3601351297392633 -0.2045422149829223
0.5000000000000000 0.0597686752110451 0.1648085002962790
0.5000000000000000 0.2374639589322300 0.0772553168928331
0.5000000000000000 0.1653426784581277 0.1605893631687869
-0.5000000000000000 -0.2689406743731226 0.1112868768416501
-0.0716359138327362 -0.2694568910640817 0.5000000000000000
-0.5000000000000000 -0.1887390755731214 0.0639283370467399
-0.5000000000000000 -0.2872374248685185 0.3199712834018059
-0.5000000000000000 -0.2647883562098556 0.2196055416785119
-0.5000000000000000 -0.4463264903511112 0.2993248823897988
-0.5000000000000000 -0.2765069874675550 0.0598833373970791
0.1693537715843639 0.1418856138832927 -0.5000000000000000
0.2810083322502285 0.1111762391841039 -0.4997373980264545
0.0975931464931246 0.1355475868743087 -0.5000000000000000
0.0608738859500565 -0.5000000000000000 0.1471419945450280
0.2154749512196998 -0.5000000000000000 0.2303457591216818
0.2453405628907569 -0.4236905146380412 0.5000000000000000
0.3811498834199457 -0.3548424257622239 0.5000000000000000
-0.1587941591233441 -0.5000000000000000 0.1598060406408381
-0.0263825742132049 -0.5000000000000000 0.2985992085420173
-0.1032486125607457 -0.5000000000000000 -0.3293166099548421
0.2448919049257934 -0.5000000000000000 -0.0420300007308491
0.3235274664604983 -0.5000000000000000 -0.0488179387485527
0.5000000000000000 -0.1577498165915368 -0.0332834199906414
0.5000000000000000 -0.2658898051805041 0.0527313237576912
0.5000000000000000 -0.1843067572459122 0.4798394383237355
0.5000000000000000 -0.1433645758055261 0.4491731918619214
0.5000000000000000 -0.1866222083879487 0.4573527494987726
0.5000000000000000 -0.1863177965170879 0.4212846114093668
0.4584701265701479 -0.1691106594156796 0.5000000000000000
0.4271807425775877 -0.2096490979379607 0.5000000000000000
0.5000000000000000 -0.1346925157547875 0.4936668308059764
-0.1839591324356389 0.3304768302676980 -0.5000000000000000
0.1060924833505481 -0.5000000000000000 0.1810777384505107
0.2492408107924386 -0.5000000000000000 0.2552700425011014
0.3143190224416829 -0.4014701583622904 0.5000000000000000
0.3835200597327256 -0.2929107098805084 0.5000000000000000
-0.5000000000000000 -0.1783821647395064 0.2236050017839891
-0.2608424766315366 -0.1769233601072651 0.5000000000000000
-0.5000000000000000 -0.0652390516305809 0.3896266431276387
-0.5000000000000000 -0.1823063649083022 0.0740493830008815
-0.5000000000000000 -0.0643600968608940 -0.0035871096622848
0.0379273888690793 -0.1045293949014087 0.5000000000000000
-0.4414173034124043 -0.5000000000000000 0.3643392651382920
0.1030478889253253 -0.4067629026919742 -0.5000000000000000
0.5000000000000000 -0.1031645516189338 -0.2954653887829292
0.1088725285342139 0.4903641950474338 0.2259940667313368
-0.5000000000000000 0.3431574757210024 -0.4442819048904240
-0.5000000000000000 0.2819161964865525 -0.3718301852230327
-0.0939595023576884 -0.5000000000000000 -0.3590665983326313
0.0028077659620359 0.5000000000000000 0.4097772900565959
-0.1009830424615169 0.5000000000000000 0.1208412353117512
-0.0677173285008134 0.5000000000000000 0.2241524078602238
-0.1312224903346682 -0.5000000000000000 -0.2626542456182008
-0.2071001211132554 -0.5000000000000000 -0.2156747155723725
-0.5000000000000000 0.1288244749249096 -0.3874111755543610
-0.5000000000000000 0.1795924206884386 -0.2007264112724226
-0.5000000000000000 0.2033229985145059 -0.2222039751182298
-0.5000000000000000 0.1151524265624860 -0.4236566421730579
-0.5000000000000000 0.1872588499651781 -0.3859596367109612
-0.5000000000000000 0.1718671702915168 -0.3318035178591761
-0.5000000000000000 0.1155602737465480 -0.2968390847524016
0.0436925465230510 0.1487865583083529 0.5000000000000000
0.0426373517140052 0.1464984995694406 0.5000000000000000
0.0152016239803875 0.1393160319604904 0.5000000000000000
0.1400090146440235 0.1123755015768049 0.5000000000000000
0.0351028725347494 0.1474660461482794 0.5000000000000000
0.1966216780388303 -0.5000000000000000 -0.0265680381907540
-0.5000000000000000 0.1076454755437712 0.1721335069435238
-0.5000000000000000 0.1092038861593584 0.2107022493503353
-0.5000000000000000 -0.4369006233497747 0.0591038984314316
-0.5000000000000000 -0.3127281418054472 0.0123530750356002
0.1728126591151793 0.4075862826457866 0.5000000000000000
0.1966302818064563 0.4182886982989765 0.5000000000000000
-0.5000000000000000 -0.2016916457993677 -0.1483643366533752
-0.5000000000000000 0.0176291538875594 -0.0694384878055716
0.5000000000000000 -0.0147815117684677 0.4428663603719710
0.5000000000000000 -0.0399775353111068 0.4691061337720566
0.5000000000000000 -0.0437511128928352 0.3597473096151068
0.0685072750555321 -0.3297836875489719 -0.5000000000000000
-0.0218685868504589 -0.4478052468816036 -0.5000000000000000
-0.1119853544628419 -0.3927680169325890 -0.5000000000000000
0.2949449790439059 0.2890316530281486 0.5000000000000000
0.2076186924017043 0.3389700155440236 0.5000000000000000
0.3965867876031680 0.2422691576249960 0.5000000000000000
0.0160418070524337 0.1087051625119885 0.5000000000000000
0.1849722839342599 0.3319714392641070 0.5000000000000000
-0.3596984167714965 0.1380046498901102 -0.5000000000000000
-0.3593254762832010 0.1710335200537865 -0.5000000000000000
-0.3645726364064225 0.2472547195812994 -0.5000000000000000
-0.2647873937760311 0.1791244413768265 -0.5000000000000000
-0.4122943602610811 0.2173423962359064 -0.5000000000000000
-0.3929984007149261 0.2010257836407855 -0.5000000000000000
-0.5000000000000000 0.4173484346350497 0.1058770532057276
-0.5000000000000000 0.3690326341331993 0.2145127967463118
-0.5000000000000000 0.4617253320906496 0.2244499555828740
0.5000000000000000 -0.3577190557713110 0.1519251257500575
0.5000000000000000 -0.2824751720911325 0.0699320474243996
0.1940865935488988 0.3777004528310527 -0.5000000000000000
-0.4265120961085744 0.5000000000000000 0.0291596129362740
-0.5000000000000000 0.3041558265705986 0.0211161448762435
-0.4235848117332671 0.5000000000000000 -0.0323584628299305
-0.5000000000000000 0.4201008465022679 -0.0122456475444834
-0.5000000000000000 0.4515803922691313 -0.0086675750264187
-0.0083048638227651 -0.5000000000000000 -0.2629699087189065
0.1341679478623240 -0.5000000000000000 -0.0547818946503855
-0.5000000000000000 -0.2727725952253597 0.3511982959711175
-0.5000000000000000 -0.0699019467816890 0.0392114653599943
-0.5000000000000000 -0.1714840277157993 0.0666579403763404
0.3213523539146047 -0.5000000000000000 -0.2005789194811401
0.3211542722274556 -0.5000000000000000 -0.0712120835665287
0.5000000000000000 0.0254425695668310 0.1732624216387120
0.5000000000000000 -0.1193575188011549 0.2610809344999281
0.5000000000000000 -0.1020789657680400 0.2656727285209386
0.5000000000000000 -0.1225143535958350 0.2317857962013066
-0.1167627133978688 0.2214316065695724 -0.5000000000000000
-0.1545647839618172 0.2234477795777177 -0.5000000000000000
-0.1052799428217852 0.1870621975819045 -0.5000000000000000
-0.1255087300358947 0.2297754852956086 -0.5000000000000000
-0.3754524655390011 0.5000000000000000 0.4658764567220554
0.5000000000000000 0.0453367418330773 0.1705690531712406
0.5000000000000000 0.1226667801208635 0.2025729025636558
0.1853326201962392 -0.3020076482031902 0.5000000000000000
-0.0677852899470651 0.1346330159172447 -0.5000000000000000
0.0743447495510617 0.1389453640080328 -0.5000000000000000
-0.5000000000000000 0.2093501208196064 -0.1590043044462190
-0.5000000000000000 0.1334706307342409 -0.1235548442299243
0.5000000000000000 0.0850783594119660 -0.1319336548708980
0.1999461514387974 0.2091968070535621 -0.5000000000000000
0.1274494119111730 -0.4365506183219111 0.5000000000000000
-0.2070568453604158 0.5000000000000000 0.3026093019216491
0.0137820405281303 0.5000000000000000 0.4372949255650689
0.0186513722299451 0.5000000000000000 0.4356092475159267
-0.0087008248914199 0.5000000000000000 0.4229495253916127
-0.3809543292387434 -0.2714277657519868 0.5000000000000000
-0.2996291501420348 -0.2293476519080583 0.5000000000000000
-0.5000000000000000 -0.1436643646447557 -0.0662674754416306
-0.5000000000000000 -0.0115161426212365 -0.0299068636868427
-0.5000000000000000 -0.0444528558410609 0.0124879752962930
-0.4268933101223840 0.3852645152408448 -0.4978047143433227
-0.3089068902515166 0.4775762359790547 -0.5000000000000000
0.5000000000000000 0.0790466824151395 -0.1283040617507032
0.5000000000000000 0.0781641898904592 -0.1098182828940942
0.5000000000000000 0.0835144593479780 -0.1312573095493922
0.5000000000000000 0.0848549353203615 -0.1333467726107096
0.5000000000000000 0.0925512673676143 -0.1265306165177684
0.5000000000000000 0.0826558315024416 -0.1345268916534697
0.5000000000000000 0.0840853550546840 -0.1290918046216471
0.5000000000000000 0.0848889540169265 -0.1311557438178797
-0.3956193720191469 -0.2788073544774694 -0.5000000000000000
0.0512129844245311 0.3965674627934881 0.5000000000000000
0.1752549140668734 0.4038497840264408 0.5000000000000000
0.0142450847372116 0.1052126540850947 0.5000000000000000
-0.0162792473301087 0.0988568324694119 0.5000000000000000
0.0085545460725375 0.0797135677373447 0.5000000000000000
0.1331281618609486 0.0848079126687034 0.5000000000000000
-0.0026221925657012 0.0948015899305492 0.5000000000000000
0.0099005024509713 0.0980876576650687 0.5000000000000000
0.0049434931050659 0.1056802757336502 0.5000000000000000
-0.5000000000000000 -0.2127521322272754 -0.2819454698508713
-0.5000000000000000 -0.2081010107989770 -0.2990545953141515
-0.5000000000000000 -0.2103305820008763 -0.3050839050274472
-0.5000000000000000 -0.2039922828192094 -0.2991531020097659
-0.3076583069835382 0.5000000000000000 0.1751967436144730
-0.1217052514755995 0.5000000000000000 0.0343581573118530
-0.0268951579511621 0.5000000000000000 0.0573039753586192
0.0525055734853163 0.5000000000000000 0.0142640530911650
0.5000000000000000 0.3355614801060557 -0.2804060951133991
-0.5000000000000000 0.4291798001528883 -0.4124921179115268
-0.4047413249616398 0.5000000000000000 -0.3768675945745306
0.0210414319074095 -0.5000000000000000 0.3213883345123570
-0.5000000000000000 0.2879101604285722 0.1993131909117002
-0.2053374218640709 0.5000000000000000 -0.4482977564776824
-0.2341213108944007 0.5000000000000000 -0.4140125683984606
-0.1792699992253900 0.5000000000000000 -0.3622181473682526
-0.5000000000000000 0.2296879885847797 -0.1846301103342449
-0.5000000000000000 0.2780223501182997 -0.2267847516168663
-0.5000000000000000 0.1983626330958119 -0.1325147120098993
0.5000000000000000 0.0386824586635085 0.1700297452891508
-0.5000000000000000 -0.2657530358686238 -0.1561389491842843
0.5000000000000000 0.0246472732093231 0.1623780429359628
0.5000000000000000 0.0314055022246459 0.1431296923474473
0.5000000000000000 0.0302359036214326 0.1786097818727415
0.5000000000000000 0.0408562953398359 -0.2847471932203323
0.5000000000000000 0.0004339298550479 -0.2796915688337906
0.5000000000000000 -0.0818727398434499 0.3020910050199476
0.2661355588389194 -0.0580613580922518 -0.5000000000000000
-0.0618233049298873 -0.2694535276500481 0.5000000000000000
0.0870545473401744 -0.4314991238551022 0.5000000000000000
0.5000000000000000 -0.4167793781575416 0.3265625302493019
0.5000000000000000 -0.3919415528070148 0.2360177717625550
0.5000000000000000 -0.0627520507326507 0.3087468651602264
-0.5000000000000000 0.1472397214041852 -0.1378281020322513
-0.5000000000000000 0.2370299288036138 -0.2112192026548753
-0.5000000000000000 0.1295735234304228 -0.0719963318111613
-0.5000000000000000 0.2263477058058458 0.1096769954394399
0.5000000000000000 0.3895529872375708 -0.1872351266311415
-0.3836311636014210 -0.2907138669080854 -0.5000000000000000
0.5000000000000000 -0.1209714432360300 -0.0402903963898622
0.5000000000000000 0.0069002600800599 0.0684630639532320
-0.0696113471367885 0.3410440433435391 0.5000000000000000
-0.0210770148296240 0.4120321556753584 0.5000000000000000
0.1457844896967759 0.3626229766506287 0.5000000000000000
0.5000000000000000 0.3232992761888027 0.3004055787380684
0.5000000000000000 0.2892519984676150 0.4456608652343637
-0.3667396849003663 0.0016881689316956 -0.5000000000000000
-0.3955071842831057 -0.0088602444872267 -0.5000000000000000
-0.3940339438330831 -0.2920895008969572 -0.5000000000000000
-0.4024463162758862 -0.2645856930104964 -0.5000000000000000
-0.3721666943203768 -0.2741861216818465 -0.5000000000000000
-0.5000000000000000 -0.4067250616319774 -0.3959846430899123
-0.4274664664409094 -0.2629124400691213 -0.5000000000000000
0.4682831382180446 -0.5000000000000000 0.3322810592689219
-0.2700470101807705 -0.2673455339450614 0.5000000000000000
-0.2708635638389864 -0.5000000000000000 0.3844340034359018
-0.5000000000000000 -0.2662353354751361 0.3283197306879916
-0.5000000000000000 -0.3329160164757350 0.3264279584552749
-0.3041093928345678 -0.2193177518383962 0.5000000000000000
-0.4334514852914463 -0.3830615191518555 0.5000000000000000
-0.5000000000000000 0.1270444787039051 -0.1109885360473910
-0.5000000000000000 0.1009775003938099 -0.1261932746468670
-0.5000000000000000 0.2252127675170315 0.3073252329848111
0.5000000000000000 0.2266559977087355 -0.0534971838228216
-0.4303337269947490 0.0451600127394480 -0.5000000000000000
-0.3979678277926355 -0.0878972231198110 -0.5000000000000000
-0.2717006784469493 0.0587188543366920 -0.5000000000000000
-0.3757134362160182 0.1108169255942927 -0.5000000000000000
-0.2055537955223509 -0.2480101414154143 0.5000000000000000
-0.0802406286771203 -0.2685873196814835 0.5000000000000000
-0.2684605197513882 -0.5000000000000000 0.3838233227104330
-0.5000000000000000 -0.2276523806394007 0.2660740793081259
-0.5000000000000000 -0.1885954280941194 0.0736420347131506
-0.4936249692055438 -0.5000000000000000 0.2908690751378413
-0.2879591248692801 -0.5000000000000000 0.3786580971901591
-0.5000000000000000 -0.4583409032864703 0.3052962339277868
-0.4253722766057208 -0.5000000000000000 0.3419631765871545
-0.4337469443344661 -0.3883021986372440 0.5000000000000000
-0.4892671360487170 -0.5000000000000000 0.2657603771371794
0.1051745675348807 0.5000000000000000 0.1645710758184721
0.0842146752073249 -0.2856308065948459 -0.5000000000000000
0.1086961912488779 -0.3397479782797068 -0.5000000000000000
0.1179791598790719 -0.3056088791376282 -0.5000000000000000
-0.2287186090016121 -0.2283129184221346 0.5000000000000000
0.2925836303041188 0.3088070114986790 -0.5000000000000000
0.5000000000000000 -0.0861029606525791 0.0965830439145098
0.5000000000000000 -0.1004324096888503 0.1487406007807777
0.5000000000000000 -0.0499058279373687 0.1161621852400945
-0.1192597388632448 -0.0214725703346789 -0.5000000000000000
-0.0638635099047033 0.1046629807989768 -0.5000000000000000
-0.2824933713986333 0.2690762563005199 -0.5000000000000000
-0.1966880011025913 0.1771736798508191 -0.5000000000000000
-0.1902251186561765 0.3005392603159998 -0.5000000000000000
-0.5000000000000000 -0.2229412099656394 -0.1546618942083481
-0.5000000000000000 0.4732539204218200 0.2284465855364611
-0.4711823992411924 0.0503793075833620 -0.5000000000000000
-0.5000000000000000 0.1398841517394119 -0.4951053453647275
-0.5000000000000000 0.0558074192259003 -0.4311567932625204
0.1991509538087328 0.3493181764737010 0.5000000000000000
0.1981704122672940 0.4140713599806353 0.5000000000000000
0.1911590494852947 0.3724182257361570 0.5000000000000000
-0.0663208831031613 -0.2705749100115519 0.5000000000000000
-0.0650733355655830 -0.2731354241591971 0.5000000000000000
-0.0488265072001278 -0.2826713193200401 0.5000000000000000
-0.0955987732588743 -0.2627511866277646 0.5000000000000000
0.3635131509548516 -0.5000000000000000 -0.1728637129863826
-0.5000000000000000 0.2246225374440390 -0.4083330439863397
-0.5000000000000000 0.2281778891047341 -0.3505460272757418
-0.5000000000000000 0.2009294737375606 -0.4237023321599514
-0.2620473908388373 0.0668557767709151 -0.5000000000000000
-0.5000000000000000 -0.4598109550796264 0.1088388615558071
-0.2832975181026670 -0.5000000000000000 0.3602007161978459
-0.5000000000000000 -0.4259762758145742 -0.3573309590068798
-0.4205640425223981 -0.5000000000000000 -0.0335037984022940
-0.1698460874318536 -0.5000000000000000 0.1067936077732047
-0.3722041395289636 -0.5000000000000000 -0.1161578836057898
-0.2783961774104661 -0.5000000000000000 0.0499133904596807
0.5000000000000000 0.3964479351776996 0.2715948169925200
-0.0215484513327998 -0.2420622677155486 -0.5000000000000000
0.0702036240929640 -0.2517138698385321 -0.5000000000000000
0.0804092445725559 -0.2534905533308888 -0.5000000000000000
-0.0202344677133602 -0.2973732922772953 -0.5000000000000000
-0.5000000000000000 -0.2137462053875044 0.2939867264719280
0.3534171411752267 0.3661790280242758 0.5000000000000000
0.2903213983579164 0.3344220281518125 0.5000000000000000
0.0004469741560056 0.5000000000000000 0.0026939468545924
0.0813473798676215 0.5000000000000000 -0.0236014497282636
-0.2307481339006336 0.1061151763242102 -0.5000000000000000
-0.1355639954122012 0.1510695862510784 -0.5000000000000000
-0.1992964658043223 0.1549639578450002 -0.5000000000000000
0.3860227255909490 -0.0067183330295774 -0.5000000000000000
0.3485289749686007 -0.0308480253542351 -0.5000000000000000
-0.2263249111553945 0.5000000000000000 0.2369776678185244
-0.1415373993385968 0.5000000000000000 0.0202217941540151
-0.5000000000000000 0.4453758558514582 -0.3170664619803877
-0.3338909468270796 0.5000000000000000 -0.2339479656291256
0.1074798704219022 -0.5000000000000000 0.1590120240224016
0.2466285218584573 -0.5000000000000000 0.2377205179122890
0.5000000000000000 0.0077281509488586 0.0830272937769738
0.5000000000000000 0.0182145752216452 0.0901962119623001
0.5000000000000000 0.0269510526571924 0.1028031520420125
-0.5000000000000000 -0.2322010140404760 -0.1467755937698390
0.1747245207032173 0.4412240406410115 -0.5000000000000000
0.1466433807885633 -0.4569454417961588 0.5000000000000000
0.0969971217759966 -0.0882033064416003 -0.5000000000000000
0.2493929901918052 0.0124196393659185 -0.5000000000000000
0.5000000000000000 -0.0609541295556822 -0.2763987308512951
-0.5000000000000000 -0.1921594456342095 0.0364230628325299
-0.5000000000000000 0.2511231165828978 -0.4211983436125990
-0.4533303669840342 0.2166847538762084 -0.5000000000000000
-0.5000000000000000 0.2779713038849007 -0.4387450736730804
-0.5000000000000000 -0.4206370446888225 -0.3774308722278292
-0.5000000000000000 0.0662929276917331 -0.1530928918204895
-0.5000000000000000 -0.4551124427959943 0.1397645488282554
0.0869110413309099 0.1495260813587344 -0.5000000000000000
-0.5000000000000000 0.2786631471072019 -0.2339663558543056
-0.2622352201436862 -0.2009049963852906 0.5000000000000000
0.5000000000000000 0.1187049247357163 -0.3689452497530957
0.0932259714799841 0.1206374052131404 -0.5000000000000000
-0.0681423216808028 0.4219272318337320 -0.5000000000000000
0.1515691237297835 0.4999108185449285 -0.3022853054852950
-0.1749174631477136 0.5000000000000000 -0.4597911948769934
-0.5000000000000000 0.2700286489730480 -0.2527998362528590
-0.1567320773010920 -0.0345970074813185 -0.5000000000000000
-0.2431538280741678 0.0522754906398772 -0.5000000000000000
-0.0131642881664284 0.3522851182035592 -0.5000000000000000
0.1338610766920972 0.1797623659627003 -0.5000000000000000
0.2047104393853391 0.2783319656264465 -0.5000000000000000
0.0503916887795936 -0.5000000000000000 0.1653828634836332
0.0764705155579854 -0.5000000000000000 0.1902853514479715
0.1530059838268394 -0.0782699447275665 -0.5000000000000000
-0.0299251252371322 0.3609764682490588 -0.4955180745432003
0.2983158297208122 0.0624966477003637 0.5000000000000000
0.4334729853834366 0.0241380813193484 0.5000000000000000
-0.4204096935314302 -0.1131976681539312 -0.5000000000000000
-0.2996211011951885 -0.2214767769963226 -0.5000000000000000
-0.4266813143609286 -0.2009855827895647 -0.5000000000000000
0.3023151128919763 -0.0718391074555610 -0.5000000000000000
0.0861388808545839 -0.3804700898492982 0.5000000000000000
-0.1685868162855013 0.3547301457583011 0.5000000000000000
-0.1927299369803624 0.4244733630436026 0.5000000000000000
-0.1381157772484660 0.4221197975326075 0.5000000000000000
-0.2280621539901196 0.0639659009960343 -0.5000000000000000
0.1529304528537466 -0.3548462459460355 -0.5000000000000000
-0.1855902571105425 -0.4131568369261749 -0.5000000000000000
-0.1871702265751415 0.3292296974920833 -0.5000000000000000
0.2091241648271672 0.4562400910509113 0.5000000000000000
0.3473242161831678 0.3973170656667568 0.5000000000000000
0.2250159641183951 -0.5000000000000000 0.1982568103689653
-0.1725530158629335 0.1578756595069679 0.5000000000000000
-0.3224648432436104 0.4054264680347969 0.5000000000000000
-0.0383996035919591 0.3321989717050012 -0.5000000000000000
-0.1894009940805284 -0.2340701128749607 -0.5000000000000000
0.4180656477176812 0.2460835948229302 0.5000000000000000
-0.4780036677027809 -0.5000000000000000 0.1622762887268245
-0.4632364973510974 -0.5000000000000000 0.1124847733855834
-0.5000000000000000 -0.4713323329123633 0.0388886591605997
0.0050938646953285 0.1347612823288812 -0.5000000000000000
-0.3075646394211726 0.5000000000000000 0.1386268873168638
0.0812142095561571 -0.4289617292757654 -0.5000000000000000
0.0095865052338855 -0.3914360330053933 -0.5000000000000000
0.3829230508214146 -0.0590999518406763 -0.5000000000000000
0.3880604490104303 -0.2178042780089272 0.5000000000000000
-0.4630362666341895 0.5000000000000000 0.2718483777942994
0.3328710061478048 -0.5000000000000000 -0.0448917492975365
0.5000000000000000 -0.3070054097943635 0.2040564469074326
0.5000000000000000 -0.3380984525100751 0.2161842448800902
0.0455228100848661 -0.0794442113893688 0.5000000000000000
-0.5000000000000000 -0.4215516244200409 -0.3772690346462147
0.3276987078855226 0.1258512298512585 0.5000000000000000
-0.1996733903399178 0.2563610956588668 0.5000000000000000
-0.1136862872894012 0.2177798525387846 0.5000000000000000
-0.2038178548738411 0.1927466092637560 0.5000000000000000
0.0406496188647721 0.5000000000000000 0.0982818611451236
0.0953795049096500 0.5000000000000000 0.0389468647478615
0.4514322778185573 -0.5000000000000000 -0.1799261817973754
-0.5000000000000000 -0.1919242409156227 0.0595231238470928
0.3794146828100290 -0.0706206574864398 0.5000000000000000
0.3996313815470559 -0.1213055048776494 0.5000000000000000
-0.5000000000000000 0.4669169165668811 0.1827135781856326
-0.5000000000000000 0.4490667923970276 0.0296783406965415
0.5000000000000000 0.2365290285260998 -0.0373697582642170
0.2865766993351110 0.0186265180308154 -0.5000000000000000
0.5000000000000000 -0.0531454840892141 -0.2901917670151343
0.5000000000000000 0.1079036149462961 -0.3646261631577090
0.2928764272080613 -0.0056596664308274 -0.5000000000000000
-0.5000000000000000 -0.1917254217712422 -0.4587869838929726
-0.4952457116602120 -0.2121859915553411 -0.5000000000000000
-0.4249281346828866 0.1939587082763241 -0.5000000000000000
0.1908323981090839 0.3523959089593255 0.5000000000000000
0.5000000000000000 -0.0588346520903540 -0.2943301414117713
0.3262166382518458 -0.5000000000000000 -0.0642596022241412
-0.0382403694779134 0.1352797143253051 -0.5000000000000000
-0.0701614430485387 0.1119556090243827 -0.5000000000000000
0.4104601757962236 -0.0071624570952237 0.5000000000000000
0.4234500155946195 0.1605213031873332 0.5000000000000000
0.1169899446172122 -0.4103443941968518 0.5000000000000000
0.1194744162161901 -0.4141084355117244 0.5000000000000000
0.2969087504566196 0.5000000000000000 -0.2571893524301797
0.5000000000000000 0.2934156454301022 -0.0531471328659593
0.0701425570938579 0.4683682542073441 -0.5000000000000000
-0.5000000000000000 0.4967394273910040 0.0372356815166531
0.2702500711215662 0.3661934626629152 0.5000000000000000
0.3955472165555958 0.3228713251620495 0.5000000000000000
0.2021219329710592 -0.4133290999006508 0.5000000000000000
0.0001750087986126 -0.5000000000000000 -0.0111404148264455
0.1991350305776129 -0.4177234666068380 0.5000000000000000
-0.5000000000000000 0.0495921599542303 -0.2637834443404585
-0.1743650136001971 0.3200225014320946 -0.5000000000000000
0.3750806699905030 -0.1957502573465375 0.5000000000000000
0.4164916517027855 0.2433830560590385 0.5000000000000000
0.4359937195966701 -0.0326890543484319 0.5000000000000000
-0.5000000000000000 0.0038196785304019 -0.2956353761018867
0.2041108743009478 0.3554489917740609 0.5000000000000000
204 39
0 15
0 44
0 60
0 71
0 74
0 76
0 103
0 104
0 114
0 115
0 120
0 134
0 136
0 139
0 140
0 188
0 190
0 199
205 9
1 10
1 54
1 206
1 106
1 207
1 144
1 788
1 208
1 161
1 170
1 209
1 171
1 176
2 19
2 210
2 211
2 91
2 93
2 96
2 99
2 107
2 109
2 113
2 141
2 212
2 153
2 213
2 214
2 215
2 216
2 217
2 189
218 63
219 67
220 165
221 192
3 222
3 223
3 64
3 68
3 224
3 84
3 225
3 135
3 226
3 148
3 227
3 183
3 228
3 229
3 230
4 13
4 231
4 232
4 42
4 43
4 52
4 96
4 233
4 822
4 136
4 234
4 138
4 139
4 153
4 159
4 235
4 167
4 236
4 237
4 238
4 203
239 49
240 86
241 87
242 117
243 163
244 181
5 9
5 245
5 15
5 22
5 32
5 246
5 47
5 247
5 1095
5 177
5 248
5 249
250 86
251 87
6 26
6 36
6 46
6 61
6 70
6 88
6 97
6 102
6 118
6 127
6 132
6 143
6 144
6 171
7 25
7 30
7 252
7 65
7 73
7 75
7 95
7 108
7 253
7 254
7 187
7 200
255 9
8 256
8 28
8 30
8 34
8 58
8 73
8 91
8 99
8 107
8 113
8 257
8 258
8 123
8 149
8 259
8 260
8 166
8 189
9 261
9 262
9 263
9 264
9 265
9 266
9 267
9 268
9 269
9 270
9 271
9 177
9 272
10 273
10 22
10 41
10 274
10 74
10 105
10 106
10 275
10 169
10 171
10 176
10 177
11 12
11 276
11 40
11 50
11 51
11 277
11 85
11 278
11 279
11 98
11 280
11 122
11 130
11 157
11 182
11 281
11 282
12 17
12 40
12 283
12 284
12 285
12 286
12 79
12 85
12 98
12 287
12 101
12 116
12 288
12 164
12 289
12 168
12 172
12 290
12 196
13 43
13 292
13 293
13 138
13 294
13 295
13 296
13 203
297 32
298 47
299 19
300 109
301 822
302 167
303 55
304 102
305 127
306 201
307 25
308 75
309 41
310 157
14 311
14 312
14 77
14 83
14 313
14 314
14 315
14 179
14 181
14 183
14 194
15 22
15 32
15 316
15 47
15 317
15 52
15 60
15 74
15 318
15 750
15 136
15 139
15 1106
15 1095
15 177
15 190
319 52
320 822
321 167
322 80
323 166
324 174
325 38
326 170
327 180
328 91
329 99
330 113
331 46
332 82
333 143
334 169
335 171
16 23
16 26
16 45
16 53
16 69
16 92
16 336
16 118
16 131
16 137
16 144
16 337
16 338
339 121
340 126
341 193
342 76
343 915
344 112
345 115
17 346
17 347
17 50
17 72
17 85
17 348
17 349
17 350
17 111
17 351
17 352
17 142
17 353
17 164
17 182
17 354
18 26
18 40
18 61
18 70
18 79
18 92
18 116
18 131
18 132
18 168
19 355
19 42
19 91
19 93
19 107
19 109
19 822
19 153
19 356
19 159
19 167
357 93
358 99
359 189
20 44
20 360
20 103
20 105
20 361
20 140
20 362
20 176
20 186
363 48
364 64
365 135
366 145
367 146
368 77
369 135
370 160
371 103
21 86
21 372
21 102
21 373
21 156
21 163
21 374
21 375
21 376
21 195
21 201
21 202
377 41
378 822
379 159
380 41
381 169
382 32
383 43
384 82
385 136
386 147
22 32
22 74
22 82
22 104
22 105
22 136
22 169
22 171
22 176
22 177
22 387
22 190
388 81
389 162
291 390
291 391
291 98
291 101
291 157
291 162
291 392
291 393
394 174
395 180
396 38
397 180
23 26
23 45
23 53
23 398
23 92
23 399
23 128
23 137
23 400
23 401
23 402
23 178
403 37
404 119
24 34
24 42
24 78
24 95
24 405
24 406
24 110
24 110
24 138
24 155
24 407
24 408
24 203
25 409
25 410
25 411
25 75
25 89
25 90
25 100
25 412
25 108
25 525
25 413
25 414
25 415
25 416
25 187
25 193
25 200
417 121
418 193
419 146
420 185
421 100
422 187
26 53
26 61
26 69
26 70
26 72
26 79
26 92
26 97
26 102
26 118
26 128
26 131
26 132
26 144
423 80
424 162
425 89
426 193
427 43
428 55
429 82
27 29
27 33
27 53
27 56
27 63
27 66
27 97
27 128
27 154
27 156
27 175
27 184
28 30
28 34
28 58
28 73
28 91
28 95
28 430
28 431
28 432
28 433
28 166
28 434
28 435
29 33
29 48
29 72
29 111
29 122
29 128
29 130
29 148
29 152
29 173
29 175
29 184
30 34
30 58
30 65
30 73
30 78
30 95
30 108
30 149
30 436
30 187
30 200
437 524
438 123
31 439
31 68
31 84
31 440
31 441
31 142
31 442
31 443
31 182
31 444
32 445
32 47
32 52
32 446
32 82
32 447
32 136
32 448
32 449
32 450
32 451
33 56
33 72
33 97
33 102
33 111
33 122
33 128
33 152
33 156
33 163
33 173
33 175
34 42
34 58
34 78
34 91
34 95
34 452
34 453
34 107
34 454
34 110
34 138
34 191
35 39
35 455
35 456
35 69
35 81
35 457
35 458
35 459
35 460
35 116
35 461
35 131
35 132
35 462
35 144
35 463
35 170
35 464
35 180
465 93
466 822
467 87
468 142
469 81
470 101
471 162
472 172
36 45
36 53
36 54
36 88
36 97
36 118
36 129
36 133
36 144
36 151
36 154
36 171
36 186
37 473
37 51
37 474
37 475
37 476
37 477
37 478
37 479
37 480
37 119
37 148
37 481
37 157
37 148
37 482
37 483
484 80
485 174
486 189
487 41
38 488
38 489
38 490
38 491
38 170
38 492
38 180
493 52
494 137
495 162
39 496
39 497
39 498
39 81
39 499
39 500
39 501
39 502
39 116
39 131
39 503
39 504
39 168
40 72
40 505
40 79
40 85
40 92
40 98
40 101
40 122
40 506
40 128
40 130
40 137
40 157
40 162
40 168
40 172
40 178
507 89
508 100
509 98
510 157
511 112
512 69
513 81
514 180
41 515
41 516
41 106
41 517
41 518
41 519
41 520
41 788
41 521
41 522
41 177
523 89
526 43
527 55
528 155
529 201
530 203
42 91
42 96
42 107
42 110
42 110
42 138
42 153
42 159
42 191
42 203
43 55
43 71
43 82
43 96
43 104
43 110
43 114
43 531
43 136
43 139
43 203
44 71
44 74
44 88
44 103
44 105
44 114
44 133
44 140
44 151
44 532
44 186
44 188
44 190
45 53
45 54
45 66
45 533
45 97
45 534
45 118
45 129
45 144
45 535
45 151
45 536
45 537
45 186
538 822
46 82
46 88
46 104
46 114
46 539
46 127
46 143
46 171
46 201
540 67
541 123
542 149
543 150
544 192
545 73
546 524
547 108
548 525
549 187
550 47
551 60
552 1106
553 197
554 102
555 127
556 52
557 182
47 52
47 558
47 750
47 1095
559 61
560 70
561 79
562 116
563 132
564 168
565 196
48 64
48 566
48 567
48 119
48 146
48 148
48 568
48 569
48 173
48 175
48 570
48 184
571 61
572 70
573 127
574 164
575 196
576 164
577 134
578 199
579 164
49 65
49 67
49 75
49 90
49 580
49 581
49 117
49 582
49 583
49 163
49 584
49 585
49 175
49 181
49 586
49 195
49 200
49 202
50 72
50 85
50 587
50 111
50 122
50 142
50 182
588 73
589 524
590 166
51 68
51 591
51 592
51 593
51 119
51 130
51 148
51 157
51 148
51 594
51 182
51 595
596 81
597 162
598 168
599 172
600 112
601 134
602 197
603 199
52 604
52 750
52 605
52 136
52 606
52 139
52 167
52 607
52 608
53 63
53 66
53 609
53 97
53 610
53 118
53 128
53 611
53 178
53 184
54 612
54 613
54 614
54 615
54 118
54 129
54 144
54 616
54 617
54 161
54 618
54 171
54 619
54 176
55 71
55 82
55 104
55 110
55 114
55 620
55 155
55 621
55 201
55 203
622 524
623 123
624 525
625 149
626 150
627 187
56 62
56 63
56 67
56 97
56 102
56 114
56 154
56 155
56 156
56 175
56 195
56 201
56 202
628 89
629 121
630 193
57 64
57 67
57 75
57 83
57 90
57 631
57 100
57 632
57 633
57 117
57 145
57 146
57 150
57 634
57 175
57 185
57 198
635 124
636 103
637 140
638 68
639 77
640 135
641 183
642 194
58 62
58 65
58 67
58 73
58 78
58 91
58 94
58 113
58 120
58 110
58 123
58 149
58 155
58 643
58 192
58 200
59 64
59 68
59 84
59 87
59 111
59 117
59 130
59 142
59 145
59 148
59 152
59 163
59 173
59 179
60 76
60 750
60 112
60 115
60 134
60 139
60 1106
60 1095
60 644
60 190
60 197
60 199
61 70
61 645
61 116
61 646
61 127
61 132
61 143
61 647
648 137
62 63
62 67
62 71
62 78
62 94
62 110
62 114
62 120
62 133
62 154
62 155
62 165
62 175
62 192
62 195
649 169
650 177
63 66
63 97
63 651
63 124
63 154
63 652
63 165
63 653
63 175
63 184
63 192
654 85
655 98
656 101
657 157
658 83
659 121
660 125
661 126
662 135
663 145
664 146
665 160
666 179
667 185
668 198
64 68
64 84
64 669
64 117
64 135
64 145
64 146
64 148
64 152
64 148
64 670
64 173
64 175
64 179
65 78
65 108
65 155
65 195
65 200
671 915
672 141
673 147
674 158
675 80
676 166
66 677
66 97
66 124
66 133
66 678
66 151
66 154
66 679
66 680
66 165
66 184
67 78
67 90
67 681
67 682
67 683
67 117
67 149
67 150
67 155
67 156
67 175
67 192
67 195
67 200
67 202
684 77
68 84
68 685
68 111
68 122
68 130
68 142
68 148
68 686
68 148
68 182
68 687
69 81
69 688
69 689
69 131
69 132
69 137
69 144
69 690
69 691
69 692
69 180
70 72
70 79
70 693
70 694
70 86
70 102
70 695
70 116
70 127
70 128
70 163
70 164
70 696
70 697
70 196
698 93
699 822
700 159
71 78
71 94
71 96
71 104
71 110
71 114
71 120
71 133
71 134
71 136
71 139
71 154
71 155
71 188
72 79
72 85
72 97
72 102
72 111
72 122
72 128
72 142
72 156
72 163
72 164
701 98
702 119
703 130
704 137
705 157
706 162
707 178
708 135
709 183
710 194
711 124
712 151
713 178
714 184
73 95
73 524
73 108
73 715
73 123
73 149
73 716
73 166
73 187
73 717
74 104
74 105
74 114
74 136
74 176
74 177
74 190
75 83
75 89
75 90
75 100
75 117
75 125
75 718
75 719
75 145
75 720
75 721
75 722
75 193
75 198
75 200
723 164
724 180
76 96
76 109
76 915
76 750
76 112
76 115
76 120
76 134
76 139
76 141
76 147
76 725
76 726
76 727
76 728
76 729
77 83
77 125
77 126
77 730
77 731
77 135
77 732
77 160
77 733
77 734
77 179
77 183
78 95
78 110
78 120
78 110
78 155
78 735
736 81
737 162
79 85
79 92
79 116
79 128
79 164
79 168
79 196
738 129
739 140
740 151
741 186
742 86
743 87
744 142
745 163
746 164
747 87
748 197
749 199
751 112
752 197
80 753
80 99
80 754
80 755
80 756
80 757
80 758
80 759
80 760
80 761
80 166
80 762
80 174
80 763
80 189
81 764
81 765
81 131
81 766
81 137
81 767
81 768
81 769
81 162
81 770
81 168
771 189
772 91
773 99
774 113
775 141
776 158
82 104
82 105
82 777
82 136
82 169
82 171
82 778
82 779
83 780
83 89
83 125
83 781
83 145
83 160
83 782
83 179
83 185
83 198
783 121
784 125
785 126
786 185
787 106
789 161
84 87
84 111
84 117
84 135
84 142
84 790
84 791
84 179
84 181
84 792
84 183
84 194
793 87
794 135
795 194
796 157
85 797
85 122
85 164
85 182
85 798
799 132
800 196
86 87
86 801
86 802
86 102
86 803
86 804
86 163
86 805
86 806
86 807
808 199
87 117
87 142
87 809
87 810
87 163
87 181
87 811
87 812
87 194
88 97
88 102
88 104
88 105
88 114
88 127
88 129
88 133
88 151
88 154
88 171
88 186
88 201
89 100
89 125
89 813
89 525
89 814
89 815
89 816
89 193
90 100
90 817
90 117
90 149
90 150
90 818
90 175
90 187
90 200
91 93
91 96
91 99
91 107
91 113
91 110
91 141
91 153
91 189
92 128
92 131
92 137
92 168
92 178
819 126
820 162
821 180
823 915
824 147
825 157
93 99
93 826
93 107
93 822
93 827
93 159
93 828
93 189
829 157
830 148
94 831
94 832
94 113
94 833
94 120
94 123
94 834
94 835
94 133
94 147
94 149
94 158
94 165
94 836
94 837
94 188
94 192
95 838
95 108
95 839
95 840
95 841
95 842
843 182
524 844
524 123
524 845
524 525
524 166
524 187
96 109
96 110
96 113
96 120
96 110
96 139
96 141
96 153
96 158
96 167
96 203
97 102
97 118
97 127
97 128
97 151
97 154
97 156
97 201
846 160
847 185
848 107
849 159
850 146
851 150
852 155
853 195
854 201
98 101
98 855
98 157
98 162
98 856
98 857
858 138
859 191
860 203
861 108
862 191
863 124
864 133
865 134
866 140
867 147
868 188
869 99
870 166
871 174
872 164
873 196
874 177
99 875
99 876
99 877
99 166
99 878
99 174
99 879
99 189
880 157
881 182
882 121
100 883
100 525
100 884
100 187
101 885
101 162
101 172
101 886
102 887
102 888
102 889
102 127
102 128
102 154
102 156
102 163
102 890
102 201
102 202
103 105
103 891
103 892
103 134
103 140
103 1106
103 161
103 893
103 176
103 894
103 190
103 199
895 174
104 105
104 114
104 896
104 136
104 171
104 897
898 181
105 114
105 129
105 169
105 171
105 899
105 176
105 186
105 190
900 161
901 113
902 123
106 903
106 788
106 904
106 161
106 176
106 177
905 194
906 189
907 107
908 159
909 189
910 121
911 193
912 146
913 150
914 187
916 112
917 132
918 143
919 144
920 788
921 169
922 170
923 171
924 176
925 119
107 926
107 927
107 159
107 189
107 191
108 928
108 929
108 930
108 931
108 932
108 933
108 934
935 146
936 175
937 184
938 192
939 189
109 822
109 139
109 141
109 153
109 940
109 167
109 941
109 942
943 177
915 112
915 115
915 134
915 141
915 147
915 944
915 945
915 197
915 199
110 120
110 155
110 203
946 194
111 122
111 130
111 142
111 163
111 173
111 182
947 166
750 112
750 139
750 197
112 115
112 948
112 949
112 950
112 197
113 951
113 120
113 110
113 123
113 141
113 149
113 952
113 953
113 158
114 954
114 133
114 154
114 155
114 171
114 201
955 146
956 127
957 143
958 201
115 134
115 197
959 788
960 170
961 201
962 180
116 131
116 132
116 168
116 196
117 963
117 145
117 152
117 163
117 175
117 179
117 181
117 198
117 202
964 194
965 142
966 164
967 201
968 123
969 158
970 123
971 166
972 177
118 129
118 144
118 171
973 119
974 132
975 143
976 166
977 189
978 191
979 136
980 203
981 124
982 165
119 130
119 148
119 983
119 984
119 985
119 986
119 987
119 178
119 184
988 142
120 110
120 134
120 139
120 141
120 147
120 158
120 188
121 125
121 126
121 989
121 990
121 991
121 992
121 993
121 160
121 994
121 193
122 128
122 130
122 157
122 173
122 178
122 182
122 184
123 149
123 150
123 995
123 996
123 187
123 192
997 166
998 169
124 999
124 133
124 151
124 1000
124 1001
124 165
124 1002
124 188
125 126
125 1003
125 1004
125 1005
125 1006
125 160
125 1007
125 193
126 1008
126 1009
126 1010
126 160
126 1011
126 1012
126 1013
822 153
822 159
822 167
822 1014
1015 137
1016 162
1017 168
1018 193
1019 177
127 143
127 171
127 1020
127 1021
127 1022
127 201
128 178
128 184
129 144
129 1023
129 151
129 161
129 171
129 1024
129 176
129 186
1025 134
1026 140
1027 199
1028 146
1029 174
1030 165
1031 188
1032 192
130 148
130 157
130 148
130 173
130 178
130 182
130 184
131 132
131 137
131 168
1033 191
1034 159
1035 191
1036 145
1037 179
1038 181
1039 193
132 143
132 144
132 171
1040 172
1041 147
1042 158
1043 188
133 140
133 151
133 154
133 1044
133 165
133 186
133 188
134 140
134 147
134 188
134 197
134 199
1045 160
1046 160
135 145
135 160
135 1047
135 179
135 183
135 1048
135 1049
135 1050
135 1051
136 1052
136 139
136 190
137 1053
137 162
137 1054
137 1055
137 168
137 178
137 1056
1057 193
138 153
138 159
138 1058
138 191
138 1059
138 203
139 141
139 153
139 167
139 1060
139 1061
140 1062
140 1063
140 1064
140 186
140 188
525 187
1065 170
1066 180
1067 189
141 147
141 153
141 1068
141 158
141 1069
141 1070
142 1071
142 1072
142 163
142 164
142 182
143 171
143 1073
143 1074
143 1075
1076 146
1077 177
1078 194
144 1079
144 170
144 1080
144 1081
144 171
144 176
144 180
145 146
145 175
145 179
145 198
146 1082
146 175
146 185
146 198
147 1083
147 158
147 1084
147 1085
147 188
148 1086
148 173
148 184
149 150
149 1087
149 187
149 192
149 200
1088 160
1089 161
1090 158
1091 193
788 170
788 1092
1093 161
1094 1106
1096 197
1097 158
1098 151
150 187
150 200
151 154
151 1099
151 186
1100 1106
1101 161
1102 177
1103 183
1104 194
1105 180
152 156
152 163
152 173
152 175
152 202
153 159
153 167
154 165
154 201
155 1107
155 1108
155 195
155 200
155 201
155 202
155 203
1109 165
1110 178
1111 184
1112 180
156 163
156 173
156 175
156 202
1113 181
1114 166
1115 174
1116 189
1117 186
1118 162
157 178
157 1119
1120 199
159 1121
159 167
159 1122
159 191
1123 182
1124 166
1125 174
1106 161
1106 1095
1106 1126
1106 176
1106 177
1106 190
1106 197
1106 199
1127 178
1128 203
160 1129
160 1130
160 179
160 1131
160 185
161 1132
161 176
161 177
1133 189
162 168
162 172
162 1134
162 1135
1136 180
163 164
163 173
163 1137
163 202
1138 174
164 1139
164 1140
164 1141
164 196
1095 177
1095 197
1142 200
148 1143
165 188
165 192
1144 203
166 1145
166 174
166 189
166 1146
166 1147
167 1148
167 1149
1150 172
168 172
1151 185
1152 195
1153 202
1154 174
1155 189
169 171
169 176
169 177
169 1156
170 1157
170 1158
170 1159
170 180
1160 180
1161 175
1162 184
1163 188
1164 191
1165 180
171 176
171 186
172 1166
1167 176
1168 186
173 175
173 184
175 184
175 192
175 202
176 177
176 186
176 190
1169 195
1170 203
1171 181
1172 194
177 1173
177 1174
177 190
177 1175
178 184
1176 189
179 181
179 183
179 185
179 198
1177 191
1178 203
181 1179
181 183
181 194
182 1180
1181 194
1182 192
183 194
1183 199
1184 202
185 198
1185 203
1186 195
187 200
1187 192
190 199
191 1188
195 200
195 201
195 202
197 199
201 202
