1317 2231 0
0.2951586937683972 0.3528971320233559 -0.2064190204179569
0.0868466910349235 0.4242243634775960 0.2262050513094727
0.2847249834504578 -0.2030459000245060 -0.3620805749495006
-0.4649020093937801 -0.2911603520360955 -0.0700904229823899
0.2485633403516730 -0.4905036978398234 -0.4896312684782398
-0.0465433523636367 0.1448332096862943 0.2517297555606617
-0.2273680471674327 0.2607218792955534 0.3171031897765585
0.1007485889465906 0.3837282265364637 0.0409235177575531
0.1164391902641286 -0.4443036831284692 -0.3830393863879971
-0.2579323683949650 0.3426674591041545 -0.1360436938029644
-0.2481451846976275 -0.0132854283140356 0.0226137076003360
-0.3969585631092287 -0.0626607365986923 0.4603184162609200
-0.2703421449381981 -0.0720020084522957 0.4498536815750673
-0.4269781404050438 -0.1069398895357158 0.2175974954020233
0.3641809250213321 0.3000373390510720 -0.1879480820968487
-0.3126928396471118 -0.0028562408526057 0.4886601785566482
0.1508715298320423 0.3401694113100266 0.0215497756133524
0.3964215984157227 0.0469428139475143 -0.2841304130338695
0.2009987758087601 0.3212680673141937 0.1882510322746345
-0.2942308725385238 0.0789458223287062 -0.0509043254277461
-0.4248528732439987 -0.4037854978401617 -0.3196268399475116
0.1806630362156665 0.2747339519939346 0.0865493430101912
0.2409645548430290 0.3107119943012216 -0.0954799138082259
-0.3955966223435334 -0.2911821916640169 -0.0408330124552534
-0.0753731729781511 -0.0440318436211045 0.4740362816517372
-0.2996703011735474 -0.4195488944914372 0.2086646203818761
-0.2985895635438821 0.3154341373763309 0.4779315222920883
-0.3653120245620426 0.1716635335735945 -0.0729256965334115
-0.1117922328015466 0.4832327378304280 0.0573489353608221
-0.3193677525972157 -0.4969286875375489 0.2632991844501343
0.0037299383875986 -0.0334826720412581 0.3702163868342064
-0.3282638126698220 -0.3177266646808137 0.4340101514572968
-0.4862078140093334 0.0942779381748547 0.2493911356636113
-0.4705916658582345 -0.2173304964574196 0.0033791791490745
-0.0199524726969909 0.4112141351980417 0.0510171558344925
-0.2572706376983853 0.4107915959910670 0.0806799647028515
0.4119718481830050 -0.4758850837793070 0.4214536582302845
0.4220853496870221 0.1005261873619095 0.1362220634459443
0.4059072998581424 0.1670229657488104 -0.0672271074624736
0.3183456410397002 -0.2912646417256627 0.1395513013997322
0.0735754601744370 0.1262561120802618 -0.1104802205240604
-0.4762729394367079 0.4491635231411509 -0.1954199182677951
-0.2658671902232612 -0.2226323264262868 -0.1699287037146398
-0.1135290925859749 0.0816513668493944 -0.3710830996095285
-0.3500755720044444 -0.2147504100791249 0.3150658555355099
0.0383411216893706 -0.3136939093836812 0.4121528295974618
-0.3941334924555673 0.4825142371173083 0.3981847377059602
-0.4451912384408820 0.2217543132315705 0.3635880398819660
-0.1821764343461537 -0.2502197569396743 -0.0880129385840796
0.3496836361186857 -0.3905151458580127 0.0080030172994413
0.4388565506129274 -0.2969182949458394 -0.1211017408680121
0.3530310790001991 -0.0207084071009362 -0.2236994341002778
-0.3963860412530268 0.0066953349431668 0.4002889603874356
-0.3736780371438252 0.0544288733780594 0.2486557076613710
0.4011101192035978 -0.3780232714669231 -0.2768095034290955
-0.3949519290346989 0.4287377084327080 -0.3002017140803446
-0.3838212939597855 -0.2488513289965160 -0.1033537703535017
-0.0993253898155796 0.0121584829998819 -0.3375267924729266
0.3933235813325484 -0.3528006366485890 0.4804959193912960
-0.1759094292649176 -0.3673721767241667 0.0282170631094710
0.0419300436996289 -0.2048317287064846 -0.3230279445310307
0.1347309694423953 0.2096803363321923 0.3793610098691226
0.2945210349435655 -0.2160915406943461 -0.0281275023355785
-0.2989774418108108 0.0129119666057167 -0.4097993167222220
0.2987161151839102 -0.0300634500317054 0.1329085616656339
-0.3483447617744219 0.4452666609616496 -0.2495469811198809
-0.0887855594663079 0.0749405399808859 0.4300374151054044
0.1210789866577180 0.2961877579766380 0.0654754410668719
-0.1802692484190064 -0.1977053827099858 -0.2647741629217614
0.2601985624498414 -0.3086221001146809 0.4220611208332085
-0.0649496664047982 0.4433434998445461 0.2185996984322078
0.2949351471756336 -0.0893429852411833 0.0987783081113017
0.0711938590872917 -0.3777165585468417 -0.1503848575620058
0.3556088089959499 0.4499075614576470 0.2369429347547183
0.3593486383715953 -0.1211433617489058 -0.3906458591832603
0.4001735162548435 0.0246665455239778 0.4763363428609190
-0.0971439961886259 -0.0118151809294415 0.1780309637717364
0.1586326579746915 -0.0972961005073709 0.3748366910124757
0.1819119841993004 0.2520083982540379 0.3218741391023916
-0.4330868831454157 -0.3617835987999508 0.3825010519985214
-0.1529144842510407 -0.0647534280216555 0.1247465835427598
-0.3735390108762686 0.2023333541817754 0.2614655522304177
0.0175528188314164 0.1086418825275362 0.0806924897795961
-0.3364889122698811 -0.2359628630415827 -0.3302730253520536
0.3878905554002369 0.2779131451816122 -0.2228861761666985
0.1021457065690202 0.1577642721128751 0.2605203349286027
0.0249068792176657 0.4517123919382837 -0.2395057159486404
0.2213427965537992 -0.1879449885426488 -0.2412703000163113
-0.3932503201470036 -0.0005874958059931 -0.0858885826614889
0.0002057830933145 0.3918121912165532 0.4529467009830955
0.2806843643510383 0.0425460369737711 0.1957505348318296
0.2227270029941826 0.0226170308217984 -0.3741817006939692
0.2084471731424896 -0.0087584864782973 0.1197978090348581
-0.4155713231702445 -0.1347319821638063 0.1443961893332521
-0.1090807273500759 -0.0835235121529919 -0.2148222586883443
0.2583683345784120 0.0168490219179054 0.2572690653418184
0.3379936832295783 -0.1127486276309419 -0.4585221607363207
0.2849775325859465 -0.3091712528020832 -0.1030817966716142
0.1788919904193730 -0.0017504332773412 -0.3409567821389178
0.3972216217409861 0.3792680290335283 -0.1717037011973096
-0.3445534901849598 0.3985132424962731 -0.0626897162272891
0.0247382939240498 0.1912338592767568 0.0793989616586773
0.3324680316325804 0.2293776063819911 0.2636655934431946
-0.4697216344028908 0.2115308514370619 -0.4371633056954281
-0.4045760730042838 0.3778542672724542 0.4281947028847388
-0.0025542794130322 0.2571281717064975 0.1534986028812180
-0.3259308826166114 -0.1631334380804647 0.0071936009989681
-0.3842185083053007 -0.1669567433915139 -0.0101318831403208
0.0954513050605962 0.2025036720806293 -0.1451084779585063
-0.0216275346200883 0.1880158239007869 -0.2725281997999594
0.1350318504663721 -0.0296396735729352 0.2632528968912625
-0.0648830199337076 0.4067189621649352 0.3431372171410116
-0.4595966636740304 -0.0950024796062980 0.0774175601440979
0.2858056441361880 -0.1394304484196116 -0.3175135385396166
0.1726028039260348 -0.2224695944713019 0.0306632032811958
-0.0837523936910623 0.1786842596253560 0.2962137792692889
-0.4355528014584141 0.1683012819152419 -0.0488406051546281
0.0564321727973457 0.0378586780643330 0.0025731323412540
-0.2255459193108687 -0.3399516303693250 0.0348023355417093
-0.2327279406501972 0.3682192196549964 0.3435028301489158
0.4599649127014775 -0.1407736537465540 0.0265326453533295
0.1276222615547161 0.1140241277498771 0.1960126463395676
0.1406781723736392 0.2072359064790519 0.2197617883282992
0.1593343714860307 -0.0253926279523713 -0.2324924696386197
0.0568982754088734 -0.1849629883476094 0.1959730752444838
0.2826806720487894 0.0366714852972361 0.0759267505734717
0.0757616334627487 0.1513083584941473 0.0195252580920436
-0.1988967676329151 0.0238630000371525 -0.4554899590471277
0.2624534256566651 0.4834134835782989 -0.0705148106180330
0.2719695688327288 -0.0336681173798072 -0.0553072534719597
-0.0028488989276820 -0.2705521697870796 0.2307248494532360
0.1507724308775552 0.4033231675024510 -0.4058359709418510
0.4682459627821217 -0.0783754862027721 -0.2339007939710741
-0.0985856543227112 0.0723002491179791 -0.4188314174719212
0.3316453260139375 0.3409678899889819 -0.0310713262677236
-0.2831456516316277 0.2624482773961552 0.3675401218032993
-0.1205375834534054 0.2758109689600526 -0.0679383648658659
-0.2710613281235293 -0.1427326372440398 -0.2209885839889517
0.2239944832660557 0.2476480216108586 0.0403805661939832
-0.4591223672766843 -0.1132919433067092 -0.4285464911035208
0.0130657742606304 -0.0499637587736551 -0.0317757619511549
-0.3185689236161646 -0.3099965177720769 0.2137318066165328
0.3436870058886743 0.3272135353187216 -0.4615304160424125
0.1535257888472848 -0.4556709688309100 -0.0107051973264068
-0.1465288567004217 -0.1412876334147720 -0.1689993053836374
-0.0779714148567087 0.4356491252345056 0.0150111106791054
0.0579046871134366 0.3524112221264358 0.1589044682752886
0.3317029547751870 0.2653178557756145 -0.0660389762081018
-0.0261457088440451 -0.3990383702077792 -0.3503668981152435
0.2703786422991720 -0.4603881200710055 0.3632005387827368
-0.3678329021115162 0.0754048536597079 0.3266986008190839
0.3633600469238121 -0.2960490819293327 -0.1273015715399667
-0.1720842748216237 -0.0011782528714709 -0.4127712397784631
-0.4339636931636184 0.2771773690378635 -0.0571065143815355
-0.2822594010296207 -0.3918912474875789 0.0922067401540045
-0.2738389128549086 0.4667732005966952 0.3060016815896498
0.2828014491706370 0.4443189518431268 -0.3955270414681540
-0.1228443279947290 -0.3070136704799305 0.0056832984590766
-0.2236205938420161 0.1972508600165337 -0.1047008279544874
0.1994527573597219 0.3908832342877079 0.2316415118817299
-0.1690515801364295 0.1999253495263014 -0.0902165764472517
-0.0680836623103456 -0.0761558950638376 0.4758315413913612
-0.2939155409915312 -0.4564762609299788 0.4263939374670587
-0.3074904079049357 -0.3717986557184960 -0.4624520831343170
-0.4231258146163421 -0.4671475370584620 0.3476643162147060
0.1665413146942680 0.4222215600054872 -0.1110104702253799
-0.2813853709748388 0.4254270554628015 0.0814575728618045
-0.3200758966398990 0.2660355543876196 -0.4808482793983669
-0.2583396297825453 0.4567290229362426 0.0192905382509294
0.1835416028019557 -0.0909245517767254 -0.4293580563153703
0.0858205368506909 -0.2197504590787007 -0.0418831941097600
0.4005483953051702 -0.0564588618365842 -0.0538546180545154
-0.1548353984996885 0.4137514188923264 -0.3556059574733669
0.4283872811333310 -0.1423450016311232 -0.3658978944212707
-0.3705207180497337 -0.4388787517519211 0.2917964360559987
0.3716401805603942 0.2436118260608237 -0.3374281393628397
0.3021575847075830 -0.1887831538478231 0.1252195066312234
-0.2920566232287988 -0.1823221243212701 0.1572850875677759
-0.0782967725778152 0.4008269236186577 0.3224150347583103
-0.0043944280683366 -0.1254325420971870 -0.2616634145263538
-0.4811567180016224 0.4766884785158317 -0.0174599886263319
0.0858788284124412 0.1371241638843596 0.2671970934767889
0.1175187201600376 0.3480558122400509 -0.1732283781844897
0.2490459879417398 0.3942947941452189 -0.2308464970431933
0.1043748045346573 -0.0084697371641597 -0.2222740376618191
0.0205325342071984 -0.4629547335385997 0.3725247715077038
0.2255523581249761 0.1196471708554127 0.1346473557219235
-0.0929812652929230 0.1616450577339744 0.1432968821671422
-0.1523568060321430 0.3765397905535640 -0.0836874141496565
-0.2772782381104283 0.2187751292271998 0.4397240521812955
0.2984935517705889 -0.4138313748372485 -0.1565212409669514
0.3031015181417192 -0.4339951939613188 0.3238789108410959
-0.1946945770650444 -0.2326682598922453 0.2614716613378023
-0.2512103143935649 -0.2500426445827112 -0.1121783158277157
0.3095269906183600 -0.0124659811096811 -0.3387000872053768
0.4051896782457964 -0.0911654746930796 0.1603764419312718
0.2372710610946295 0.3206874772245431 0.3425974979041918
0.1947074435125411 -0.4584306803092092 0.4073447938071685
-0.0684829617747285 -0.1905194437548066 0.2725937858439806
-0.4109562566913718 -0.4621044375477537 0.0339512308953937
-0.3290735875918225 -0.4141513604544285 0.2730150853955830
-0.0884828948916847 0.1756251976211489 -0.2612287820186688
-0.0220456907638476 0.1564446422622859 0.3766194460855034
-0.3264638038213334 0.1086911322459780 -0.3088943116389166
-0.1137170166081330 0.4197576301308933 -0.1930884278776260
0.1299284935767729 0.3566134736496034 -0.5000000000000000
-0.0196756382821149 0.3045599565870101 -0.5000000000000000
0.0658968693843441 0.5000000000000000 0.1578559845804189
0.3287486571225504 0.4380579911631106 0.5000000000000000
0.2872706607496123 0.4938233186555511 0.5000000000000000
0.0896385618003428 0.5000000000000000 0.2309485400652200
0.1916140167342752 0.5000000000000000 0.3123780871774198
0.1439797982159305 0.5000000000000000 0.2372121414571843
0.2422020023960095 0.3392900894926060 0.5000000000000000
0.1823752105389603 -0.2050382393198857 -0.5000000000000000
0.2061102810454355 -0.2158557244166573 -0.5000000000000000
0.1484490405574811 -0.2258282090062578 -0.5000000000000000
0.5000000000000000 -0.2142972878512997 -0.1154340304058150
0.0747372187524912 -0.1627101305475405 -0.5000000000000000
0.5000000000000000 -0.2412517104490881 -0.2693549053921639
0.3134390275022938 -0.2527247048308596 -0.5000000000000000
0.5000000000000000 -0.2288055989139675 -0.1758261680272092
0.0398282041937408 -0.2085675267670275 -0.5000000000000000
0.1851987298066479 -0.4109733369904401 -0.5000000000000000
0.1943152888106276 -0.2149341750625773 -0.5000000000000000
0.5000000000000000 -0.3300142058343985 -0.3214884490123886
0.5000000000000000 -0.2803350067003745 -0.1683301102675146
0.2342191598393961 -0.2572820804952881 -0.5000000000000000
0.1889053540242029 -0.1041494525163463 -0.5000000000000000
0.5000000000000000 -0.1797720747020370 -0.2596321099489843
0.1364232996720184 -0.2483047943871690 -0.5000000000000000
-0.2099249767451393 -0.0867999742007518 0.5000000000000000
-0.0757198461647879 -0.0583892114026501 0.5000000000000000
-0.1790654626355289 -0.1549405887144526 0.5000000000000000
-0.2343371078538370 -0.0407690029306650 0.5000000000000000
-0.0697221180514085 -0.0839197537756489 0.5000000000000000
-0.5000000000000000 -0.2937259874734691 -0.1008060273246211
-0.5000000000000000 -0.2061226858600577 -0.1002643504856150
-0.5000000000000000 -0.2903552625462143 -0.0916422628362406
-0.5000000000000000 -0.3228661780784211 -0.0712238668045105
-0.5000000000000000 -0.3176901559454100 0.0189958595940991
-0.5000000000000000 -0.2866236099821634 -0.1105744642736869
-0.5000000000000000 -0.2616158518125874 -0.1280638503018036
-0.5000000000000000 -0.3095954334270232 -0.0989013160591833
-0.5000000000000000 -0.2610584567047940 -0.1085511931067972
-0.5000000000000000 -0.3222647462696116 -0.2783487563062090
-0.5000000000000000 -0.3186503287059407 -0.1070775348421749
-0.5000000000000000 -0.3003267191824273 -0.0739625147600989
0.5000000000000000 -0.3968010564533107 -0.3014759854880071
0.2367543888392406 -0.4706445338372199 -0.5000000000000000
0.5000000000000000 -0.4535065427260978 -0.2159603762848250
0.2817443419463982 -0.5000000000000000 -0.4822884209433489
0.1927403251196282 -0.4238681927883746 -0.5000000000000000
0.2514477572837482 -0.5000000000000000 -0.4259806265097620
0.2646975015334665 -0.4849908980027807 -0.5000000000000000
0.2787121651834296 -0.5000000000000000 -0.4616801066543162
0.5000000000000000 -0.3418565399765626 0.2508919004166302
0.5000000000000000 -0.3996578958642094 0.1546297244999046
-0.0781142885104469 0.5000000000000000 0.0665236159515211
0.0200658720962100 0.5000000000000000 0.0802548119656128
-0.0140907838154378 0.5000000000000000 0.0584579745638504
0.1642894210556058 0.1855011890972560 0.5000000000000000
-0.5000000000000000 -0.1769917357940486 -0.0622470831559580
-0.5000000000000000 -0.1601398039912202 -0.1200954479934621
-0.5000000000000000 -0.1104568559673678 -0.1162158619032069
-0.5000000000000000 -0.1422964997853369 -0.1060587024669385
-0.5000000000000000 -0.1443823839831769 -0.1020807979523120
-0.5000000000000000 -0.1210875559886368 -0.0421073445229633
-0.5000000000000000 -0.1430768093684615 0.0033106894297004
-0.0426493583454585 -0.4778836452735669 -0.5000000000000000
-0.1210876756903648 -0.4628335725865866 -0.5000000000000000
-0.0070615292610871 0.2210264092843937 0.5000000000000000
-0.5000000000000000 0.3262508352432019 -0.0475742407850028
-0.5000000000000000 0.2689208462160432 0.0028153083562216
-0.0956516610164802 0.2719234825583535 0.5000000000000000
-0.1174658134329620 0.1874177968243652 0.5000000000000000
0.1856163261143087 0.5000000000000000 0.1506826265630725
0.5000000000000000 -0.4467922536935992 -0.1895715533325197
0.0724734901706373 -0.4564330159852657 -0.5000000000000000
0.0079417482790672 -0.2670560067569943 -0.5000000000000000
0.1827545722617323 -0.4143191069903017 -0.5000000000000000
0.1172264097313447 -0.5000000000000000 -0.3977643483356506
0.0994712117698660 -0.5000000000000000 -0.3041601966047930
0.1887018252945679 -0.5000000000000000 -0.2550644481938171
0.0377758363450698 -0.4284561435401334 -0.5000000000000000
0.2667623903651366 -0.5000000000000000 -0.3336396387272935
0.2670565091469923 -0.5000000000000000 -0.2796026626777740
0.5000000000000000 0.1755094836682350 0.4264110323439790
-0.5000000000000000 0.3788508312209829 -0.1544253850922276
-0.5000000000000000 0.4031890917208980 -0.3206966084344891
-0.5000000000000000 0.2683056952961978 -0.2570161326727670
0.5000000000000000 -0.2744861670271510 -0.0631929143261352
0.5000000000000000 -0.2300051558522486 0.0131721991596685
0.5000000000000000 -0.2602313224783337 -0.0103816026835026
0.5000000000000000 -0.1678116798780152 0.0285602996352549
0.5000000000000000 -0.2622518693266493 -0.0352260618657152
-0.2967430881149499 0.0091479420146962 0.5000000000000000
-0.2803452814122648 0.1721712336517812 0.5000000000000000
-0.2419963117793716 -0.0137887994669088 0.5000000000000000
-0.2300654267535117 0.1062961858723043 0.5000000000000000
-0.2295946834837307 0.1886818796037438 0.5000000000000000
-0.3173157003408345 -0.2989952268785341 0.5000000000000000
-0.3779229706332590 -0.3175253266564984 0.5000000000000000
-0.3556275835566803 -0.0439619631499350 0.5000000000000000
-0.5000000000000000 -0.0787954359762943 0.3136963181046383
-0.5000000000000000 -0.0562847863632960 0.3659402426802204
-0.4026896862290450 0.0539051019957846 0.5000000000000000
-0.3997303571556678 -0.0744694459709939 0.5000000000000000
-0.5000000000000000 -0.0755561082421561 0.3150732989787574
-0.3313223157460551 -0.0692212370311747 0.5000000000000000
0.5000000000000000 -0.0444677755051576 -0.3690575955558251
0.5000000000000000 -0.0617499150142780 -0.2404857984505023
0.5000000000000000 -0.0920365415799127 -0.3390480110819676
-0.5000000000000000 -0.4858847385556974 -0.0649560908973635
-0.5000000000000000 -0.0226664900150969 0.2278267937804894
-0.5000000000000000 -0.0847224954783361 0.2749582280068807
-0.5000000000000000 -0.0803216369302145 0.2793246010042937
-0.2330148730103557 -0.0767834655040708 0.5000000000000000
-0.3938179238061805 0.0003026896394290 -0.5000000000000000
-0.4821284819656574 -0.0774117366825062 -0.5000000000000000
-0.5000000000000000 -0.0978415347369324 0.1795297665950684
-0.5000000000000000 -0.0262733965933259 0.2235762972301157
-0.5000000000000000 -0.0964114304790426 0.2246763076970668
-0.5000000000000000 -0.0927081490226276 0.2302466117089295
-0.0330518295278000 0.2309184682679445 -0.5000000000000000
0.1334568360114256 0.3532980213862942 -0.5000000000000000
0.5000000000000000 0.2865297213475916 -0.0702113964235115
0.5000000000000000 0.2434399530232100 -0.0983878142519147
-0.0188481881635341 0.3034448998652950 -0.5000000000000000
-0.3653295489571958 0.0453120286800941 0.5000000000000000
-0.2522837388040550 0.0242110318543864 0.5000000000000000
-0.2968469442998931 -0.0119273909299802 0.5000000000000000
0.5000000000000000 0.2882301084350733 0.2742892016340546
0.3621258590400638 0.5000000000000000 0.3171109492565615
0.3281477264741596 0.5000000000000000 0.3375149977459310
0.2413312740880127 0.2213601170819342 -0.5000000000000000
0.5000000000000000 0.2202216922069521 -0.3156446402769638
0.3532459016818389 0.1811038261121283 -0.5000000000000000
0.2500240893056008 0.0292141084007896 -0.5000000000000000
0.4219944573072445 0.0201139762528457 -0.5000000000000000
0.3227983574032866 0.1150171767822210 -0.5000000000000000
0.2289973135864627 0.0950595269410870 -0.5000000000000000
0.5000000000000000 0.0739296992935096 -0.1491723267226890
0.5000000000000000 0.0288141256830433 -0.1485993207567587
0.5000000000000000 0.0379075891621674 -0.2290857259460787
0.5000000000000000 0.4629509255276341 0.4114670319874444
0.4064477205220054 0.3327328516811507 0.5000000000000000
0.4383277708059787 0.4102369617385428 0.5000000000000000
0.5000000000000000 0.2853941052796181 0.3066077127274976
-0.5000000000000000 0.4500083073346545 -0.3999664996149452
0.5000000000000000 -0.1615312768496990 -0.3156745267901570
-0.0537366409150241 -0.0341392659783455 0.5000000000000000
-0.0346076341641405 0.0775216171475520 0.5000000000000000
-0.5000000000000000 0.0577104193371358 -0.1973747237025311
-0.5000000000000000 0.1311159249327668 -0.2665097286687954
-0.4282193991220500 -0.5000000000000000 -0.3076239244917143
-0.2460623560926792 -0.5000000000000000 -0.3206823528970216
-0.4547120980699744 -0.4733960603680925 -0.5000000000000000
-0.5000000000000000 -0.4043898604452723 -0.3761612448490272
-0.5000000000000000 -0.3917876871611170 -0.4099434075683661
-0.5000000000000000 -0.4311586043516062 -0.3595925504844824
-0.5000000000000000 -0.4285308779985728 -0.4219224376868575
-0.4122041599456970 -0.5000000000000000 -0.2476654461536959
-0.5000000000000000 -0.3711237264812056 -0.4073882397925336
-0.4760371656055678 -0.5000000000000000 -0.2489259768338773
-0.1889870871335425 -0.5000000000000000 -0.0887705623554215
-0.5000000000000000 -0.3510716550572511 -0.4408779564932652
-0.5000000000000000 -0.3490495376113362 -0.3664466686956679
-0.5000000000000000 -0.4110438231752044 -0.2942739927852002
0.5000000000000000 0.2738482330770950 0.2845287678373665
0.2211172669255821 0.2033553681622625 -0.5000000000000000
0.2732218309474536 0.2798064472575455 -0.5000000000000000
0.2105133293195930 0.2738486496519742 -0.5000000000000000
0.2433551843309137 0.2443714647875563 -0.5000000000000000
0.5000000000000000 0.0991550403770552 0.2268252236366436
0.5000000000000000 0.0766029571129878 0.3103511864374654
0.5000000000000000 0.1042010279964486 0.2999467459397507
0.1987440487321719 0.2068036619810937 0.5000000000000000
0.3522884363945240 0.0757072444815986 0.5000000000000000
0.2009325789445497 0.1913642400655930 0.5000000000000000
0.2735832017089116 0.3791298682795084 -0.5000000000000000
0.2252004313684121 0.3485299416836625 -0.5000000000000000
0.2495128821375571 0.4065238006502576 -0.5000000000000000
-0.0495390279300544 0.2302473581005704 -0.5000000000000000
-0.1600822006530953 0.2394198387431049 -0.5000000000000000
-0.0223174828314525 0.3036161450839150 -0.5000000000000000
-0.5000000000000000 -0.3306888911288484 -0.3307208161773990
-0.5000000000000000 -0.3492287409492232 -0.1317288363521820
0.2274127843170662 -0.1145078900076934 0.5000000000000000
-0.2590525404758751 -0.5000000000000000 0.0610980567383656
-0.1928694400671856 -0.5000000000000000 0.2083562931027640
-0.2939047680848170 -0.5000000000000000 0.0832825205908839
-0.3713308427926099 -0.5000000000000000 0.0497514814158947
-0.0578782258713059 -0.0440022152189909 0.5000000000000000
-0.0795421706300988 0.0174742860216163 0.5000000000000000
-0.0459581509967356 -0.0463773258345774 0.5000000000000000
-0.0903284783349276 -0.0523724738204667 0.5000000000000000
-0.1542846241421066 -0.4184780358318143 0.5000000000000000
-0.2585896593353832 -0.5000000000000000 0.2205679710031704
-0.5000000000000000 -0.4335414852960149 0.0377646009954270
-0.5000000000000000 -0.3545503476717739 0.1205969948498905
-0.0934463407086897 -0.4234108694636470 0.5000000000000000
-0.5000000000000000 0.3745476729119449 0.3014626576895779
-0.2692728889681921 0.5000000000000000 0.4817066607771446
-0.2833376224653096 0.3136938566497258 0.5000000000000000
-0.5000000000000000 0.3036560499884826 0.3610340121812904
-0.3306513313050474 0.3522532439594758 0.5000000000000000
-0.2550302275673241 0.3101500320946864 0.5000000000000000
-0.2087124778421047 -0.4988389376069020 0.5000000000000000
0.5000000000000000 0.2549677286404781 0.3614860274712520
0.5000000000000000 0.0077317271798725 0.3896816375526763
0.5000000000000000 0.0226786208529416 0.4793316870700540
0.5000000000000000 0.0265082892629231 0.4108917257485394
0.5000000000000000 0.0202364907716167 0.4300337095020697
0.5000000000000000 0.0416887331430478 0.4094331819443308
-0.5000000000000000 0.0853703977719549 -0.1894749425601438
-0.5000000000000000 0.1964062817753061 -0.1961799687887221
-0.5000000000000000 0.1575423410785408 -0.2479509401895935
-0.2875605065905515 -0.4967811428615421 0.5000000000000000
-0.3814949779572137 -0.5000000000000000 0.4350120984596695
-0.3082678583584503 -0.5000000000000000 -0.4901526216015598
-0.3464631205769490 -0.4711565898470170 -0.5000000000000000
0.2352069741908525 0.5000000000000000 -0.2737572232534581
0.2382477967742575 0.5000000000000000 -0.1584114807338371
0.1899579051643131 0.5000000000000000 -0.3189281157658920
0.2265957891635177 0.5000000000000000 -0.3273546589692873
0.2100166125964802 0.5000000000000000 -0.2828960014751087
0.1143614872723086 0.5000000000000000 -0.3472511095647273
-0.0946718447097834 0.5000000000000000 0.0772711967247856
-0.1121154497765300 0.5000000000000000 0.0289339281650052
-0.0761677939381281 0.5000000000000000 0.0884782740898188
-0.1074352358334027 0.5000000000000000 0.0479153172972809
-0.0324752791840262 0.5000000000000000 0.1084414584492288
-0.2446243632428294 0.5000000000000000 0.0142044264996525
-0.1655487678278631 0.5000000000000000 -0.0141942700907241
0.4315033428172005 -0.4735204276848043 0.5000000000000000
0.3985224955886699 -0.4293356187657732 0.4933637837261496
0.3583825921793847 -0.4635967048808887 0.5000000000000000
0.2890063993769727 -0.4616015854644952 0.5000000000000000
-0.1590675264771631 -0.4261852604547522 0.5000000000000000
-0.5000000000000000 -0.4653361986380409 0.0681705221231474
-0.3403457297002701 -0.5000000000000000 0.2558421057870128
-0.1131163953690615 -0.4487022203987839 0.5000000000000000
0.1254683515749900 -0.1276801477959768 0.5000000000000000
0.1225432140631292 -0.2822879888432728 0.5000000000000000
0.2056862586795833 -0.1598911588740801 0.5000000000000000
0.1685150618003385 -0.2448746856903696 0.5000000000000000
0.1329327497405178 -0.2155539820546400 0.5000000000000000
0.0582826252612924 -0.1177403783285485 0.5000000000000000
0.2096412021427935 -0.0338724363320783 0.5000000000000000
0.1482151943500635 0.1223730821515498 0.5000000000000000
0.1245574824077417 0.0708811463478864 0.5000000000000000
0.1598948072213678 -0.0347210788494710 0.5000000000000000
0.0878014889659714 -0.0455815257828112 0.5000000000000000
-0.5000000000000000 0.0351644364150676 -0.1858277144209098
-0.5000000000000000 0.1038579612296776 -0.1517957161067429
-0.5000000000000000 -0.0399418951279106 -0.3424252776620467
-0.5000000000000000 0.0652745911525121 -0.2511344412415876
-0.1947784255867405 -0.3894834808302353 0.5000000000000000
-0.3055921975967890 -0.2930937357358321 0.5000000000000000
-0.3103641211595094 -0.3667136227986799 0.5000000000000000
-0.2691576388480701 -0.3056293306585030 0.5000000000000000
-0.5000000000000000 -0.3392116415460381 0.1600299639563812
-0.5000000000000000 -0.2873195936587538 0.3642080657566391
-0.2996360816650028 -0.3067070382933764 0.5000000000000000
-0.2282446152758575 -0.3178581671976553 0.5000000000000000
-0.3028687335918132 -0.3282279525860052 0.5000000000000000
0.5000000000000000 0.4660968641641583 0.4076761044878287
0.5000000000000000 0.4553417919089189 0.4103451954443831
0.5000000000000000 0.4649293129628405 0.4127197594169928
-0.5000000000000000 0.1019169682279393 0.2091578008721625
-0.5000000000000000 0.0017567523443866 0.2293401396300098
-0.4069746600093049 0.0821078604788677 0.5000000000000000
-0.5000000000000000 0.1084776141953666 0.2484553946850938
-0.5000000000000000 -0.2225453267029480 -0.0208291774681513
-0.5000000000000000 -0.2046970966975453 -0.0433990385913192
0.1116587834007266 0.5000000000000000 0.1794620310218683
0.1336192535802488 0.5000000000000000 0.1448267309625952
-0.0221565991210458 0.5000000000000000 0.0134738895916599
-0.2535584607972801 -0.0306149813285060 0.4875537299519568
-0.5000000000000000 0.3830711492737900 -0.1410218403773791
-0.5000000000000000 0.3351133059360384 -0.0597577590097491
0.1935427843926598 0.5000000000000000 -0.4625007026805630
-0.4367550677222811 0.5000000000000000 0.4345450288480510
0.3376729302876407 0.3340018081264032 -0.5000000000000000
0.1010684335096099 0.3929746622151058 0.5000000000000000
0.5000000000000000 -0.4179023612981302 0.4180724651284128
0.4661211386201415 -0.4721692517670550 0.5000000000000000
0.4307164899469603 -0.5000000000000000 0.4477585959873471
0.5000000000000000 -0.4427522798574159 0.4950788609061338
0.5000000000000000 -0.4713212772332895 0.4454135525188801
0.4226684180873793 -0.5000000000000000 0.3769149988554039
0.3122616716048652 -0.5000000000000000 0.3197097754263846
0.4308054939350823 -0.5000000000000000 0.4390735227982379
0.4876013016437618 -0.5000000000000000 0.4590980158520177
0.5000000000000000 0.2331365366130683 -0.3125561093826690
0.5000000000000000 0.2343498382000591 -0.3230614031025537
0.5000000000000000 0.2312477430744610 -0.3184616240813241
-0.5000000000000000 -0.1235163170669094 -0.4827159059180752
0.5000000000000000 0.1425216519129922 0.2486741353616935
0.5000000000000000 0.1068149905940358 0.2119424325236873
0.5000000000000000 0.0662546369540001 0.1452675616941037
0.5000000000000000 0.1461958087714596 0.1576547346090033
0.5000000000000000 0.1769501896704160 0.2286909477737684
0.5000000000000000 0.1278588608298554 0.2298633575153159
0.5000000000000000 0.0560467027221292 0.2416474894299790
-0.0402447319242961 0.2206539205466646 -0.5000000000000000
0.5000000000000000 0.0921717051668988 0.0572906775655753
0.5000000000000000 0.1856051945604756 -0.0517673578275820
0.5000000000000000 0.1258943352974809 -0.0587959563746204
0.5000000000000000 -0.3897309861859749 -0.2888923254494865
0.4501927199907669 0.0319366858411028 0.5000000000000000
0.5000000000000000 0.0439789478979763 0.4930322847404647
0.4955761789401110 0.0403403834685882 0.5000000000000000
0.5000000000000000 0.0759018714777169 0.4926424237394422
0.4873459429340375 0.0523116617588278 0.5000000000000000
0.5000000000000000 0.0526512429931741 0.4945580387941201
-0.5000000000000000 -0.3537829073056156 0.3241631032091218
0.5000000000000000 -0.2929044349408750 0.2731755741716361
0.5000000000000000 -0.3477962913713256 0.1874272948041263
0.5000000000000000 -0.2571696748301587 0.2015928595863828
0.5000000000000000 -0.3013787019845841 0.1716734494304812
0.5000000000000000 -0.2431505074875324 0.2719971000850986
0.5000000000000000 -0.3625355067406184 0.3684783929330548
0.5000000000000000 -0.2015568693838604 0.1969350833704401
0.5000000000000000 -0.3229377163934309 0.3841281721612312
0.4994151186773002 -0.2407202774908435 0.5000000000000000
0.4209492411860367 -0.5000000000000000 0.2856606138623650
-0.5000000000000000 -0.0164479998783993 -0.1784361318560522
0.0688789158136052 -0.2755794303564094 0.5000000000000000
-0.0413940536218440 -0.0955299271295192 0.5000000000000000
0.0461056510585910 -0.2038245783650696 0.5000000000000000
-0.4615840982394530 0.5000000000000000 -0.2686371663899288
-0.5000000000000000 0.4086036330743615 -0.1716650377189258
-0.5000000000000000 0.4084900817627567 -0.3097510780005446
-0.5000000000000000 0.4597453390443894 -0.2155207061082664
-0.5000000000000000 0.4475865633699288 -0.2143806427799504
-0.4086211080312222 0.5000000000000000 -0.0738026749463354
-0.4284935137823252 0.5000000000000000 -0.2351910665167269
-0.5000000000000000 -0.1800112632404164 -0.2762207500925506
-0.5000000000000000 -0.3294013336041505 -0.3630958301533977
-0.4152150310953232 -0.5000000000000000 0.0649953872363882
-0.1978381952683423 0.1780424271521776 -0.5000000000000000
-0.2863608607145512 0.0818440568438981 -0.5000000000000000
-0.3400658939866449 0.1876720947995061 -0.5000000000000000
-0.2953400651707029 -0.2137928164748615 0.5000000000000000
-0.5000000000000000 -0.1235826939040472 0.2541513485945540
-0.2280673067252598 -0.2451122988148395 0.5000000000000000
-0.5000000000000000 -0.3196153667400059 0.1444302887226099
-0.5000000000000000 -0.2728259466243932 0.3481110500206877
-0.1601528450350869 -0.2737127060898827 0.5000000000000000
-0.0855360312947172 -0.2282418049635198 0.5000000000000000
-0.5000000000000000 -0.2253620338217127 0.1981685745198770
-0.5000000000000000 -0.2134925940888619 0.2192532366367176
-0.2254177674173229 -0.1341725970117144 0.5000000000000000
0.0737897889331498 0.4884842794322574 -0.3709370235454991
-0.0993656769228147 -0.3940668781782424 0.5000000000000000
0.0169174635673564 -0.3154115367666514 0.5000000000000000
0.0227586371670294 -0.2681075434691951 0.5000000000000000
0.1286911090254224 -0.3197981985356007 0.5000000000000000
0.1950151051110651 -0.3147327738186517 0.5000000000000000
0.1188776083780519 -0.3489976396246264 0.5000000000000000
0.1712108075330360 -0.3051462685497653 0.5000000000000000
0.0540355758554066 -0.3104995142016950 0.5000000000000000
0.0182604096787487 -0.3608960765063586 0.5000000000000000
0.1149498011630230 -0.3124119653243357 0.5000000000000000
0.1398673689379037 0.0413065076552796 -0.5000000000000000
-0.5000000000000000 0.4782968526796690 -0.0345174077134304
-0.3686729218483061 0.5000000000000000 0.4153771246226565
-0.3645254275581192 0.5000000000000000 0.4816609128464710
-0.5000000000000000 0.4401631664259287 0.3033340757744466
-0.4255249435799854 0.5000000000000000 0.3228841178551097
-0.4131184414085042 0.5000000000000000 0.3784195095931648
-0.3482886906068394 0.5000000000000000 0.4278803008093797
-0.5000000000000000 0.4658453681343517 0.2508443526711373
-0.4839743360314930 0.4386314184450463 0.5000000000000000
-0.3988384944942538 0.5000000000000000 0.4118975626161370
-0.5000000000000000 0.4829348783555913 0.3275177916666294
-0.5000000000000000 0.4998814752668689 0.2801240131741676
-0.3724376986246727 0.4115776814477863 0.5000000000000000
0.0388152327202211 0.3796117611017155 0.5000000000000000
-0.5000000000000000 0.1763901883834930 0.4066029991450312
-0.3625928436407566 0.1865548777672807 0.5000000000000000
-0.4067174896925179 0.0907209033237485 0.5000000000000000
-0.5000000000000000 0.2147942927052501 0.3188623667750355
-0.3191056439119909 0.2593369943694704 0.5000000000000000
-0.5000000000000000 0.2601676473863992 0.3460842616187589
-0.3228387372116979 0.2101228553482032 0.5000000000000000
0.4894441295439372 0.3111831891182120 0.5000000000000000
0.3669511041100464 -0.5000000000000000 0.0081346403662483
0.5000000000000000 -0.3878126864714168 0.1294848688575154
0.4166470546013738 -0.5000000000000000 0.2360957889340179
0.2856159560137209 -0.5000000000000000 -0.0904768455348421
0.5000000000000000 -0.4390517053088875 0.0852986691701309
0.4119392061177991 -0.4527963848718398 0.5000000000000000
0.3843548174767894 -0.4149566055081204 0.5000000000000000
0.5000000000000000 -0.1143809824769159 0.1771869405200858
0.5000000000000000 -0.1149522508437707 0.1675738928676947
0.5000000000000000 -0.1112004247342255 0.1771106026668915
0.5000000000000000 -0.0801181276757156 0.1415839603303542
0.5000000000000000 -0.1104284702567165 0.1723299549910982
0.5000000000000000 -0.1139365494391121 0.1799394180709775
0.5000000000000000 -0.1116716870959485 0.1801966511002388
0.4186575568034667 0.5000000000000000 -0.3698822981219037
0.0937158428971239 0.4187016332515043 -0.5000000000000000
0.0407896741035259 0.4675574587172343 -0.5000000000000000
-0.1561047713945592 -0.4091736690377948 0.5000000000000000
-0.1815802580649688 -0.4284859014064770 0.5000000000000000
-0.1669998990722917 -0.4207005659384289 0.5000000000000000
-0.1607318789861329 -0.4179371331438203 0.5000000000000000
0.5000000000000000 -0.2611850406998839 -0.0802553644055876
0.5000000000000000 -0.3139885148486307 -0.0319540726266462
0.5000000000000000 -0.3057570058872856 -0.1008696308955580
0.5000000000000000 -0.3604943394185104 -0.0270004423504734
0.5000000000000000 -0.3472781887217983 -0.0939383898174402
0.5000000000000000 -0.0269878598253046 -0.1206781124653333
0.5000000000000000 -0.0236512116833066 -0.0833144409757549
0.5000000000000000 0.0549779900512089 -0.1098310740995123
0.5000000000000000 0.0140476175399933 -0.1255981419448157
0.5000000000000000 -0.0880638648727549 -0.0387581422108916
-0.5000000000000000 -0.0207231590593372 0.2305483055127740
-0.5000000000000000 -0.0263038235933113 0.3397776354429240
-0.4033903033367678 0.0751634947846680 0.5000000000000000
-0.5000000000000000 -0.0519366337865312 0.2943337815703809
-0.5000000000000000 0.1068262134004730 0.1040273140684949
-0.5000000000000000 -0.0194259636359835 0.2246775586191908
-0.1197344502611424 0.0934589025425883 0.5000000000000000
-0.5000000000000000 0.2102549858455744 -0.4603100472873518
0.2287312357397155 -0.4310907909082355 -0.5000000000000000
0.5000000000000000 -0.4254520464375938 -0.2012735526197266
0.3354709750681674 -0.2865092823462277 -0.5000000000000000
0.1856609427594764 -0.4135310968644686 -0.5000000000000000
0.5000000000000000 -0.3478963784586633 -0.3108389894225815
0.5000000000000000 -0.3529483472651067 -0.1789486042812622
0.2667712845883141 -0.3369851661330139 -0.5000000000000000
0.5000000000000000 -0.4029232498753995 -0.1628478960057324
-0.5000000000000000 -0.0918857899863141 0.0863530682378671
-0.5000000000000000 0.2129479056825988 -0.4861773359999244
-0.3472808837259984 0.2619551018578437 -0.5000000000000000
-0.3636133733079239 0.5000000000000000 -0.4322559308881230
-0.4250279994794134 0.5000000000000000 -0.3248819265257523
-0.5000000000000000 0.4044868500309503 -0.3221903530607273
-0.5000000000000000 0.4578001305125018 -0.3680007574004882
-0.4451527679912057 0.4432405589512838 -0.5000000000000000
-0.5000000000000000 0.4080109849096921 -0.4194901081215654
-0.3811596718704353 0.5000000000000000 -0.2920573198854214
-0.1562874213223372 0.5000000000000000 -0.2227634408981697
-0.0310395606016833 0.5000000000000000 0.2288792576413320
-0.5000000000000000 -0.2046038398012602 -0.2142772055468867
-0.5000000000000000 -0.2016400787594039 -0.1734224270199793
-0.5000000000000000 -0.3259564689465173 -0.3426179349520464
0.0604266941573460 0.5000000000000000 -0.4024324001686279
-0.0793950029887328 0.3721306432136650 -0.5000000000000000
-0.0177945039318476 0.3729068401062208 -0.5000000000000000
-0.0715028363674799 0.3573310401494068 -0.5000000000000000
-0.0481925054922519 0.3636378738782872 -0.5000000000000000
-0.0532685677352082 0.3917345201845144 -0.5000000000000000
-0.0264482450282565 0.2295252583591125 -0.5000000000000000
-0.0147837087569704 0.1857964661987929 -0.5000000000000000
-0.0315583798165327 0.1887440572520193 -0.5000000000000000
-0.0651887125884323 0.2201398887491579 -0.5000000000000000
-0.0783043752934873 0.1835922430545590 -0.5000000000000000
-0.0450788118307835 0.2269628442373488 -0.5000000000000000
0.1025687718934679 0.2667982569015939 -0.5000000000000000
-0.0024928443917058 0.2273152402835312 -0.5000000000000000
-0.3469547237926036 0.5000000000000000 -0.3978344682379686
-0.2851778133531047 0.5000000000000000 -0.4586997423188865
-0.2684234413626826 0.5000000000000000 -0.4020576206973599
0.3403971677170916 0.5000000000000000 -0.4186756833096563
-0.3990737625901176 0.5000000000000000 -0.2975733723350418
0.4254992831156742 -0.3536013631004969 0.5000000000000000
0.4328471703968725 -0.3163108119815185 0.5000000000000000
0.3700126136764139 -0.3434857821647537 0.5000000000000000
0.4089402917093573 -0.3427581069417869 0.5000000000000000
0.4027925025735835 -0.3556942205820108 0.5000000000000000
-0.3134335768179272 -0.5000000000000000 -0.1016573157560128
-0.5000000000000000 -0.3384468780906810 -0.3570612707790317
0.0048611546958334 -0.5000000000000000 0.1946183426010375
-0.5000000000000000 -0.4074152223505709 -0.1675838958941366
0.0230020077930107 -0.1610608802543115 -0.5000000000000000
-0.0148704558656825 -0.2091544535453526 -0.5000000000000000
-0.2780387492735810 -0.2636307171426923 -0.5000000000000000
-0.0645997562485337 -0.1838139366309521 -0.5000000000000000
-0.1851831163626130 -0.1661305463377043 -0.5000000000000000
0.3136153013384564 0.2997872781815657 -0.5000000000000000
0.3195923467395253 0.2142582602230169 0.5000000000000000
0.1887333379576844 0.2002369766079617 0.5000000000000000
0.2062993413844645 0.2241133708138699 0.5000000000000000
0.2384850745627987 0.3233784599365028 0.5000000000000000
0.5000000000000000 -0.1753751175993765 0.1487047318686249
0.2980953818064163 -0.1315072392061934 -0.5000000000000000
-0.4549421886672830 0.0406806013629855 -0.5000000000000000
-0.3318589893857419 -0.0598241923896803 -0.5000000000000000
-0.3739332719157186 0.0367296506579338 -0.5000000000000000
-0.3590615117437558 0.0042140041779227 -0.5000000000000000
-0.3567837832882695 0.1733512994744621 -0.5000000000000000
0.2920495828525468 -0.1122873732724050 -0.5000000000000000
0.5000000000000000 -0.0895697507949939 0.4247831776890740
0.5000000000000000 -0.0145093918361716 0.2990757158386322
-0.2237993062494379 0.5000000000000000 -0.1457975985704435
-0.5000000000000000 0.4045877241096771 -0.3214752703383047
-0.3578594586362284 0.5000000000000000 -0.2658813240528025
-0.1578643372895857 0.5000000000000000 -0.2168714494149039
-0.5000000000000000 -0.3832674736365810 0.3661032326903844
0.5000000000000000 -0.0677676731083414 -0.1910077636378071
-0.2589028736674325 -0.5000000000000000 0.4527030298468308
-0.5000000000000000 0.3828554692161978 -0.1469635571234190
-0.5000000000000000 0.3609411110655367 -0.1364177834888245
-0.5000000000000000 0.3842574348547919 -0.1394662284709124
-0.5000000000000000 0.4250797471925122 -0.0921765269011751
-0.4437352105175406 -0.2619015155462294 -0.4928144501439774
-0.3492367028388229 -0.3565721977602923 -0.5000000000000000
-0.1590781840827910 -0.4330018650496442 -0.5000000000000000
-0.3152464877284751 -0.3877409671618939 -0.5000000000000000
-0.0058244022002774 0.1427465096764889 0.5000000000000000
-0.0862821063328960 0.0909395794445023 0.5000000000000000
-0.0168972972364771 0.0453453491662576 0.5000000000000000
-0.1024195762213509 0.1575217594363106 0.5000000000000000
0.5000000000000000 0.3321247162727136 -0.3236228264433512
0.5000000000000000 0.3449202158571203 -0.3157524491114860
0.5000000000000000 0.3385556804531906 -0.3489519465785675
0.5000000000000000 0.3467220075482048 -0.3415698013166018
0.5000000000000000 0.3292515051434274 -0.3376550214825202
0.5000000000000000 0.2986374190759237 -0.1512539338822244
0.5000000000000000 0.3741541535104794 -0.1169781343788044
-0.0979464347351177 0.5000000000000000 -0.0240224906680852
-0.1133040788256467 0.5000000000000000 -0.1062271216784192
0.5000000000000000 0.1475306099453084 0.3210884948421930
0.5000000000000000 0.2012429239501301 0.3337906962069996
0.5000000000000000 0.2012553649811884 0.2926409104812593
0.5000000000000000 0.1715762327086121 0.3142122243278649
0.5000000000000000 -0.4410028710084381 -0.1649369183217876
0.4151876184571985 0.0250720939550004 0.5000000000000000
-0.3254287613693325 -0.0918149350228164 -0.5000000000000000
-0.2913341690851523 -0.1964529249662608 -0.5000000000000000
-0.3049037810488270 -0.2646337560008528 -0.5000000000000000
-0.1895592868434623 -0.1658377937861741 -0.5000000000000000
-0.5000000000000000 -0.0928038469641056 0.0611010450134616
-0.5000000000000000 0.3901372319063230 0.3229326985223077
-0.5000000000000000 0.3934013449441529 0.2512314729490009
-0.5000000000000000 0.3598296737553328 0.2638201575766948
0.3308359635172839 -0.2562966726532823 0.5000000000000000
0.4275637793848321 -0.2611815322094820 0.5000000000000000
0.2827762157211226 -0.3125025007796372 0.5000000000000000
0.2887743336092727 -0.3028118769856413 0.5000000000000000
0.3472877457541766 -0.2897251204319166 0.5000000000000000
0.5000000000000000 -0.2019734479175622 0.1292373163657443
0.5000000000000000 -0.1460840995933271 0.0882982559534137
0.5000000000000000 -0.1673997015067342 0.1940850203259135
0.3277253635757408 0.4381955575308309 0.5000000000000000
0.2857246438281772 0.4940458968671361 0.5000000000000000
-0.0826787270659446 0.5000000000000000 0.3576157887383615
0.0006341348789620 0.5000000000000000 0.2258112926437011
0.1320556169302858 0.5000000000000000 0.3025710489091025
-0.3087626750208398 0.5000000000000000 0.0281704534387530
0.2358323909485311 0.3400139378893141 0.5000000000000000
0.5000000000000000 -0.2118331132224421 -0.0750002386567198
0.5000000000000000 -0.1980067135076777 -0.1043482578591354
0.5000000000000000 -0.1680224895863588 0.0062505148169678
0.5000000000000000 -0.1204852922645900 -0.1727888628353667
0.5000000000000000 -0.2454287844151818 -0.0647637447211008
0.5000000000000000 -0.1797156655317765 -0.2008191466946620
-0.0455887328592828 -0.5000000000000000 -0.2584750340193995
0.0510650993494843 -0.5000000000000000 -0.1298828146995676
-0.0774394380511634 -0.5000000000000000 -0.3334232034505241
-0.1828976112546068 -0.5000000000000000 -0.3718338429666752
-0.3907048027857585 0.5000000000000000 0.2623618953806913
-0.5000000000000000 0.4765312893310383 -0.0315488658031935
0.3387331545714969 -0.5000000000000000 0.4183994526426577
0.2881272998868114 -0.5000000000000000 0.4512101023809127
0.1840772777378639 0.2948849964693779 -0.5000000000000000
0.5000000000000000 -0.1059954156320352 0.4169921697336914
-0.2940805826069848 -0.2766877899414568 -0.5000000000000000
0.0777092940700948 -0.5000000000000000 -0.1955825295296433
0.2008921244124883 -0.5000000000000000 -0.1408112055427104
0.3295457200937486 0.4378094456807411 0.5000000000000000
0.3293454491954783 0.4366858593422317 0.5000000000000000
-0.5000000000000000 0.1604290004065935 0.1086103187174979
-0.5000000000000000 0.1533218354746725 -0.0154464541968027
-0.5000000000000000 0.2138535895343987 0.2056770823999117
-0.5000000000000000 -0.1024949512780278 0.1677042597126202
-0.5000000000000000 -0.0284703280891482 0.2105519816385382
-0.5000000000000000 -0.0219378109197523 0.2281647534642484
-0.5000000000000000 -0.0107187211915290 0.2471272088024483
-0.5000000000000000 -0.0189034990599896 0.2269667497276101
-0.5000000000000000 0.0269239361947472 0.0989080941975222
0.2306224422710370 -0.5000000000000000 -0.0042719658980137
-0.2736583202463270 0.5000000000000000 0.3102876528882292
-0.1151245909533700 -0.5000000000000000 0.2963529381264378
-0.3218655557820291 -0.5000000000000000 0.1344613784138744
0.0441259244800964 -0.1564679569726207 -0.5000000000000000
0.0489522705724290 -0.1239428111402574 -0.5000000000000000
0.0635955501374568 -0.1499207535352470 -0.5000000000000000
0.0359499254521747 -0.1368010433538461 -0.5000000000000000
0.0751631565764350 -0.1311901161624567 -0.5000000000000000
0.5000000000000000 0.4107513721982866 0.2873072567084786
0.4017593787976496 0.5000000000000000 0.2184966622516937
0.5000000000000000 0.3450874813648602 0.3015346500937804
0.3132984437576552 0.5000000000000000 0.1870806169898038
0.2908322574438534 0.5000000000000000 0.2187092595717602
-0.5000000000000000 -0.4408226257422415 0.1104558898845354
-0.5000000000000000 -0.4543618903728577 -0.0099884676323948
-0.5000000000000000 -0.4302837482411252 0.0768656454952251
-0.4991920935165162 -0.1247380326412481 0.1521456784281297
-0.5000000000000000 -0.0944094957484126 0.3432343736833234
0.2041511639018654 -0.0942373503341624 -0.5000000000000000
0.4131097278727997 0.0179159285337448 0.5000000000000000
0.4703112405455596 -0.0297499193658361 0.5000000000000000
0.4110347265356609 0.0177552507484960 0.5000000000000000
0.4212650702006008 0.0500624148588324 0.5000000000000000
0.3486127316062665 0.0724800231248634 0.5000000000000000
0.4376921975913286 0.0173213498981900 0.5000000000000000
0.4073834086166905 0.0395589383023253 0.5000000000000000
0.0536625976368488 0.5000000000000000 -0.2055143172481167
0.2200505795816352 0.5000000000000000 -0.0939068186322347
0.2584577048085021 0.5000000000000000 -0.0043438507645731
0.1180260904059799 0.5000000000000000 -0.1451702300172804
0.0760378752290779 0.5000000000000000 -0.3334551146359794
0.5000000000000000 0.4879146002131243 -0.0414465425783989
0.4146745995333807 0.5000000000000000 -0.0367753315193949
0.4951814948557809 0.5000000000000000 -0.0346788554294863
0.2993775412503582 -0.1261972322005655 0.5000000000000000
0.3415372971232081 -0.1162666977751466 0.5000000000000000
0.2964084909095119 -0.0713843235640433 0.5000000000000000
0.4275232665837068 -0.1990775613240800 0.5000000000000000
0.2508222293139355 -0.2060315403986677 0.5000000000000000
0.1922810316947509 -0.0891744857179662 0.5000000000000000
0.3656739828587824 0.3045067995598190 0.5000000000000000
0.3833068325606476 0.2352228378991854 0.5000000000000000
0.2254480588056277 0.2357050369483488 0.5000000000000000
0.2449165277185898 0.3298022962196340 0.5000000000000000
-0.5000000000000000 0.0560115285791098 0.3550469458268424
0.3466098525338913 0.2464977124825606 -0.5000000000000000
0.3514264093359930 0.2021759641040718 -0.5000000000000000
0.5000000000000000 -0.1822103618309943 -0.3143545684148420
-0.5000000000000000 -0.0770807868115964 0.3949318072386471
-0.3519941716678694 -0.4044226543897937 0.5000000000000000
-0.5000000000000000 -0.3496613017579650 0.1991095816247209
-0.5000000000000000 -0.3046852069793613 0.3617387480629739
-0.5000000000000000 -0.3678070072758602 0.2841161320821075
-0.3623152716701815 -0.3647724823207463 0.5000000000000000
-0.5000000000000000 -0.4001967737782047 0.3226890659761154
-0.4008193883318392 -0.4514805579896327 0.5000000000000000
0.0302672002417226 0.3147634186096964 0.5000000000000000
0.0342239268588746 0.1998498071703155 0.5000000000000000
0.0695582874823866 0.1666110757147785 0.4872308163676752
0.0395061490237273 0.1891897130411858 0.5000000000000000
-0.4809299168555516 0.0807255669267608 -0.5000000000000000
-0.4792082639392982 0.0156078975472579 -0.5000000000000000
-0.4712247090575247 0.0509070248358787 -0.5000000000000000
-0.5000000000000000 0.2191942182918423 0.1588301782054165
-0.5000000000000000 0.2593874447884519 0.0199534386949450
-0.1213450964715558 0.1118149570104341 0.5000000000000000
-0.1257458249852700 0.1814917270509454 0.5000000000000000
0.3304979064940019 -0.1884595095399552 -0.5000000000000000
0.3486515972098757 -0.2374248553112417 -0.5000000000000000
-0.4261364089009540 -0.4826697915999210 -0.5000000000000000
-0.3944310090118609 -0.4361572956687122 -0.5000000000000000
0.1242864131930307 -0.5000000000000000 -0.0079439580332893
0.5000000000000000 0.0348210548495835 0.1341903488956964
0.5000000000000000 0.0177640114867538 0.1031033545674381
0.5000000000000000 -0.0202820478380526 0.1566172162484156
-0.2933818762700727 0.5000000000000000 0.4710951797994226
-0.2580199048490994 0.5000000000000000 0.4551765899094310
-0.2689232502766300 0.5000000000000000 0.3957290998067300
-0.5000000000000000 0.3365111123012512 -0.0684498409240148
-0.5000000000000000 0.3322679315527677 -0.0456724378125998
-0.5000000000000000 0.3197587503653669 -0.0667102731229164
-0.5000000000000000 0.3366286429853169 -0.0587502334787763
-0.5000000000000000 0.3975343942196887 -0.0453160739670460
0.3313530468125120 -0.1676859536845857 0.5000000000000000
-0.5000000000000000 -0.1912892148536128 -0.3314698435761650
-0.3182936232373906 -0.2667958329452293 -0.5000000000000000
-0.5000000000000000 -0.2854168906862176 -0.4547003397394611
-0.5000000000000000 -0.2735881929224568 -0.4925395683031824
-0.5000000000000000 -0.3276628113864614 -0.3724983896725094
-0.3600880019010267 -0.3831422176820468 -0.5000000000000000
0.4799269137182633 0.5000000000000000 -0.2914226544010902
0.1368480298290159 0.3513754170730381 -0.5000000000000000
0.5000000000000000 0.2745450819354868 -0.1038567663933420
0.5000000000000000 0.2680860579252197 -0.1902877038838925
0.5000000000000000 0.2851609155646004 -0.1940843303173447
0.5000000000000000 0.2378505452162542 -0.1214740001565513
-0.0174329940972157 0.3029666329069938 -0.5000000000000000
-0.0831953856719078 0.5000000000000000 -0.3101403018337254
-0.2137949131682745 0.5000000000000000 -0.3948115203973510
-0.2894445021767590 -0.4496721285897687 0.5000000000000000
-0.3385692765215987 -0.4510119076110143 0.5000000000000000
0.5000000000000000 0.3454743486578957 0.1404792384576438
0.5000000000000000 0.4226279988942071 0.1933556491268587
0.3791641931720668 0.1953706402491517 0.5000000000000000
-0.0545476126900584 0.5000000000000000 -0.3582572451552088
-0.1984468723966092 0.4048668363375478 -0.5000000000000000
-0.0878834628228254 0.5000000000000000 -0.2156360413291378
0.0045655592895725 -0.2072650946757165 -0.5000000000000000
0.5000000000000000 -0.0978522730448462 -0.0323866922398682
0.2720967482692017 0.4884143709534682 0.5000000000000000
0.2828068940722834 0.4929349975965500 0.5000000000000000
0.5000000000000000 0.4552807909170656 -0.0114317083337466
0.5000000000000000 0.4996447168571214 0.0563374113215588
0.5000000000000000 0.4581558606873504 0.0570405729760376
0.5000000000000000 0.4812579664113689 0.0244071085180867
0.1346850356912072 0.3580872044767603 -0.5000000000000000
0.1241567732088289 0.3650498742139648 -0.5000000000000000
0.1646796095659572 0.3217086250053905 -0.5000000000000000
0.1452173514263366 0.3710534208877763 -0.5000000000000000
-0.5000000000000000 -0.0732725913662391 -0.2000703263462512
-0.5000000000000000 -0.0251715455068463 -0.1986908655055023
-0.5000000000000000 -0.0070374997303094 -0.1599575094760326
-0.2568959621731867 -0.4632560143249116 0.5000000000000000
-0.3084231996237680 -0.4735615682327366 0.5000000000000000
-0.0813218687269980 0.5000000000000000 0.3676002046921898
0.0519162182066199 0.3955913030249821 0.5000000000000000
0.0356812414963618 0.4369484957948782 0.5000000000000000
0.1103579607441828 0.3174425666007317 0.5000000000000000
-0.0009563257305105 0.3615293246609704 0.5000000000000000
0.1964365954350103 0.3473518758975466 0.5000000000000000
0.5000000000000000 0.0100379770014091 0.3248586852879985
-0.4136167278789608 -0.2114231609918069 -0.5000000000000000
-0.4014911514983432 -0.2652043747321584 -0.5000000000000000
-0.5000000000000000 -0.3204497275269017 -0.4019537806788651
-0.5000000000000000 0.2479201446825975 0.1718509660941357
-0.1775147920618325 -0.4913265262856201 0.2280274495815962
-0.0027841356427980 -0.5000000000000000 0.3666389531274190
0.1945172035776998 0.0208700629573456 -0.5000000000000000
0.1018343871309404 0.1170065100026080 -0.5000000000000000
0.1639637322898190 0.0672570509029863 -0.5000000000000000
0.1812262602293998 -0.0730572456101882 -0.5000000000000000
0.0581815007634791 0.0096539733729209 -0.5000000000000000
-0.5000000000000000 0.4037725234144272 -0.3183172387325667
-0.5000000000000000 0.3881238826306600 -0.3321180626032855
-0.5000000000000000 0.3988897358040195 -0.3123250776879207
0.5000000000000000 -0.1895839890990186 0.3864114199510330
0.3025344155591999 -0.1141484068603194 -0.5000000000000000
-0.5000000000000000 0.3673135144476996 0.4185871564167761
0.5000000000000000 -0.0906894988062054 0.4492907760994754
-0.0830428221841433 0.5000000000000000 0.3644670134498267
-0.0997732998762409 0.5000000000000000 0.3601528094096330
-0.0914835265510466 0.5000000000000000 0.3539208079332571
-0.0952480046187948 0.5000000000000000 0.3421931051343808
-0.0834813022944369 0.5000000000000000 0.3638835630314544
-0.5000000000000000 -0.1232461690870940 0.4295755490883855
0.5000000000000000 -0.3992540595685048 0.4916577327098690
-0.3221206935388273 -0.0806138289434067 -0.5000000000000000
0.3490435198954532 -0.0417040485729246 0.4951100435201921
-0.4082973566321388 0.0788388169915787 0.5000000000000000
-0.4021818013418714 0.0813260501404415 0.5000000000000000
0.3587217535913073 0.3840298949232204 0.5000000000000000
0.5000000000000000 -0.0811486617229401 0.4688012717631508
0.4968325878274962 -0.0044948488355519 0.5000000000000000
0.2947067949035937 -0.0793328917595054 -0.5000000000000000
0.3791174008519836 -0.0547122023297367 -0.5000000000000000
0.3142978648167652 -0.0987485078157809 -0.5000000000000000
0.2293873040864116 -0.0970330063924938 -0.5000000000000000
0.3157808957400152 -0.1228101827711009 -0.5000000000000000
0.5000000000000000 0.0017328375938199 -0.2605524247288681
0.5000000000000000 -0.3435852674786763 0.0979703648535837
0.0000529957397265 -0.2186484605531947 -0.5000000000000000
-0.5000000000000000 -0.3381800303794176 0.1227141509067662
-0.5000000000000000 -0.3814952834192367 0.1800086299209311
-0.5000000000000000 -0.3633759205200232 0.1444303091416980
-0.5000000000000000 -0.3763419930603792 0.0857498774604515
-0.5000000000000000 -0.3552396672289312 0.1334556624082306
-0.5000000000000000 -0.2392875934379158 0.3887208740343568
-0.2893828146627412 -0.0424333031376085 -0.5000000000000000
-0.3721341906754925 -0.0890069403538185 -0.5000000000000000
-0.3029456407283627 -0.0624661177724528 -0.5000000000000000
-0.3086401370045707 -0.0847046454731549 -0.5000000000000000
0.5000000000000000 -0.0767215303465834 -0.2150111563765710
0.5000000000000000 -0.1261916161507045 -0.3015620213429424
0.0463005086921799 0.0058712617574932 -0.5000000000000000
0.5000000000000000 -0.3270259256163468 0.0350613705557178
-0.4190655871045574 -0.1034466498840778 0.4985700310301125
0.5000000000000000 0.3382561313983393 -0.0779828394541871
0.4119892044817481 0.5000000000000000 -0.2191438363825126
0.5000000000000000 0.3784506632337392 -0.0312168397629094
0.4761400483290590 0.5000000000000000 -0.0831167652258572
0.5000000000000000 0.4220012967229489 -0.0120020825390416
0.5000000000000000 0.4001726761334087 -0.0837992140285996
0.5000000000000000 0.4171597156364065 -0.0983718744262184
0.5000000000000000 0.3056152543297888 0.0234982133501796
0.5000000000000000 0.2673119672919002 0.0057810261155240
-0.3790160681628100 0.5000000000000000 -0.0360533429316204
0.2285137232309034 0.0055304148943830 -0.5000000000000000
0.4323257851991011 0.3027740336644237 0.5000000000000000
0.3796089995054804 0.3301669764476862 0.5000000000000000
-0.5000000000000000 -0.1239011013164431 -0.4881107322219582
0.0844340458866185 0.4961778183626419 -0.0405193929368667
0.3831423865426908 -0.0524968399897419 0.5000000000000000
0.5000000000000000 -0.0978908807403092 0.4885701004190279
0.5000000000000000 -0.1229385660662566 0.4857632142001830
0.5000000000000000 -0.1335871769435369 0.4212441365029462
0.5000000000000000 -0.1028087439737439 0.3680616135896854
0.1659979981914566 0.5000000000000000 -0.4189787867253597
0.1811779838475646 0.5000000000000000 -0.4170588569731719
0.1727315929029390 0.5000000000000000 -0.4072426059242207
0.1311652864360474 0.5000000000000000 -0.4012579787569359
-0.4897876206720132 0.0277278173900804 0.3244996299307656
0.4523281999274155 0.3887964924979546 0.5000000000000000
0.4701987664963180 0.2239316551633971 0.5000000000000000
0.5000000000000000 0.2572096501975033 0.3152625162611720
0.5000000000000000 0.2803515086766293 0.3952451292035529
-0.5000000000000000 0.2062361656405917 -0.4765496272350061
-0.4783674224739229 0.2377036951546437 -0.5000000000000000
-0.5000000000000000 0.2135491988497420 -0.4188411065083040
-0.5000000000000000 0.2377228667190298 -0.4902468686193724
-0.5000000000000000 0.1935648368342182 -0.4099781915614686
-0.5000000000000000 0.2385683943966355 -0.4630580732386888
-0.5000000000000000 0.2207838740616790 -0.4568179481779772
-0.3862692681186786 0.2022092173909620 -0.5000000000000000
-0.4596622713284468 -0.5000000000000000 0.3722021045392450
-0.5000000000000000 0.4324626403381798 0.2652788741655444
-0.4832154860116218 0.4342913376481133 0.5000000000000000
-0.5000000000000000 0.3293925850462213 0.3654512706301686
-0.3767966670665266 0.3898955872211174 0.5000000000000000
-0.5000000000000000 0.4454272378600612 0.2100224298135975
-0.5000000000000000 0.4600103668975151 0.2071673840919325
-0.5000000000000000 0.4714238064003557 0.0422393516735932
0.2404994617794927 0.3325836951860773 0.5000000000000000
-0.5000000000000000 -0.1598369107194216 -0.1913152160907787
-0.5000000000000000 -0.1623818810611267 -0.1659304538034109
-0.1628561328654624 0.2365047824114268 -0.5000000000000000
-0.1939644906310038 0.2034526648691475 -0.5000000000000000
0.2680058626013133 0.5000000000000000 -0.0813401701993541
0.3701474074664832 -0.0670863573133992 0.5000000000000000
0.3338506866712623 -0.0177480588025350 0.5000000000000000
0.0412533345102052 0.4747992223588816 0.5000000000000000
0.2258657295702603 0.3406960201960989 0.5000000000000000
0.4964391302011780 0.1828359935193467 -0.0050302385874991
-0.2036879552714678 0.2077260050969537 0.5000000000000000
-0.0267796362237300 -0.2480220078887522 -0.5000000000000000
0.0088295960467138 -0.2179521032579886 -0.5000000000000000
0.4916637871975962 -0.2335631693909384 0.5000000000000000
0.4630126411473289 -0.2283608887847851 0.5000000000000000
0.4984769196382077 -0.2298137950572899 0.5000000000000000
-0.5000000000000000 -0.1523163978571247 -0.2933039640771838
-0.5000000000000000 -0.1242713618028763 -0.4046585749126610
-0.5000000000000000 -0.0926347671056968 0.0360975122221799
-0.5000000000000000 -0.0778635712534938 0.0040444585027748
-0.5000000000000000 -0.0769709792038289 0.0403114469438131
0.1858156576185260 -0.0942676724651515 -0.5000000000000000
0.5000000000000000 -0.0963236700651798 -0.0392674158692943
0.3123044970958506 0.3156494375964792 -0.5000000000000000
0.2038918294389105 0.2914902715993572 -0.4836625752852176
0.4324379914609137 0.4199853679459429 0.5000000000000000
0.4172675265630176 0.3986660041805759 0.5000000000000000
0.1704030509289584 0.2196467286665718 0.5000000000000000
-0.5000000000000000 0.2432666859984363 -0.0299278817991285
-0.5000000000000000 0.1788788279218632 -0.0811464454096529
-0.5000000000000000 0.1851107425021850 -0.1348174602310452
-0.5000000000000000 0.1596779113409124 -0.1863916215338095
0.5000000000000000 -0.1356834115324597 0.0313767223905245
0.5000000000000000 -0.0849880455795728 -0.1846719195290089
-0.5000000000000000 -0.3371364490045655 -0.3533225438222457
-0.5000000000000000 -0.3963767565427754 -0.1555518971151328
-0.1536688820975984 0.5000000000000000 -0.4439761572310530
0.0356086421833471 0.5000000000000000 -0.3940783012586737
-0.4710393863645487 -0.5000000000000000 -0.0157877743495161
-0.5000000000000000 0.2773030178681282 0.0053594505205228
-0.0117445028281732 0.4626106046503441 0.5000000000000000
-0.5000000000000000 0.3751511368535143 0.1528922000514655
-0.5000000000000000 0.3453852961469791 0.0781441207428659
-0.1065759706616385 0.3193823763795282 0.5000000000000000
-0.4929439390335584 0.2258623440522178 0.2298351167674946
0.4279668028407344 -0.0279040006909524 -0.5000000000000000
0.5000000000000000 -0.1353642960784482 0.0630446022324892
0.5000000000000000 -0.1453953512838592 0.0544240857715371
0.5000000000000000 -0.1049952215037032 -0.0111968223202556
-0.1695739909140555 -0.5000000000000000 0.2497379498142568
-0.2344585193941694 -0.5000000000000000 0.4422237497019856
-0.0095865214291935 -0.5000000000000000 0.4008506882391610
0.0973558186783375 0.1719660067690841 0.5000000000000000
0.0862151976694796 0.1688450841855486 0.5000000000000000
0.0234202932095647 0.1463329804232722 0.5000000000000000
0.1045601306123536 0.1797931296330539 0.5000000000000000
0.0789902027107116 0.1545250504997684 0.5000000000000000
-0.0068301378906816 0.1722140876586138 0.5000000000000000
0.4101302414584156 0.2155636665351608 0.5000000000000000
0.3993318399507059 0.2706731224785398 0.5000000000000000
-0.0467562627149442 -0.1298653046393782 -0.5000000000000000
0.0368802600726271 0.0042914598378916 -0.5000000000000000
-0.1851673097630593 -0.1635441614728463 -0.5000000000000000
0.1795304313446078 0.2872232300051953 -0.5000000000000000
0.1067977831167851 -0.5000000000000000 -0.0166963380386410
-0.2803353449619000 -0.2864315274498269 -0.5000000000000000
-0.3129719520080922 -0.3069273905528473 -0.5000000000000000
-0.5000000000000000 0.4825885524656203 -0.0514102876525433
-0.4148768478250883 -0.3710060325754276 -0.5000000000000000
-0.2282901167205225 0.0069708307067356 -0.5000000000000000
-0.1780276653776398 -0.0338609363013634 -0.5000000000000000
-0.1157688268086197 -0.3154711933966292 0.5000000000000000
0.5000000000000000 0.0081761672572144 0.2844766702187764
-0.5000000000000000 -0.4445620107764406 -0.0584279147967193
0.1890144999988402 0.1833781533915808 0.5000000000000000
0.0890570925155623 0.5000000000000000 -0.3751880152534353
0.2646666037814682 -0.5000000000000000 0.3333989833101944
-0.5000000000000000 0.2689254760887603 0.0136616840257044
-0.5000000000000000 0.2386324732135338 0.1527681539161462
-0.5000000000000000 0.2715358562052107 -0.0319191956269443
0.0920814539571313 -0.5000000000000000 0.4774365571336024
0.2131043673933448 -0.4961563470823015 0.5000000000000000
-0.2359894882726243 -0.0017179103942881 -0.5000000000000000
-0.2179703109134633 0.0415161077639293 -0.5000000000000000
-0.2116079117999906 0.1228584546052056 -0.5000000000000000
-0.0553865414350855 0.0131202678594042 -0.5000000000000000
-0.2313521121854470 0.0221323873149006 -0.5000000000000000
-0.1903720725002743 -0.1514996242732535 -0.5000000000000000
-0.2642869506143689 0.0358451048071146 -0.5000000000000000
-0.2180451250073609 0.0233002623098452 -0.5000000000000000
-0.2324560009647102 -0.0175820559288848 -0.5000000000000000
-0.2636768048808616 0.0154372858900896 -0.5000000000000000
-0.0519257163893746 -0.2477913573714951 0.5000000000000000
-0.0472498729063138 -0.1176148176380728 0.5000000000000000
-0.0344404951895528 -0.2330481875773021 0.5000000000000000
-0.0073079377817514 -0.2234129100085359 0.5000000000000000
0.4108685932171529 0.5000000000000000 0.0345575848958156
0.2717394931600005 0.5000000000000000 -0.0555779358398683
0.3744359492824957 0.5000000000000000 -0.0706962037683046
0.3111552480463853 -0.5000000000000000 0.1670596860556977
0.3909009116540281 -0.5000000000000000 0.3153630122600255
0.2455908276028786 -0.3073902394980850 0.5000000000000000
0.2355554762745738 -0.2883732529596948 0.5000000000000000
0.0449913453915548 0.3702994995386745 -0.5000000000000000
0.1378215706702069 0.4332499087285294 -0.5000000000000000
-0.0156026655477081 0.3095052696822662 -0.5000000000000000
-0.2490815063771895 0.2421395132898625 0.5000000000000000
0.1847390342558936 -0.4132364632680932 -0.5000000000000000
0.5000000000000000 0.2954885708235294 0.0852016946039786
0.5000000000000000 0.2570034468957813 0.0673888356126418
-0.5000000000000000 -0.4455898496432636 0.2478946335803433
-0.5000000000000000 -0.4189788867359618 0.1711061901909445
-0.5000000000000000 0.2558854211214272 -0.0875409055350247
-0.3084453244934299 0.2622629873472347 -0.5000000000000000
-0.2047454915158024 0.0076146321368548 0.5000000000000000
0.5000000000000000 -0.0936659635506657 -0.2260840833376777
0.5000000000000000 -0.0310015207690198 -0.1718108344025194
0.5000000000000000 -0.0793678318668860 -0.2114521336927550
0.5000000000000000 -0.0322530395297041 -0.2219785038572875
0.5000000000000000 -0.0894397139079078 -0.0826504497863850
0.2244210094032509 0.5000000000000000 0.3213398482709132
-0.1556923741250864 0.0878747473608675 -0.5000000000000000
-0.1832809968839000 0.1638375402394578 -0.5000000000000000
-0.0038410496270309 0.0224594060116574 -0.5000000000000000
0.5000000000000000 0.2984522244267768 0.2065576938607226
0.5000000000000000 0.4844794154260404 0.0960402756357813
0.5000000000000000 0.3544970428671459 0.1108624756381506
0.5000000000000000 0.4173192221255546 0.0909028230272398
-0.5000000000000000 0.3258374673514305 0.1805215486182182
-0.5000000000000000 0.3005019690196628 0.1109202956353530
-0.1407566307158478 0.2712561511601276 0.5000000000000000
-0.1282189045726480 0.1901585326376914 0.5000000000000000
-0.5000000000000000 -0.1000349960365908 -0.3148503513274020
0.5000000000000000 0.2667553754135583 0.2653187454721602
0.1583734096401544 -0.5000000000000000 -0.0185037118875323
-0.3510589450307554 0.5000000000000000 0.0492883045786775
-0.4621477826902264 0.5000000000000000 -0.0068892010392837
-0.3111511554842840 -0.5000000000000000 0.4276266875530011
-0.3290962381899762 -0.5000000000000000 0.4093934201664958
-0.4241800837400272 -0.5000000000000000 0.3505999665401970
-0.3251782998362264 0.5000000000000000 0.2587328114213257
-0.3285938510558890 0.5000000000000000 0.2451835078984727
-0.3517524522154641 0.5000000000000000 0.2159151977587419
-0.4847174991716566 -0.5000000000000000 0.2776417117926173
-0.4848908785724341 -0.5000000000000000 0.2264291361648626
0.0108262798449199 0.3917503329361053 -0.5000000000000000
-0.3489453000012465 -0.5000000000000000 -0.0630413868038229
-0.4079026358887734 -0.5000000000000000 -0.0336456050450275
0.3913826562819263 0.5000000000000000 0.1920570038539015
-0.5000000000000000 -0.1046238176318095 -0.4211203781461064
-0.5000000000000000 -0.1672109590055889 -0.4583649219615902
-0.5000000000000000 -0.1724197102200790 -0.4768325478746999
0.1754415758619258 -0.5000000000000000 0.1127179466870777
0.2243772265805484 -0.5000000000000000 0.2668787728900374
0.2250182850628449 -0.5000000000000000 0.2348673583908083
-0.3372974914637005 0.2706101660931031 -0.5000000000000000
-0.3077285138420103 0.3704269790403790 -0.5000000000000000
-0.5000000000000000 0.2604384754429708 -0.1419758567366450
-0.5000000000000000 0.2142852692609629 -0.2520990291500251
0.1229223888102511 -0.5000000000000000 -0.0981377664061421
0.0406965216267594 -0.5000000000000000 -0.2677851489271094
0.1709446573021663 -0.5000000000000000 -0.1925989382923151
0.2007044130483561 -0.5000000000000000 -0.0690389737142240
0.1603839944306100 -0.5000000000000000 -0.2089081525157601
0.2715741559933700 -0.5000000000000000 -0.1441635807440137
0.5000000000000000 0.2705263261297899 0.1936170135528820
0.3716177377705673 0.5000000000000000 -0.2845494475866479
-0.5000000000000000 0.2361247903836079 0.2461091269801466
-0.2103810014415270 0.2459510702686661 -0.5000000000000000
-0.1668794645698456 0.2467581095958526 -0.5000000000000000
-0.1611205787155425 0.2405630552973367 -0.5000000000000000
-0.0601391816212527 -0.4448190407247904 0.5000000000000000
-0.1142102432647916 -0.5000000000000000 0.2267948775910334
-0.1512637583486288 -0.5000000000000000 0.2374340740795283
0.2116936690850178 -0.3619692984178226 0.5000000000000000
0.2590177408542836 -0.3709174271524294 0.5000000000000000
0.5000000000000000 -0.2982742146152833 -0.3282335957562595
0.0767779497394879 -0.5000000000000000 0.4698278901018522
0.4395722189432199 0.5000000000000000 0.0910677227323900
-0.4899664014828445 -0.1449235029713297 0.0633006216502936
-0.4996678026726281 -0.2189853070249827 0.0426349313213336
0.1307773941839665 -0.4551268344491670 0.5000000000000000
0.2333511621106757 -0.4534280732826229 0.5000000000000000
-0.1804908944432973 -0.3758803373259119 -0.5000000000000000
0.0729021347439819 -0.5000000000000000 0.0182805859215988
0.1838019608792836 0.5000000000000000 0.2401839783358405
0.3173191350485631 0.4833505350635920 0.0512913367866939
-0.0491815102830209 0.5000000000000000 0.0013888827455965
-0.1100002871542252 0.5000000000000000 -0.1742915548704928
0.2425339302504572 0.3359622986509805 0.5000000000000000
0.5000000000000000 0.2082212152261914 0.1915690068956421
-0.0213386564494912 0.3029883088465886 -0.5000000000000000
0.0329296034122038 0.3004792614891328 -0.5000000000000000
-0.0499366268164059 -0.4019694405781656 -0.5000000000000000
-0.1838715937715278 -0.4041906186832090 -0.5000000000000000
-0.0611349082755967 -0.3703556328911751 -0.5000000000000000
0.3471981282041877 -0.5000000000000000 0.4087723789286090
0.1254343310032129 -0.5000000000000000 0.2769913761450858
0.2009014982934098 -0.5000000000000000 0.3482496386121684
0.1056428418185657 0.5000000000000000 -0.0207376099861391
0.0970767408966672 0.5000000000000000 -0.0196075837285320
0.0257718258546997 0.5000000000000000 -0.0904723388741502
-0.3414925026238039 0.2916999299367453 -0.5000000000000000
-0.3300837716982414 0.4346307005054514 -0.5000000000000000
-0.3738536927454362 0.4429027384368796 -0.5000000000000000
-0.1318038670691568 0.0949231860758771 0.5000000000000000
-0.1318505927566292 0.1695663919274871 0.5000000000000000
0.5000000000000000 -0.3950440849016824 0.0219512776200946
-0.0198770539688106 0.3044478813848139 -0.5000000000000000
0.4930459422530879 -0.0031627211922355 0.0491696693481130
0.5000000000000000 -0.0421069876355285 -0.0173086528091328
-0.0714570946000431 0.4880527294057661 -0.5000000000000000
0.3053686822394526 0.5000000000000000 0.0794220724032423
0.5000000000000000 0.0016221540683630 0.0183748536387236
0.5000000000000000 -0.0413298436840930 0.0185894903169094
-0.0085368491136568 0.4954302799492503 0.5000000000000000
-0.5000000000000000 -0.0906598691829354 0.3429841682690000
-0.0186649318870189 0.0052309211767728 -0.5000000000000000
-0.1890153396921833 -0.1589957241803673 -0.5000000000000000
-0.2357605171708571 -0.0572758625194517 -0.5000000000000000
-0.2842137298044308 -0.0038029842068320 -0.5000000000000000
0.5000000000000000 0.2208782456466092 -0.1637232498911046
0.5000000000000000 0.1485177921187793 -0.1568867313443807
-0.2747845378871144 0.3261927306008299 -0.5000000000000000
-0.2097498992557610 0.4024591950156081 -0.5000000000000000
-0.1960279431706389 0.3970541889687996 -0.5000000000000000
-0.1732035038963844 0.4141837969563926 -0.5000000000000000
-0.4209140775310386 -0.5000000000000000 -0.0787930543368547
-0.5000000000000000 -0.4117613381558543 -0.1186030367517408
0.2157906614157777 0.5000000000000000 0.2100630819345239
-0.5000000000000000 0.4882321516323765 -0.0214085161970713
-0.5000000000000000 0.4190319372226977 0.1492093484853934
-0.5000000000000000 -0.4717843236268711 0.2945001683693261
-0.5000000000000000 -0.4587760985651386 0.2466840526864390
-0.5000000000000000 -0.1064948299557609 0.4219938998210562
0.1764095504366913 -0.0894876127226079 -0.5000000000000000
0.1898930695570127 -0.0802199655890802 -0.5000000000000000
0.5000000000000000 0.4770548502499626 0.1283778162507219
0.5000000000000000 -0.1494651062183088 -0.3080660675727192
0.1837352740041207 0.4488128709455608 -0.5000000000000000
-0.4972393290391812 0.0707019006059659 -0.0142316384473314
0.5000000000000000 0.0169852133245507 -0.1392254518067016
-0.3444411316914424 0.2729480883161394 -0.5000000000000000
-0.5000000000000000 0.1598025811370832 -0.2934219450501299
-0.3138128469650412 -0.5000000000000000 0.3981520518152915
-0.4111002365909209 -0.5000000000000000 0.3419657809057995
0.3439987404726161 -0.1588276397337601 -0.5000000000000000
-0.0411261113544854 -0.0757632613366331 0.5000000000000000
-0.3768411246830453 -0.4630220184470235 0.5000000000000000
-0.3988472974452522 -0.4648067514249001 0.5000000000000000
-0.5000000000000000 0.1375491086376127 -0.3333720008827319
-0.2869436782775008 0.2456920548166706 -0.5000000000000000
-0.2041721364784259 0.2018793675136591 -0.5000000000000000
0.4546075020195147 0.5000000000000000 -0.0926796006258356
-0.3251093187878064 -0.3772762011502244 -0.5000000000000000
-0.3993974995074080 -0.3454379021740924 -0.5000000000000000
-0.4245003779793946 -0.5000000000000000 0.4210866654458406
-0.3651307967392796 0.5000000000000000 -0.0097290663796996
-0.3758623362763086 0.2845532286693448 -0.5000000000000000
-0.3373923884010341 0.2628317767735902 -0.5000000000000000
-0.3460617944212686 0.2289701442637591 -0.5000000000000000
-0.3482196905297190 0.5000000000000000 -0.0166714402489288
-0.3031725698560130 0.5000000000000000 -0.1040408017023509
0.0668157451332510 -0.0185880005557823 -0.5000000000000000
0.5000000000000000 -0.0515651659007745 0.2667767510756591
-0.4464056503138786 -0.5000000000000000 -0.0439621628628195
0.5000000000000000 -0.0896266676139411 -0.0264499587814741
-0.5000000000000000 0.4677518066016184 -0.0139194881898259
-0.1207451103203564 0.5000000000000000 -0.2275528012389778
0.5000000000000000 -0.1828033810119843 0.2838913678810780
0.1639753542244678 0.2708563270929316 0.5000000000000000
0.2275342224878880 0.3397205069932653 0.5000000000000000
-0.1870026016582237 -0.1647803013439236 -0.5000000000000000
-0.4265513640744247 0.5000000000000000 -0.0253799406094378
-0.5000000000000000 0.4622746995155015 -0.0248829083186531
0.2883818970813293 -0.4374026516847068 0.5000000000000000
0.0052725827099840 -0.4433436937895542 0.5000000000000000
-0.0236344816217134 0.3043159756041449 -0.5000000000000000
-0.0202143367888329 0.3054956599099042 -0.5000000000000000
-0.5000000000000000 -0.3315325953270962 -0.3602416987892216
0.0308790850412876 -0.5000000000000000 0.2828545438325243
0.0324389436674727 -0.5000000000000000 0.3553171674470429
0.5000000000000000 -0.4530872655404652 0.0366170811731157
-0.0090403211304359 -0.4991234601811521 0.1224040695919466
0.0951083351775662 -0.5000000000000000 0.2915932576819977
-0.1894142230384593 0.2383736089739614 0.5000000000000000
-0.2432714665157453 0.2129283754477801 0.5000000000000000
-0.1469776403558709 0.1891368059117106 0.5000000000000000
0.1485874427137195 -0.5000000000000000 0.3769549167102011
-0.5000000000000000 -0.4469463996506348 -0.0786784079788346
0.5000000000000000 -0.4229983304967785 -0.0851661903761936
0.4167516447264638 -0.5000000000000000 -0.1193505278819043
0.5000000000000000 0.0249755530458018 -0.2307056422841429
0.2485029675335133 0.3342548892193571 0.5000000000000000
-0.0949342757562651 0.1767308877244929 0.5000000000000000
-0.3499802847414721 0.1985498921626083 -0.5000000000000000
-0.3634802319426348 0.1933534494388114 -0.5000000000000000
-0.1156928783346102 0.5000000000000000 -0.2075234905134800
0 14
0 84
0 205
0 99
0 131
0 1043
0 183
0 206
1 207
1 28
1 34
1 70
1 208
1 209
1 210
1 211
1 212
1 145
1 146
1 159
1 196
1 213
2 214
2 50
2 54
2 215
2 216
2 217
2 218
2 74
2 219
2 220
2 221
2 87
2 96
2 222
2 113
2 223
2 132
2 224
2 225
2 226
2 151
2 227
2 228
2 229
2 169
2 173
2 230
231 12
232 24
233 44
234 479
235 161
3 236
3 237
3 23
3 25
3 33
3 238
3 56
3 239
3 240
3 107
3 241
3 242
3 243
3 244
3 141
3 1199
3 154
3 245
3 246
3 199
3 247
4 8
4 248
4 54
4 249
4 250
4 251
4 252
4 253
4 254
4 255
256 39
257 49
258 28
259 34
260 145
5 19
5 27
5 30
5 61
5 66
5 76
5 115
5 116
5 845
5 261
5 1259
5 181
5 187
5 202
262 33
263 56
264 88
265 106
266 107
267 112
268 1198
269 8
270 148
6 35
6 66
6 271
6 81
6 272
6 89
6 115
6 116
6 119
6 273
6 135
6 153
6 178
6 274
6 275
6 202
7 16
7 18
7 34
7 67
7 73
7 136
7 146
7 987
7 276
7 1205
7 159
7 165
7 188
7 204
8 54
8 277
8 278
8 97
8 279
8 280
8 281
8 282
8 283
8 148
8 284
8 151
8 285
8 190
8 286
287 102
9 27
9 35
9 55
9 65
9 288
9 289
9 100
9 103
9 105
9 136
9 290
9 145
9 146
9 153
9 158
9 167
9 188
9 204
291 50
292 62
293 97
294 120
295 151
296 15
297 47
298 479
299 150
300 189
301 31
302 79
10 19
10 76
10 80
10 82
10 88
10 106
10 107
10 110
10 112
10 137
10 140
10 1259
10 203
11 12
11 15
11 303
11 44
11 52
11 304
11 305
11 306
11 307
11 479
11 997
11 308
11 972
11 309
310 96
311 132
312 173
313 199
12 13
12 24
12 44
12 52
12 53
12 314
12 315
12 479
12 316
12 972
12 161
12 317
318 63
319 139
13 24
13 44
13 53
13 320
13 321
13 322
13 93
13 803
13 112
13 93
13 323
13 161
14 38
14 324
14 84
14 325
14 99
14 326
14 1028
14 134
14 147
14 1043
14 0
14 327
14 328
15 52
15 329
15 479
15 330
15 150
15 331
16 18
16 21
16 22
16 67
16 73
16 108
16 134
16 136
16 138
16 332
16 1205
16 165
16 167
16 182
16 201
16 204
333 73
334 159
17 335
17 336
17 38
17 51
17 337
17 91
17 96
17 338
17 339
17 132
17 340
17 341
17 342
17 343
17 175
17 194
17 344
18 21
18 345
18 67
18 73
18 78
18 346
18 102
18 105
18 347
18 122
18 348
18 146
18 159
18 196
349 55
350 173
351 24
352 66
19 27
19 353
19 76
19 82
19 88
19 116
19 117
19 140
19 158
19 354
19 1259
19 187
19 203
20 48
20 59
20 355
20 356
20 72
20 357
20 83
20 710
20 358
20 118
20 359
20 360
20 361
20 362
20 143
20 154
20 157
20 363
20 163
20 364
20 365
20 366
20 367
20 368
20 1302
20 193
21 67
21 73
21 101
21 102
21 108
21 122
21 126
21 138
21 369
21 186
21 201
370 91
371 142
372 1043
373 175
374 37
375 90
376 186
377 61
378 75
379 181
380 142
381 1043
382 156
22 383
22 108
22 109
22 134
22 138
22 384
22 147
22 0
22 165
22 182
22 183
22 385
23 33
23 56
23 106
23 107
23 118
23 141
23 154
23 177
23 386
23 387
23 192
23 198
388 77
389 59
390 922
391 154
392 199
24 30
24 53
24 66
24 393
24 93
24 112
24 479
24 394
24 161
24 395
24 396
25 29
25 45
25 397
25 398
25 399
25 400
25 141
25 922
25 154
25 401
25 185
25 199
25 200
26 46
26 47
26 402
26 403
26 104
26 119
26 404
26 135
26 1063
26 405
26 406
26 189
26 407
408 162
409 102
410 64
411 75
412 90
413 95
414 186
27 415
27 105
27 115
27 116
27 416
27 153
27 158
27 417
27 187
418 162
419 164
420 148
421 163
422 99
423 128
424 131
425 156
426 183
427 555
28 428
28 65
28 429
28 70
28 430
28 431
28 432
28 145
28 168
28 433
28 434
435 36
437 149
438 197
29 439
29 440
29 441
29 922
29 162
29 164
29 174
29 442
29 199
29 200
443 30
444 45
445 77
446 130
447 198
30 448
30 53
30 66
30 76
30 77
30 80
30 944
30 110
30 449
30 112
30 845
30 450
30 451
30 452
30 161
30 1259
30 177
30 181
30 453
30 198
30 202
454 88
455 116
456 139
457 203
31 44
31 458
31 459
31 79
31 460
31 461
31 462
31 463
31 464
31 465
31 141
31 466
31 162
31 174
31 200
467 73
468 102
469 159
32 47
32 53
32 470
32 471
32 81
32 472
32 473
32 997
32 1063
32 150
32 189
33 474
33 107
33 475
33 141
33 1198
33 1199
33 177
33 192
34 476
34 145
34 146
34 987
34 477
34 478
34 159
34 188
34 204
35 480
35 70
35 481
35 100
35 105
35 115
35 119
35 145
35 146
35 153
35 166
35 168
35 178
482 156
483 46
484 142
485 89
36 486
36 39
36 487
36 436
36 58
36 488
36 489
36 490
36 491
36 492
36 149
36 493
36 494
36 191
495 84
496 142
497 175
498 139
37 38
37 40
37 499
37 500
37 501
37 90
37 102
37 108
37 1028
37 125
37 129
37 502
37 138
37 503
37 147
37 1228
37 504
37 505
37 184
37 186
38 40
38 51
38 506
38 507
38 84
38 91
38 98
38 108
38 109
38 1028
38 123
38 129
38 133
38 147
38 1228
38 508
38 509
38 175
38 184
510 54
511 75
512 90
513 95
514 102
515 121
516 186
517 79
518 39
519 49
520 62
521 97
522 176
523 191
39 49
39 58
39 62
39 69
39 524
39 72
39 525
39 97
39 526
39 114
39 527
39 143
39 157
39 170
39 176
39 191
528 88
529 45
530 161
531 198
40 43
40 57
40 63
40 108
40 109
40 117
40 125
40 126
40 133
40 138
40 184
40 186
40 201
40 203
41 532
41 65
41 533
41 534
41 100
41 535
41 536
41 166
41 168
41 180
41 537
41 538
42 48
42 56
42 68
42 80
42 83
42 106
42 539
42 124
42 137
42 139
42 144
42 540
42 193
541 199
43 57
43 63
43 109
43 127
43 133
43 542
43 184
43 543
43 201
43 544
44 545
44 546
44 93
44 547
44 548
44 549
44 803
44 550
44 551
44 552
44 141
44 93
44 553
44 1199
44 972
44 161
44 177
44 554
44 192
45 556
45 59
45 69
45 118
45 557
45 558
45 130
45 559
45 141
45 560
45 561
45 562
45 563
45 154
45 564
45 185
45 565
45 192
45 197
45 198
566 91
567 180
46 568
46 569
46 570
46 571
46 572
46 573
46 104
46 574
46 119
46 575
46 576
46 577
46 155
46 578
46 579
580 89
47 581
47 582
47 583
47 584
47 585
47 135
47 1063
47 150
47 586
47 189
47 587
48 68
48 72
48 83
48 124
48 130
48 137
48 144
48 157
48 163
48 170
48 193
588 102
49 62
49 72
49 589
49 97
49 590
49 591
49 592
49 143
49 151
49 593
49 190
436 58
436 594
436 595
436 149
436 191
436 197
596 62
597 120
598 129
599 1228
600 171
601 176
602 195
603 156
604 131
605 555
606 141
607 162
608 174
609 200
50 54
50 610
50 87
50 611
50 612
50 151
50 613
50 190
50 614
51 615
51 91
51 98
51 113
51 123
51 132
51 616
51 1228
51 617
51 618
51 169
51 171
51 194
51 619
52 620
52 621
52 622
52 479
52 997
52 150
52 623
53 66
53 624
53 625
53 81
53 112
53 115
53 479
53 626
53 150
53 1259
627 103
54 628
54 629
54 630
54 631
54 632
54 633
54 151
54 634
54 190
54 635
636 112
637 103
638 167
55 639
55 640
55 65
55 641
55 103
55 642
55 643
55 644
55 167
55 172
55 188
55 645
55 204
55 646
647 70
56 106
56 107
56 648
56 118
56 130
56 649
56 650
56 193
56 198
651 555
652 86
653 131
654 182
655 183
656 555
657 84
658 91
659 98
660 109
661 133
662 147
663 1043
664 175
665 65
666 172
667 204
57 63
57 94
57 117
57 127
57 133
57 140
57 152
57 179
57 184
668 156
669 65
58 69
58 670
58 671
58 672
58 149
58 673
58 674
58 191
58 197
59 69
59 118
59 130
59 675
59 922
59 149
59 154
59 157
59 676
59 185
59 677
59 678
59 1302
59 193
59 197
60 62
60 68
60 72
60 679
60 87
60 97
60 680
60 123
60 681
60 682
60 148
60 151
60 170
60 179
60 683
684 142
61 75
61 78
61 85
61 89
61 105
61 115
61 845
61 685
61 686
61 178
61 687
61 181
61 187
61 688
61 202
62 689
62 71
62 72
62 87
62 97
62 114
62 120
62 129
62 151
62 170
62 176
62 179
62 195
690 96
63 691
63 94
63 692
63 117
63 127
63 137
63 139
63 140
63 152
63 693
63 201
63 694
63 695
63 203
696 96
64 71
64 90
64 92
64 95
64 697
64 125
64 129
64 140
64 698
64 184
64 195
65 699
65 700
65 100
65 145
65 168
65 188
65 701
65 204
65 702
703 79
704 132
705 162
706 100
707 153
708 166
709 180
711 163
712 148
713 163
66 76
66 714
66 81
66 115
66 845
66 715
66 1259
66 716
66 717
66 202
718 84
719 99
720 142
721 156
722 175
723 84
724 99
67 101
67 105
67 108
67 122
67 126
67 136
67 146
67 188
67 201
67 204
725 145
726 204
727 90
728 102
729 138
730 186
731 190
732 75
68 72
68 83
68 710
68 94
68 733
68 734
68 735
68 137
68 139
68 144
68 163
68 170
68 179
68 736
737 112
738 104
739 119
740 135
69 77
69 741
69 742
69 114
69 124
69 130
69 743
69 744
69 149
69 157
69 745
69 191
69 197
746 97
747 120
748 176
70 749
70 750
70 751
70 105
70 752
70 111
70 753
70 145
70 146
70 166
70 168
70 178
70 754
70 755
756 87
757 113
758 120
759 132
760 151
761 173
762 72
763 143
764 148
765 163
766 155
767 180
768 149
769 197
770 1043
71 92
71 94
71 771
71 114
71 129
71 140
71 170
71 176
71 179
71 184
71 195
72 83
72 97
72 114
72 772
72 773
72 774
72 143
72 148
72 157
72 163
72 170
72 190
775 159
776 196
777 81
778 116
779 1063
780 803
781 112
782 479
783 997
784 150
785 1259
786 143
787 155
788 185
789 199
790 87
791 98
792 113
793 123
794 169
73 795
73 102
73 134
73 796
73 797
73 987
73 798
73 799
73 1205
73 159
800 174
801 199
802 200
804 972
74 96
74 113
74 132
74 805
74 169
74 173
74 194
75 806
75 85
75 95
75 807
75 102
75 944
75 110
75 808
75 121
75 122
75 809
75 810
75 811
75 181
75 186
75 812
813 86
814 128
815 1205
816 165
817 555
818 99
819 128
820 183
76 77
76 80
76 82
76 110
76 112
76 1259
76 181
76 187
77 80
77 821
77 822
77 944
77 110
77 823
77 824
77 124
77 130
77 825
77 826
77 198
78 85
78 827
78 102
78 105
78 122
78 828
78 146
78 829
78 196
78 830
831 997
832 142
833 175
834 173
835 972
79 836
79 837
79 838
79 839
79 840
79 841
79 162
79 842
79 164
79 174
80 88
80 106
80 107
80 110
80 112
80 124
80 137
80 140
80 144
80 177
80 193
80 198
843 89
844 115
846 202
847 103
848 139
849 203
81 850
81 115
81 116
81 851
81 135
81 1063
81 852
81 150
81 1259
81 189
81 853
854 96
855 173
82 85
82 95
82 101
82 110
82 117
82 121
82 126
82 140
82 158
82 160
82 181
82 186
82 187
82 203
856 143
857 163
858 143
859 125
860 129
861 195
862 104
863 119
864 155
865 100
866 119
867 153
868 166
869 180
870 124
83 710
83 871
83 872
83 137
83 139
83 873
83 163
83 874
83 875
83 193
876 163
877 156
84 878
84 99
84 879
84 1028
84 880
84 881
84 142
84 1043
84 882
84 156
84 175
84 883
884 86
885 172
886 162
887 164
888 134
889 1205
85 101
85 105
85 121
85 122
85 890
85 181
85 187
86 891
86 128
86 987
86 892
86 165
86 172
86 182
86 183
86 555
86 204
86 893
87 97
87 894
87 113
87 120
87 123
87 129
87 151
87 169
87 171
87 179
87 895
896 89
897 111
898 99
899 128
900 134
901 183
902 99
903 131
904 1043
905 156
88 106
88 107
88 906
88 112
88 137
88 139
88 907
88 908
88 1259
88 203
909 162
910 164
89 911
89 111
89 115
89 119
89 912
89 913
89 155
89 178
89 914
89 915
89 916
90 92
90 95
90 117
90 121
90 125
90 917
90 186
710 918
710 919
710 139
710 163
710 920
921 135
923 185
91 98
91 924
91 925
91 926
91 927
91 169
91 175
91 928
91 194
929 100
930 103
931 153
932 176
933 96
934 104
92 95
92 935
92 110
92 117
92 124
92 125
92 140
92 176
936 111
937 155
938 166
939 168
940 178
93 803
93 112
93 1198
93 1199
93 161
93 177
93 192
941 972
942 191
94 943
94 117
94 137
94 139
94 140
94 144
94 152
94 170
94 179
94 184
945 997
946 150
947 196
95 948
95 944
95 110
95 117
95 121
95 949
95 140
95 186
96 950
96 951
96 132
96 952
96 953
96 954
96 173
96 194
96 955
97 956
97 957
97 148
97 151
97 190
958 141
959 164
960 174
961 199
962 200
963 972
964 127
965 139
966 152
967 179
968 132
969 173
98 113
98 123
98 133
98 1228
98 169
98 970
98 184
98 194
971 151
99 973
99 131
99 134
99 974
99 142
99 1043
99 975
99 0
99 156
99 976
99 183
99 977
99 978
99 979
980 134
981 147
100 105
100 145
100 146
100 153
100 166
100 168
100 982
100 188
101 105
101 121
101 122
101 126
101 136
101 160
101 187
983 194
984 102
985 196
986 139
988 944
989 110
990 124
991 176
992 195
993 131
994 156
995 183
996 555
102 998
102 121
102 122
102 999
102 126
102 138
102 1000
102 186
102 1001
102 196
103 1002
103 136
103 1003
103 1004
103 1005
103 158
103 160
103 1006
103 1007
103 167
103 1008
103 201
103 1009
103 203
1010 164
104 1011
104 119
104 1012
104 1013
104 1014
1015 119
1016 155
1017 180
105 115
105 122
105 136
105 146
105 153
105 158
105 160
105 178
105 187
105 196
105 1018
106 107
106 1019
106 124
106 130
106 137
106 177
106 192
106 193
106 198
107 1020
107 112
107 1198
107 177
108 109
108 126
108 138
108 147
108 182
108 184
108 201
109 133
109 1021
109 147
109 1022
109 167
109 182
109 184
109 201
1023 128
944 110
944 1024
944 124
944 1025
944 181
110 117
110 121
110 124
110 140
110 176
110 181
111 119
111 1026
111 155
111 178
111 1027
1029 189
1030 148
1031 151
803 112
803 93
803 1198
803 1199
1032 114
1033 124
1034 176
1035 137
1036 139
112 1037
112 93
112 1198
112 1038
112 161
112 1259
112 177
112 1039
113 123
113 132
113 1040
113 169
113 171
113 194
113 1041
1042 142
114 124
114 140
114 157
114 170
114 176
114 179
1044 159
1045 196
115 116
115 845
115 153
115 1259
115 178
115 1046
115 187
115 202
116 1047
116 1048
116 1049
116 153
116 1050
116 1259
117 121
117 125
117 126
117 140
117 184
117 186
117 203
1051 120
1052 132
118 130
118 154
118 157
118 1053
118 185
118 1054
118 192
118 193
118 198
1055 172
1056 555
1057 199
119 1058
119 135
119 1059
119 155
119 166
119 1060
119 178
119 180
119 1061
119 1062
1064 173
1028 147
120 129
120 1065
120 151
120 1228
120 171
120 1066
120 195
120 1067
1068 922
1069 162
1070 185
845 1071
845 1072
845 1073
845 1074
845 181
845 1075
845 1076
845 202
121 122
121 126
121 181
121 186
122 1077
122 126
122 186
1078 196
123 1079
123 129
123 133
123 1228
123 152
123 169
123 171
123 179
123 1080
123 184
123 1081
124 130
124 137
124 140
124 144
124 157
124 170
124 176
124 193
124 198
1082 1043
1083 143
1084 148
1085 163
1086 180
1087 163
1088 127
1089 127
1090 141
125 129
125 140
125 1091
125 184
125 186
125 195
1092 199
1093 181
1094 555
126 136
126 138
126 160
126 186
126 201
126 203
1095 149
1096 135
1097 1063
1098 153
1099 185
1100 197
127 1101
127 133
127 1102
127 152
127 1103
127 1104
127 1105
127 1106
127 1107
127 1108
127 1109
127 1110
1111 141
1112 161
1113 192
1114 198
128 134
128 1115
128 1116
128 1205
128 1117
128 165
128 183
128 555
129 1228
129 171
129 179
129 184
129 195
1118 143
1119 191
130 1120
130 1121
130 157
130 185
130 192
130 193
130 197
130 198
131 1122
131 156
131 1123
131 183
131 555
131 1124
1125 189
1126 151
1127 134
1128 147
1129 164
1130 174
1131 153
1132 167
479 1133
479 150
132 1134
132 1135
132 169
132 173
132 1136
132 194
132 1137
132 1138
1139 159
133 1140
133 152
133 1141
133 1142
133 184
134 138
134 1143
134 1144
134 147
134 1145
134 0
134 1205
134 165
134 182
134 183
134 1146
135 1063
135 1147
135 1148
135 189
135 1149
135 1150
136 146
136 158
136 160
136 167
136 188
136 201
136 204
997 150
137 139
137 140
137 1151
137 144
137 203
138 1152
138 147
138 182
138 186
1153 143
1154 166
1155 180
1156 162
1157 162
1158 164
1159 155
1160 166
1161 180
1162 164
1163 174
1164 555
1165 154
1166 199
1167 1205
139 1168
139 144
139 1169
139 1170
139 203
1171 143
1172 149
1173 191
1174 167
1175 172
1176 153
1177 158
1178 143
1179 148
1180 190
140 144
140 170
140 176
140 184
140 203
1181 143
1182 148
1183 190
1184 147
141 1199
141 154
141 177
141 192
141 200
1185 156
1063 1186
1063 189
1187 167
1188 172
1189 182
922 154
922 1190
922 185
922 1191
922 1192
922 1302
922 199
1193 185
1194 197
93 1198
93 1199
142 1043
142 156
142 175
1195 173
1196 185
1197 1205
1200 185
1201 197
1202 148
143 157
143 163
143 1203
143 191
143 1302
144 170
1204 159
145 146
145 987
145 1206
145 168
145 188
145 204
145 1207
146 159
146 188
146 196
146 1208
147 0
147 1209
147 1210
1043 156
1043 175
1043 1211
148 1212
148 163
148 1213
148 1214
148 190
149 157
149 1215
149 1216
149 1217
149 191
149 1302
149 197
987 1218
987 1219
987 1205
987 165
987 204
987 1220
1221 167
1222 172
1223 204
1224 150
150 189
150 1225
151 1226
151 190
0 182
0 183
0 1227
1229 171
1230 555
1231 1205
1228 1232
1228 171
1228 195
1228 1233
1234 155
1198 1199
1198 177
1235 972
152 179
152 1236
152 184
152 1237
152 1238
152 1239
1240 175
1241 175
1199 177
1199 192
1242 167
1243 172
1244 182
1245 555
153 158
153 178
153 187
154 1246
154 185
154 1247
154 192
154 199
1248 159
1249 180
155 166
155 1250
155 178
155 180
1251 164
1252 174
1253 972
1254 169
1255 194
1205 165
1205 1256
1257 173
156 1258
156 183
157 163
157 170
157 191
157 1302
157 193
1260 194
1261 167
158 160
158 1262
158 187
158 203
1263 162
1264 164
1265 173
159 196
160 167
160 187
160 201
160 203
161 177
161 1266
161 192
161 198
162 1267
162 164
162 174
162 200
1268 164
1269 203
1270 167
1271 201
1272 183
163 1273
163 1274
164 174
164 1275
165 182
165 183
165 555
165 204
166 168
166 178
166 180
166 1276
1277 167
167 172
167 182
167 1278
167 201
167 1279
167 204
168 1280
168 1281
169 1282
169 194
170 179
1283 195
1284 199
171 1285
1286 180
172 182
172 204
172 1287
174 200
1288 176
176 179
176 195
177 192
177 198
178 1289
178 1290
179 184
179 1291
180 1292
180 1293
181 187
1294 197
1295 185
182 183
182 555
182 201
182 1296
182 204
183 555
183 1297
1298 193
185 1299
185 1300
185 1302
185 197
1301 190
1303 197
188 204
189 1304
189 1305
189 1306
1307 197
1308 199
190 1309
190 1310
191 1302
192 198
1302 197
194 1311
196 1312
1313 202
201 1314
201 203
201 204
1315 203
204 1316
