1244 2201 0
-0.3896842396284891 0.3925743025491074 0.0311255421000804
-0.0986488496108702 -0.2563485744897544 -0.4994287082391273
-0.0617958016325223 0.4281720146067048 0.0910708731396160
-0.0063488156416762 -0.3503414710557691 -0.2516520655821657
0.0936467068498406 0.1215885790119401 -0.3925378522910433
-0.1691525731123570 0.1652574334394529 0.4171468414606949
-0.0003894346423158 -0.2692328574254953 0.0644749934241253
0.1578885792001559 -0.1383505429049661 0.4556544414941433
0.2638718235078862 0.2078231558657145 0.0953366203546241
0.1310052877237494 0.0039429128837300 -0.4310071110961646
0.0230979108905587 0.3680226631044616 0.1109545878329060
-0.4064004020804408 -0.3585714665443603 -0.4064010560148391
0.3209914142715884 -0.3964682469252075 -0.2772738966308873
-0.2983300036506620 -0.2011204586270600 -0.2174330880946464
0.3421592384643815 0.2471018683333664 -0.2706194273259832
-0.0471476949983819 -0.1160199864873591 0.3514517456955505
-0.3717976015830960 -0.2814089008549471 0.1904115302325046
-0.0853483938106772 0.1215353438467565 -0.4829088903854973
-0.3573360228574251 -0.3123296211524497 -0.4737319835271550
0.2819811003297022 0.2416991278777501 0.0256496517440659
0.0550223930505102 -0.2578264221778477 0.2593569086387489
-0.1646097289412994 0.3937711650088752 0.0542709529368570
0.2827091353307595 -0.0294603990526754 0.2300972141513042
0.0007830154989151 -0.3084589883177331 0.0191411482305359
-0.2484777928183452 0.2300115354383647 0.1850470869225035
0.2209914000250966 -0.0192739366548010 0.0864120652473205
-0.1789732257047564 0.2258130589588494 -0.4451263816523222
-0.0863137104994906 -0.1980334288896272 -0.0682475835613361
-0.0404208061366867 0.2420389085075954 0.3045637986202436
0.4852189927296454 -0.0767819412353779 -0.3122904647792163
-0.2944849291395630 0.2845232942070660 0.3930039442592978
0.0337977389017701 0.4317433314207676 -0.3469970373144771
-0.4412528950046395 -0.2499534086674887 -0.1714536908170810
0.4176097468036069 -0.3067300875413155 -0.1946456525028364
-0.1884702141380656 0.1180144433410130 0.3497121991019811
-0.0750631147831849 -0.1441048856253044 -0.2161654026927766
0.1674138059873967 -0.2626540959009496 0.4004346070370098
0.3705295825082739 -0.4019958220717198 -0.0523050289216323
-0.1007260325730290 -0.1555650024776720 -0.4078508863174614
0.2463836523127328 0.1703921996567078 -0.4444561928170666
-0.2023513370776421 -0.4604042789302821 0.4774249127100351
-0.4648153059103556 0.2870908809132842 0.2657719354011875
0.4162903957973411 0.2717413783922941 -0.1175175233162117
-0.4632607176347005 0.2866244767701663 0.1832874429001274
-0.0236438865763004 -0.1799163591634996 0.2476437686214122
-0.0852561147224372 0.2543434631537122 -0.2281268073125756
0.3891701680448519 -0.4238938610713163 -0.2767396087001220
-0.2343425732786741 -0.2789176989418310 0.2662964761589963
-0.1767222240916201 -0.1988809479162501 -0.1406326710445786
-0.2473332531285516 -0.1076299633208165 -0.0981391861152638
-0.0277410074642088 0.2307930925786584 -0.3984457619631968
-0.0257060004920439 -0.1315433358397675 0.3073027654121624
0.0667484089437003 -0.2796712736440565 -0.2185081465679889
0.1699048408885858 0.2590731118872652 0.3346042613735432
0.0205207652262628 -0.4505402814984576 -0.4994891757885553
0.4462640744747033 0.3019634394680189 -0.2017857815178028
-0.3757603194821114 -0.0529055862318976 0.3341577441911734
0.0300850187036021 0.1506953934516381 0.3409264785134206
0.3511144545814633 -0.3501130355265991 -0.0421793036273468
0.3552913828183779 0.2933718260055511 0.1126949703054905
0.1845633220298778 0.4387526406015733 0.0241800588993577
0.2413103364429448 -0.2881071923557540 0.1832058471218140
0.3196016603755190 0.1164193306077757 0.2618917311519597
-0.3240514073185254 0.3212700456970131 -0.4382962114107942
-0.3289300552469329 0.3988731239991704 0.0590835230203622
-0.3576321560051491 0.4624843268158927 -0.0717968412987350
-0.3704960710701993 -0.1455539560495620 -0.1329315619572975
-0.0257065796392799 -0.4216277002080256 -0.2277394129466838
0.2545621556730688 0.4257760584978517 0.1446319995564910
0.3360937809116711 0.3186237755976710 -0.3540658156252960
-0.3029583506921001 -0.0566146680332327 0.1984404136689682
-0.3205084143202600 0.2394059323293626 -0.3676024817833998
0.0715188027124789 -0.3041046630863822 0.4326643028350945
-0.4030722424450415 -0.1441649048282249 -0.1784243675836606
0.3315227404091082 0.2437270996749685 0.4398583229317586
0.2438447249967373 -0.0023748515316773 -0.1271785050612712
0.3196047013547074 -0.4780802874718142 0.2436798379579935
-0.2307879017640656 0.3514880194743969 -0.0305677699814549
0.4218005241561386 -0.2286259638026345 0.3518437535653983
0.1168477389419567 -0.4367764446844550 -0.4972357044209785
0.0310376636917776 0.4535156145398707 0.3732931778160701
-0.3461593148964118 0.4125542513746400 -0.4755204620183506
0.3128767250353242 0.1862587912761572 -0.0905320492135643
-0.1566044566858394 -0.3654193524978672 -0.1439961328627185
-0.2679057152058445 0.2627939558275100 0.1488074258091967
0.4772798473145715 0.4868161469750300 0.0377301722356236
0.0319699705580752 -0.2981695080735968 0.2834579830857790
-0.1604272030593640 -0.1453628068507332 -0.1299038741849105
-0.3143663604623572 -0.4673690538591407 0.1122110839820199
-0.3963079808334110 0.4618634068215144 -0.4123750726079974
-0.0959459377084037 0.4064478731881692 0.0481873589548140
-0.1878018961709075 0.2790485162021153 0.1914523304069945
-0.0612489700916846 -0.1782365576348946 0.3882835836213602
0.0210788900000589 0.2135256712336078 -0.2488598118021466
0.1127126917600586 -0.4170421361745932 0.1212302071113051
-0.0631965451996639 0.1745382083586877 -0.1694387520657518
-0.3070565010680296 -0.1477408482058859 0.3812244328924172
0.2319919025238015 0.3118706083997390 -0.4290445488633234
0.1142615852175428 -0.2783879613169689 0.3344829884582161
0.3165016045242185 0.1399471247268296 -0.2112106286843892
0.1010372629864128 0.4628409838405779 -0.4590642349747541
0.4705286680893664 0.4276010284913535 -0.1526873612894522
-0.1464436860152851 -0.2300492766772768 -0.4479064696222300
0.3237048197973109 -0.4041669094739740 -0.1959036155701697
-0.1039103740767836 -0.4492000654919128 -0.2195519136252934
0.4205352545170270 0.1897229667681254 0.0722944204627806
0.4372149738548901 0.4101751336476849 0.1198022289543316
0.4440813877703617 0.4300268423074424 -0.1552732487893280
-0.3846514508468060 -0.0516454835785135 0.0918991626400950
0.3135813368249327 0.4589563431725227 -0.2715580988359581
0.1540063658694007 -0.1546444809837139 -0.0154038908332643
-0.4042844100844246 0.0588858548650636 -0.2182187871761415
0.4644426290338655 -0.3271635308690807 0.3535070865797699
-0.2689267097273803 0.4771957736604531 -0.1881592545970840
-0.2128894844972337 0.0609036872965565 0.0112089141270756
-0.1009610359232340 0.0514494792391390 -0.2623284469174896
-0.0551688742437954 -0.3540367487052076 -0.0552714982995588
-0.0461814962250832 -0.4602488412130869 0.4557414582371324
0.0413949474976423 -0.2545148213709619 0.0959634763496407
-0.2890263092215267 -0.2130774459115485 0.1652041883697929
-0.1016200379216593 0.4337877484125698 0.1695735415280969
0.3159646178570719 0.0783657305720164 0.3948571826387559
0.3608285939545360 0.1992754194310084 -0.2077300005936193
0.4773954642689408 -0.0744718086210491 -0.4366984557730858
0.1060322425206981 -0.0951168806159428 -0.0139240794339351
0.3012638597531976 0.4746825544577285 -0.4479531962497283
-0.1932995262780039 0.1119379810586511 -0.2485654543384857
-0.0276729483986821 -0.4554077875952808 -0.4524676692098070
0.2280981385705703 0.1404945912054330 -0.0729320093870829
0.3989933183225348 -0.1275901793790892 -0.1820971864025647
-0.0745897643406940 -0.0427478344118538 0.2590932240759002
0.4002578784371921 -0.3477164792965194 -0.0763432698371348
0.0054233543456011 -0.4304739401943251 0.4836430186599269
0.3254487510514292 0.3346653586526928 0.0767735300209287
0.3165447972166782 0.3002477793508432 0.0179665545835555
0.3744306177014468 -0.3294460117356360 0.2394167519017035
-0.1793609280831774 0.1041022282784985 -0.2796369926058913
0.4495905656252751 0.0505198619185757 -0.4393925201730461
0.1336637084058926 -0.4804260749151273 0.3347946256058494
-0.2309446565522978 -0.2160909809510494 -0.1256347056899734
-0.0673924945715938 0.4483908256061955 0.2859875826604993
-0.3667895736802635 -0.0922135414030707 -0.0022077347068908
0.1505712066260495 0.1182919521894630 0.3245624891163066
0.0143399282943651 -0.1293322221928818 -0.4300761520255448
-0.1221429955071031 -0.1628264996026124 0.3577102921923871
-0.3674324609842338 0.4888314064249397 0.3050179812470988
-0.1131640374302272 0.0359308508965282 0.4094040195161783
-0.3031364334371885 0.4465655524641950 0.1235478709008162
0.2058982814591076 0.3320261138142975 -0.2813841782113715
0.1225257011749316 -0.4305821143816548 -0.4231596966629862
-0.1091231446264292 -0.3555579510624369 -0.3197103156149048
0.1633831578328989 0.1578313771691189 -0.3623471493141641
0.4173895837310934 -0.4629666707633614 0.2388736478673940
0.1550525083845556 0.3352045109756969 -0.2144925201248829
-0.0810546072819753 -0.3434895218572379 0.4694905427553364
-0.2926910636985154 -0.3583036803112453 0.2280425781669345
0.4208494895145238 0.1351448663276796 -0.1241177127270443
0.3369396974146628 -0.3887460947553499 -0.4241762702724029
-0.2471205933847704 0.3675151492833554 -0.3021858486546503
-0.0076507078349415 -0.2193234587911016 -0.2458040179085430
-0.4319941971081996 -0.3529028803995299 -0.2516431777651918
-0.1988846339643967 0.1195305234586872 -0.4084493075302325
0.0472157056067577 0.3666239357231208 0.2604298110406995
0.2346609680903383 -0.3731878362446472 0.1701668138048409
-0.4199055478928413 -0.1489659996973544 0.4108282978660669
0.0400389928050445 0.2339313392708756 -0.4412164643768738
0.2457760758941160 -0.3744751292978987 -0.2491532146865640
0.3248101299788951 -0.4467964791940486 0.0446493282004288
-0.1962398685664226 0.0548519715268410 -0.1457642405377428
0.3897067887838247 0.4400757912391574 0.4091918245867704
-0.3338792706413818 -0.3783081003446165 0.1826053331786874
-0.2756117231284199 0.2780534576903302 0.2232489005885215
0.2850649995199464 0.1060137492286244 -0.0923861702307304
0.3189376781663101 0.0990008053088703 0.3483518709086268
-0.0420780219691991 0.1328452026517549 -0.1471080634339393
-0.4681654868811910 -0.3860107675030346 0.4256892010946076
0.4602985148160606 0.3132585533936302 -0.3919982248617238
-0.3567947410776966 -0.2658128167768521 -0.4829204473614584
0.0616845562929365 -0.1015217259373467 0.1384594732149020
-0.2313443986320983 0.1450787666203479 0.4001048904281174
-0.1600958358703650 0.1740590583847302 0.3600995418995621
-0.4625094606728838 0.1263634342675230 0.4307440113722809
-0.3939643098314971 0.1572722844393228 0.0378012916639249
0.1437590463168426 -0.2929804853532215 -0.2824480825065037
0.0610964611334948 0.1528858833801570 -0.2295440562655437
-0.0216156572312924 -0.3941185154293063 0.3960266456679880
-0.4545618555241155 -0.2105131109458903 0.2112715482285770
-0.0094489040577189 0.2551329000006053 0.1054383372791004
-0.3583184779881843 -0.1575786822550716 0.2070871665004901
0.0193101059591416 -0.4258216854202792 0.1264960548826738
-0.3967833747999892 -0.1579482927376628 -0.3415472148676102
-0.0388197656591440 -0.4261031621699781 -0.4037320480997251
0.4064988286415435 0.0279356658786012 -0.3893020610759033
0.0891132374498171 -0.2388678281116602 0.4605424891276852
-0.2251292157711114 -0.3615873690773315 0.1973412221616088
0.4231602200721155 -0.0730610068961935 0.2703995230420423
-0.2703268940734631 -0.3985391116603028 -0.2683943652831486
-0.4672208025033653 0.1758113886576539 0.3913906283488185
-0.1184730964089767 -0.0345574996300780 0.1612280997907550
-0.2539056232828883 -0.1654853584337432 -0.0139117341849980
0.3588353432555820 -0.3228138420862309 -0.2616615413754574
-0.4792988033365712 0.0382876637567969 -0.0630353707500448
-0.3833041975584836 -0.1196400922800460 0.1102358344968026
-0.2737965025878372 0.2278103523698488 -0.2889164661240916
0.3545019042130625 -0.0957505439469518 0.1213691628708865
-0.2531353993877835 -0.1501469741055478 -0.2634310293219818
-0.2846829935940135 -0.3009696229671601 0.4800287914512562
-0.0428627556344070 -0.2512584896655282 0.4693193740636316
-0.1596901857499412 -0.4751177062758917 -0.3650807464882844
-0.5000000000000000 0.3946729766206190 0.0293607106295196
-0.5000000000000000 0.4139684906922154 0.0220192037482503
-0.3597376533471496 0.5000000000000000 -0.0315572091773768
-0.5000000000000000 0.3539573943539073 -0.0165863911150365
-0.5000000000000000 0.3748279616651232 0.1097169399350492
-0.5000000000000000 0.3583433184125843 -0.0399194220186716
-0.5000000000000000 0.4480522569702365 -0.0017492987900307
-0.5000000000000000 0.4411927793712748 0.0519984941079001
0.5000000000000000 -0.1996646258899199 -0.3049765286609882
-0.1246956768066807 -0.2599246569107445 -0.5000000000000000
0.1522806656980384 0.5000000000000000 0.1398543722528326
-0.2339363713627066 0.5000000000000000 0.0003778925067973
-0.0249036889288983 0.5000000000000000 0.1105957915072064
-0.1665860458860908 0.5000000000000000 0.1084423763802889
0.1018406314663595 0.5000000000000000 0.0715288107153309
0.5000000000000000 -0.2578784724179284 0.1236024845076766
0.5000000000000000 -0.2651819613910759 0.1151417475819799
0.5000000000000000 -0.2653348532330398 0.1512043954601611
0.5000000000000000 -0.2303266736383539 0.0992656342857096
0.5000000000000000 -0.2551347237229132 0.1288929789332427
0.5000000000000000 -0.2907461942609690 0.1470356212552954
0.5000000000000000 -0.1851611099151795 0.1301780422517924
-0.1997858490594011 -0.4546683676643475 0.5000000000000000
-0.0261766633255331 -0.4308989082156219 0.5000000000000000
0.5000000000000000 0.1247106973687015 -0.3865225671291976
0.3081509474748085 0.1051940745553650 -0.5000000000000000
0.5000000000000000 0.1093499111325994 -0.2758563688908778
0.5000000000000000 -0.0827495885851561 0.3928281929638359
0.5000000000000000 -0.0732015096894618 0.3684910088304743
0.5000000000000000 -0.0762516337058905 0.3605441476163764
0.5000000000000000 -0.1615402369705864 0.3600822527027112
0.5000000000000000 -0.0099553145592903 0.3807224098957737
0.5000000000000000 -0.0014632513297108 0.3629094756268367
0.5000000000000000 -0.0695344716135481 0.3114644342135369
-0.5000000000000000 0.2914270422829633 0.2582666692163509
-0.0347467891871886 0.5000000000000000 -0.3639014527410283
0.1034896362393531 0.5000000000000000 -0.3139405095475523
-0.3074389827824521 0.5000000000000000 -0.4034002283545750
-0.5000000000000000 -0.3278962963558084 -0.4374073668907795
-0.5000000000000000 -0.2865889147119511 -0.4928078565789620
-0.4831501834765702 -0.1703897259788859 -0.5000000000000000
-0.5000000000000000 -0.2557318526458662 -0.4989381916624456
-0.5000000000000000 -0.1789447431985405 -0.3923304195174647
0.5000000000000000 0.1472548775435343 -0.3649567719493805
0.5000000000000000 0.1305172593597970 -0.3931275408522555
0.5000000000000000 0.0943594621008314 -0.4079581257538686
0.5000000000000000 0.1280920244007631 -0.3837613701796455
0.5000000000000000 0.2134766233230155 -0.3888200361652480
0.5000000000000000 0.0984331967508838 -0.3869042929221119
0.0260791844941261 0.1865967142135719 0.5000000000000000
0.2802626994600451 0.1751690044151328 0.5000000000000000
-0.1056095951218999 0.1123537641704180 0.5000000000000000
-0.0475135944570961 0.1540346932613345 0.5000000000000000
-0.0570613184955996 0.1609654708351692 0.5000000000000000
-0.1227709082051668 0.2182132737497118 0.5000000000000000
-0.5000000000000000 -0.2924068002838514 0.0313262021451726
-0.5000000000000000 -0.1084002248159145 -0.1869576850626824
-0.5000000000000000 0.0175822964202622 -0.2116362177764160
-0.5000000000000000 -0.1153228963866283 -0.2858051266232517
-0.5000000000000000 0.0279861105902602 -0.0790515779281757
-0.5000000000000000 -0.0891905519743571 -0.2251912023573198
0.2208197173395174 -0.1740535127636006 0.5000000000000000
0.5000000000000000 -0.1987411646447595 0.4967928103180405
0.1924156953015998 -0.1251252976695671 0.5000000000000000
0.4866894216156412 -0.0796977672949250 0.5000000000000000
0.2956840561932302 -0.0797268411783847 0.5000000000000000
0.1594131262616950 -0.1326681603265770 0.5000000000000000
0.0160260636414673 -0.1314337263592429 0.5000000000000000
-0.0853464864170098 0.1510928513864659 -0.5000000000000000
-0.1380414108533580 0.2445148685189029 -0.5000000000000000
0.1009079690359628 0.2135462388222230 -0.5000000000000000
-0.2129407173874218 0.2968354804260173 -0.5000000000000000
-0.2792272919015788 0.3756798264842935 -0.5000000000000000
-0.0166248396717831 0.2496853973166593 -0.5000000000000000
0.5000000000000000 -0.4229997197135169 -0.4874560605871942
0.5000000000000000 -0.4052563323759956 -0.4576779302500629
-0.1435894771771017 -0.5000000000000000 -0.1769936756394861
-0.3021438687107304 -0.5000000000000000 -0.1578937076692106
-0.0735557010861641 -0.5000000000000000 -0.0892978921657779
-0.2433550814576537 -0.5000000000000000 -0.1800936972083556
0.5000000000000000 0.2409111349447000 0.1881148787576057
0.5000000000000000 0.1194516813627187 0.1140143446475842
0.5000000000000000 0.1169570518116634 0.2386724015046671
-0.1794586876681301 0.1142963782002219 -0.5000000000000000
-0.3350383122667828 0.1630155753660214 -0.5000000000000000
-0.3865806429991591 0.1015020933898610 -0.5000000000000000
0.3065183163735307 0.1005658159347933 -0.5000000000000000
-0.0235184848376664 -0.0540118218339859 -0.5000000000000000
0.0379066921552830 -0.0920679436726025 -0.5000000000000000
0.1309191683137626 -0.0047799641946915 -0.5000000000000000
-0.0692815579573784 -0.0340835120965889 -0.5000000000000000
-0.5000000000000000 -0.0735941033633966 -0.4352113383665451
-0.2590913293391160 -0.0336004225111725 -0.5000000000000000
0.0460846224822068 -0.0245460421349965 -0.5000000000000000
0.1690891333215853 -0.0792837637636749 -0.5000000000000000
0.5000000000000000 0.2918648960169961 0.1249447965958573
0.5000000000000000 0.4661370718185198 0.0483828004603066
0.5000000000000000 0.2180759256518236 0.0920355014430501
0.5000000000000000 0.3815112081603430 0.1250760698447391
0.5000000000000000 0.3137965416625378 0.1070735781025740
0.5000000000000000 0.2952483599878731 0.0771403520462390
-0.5000000000000000 -0.4093845233046186 -0.3902259691799781
-0.3714663964068272 -0.3996606288903606 -0.5000000000000000
-0.4810309898569959 -0.4804759955904088 -0.5000000000000000
-0.4056919242142278 -0.3012913484893739 -0.5000000000000000
-0.5000000000000000 -0.3623274356234632 -0.4211807683496737
-0.5000000000000000 -0.3448882435492857 -0.4592512591762458
-0.5000000000000000 -0.3370724433832221 -0.4123207253263663
0.5000000000000000 -0.3985365899527545 -0.2535596434486131
0.5000000000000000 -0.3485409100131036 -0.2361072313386959
0.2194312143527478 -0.5000000000000000 -0.2393583327516945
0.5000000000000000 -0.3919981177123731 -0.1844960350775948
0.5000000000000000 -0.4047350673153488 -0.3071075286858400
0.5000000000000000 -0.2160183612048615 0.3892267674255195
0.5000000000000000 0.1863967325575200 -0.4331287809888080
0.5000000000000000 0.2929277510143983 -0.3977984800579113
0.5000000000000000 0.3212984249878871 -0.4593596400631553
0.5000000000000000 0.3971176862159583 -0.4645945880153415
0.5000000000000000 0.3158655358470839 -0.4079438471688915
-0.5000000000000000 0.4400335724781220 -0.4096699722553775
-0.5000000000000000 0.3663284729501707 -0.3428074464059216
0.5000000000000000 0.2664752566500253 -0.1153344653571163
0.5000000000000000 0.2116658560205735 -0.1793883723169721
0.5000000000000000 0.1546925268256653 -0.1208445481724442
0.5000000000000000 0.1460114008309278 -0.2619193409664607
0.5000000000000000 0.2578293778229191 -0.2468462410151656
-0.5000000000000000 -0.2903331606386561 0.0931406690957302
-0.5000000000000000 -0.3523224030260599 0.3005202552176158
-0.5000000000000000 -0.3426597990765186 0.1878607819953183
-0.5000000000000000 -0.2682352799394392 0.1814463832314021
-0.0864235864954583 0.1049619655475741 -0.5000000000000000
0.2572028921943588 0.1071074004155083 -0.5000000000000000
-0.0273198682386199 0.0858217333428895 -0.5000000000000000
-0.1250276489185279 0.1103446132803670 -0.5000000000000000
-0.1215004005643288 0.0773177041057964 -0.5000000000000000
-0.1173551362233663 0.0971834563050410 -0.5000000000000000
-0.0529981339220676 0.1545365922333213 -0.5000000000000000
-0.1055201905823293 0.1054300425373099 -0.5000000000000000
-0.2126888807048291 0.0597091547013817 -0.5000000000000000
-0.0664355408232047 0.0769219420914824 -0.5000000000000000
-0.3594349678842737 -0.3615574448512712 -0.5000000000000000
-0.3936403414971022 -0.3000411168022635 -0.5000000000000000
-0.3547723765587142 -0.3318092472900161 -0.5000000000000000
-0.4398948733036756 -0.3116971513067419 -0.5000000000000000
0.5000000000000000 0.2287746946939608 0.0356143807217281
0.4694891929633256 -0.5000000000000000 0.0170509981358550
0.4421785953406673 -0.5000000000000000 0.0366427727104856
0.0045891813424014 0.2259966560839955 0.5000000000000000
0.1152535263671451 0.1877898781313090 0.5000000000000000
0.2267695749092433 0.2191895484346552 0.5000000000000000
0.0521261259161983 0.1419184574867422 0.5000000000000000
0.5000000000000000 -0.0151501634337513 0.2619714617771605
0.5000000000000000 -0.0396039144471786 0.2604072516256675
0.5000000000000000 0.0827492706087584 0.3434632741114995
0.5000000000000000 0.1003013667772577 0.2476018254694549
-0.5000000000000000 0.4887401332940000 0.4967067168887627
0.5000000000000000 0.2351940654531448 0.3231217913710842
0.5000000000000000 0.1591984629698419 0.2842056930945983
0.5000000000000000 0.2330265705355216 0.3888810268184194
0.5000000000000000 -0.0890756689643716 -0.4290187487142981
0.5000000000000000 -0.3049880815397711 -0.3969046486482027
-0.5000000000000000 -0.0550994165330524 0.2898332605552152
-0.5000000000000000 -0.0575804732675509 0.2095141709967609
-0.5000000000000000 -0.1817313035484563 0.2130087587448171
-0.5000000000000000 -0.1158360124474154 0.2127167286176438
-0.5000000000000000 -0.2983500760625629 0.0244552666023879
0.5000000000000000 -0.3068328777068842 0.0662215880509446
0.5000000000000000 -0.3363825796476755 0.0027010729368598
-0.5000000000000000 0.2166982073839919 0.1596979764388673
-0.5000000000000000 0.0726919746571836 0.0817986881096447
-0.5000000000000000 0.1829807224507975 0.1844543984352090
-0.5000000000000000 0.4901426312384927 -0.4417392087205003
0.5000000000000000 -0.0104142649695508 0.2172306804009155
0.5000000000000000 -0.0382829209407556 0.2359821196121017
0.5000000000000000 -0.0072065616039808 -0.0254061750709500
0.5000000000000000 0.0842720835629481 0.1132138404802097
0.5000000000000000 0.0323049832046489 0.0343055061838608
0.5000000000000000 0.1029972483128330 0.2396526292077605
-0.5000000000000000 0.2793066117897529 0.1756705207118061
-0.4465460726395896 0.4344861531264279 -0.5000000000000000
-0.5000000000000000 0.4734944332815499 -0.4593238443089753
-0.5000000000000000 0.0790520395104140 -0.3601131176617313
-0.5000000000000000 0.0513277287577447 -0.3218392319885900
-0.5000000000000000 0.0488604859809129 -0.3511180518534272
-0.5000000000000000 0.0549634712313703 -0.3476903850356086
-0.5000000000000000 0.0539628804609637 -0.3511049885656293
-0.5000000000000000 0.0558400295976082 -0.3637464927261415
-0.5000000000000000 -0.0025970293417535 -0.3544403825847486
-0.5000000000000000 0.0720764751019309 -0.3495654518177088
-0.5000000000000000 0.0245494046420875 -0.3471482883668376
0.5000000000000000 -0.0872123579213197 0.2551794692621996
0.5000000000000000 -0.1105251188019769 0.1478795022794290
-0.4990296982456366 -0.2750069757881641 -0.0894348345981583
-0.5000000000000000 -0.3520224576872057 0.0535938935815431
-0.5000000000000000 -0.3061573535679000 0.0119176822325376
-0.5000000000000000 -0.2717284055224256 0.0669718777039525
-0.5000000000000000 -0.3251283089378915 0.0803550428169487
-0.5000000000000000 -0.3155120060440787 0.0402327851499681
-0.5000000000000000 -0.3124935908380124 0.0675567667285625
-0.5000000000000000 -0.2616582259489495 0.0149369192418281
0.5000000000000000 -0.1613099245632875 -0.3054446436074162
0.5000000000000000 -0.2082554960488351 -0.2931115949166511
0.5000000000000000 -0.1983656813116169 -0.3037968352795687
0.5000000000000000 -0.2448438883327470 -0.3005804043087533
0.5000000000000000 -0.1992935814406834 -0.3041804087346209
0.5000000000000000 -0.1669682383166159 -0.3369153040028134
0.5000000000000000 -0.1938319171378630 -0.2947003439317686
0.5000000000000000 -0.1978208231371466 -0.3044639426778491
0.5000000000000000 -0.2075972790163822 -0.3080075392666569
0.5000000000000000 -0.1992311276036997 -0.3015861434939128
0.5000000000000000 -0.2009396334907679 -0.3020152928006723
0.5000000000000000 -0.2054162691620177 -0.3003064512115438
0.5000000000000000 -0.4141529585150148 -0.2585414138109194
0.5000000000000000 -0.3595191388554050 -0.2479781190414794
-0.3765299447331157 0.2610284772336546 -0.5000000000000000
-0.5000000000000000 0.2351243218307689 -0.4570569645310100
-0.0210933157288190 0.2987145186624039 -0.5000000000000000
0.2213813365979574 0.5000000000000000 0.1160267378112038
0.2432617351651852 0.5000000000000000 0.1553755971679029
0.4000347577074863 0.5000000000000000 0.0772494805007697
0.2873087836690824 0.5000000000000000 0.1498606999265274
0.0018390077652088 0.5000000000000000 0.1846180785168500
-0.5000000000000000 0.4931194152251188 0.4883992465859725
0.5000000000000000 -0.0691074060342809 -0.3008141737288006
0.5000000000000000 0.0807304271081449 -0.1927567683398524
0.5000000000000000 0.1013382257480999 -0.1380828020769503
0.3484374127835339 -0.5000000000000000 -0.1539865204880991
0.3580804759709580 -0.5000000000000000 -0.2364890094294285
0.3320034757691291 -0.5000000000000000 -0.2041182581977537
-0.5000000000000000 -0.4922405948947271 -0.3124810445601114
-0.5000000000000000 -0.3949617725459051 -0.2793912914398523
-0.5000000000000000 -0.4610444639253333 -0.3169275505007804
-0.5000000000000000 -0.4993744148707910 -0.3600635346413699
0.5000000000000000 -0.0350895430470432 -0.3000724761102549
0.5000000000000000 -0.0808334992706796 -0.2967308615084626
0.5000000000000000 -0.0613999186836620 -0.1910047409008383
0.5000000000000000 -0.0732019194148402 -0.3300926864815481
0.5000000000000000 -0.3514456904093523 0.3096219456836949
0.5000000000000000 -0.3377950244437653 0.3150607984774788
0.5000000000000000 -0.3438287724824770 0.3184206239868792
0.5000000000000000 -0.3460194935858970 0.3084246425362974
0.5000000000000000 -0.3492087960364232 0.3123981143124016
0.5000000000000000 -0.3553539235560078 0.3066613220426622
-0.1540165666312387 0.5000000000000000 -0.4646479713314442
-0.2236726735338214 0.5000000000000000 -0.4906587072779221
-0.2600927648468395 0.5000000000000000 -0.4687603643790755
-0.1064885688654103 0.5000000000000000 -0.4828326299120498
0.5000000000000000 0.4884940255986039 0.0393300341282013
-0.0871949824138261 0.4038058118664892 0.5000000000000000
-0.4734908292139186 0.2181415958257158 0.5000000000000000
-0.2847739827170936 0.3371229478696591 0.5000000000000000
0.2103461820610300 0.2571657895049232 0.5000000000000000
-0.5000000000000000 0.2708038150312485 0.3293439219031136
-0.5000000000000000 0.2450092366340440 0.3701395643018697
-0.1525335224533862 0.2540658711559132 0.5000000000000000
-0.5000000000000000 0.3956260430488704 0.3397968609611600
0.5000000000000000 0.4610116334970029 0.3816754606967856
0.5000000000000000 0.4611398760738596 0.3852340581148381
0.3106513624986249 0.1080825691286128 -0.5000000000000000
0.3204495669694099 0.1021983375442456 -0.5000000000000000
0.3165218651217380 0.1027259697049152 -0.5000000000000000
0.4066725377762944 -0.2679947793004727 0.5000000000000000
0.4608917468450371 -0.5000000000000000 -0.0892996886121881
0.4390548855070354 -0.5000000000000000 -0.1531552295306247
-0.0181811509758079 0.5000000000000000 -0.3698928520651254
0.0523236342457881 0.3485828081950301 -0.5000000000000000
-0.1305883870994997 0.5000000000000000 -0.3205217392657776
0.5000000000000000 -0.2821722492456490 0.4963901803489317
0.5000000000000000 -0.3212461339574552 0.3863144111631692
-0.5000000000000000 -0.2478247031022110 -0.1705886309024558
-0.5000000000000000 -0.2654809025543000 -0.1618581217022012
-0.5000000000000000 -0.2631724758841019 -0.1874018369018236
-0.5000000000000000 -0.2472856080417385 -0.2006865778692841
-0.5000000000000000 -0.2339684595595646 -0.1911958554278126
-0.5000000000000000 -0.3584308718115521 0.3166295120189200
-0.5000000000000000 -0.3740744404187215 0.3229652402585634
-0.5000000000000000 -0.3644308414266357 0.3292450763340857
-0.5000000000000000 -0.3648713589064882 0.3115008925434757
-0.5000000000000000 -0.3744061985257791 0.3661770663080862
-0.5000000000000000 -0.3669980588789905 0.3247734522945293
-0.5000000000000000 -0.3591330444225801 0.3371572809535339
-0.3878079556679374 0.5000000000000000 0.2904834082928441
-0.3963955267598117 0.5000000000000000 0.1319800548175242
-0.2760556168284864 -0.4926892581502563 0.5000000000000000
0.5000000000000000 0.3118481527999972 -0.3924469434095910
0.5000000000000000 -0.2798947738898626 -0.1642721235682212
0.5000000000000000 -0.3106403099068458 -0.2002603443943497
0.5000000000000000 -0.3451524157380602 -0.1670334211863064
-0.5000000000000000 0.0211382496738528 0.3326891276183230
-0.5000000000000000 0.0031872099184581 0.3168771254285899
-0.5000000000000000 0.1575556928059949 0.2184026366133510
-0.3710043454955188 0.5000000000000000 -0.4026247445075818
0.1428711455168581 0.5000000000000000 -0.3091591235822198
0.3294385714817312 0.5000000000000000 -0.4309558980057241
0.5000000000000000 -0.3001122681092844 0.1147779210726103
0.5000000000000000 -0.3289519258185645 0.1097800236360506
0.5000000000000000 -0.3675802343369615 0.0640206472006633
0.5000000000000000 0.0244051115300026 -0.3526109102989772
0.5000000000000000 0.2620483107335555 0.2787403715926331
0.5000000000000000 0.2792422959818180 0.1783333281989917
0.5000000000000000 0.1940906888988195 0.2563816118176322
0.5000000000000000 0.2140825123718139 0.1314490403276219
0.5000000000000000 0.3690633739351088 0.1567043949476327
0.5000000000000000 0.2905774176908508 0.2538133021507478
0.5000000000000000 0.3208514767436044 -0.3803880072949767
-0.5000000000000000 -0.2449305632797990 0.3541229498939364
-0.5000000000000000 -0.2370138399224053 0.3656740132298488
-0.5000000000000000 -0.2284230631131625 0.3664335628250532
-0.5000000000000000 -0.2352681161955300 0.3636418065426384
-0.5000000000000000 -0.2158289943554196 0.3769152294491929
-0.5000000000000000 -0.3116609492575828 0.3941058037821557
-0.5000000000000000 -0.2484381184948274 0.3783857792899971
-0.5000000000000000 -0.2416956608232849 0.3706413439203437
0.2651389478587889 -0.2591546384848187 0.5000000000000000
0.1885378910648443 -0.2847325847621507 0.5000000000000000
0.1663345016082552 -0.2435574727938691 0.5000000000000000
0.0518593052979988 -0.2522667008638816 0.5000000000000000
-0.4186360617273543 -0.5000000000000000 0.3508413041120817
-0.3298101766071029 -0.5000000000000000 0.3292909543955926
-0.4147443215427592 0.4151118783332292 -0.5000000000000000
-0.5000000000000000 0.4503194784744823 -0.4757127177726038
0.5000000000000000 -0.2097083823594343 0.4917515527990096
0.3737105850992450 -0.2825841274003852 0.5000000000000000
0.5000000000000000 -0.4072165574839349 0.4495663558893904
0.3930265865946496 -0.5000000000000000 -0.0138961208527857
0.5000000000000000 -0.4208514515584010 -0.0500755172335364
0.1781069541074224 -0.5000000000000000 -0.1361562030148879
0.5000000000000000 -0.3396468578474135 0.0000454872708920
0.5000000000000000 -0.3948670551261210 -0.0999737021358428
-0.1854039706774199 -0.1009984919087609 -0.5000000000000000
-0.5000000000000000 -0.0758811751733672 -0.4347802174596768
-0.3531502402550926 -0.0782382161632142 -0.5000000000000000
-0.2087598850284103 -0.1474957735756400 -0.5000000000000000
0.5000000000000000 0.1155327213621068 -0.2469193833326391
0.5000000000000000 0.1351973176735505 -0.2432694204681320
0.5000000000000000 0.1151559633138418 -0.2743169412702230
0.5000000000000000 0.1194509184646400 -0.2005807186150227
0.5000000000000000 0.0764037672143762 -0.3097284075692152
0.5000000000000000 0.2659490043838721 -0.1880503749980348
0.5000000000000000 0.2828780878145013 -0.2189838630081802
0.5000000000000000 0.2769162618415227 -0.2687453659127380
0.5000000000000000 0.2431781875468118 -0.2289176902357576
0.5000000000000000 0.2926226029464015 -0.3301503344181057
0.5000000000000000 0.3556890590694316 -0.3066760307643160
0.5000000000000000 0.3580762789958221 -0.3135910662232724
0.5000000000000000 0.3654636769367812 -0.2973753810573565
0.5000000000000000 0.3604942312220130 -0.3121300741436064
0.5000000000000000 0.3606378608911937 -0.3149196070415914
0.5000000000000000 0.3585496208525598 -0.3124819770177485
0.5000000000000000 0.3554881989958397 -0.3186263274319465
-0.3097157018327829 -0.0071041026492486 0.5000000000000000
-0.2671291459590868 0.0585454167258454 0.5000000000000000
-0.3284272256411924 0.0607239594796930 0.5000000000000000
0.3467312083455413 0.1745783969138529 0.5000000000000000
0.3721783918563835 0.1936145188987755 0.5000000000000000
0.3744892795777883 0.1620733401310210 0.5000000000000000
0.2975138107725659 0.1525635754680006 0.5000000000000000
0.1638169687421110 0.2188242617012452 -0.5000000000000000
-0.1965524669041730 -0.5000000000000000 0.3837946473271867
-0.1537709324269420 -0.3588371154834525 0.5000000000000000
-0.4728324941427199 -0.5000000000000000 0.4215175040924992
-0.1471104511588454 -0.5000000000000000 0.4703848533635765
-0.1400086841854050 -0.4599431248225302 0.5000000000000000
-0.2679301328698692 -0.4486424185976731 0.5000000000000000
-0.5000000000000000 -0.4616370624379945 0.3592038023129956
-0.1578677763048905 -0.4866896438309601 0.5000000000000000
-0.1200667599860069 -0.5000000000000000 0.4935439613319593
-0.1767930247130530 -0.4604084794800868 0.5000000000000000
0.5000000000000000 0.3227294194533281 -0.3895172083097762
-0.5000000000000000 0.2219768566835807 0.1675953442450087
-0.5000000000000000 0.2841546296969258 0.2597334163566301
-0.5000000000000000 0.3235798209320783 0.2091003614296567
-0.5000000000000000 0.2779009603669809 0.2914245690109235
-0.5000000000000000 0.2509747009372706 0.2410872288205966
-0.5000000000000000 0.3210108069801377 0.2704997136252864
0.5000000000000000 -0.0808793519466984 -0.4516737784817229
-0.1202569722364145 0.5000000000000000 0.3560823565737438
-0.1076548515518236 0.5000000000000000 0.2334374308531783
-0.1582769396036998 0.5000000000000000 0.3266192662269218
-0.3173156670098736 0.5000000000000000 0.3177171431271154
-0.4051194066904844 0.5000000000000000 0.4569245668838121
0.5000000000000000 0.2721860930751125 -0.1148287893679197
0.5000000000000000 0.2843423935090755 -0.1220967264759682
0.5000000000000000 0.2505864846992494 -0.0500767375331024
0.5000000000000000 0.2856498022781976 -0.1315408711845934
0.5000000000000000 0.2623583467981536 -0.0702558890847183
0.5000000000000000 -0.2116144373263555 0.4568531545751186
0.5000000000000000 -0.2632384438189143 0.4302313473865209
0.5000000000000000 -0.2070384607283031 0.4977619163000390
-0.5000000000000000 0.2217294185102195 0.1611697651576973
-0.5000000000000000 0.2836147784242154 0.1847954669025008
-0.5000000000000000 0.3241962493379619 0.1633778834208266
0.3611008802627206 -0.5000000000000000 0.0313651322782886
0.0053930558137610 -0.5000000000000000 -0.0747231138715957
-0.5000000000000000 0.3279612775178036 -0.0993672319141165
-0.5000000000000000 0.2762071118413630 -0.3320220976926197
-0.5000000000000000 0.3591775586947641 -0.2363883456780073
0.5000000000000000 -0.0586668109411562 -0.4524007511324966
0.5000000000000000 -0.0017849322231920 -0.4610684683013401
0.5000000000000000 -0.4824001487794178 -0.2762276009773067
0.2583345643873480 -0.5000000000000000 -0.2432492217568319
0.5000000000000000 -0.4054685162465090 -0.2005902728249810
0.0498650924961530 -0.5000000000000000 -0.3753134250610921
0.4021613373890820 -0.5000000000000000 -0.3352256968829141
0.5000000000000000 -0.4139555186672720 -0.3025890396365980
0.5000000000000000 0.1713939421821226 0.4951828166051453
0.5000000000000000 0.1619286214740398 0.4929880365391809
0.5000000000000000 0.1630060959753838 0.4903011792050176
-0.0054522747995083 0.3895978196081246 0.5000000000000000
-0.0585296027430906 0.4188566359498134 0.5000000000000000
-0.0820589815754570 0.4197330638426454 0.5000000000000000
-0.3007028763985831 0.4600403934472005 0.5000000000000000
-0.0175718726722787 0.4184705459171960 0.5000000000000000
0.5000000000000000 -0.1000113688031093 -0.1325819348121456
0.1394610243442154 0.5000000000000000 -0.2971682100345990
0.4579510152599720 0.5000000000000000 0.0104679640285915
0.3946468972996748 0.5000000000000000 -0.1623915109310411
0.3183306228470264 0.5000000000000000 -0.2409820458555780
-0.5000000000000000 -0.1702338776893185 -0.1418890195925422
-0.5000000000000000 -0.1643139899441964 -0.1755822414614060
-0.5000000000000000 0.0513655894652710 -0.2397851226450610
-0.5000000000000000 -0.2410696488776353 0.2855092782539120
-0.5000000000000000 -0.2633125395609581 0.2010811731834507
-0.5000000000000000 0.0805623811852295 -0.2155819388518782
0.5000000000000000 0.4188138373982714 0.4173663079113620
0.4622548784743173 0.4501010509829458 -0.5000000000000000
-0.5000000000000000 0.2702131766596448 -0.0999716567509477
-0.5000000000000000 0.1891622011867887 -0.1648267890599417
-0.5000000000000000 0.0981403681866184 -0.2023476954090430
-0.5000000000000000 0.2130368526300523 -0.2276890113004808
-0.5000000000000000 -0.0605404359828521 -0.0728646207661228
-0.0446725989233401 -0.2412521882045871 0.5000000000000000
0.1519933500259754 -0.4258182667115693 0.5000000000000000
0.1070275098983415 -0.4612358113240551 0.5000000000000000
0.0823732780592693 -0.4445752369707984 0.5000000000000000
0.1711961082267373 -0.4636882007745657 0.5000000000000000
0.0745324656464775 -0.4151081121374709 0.5000000000000000
0.1440861775232730 -0.4508529097992884 0.5000000000000000
0.5000000000000000 0.4439882547874546 -0.1598007047233527
0.5000000000000000 0.4567117754394537 -0.1664621851648254
0.5000000000000000 0.4990351217239121 -0.2325406724293311
-0.3461889392381921 0.5000000000000000 -0.2016332806687942
0.5000000000000000 0.0472450544801292 0.2734469463217197
0.5000000000000000 -0.0491741579950076 0.2746536878737967
0.5000000000000000 -0.0498314806736648 0.2037319285014616
-0.3771942486319922 -0.5000000000000000 -0.1121719561123551
-0.4909654350678802 -0.5000000000000000 -0.1524226512103590
-0.1069654866412704 -0.5000000000000000 -0.0886153209970220
0.5000000000000000 -0.2526644939483068 -0.1439494556979534
-0.5000000000000000 -0.1602688775944771 0.4311894087036396
-0.5000000000000000 -0.1936662266157579 0.4514082369016474
0.0464448962502819 0.5000000000000000 -0.4421349421783679
-0.5000000000000000 0.2316969827316552 -0.4385969325907829
-0.5000000000000000 0.2132436920254646 -0.4517183115517643
0.5000000000000000 0.1229641558784255 0.3624072282857290
0.5000000000000000 0.3072149113399870 0.3831958391939135
0.5000000000000000 0.2547840560366943 0.3755722217900884
0.5000000000000000 0.3892464436787373 0.2688836351532876
0.0705822203866062 -0.5000000000000000 -0.4843954869430628
-0.0368621536846546 -0.5000000000000000 -0.4408674572333339
0.2643039778685972 -0.5000000000000000 -0.4100237142590868
0.5000000000000000 -0.0560853008027878 0.2696217009868032
0.5000000000000000 -0.0583221708767892 0.2250927186029195
-0.5000000000000000 0.4783723505974700 -0.4293387143334185
0.5000000000000000 0.3131856189668488 -0.1942147282550787
0.5000000000000000 0.3049303172775228 -0.1920720358519623
-0.0672501443255625 -0.1033804132293600 -0.5000000000000000
-0.4996652030393742 0.1845154140798683 0.5000000000000000
-0.5000000000000000 0.1963289501416081 0.4877082487681627
0.1715530865235171 -0.3103816670266076 -0.5000000000000000
-0.5000000000000000 -0.1387763581348521 0.3141472543466000
-0.5000000000000000 -0.0448989810245634 0.3295710897189451
-0.5000000000000000 -0.0506470748144798 0.3190888099068512
-0.5000000000000000 0.0807216280166947 0.2434184092421678
0.5000000000000000 0.4292989285975823 -0.1614999571864340
0.5000000000000000 0.4497682972200583 -0.2455117242072188
-0.0349357639492797 0.5000000000000000 0.4180715807312740
-0.2053553823644205 0.5000000000000000 0.3680266108300931
-0.2884068868533364 0.5000000000000000 0.4646134627341464
0.0165037758765042 0.5000000000000000 0.4254703337580827
-0.3503571704130971 0.5000000000000000 -0.0715816890488092
-0.3051580767342889 0.5000000000000000 -0.1328877837427776
-0.2447621010526944 0.5000000000000000 -0.0602899288242590
0.0121146314458014 -0.1215015248663581 -0.5000000000000000
0.4909068763607370 0.0874075777349817 -0.0378907532532634
0.5000000000000000 0.1288450366753806 -0.1112447524808826
0.5000000000000000 -0.3046178395950339 -0.0364120356615842
0.5000000000000000 -0.3372470749069347 0.0007499945313900
0.5000000000000000 -0.2617136862296944 -0.0031260508174138
0.5000000000000000 0.2533083415923579 0.0722688710070505
0.5000000000000000 0.3786741129137669 0.2184856659500125
0.5000000000000000 0.4873665970738658 0.0481354636148743
0.5000000000000000 0.4252182681786344 0.1327077192519731
0.0990719702866510 0.5000000000000000 -0.0680565123800236
0.2136260043291833 0.5000000000000000 0.0393331995770315
-0.4442474427352803 -0.3704021369788833 0.5000000000000000
-0.3027273784001586 -0.3076297135429888 0.5000000000000000
0.5000000000000000 0.0435957487332982 -0.4424254205782128
0.5000000000000000 0.0282572348629354 -0.4168652403129195
0.5000000000000000 0.1072990108525521 0.3458919105802892
0.5000000000000000 0.1334519250440263 0.3811444841995826
0.5000000000000000 0.1000159214083546 0.3715403996744236
0.5000000000000000 0.1039308637183067 0.3626378563088247
0.5000000000000000 0.0408940336659543 0.3315786903942364
0.5000000000000000 0.4447321262551112 0.4495098178778807
0.5000000000000000 0.3146221430899733 -0.3737795722834154
0.5000000000000000 -0.2702931419679352 0.1921000576688857
-0.5000000000000000 0.2171206183138880 0.1592696823650820
-0.5000000000000000 0.2301139526842593 0.1398820884211612
-0.5000000000000000 0.2173373115421066 0.1602267483109011
-0.5000000000000000 0.2149456987365475 0.1561254262806099
-0.1771778206902398 0.0043484214066460 0.4964856020698518
-0.0802568672304746 0.0573836033929425 0.5000000000000000
-0.1245705251386865 0.1003645129723641 0.5000000000000000
-0.2500765144562306 0.0979863062624053 0.5000000000000000
-0.2210226790861303 -0.5000000000000000 0.1406397205568755
0.0960850510910356 -0.5000000000000000 0.3037248829058123
-0.0073898007086740 -0.5000000000000000 0.1644716161009585
0.5000000000000000 -0.4674423997933223 0.3259913665641111
0.5000000000000000 -0.4603931451681828 0.2887182216714014
-0.2123697115506120 -0.5000000000000000 0.0901069154022073
0.0406453818152087 -0.5000000000000000 0.0792517089498377
-0.0574682637697340 -0.4959415479953769 0.2010633713836767
0.0011373592018997 -0.5000000000000000 0.0837234157298714
-0.0507623585536122 -0.5000000000000000 -0.0684839019296860
0.1221430535632530 0.4942291980873081 -0.3073676991012953
0.3145433059356326 0.5000000000000000 -0.1733333747439757
0.2609663182469569 0.5000000000000000 -0.2491044831246083
0.5000000000000000 0.1113767163689414 0.2807687695413180
0.5000000000000000 0.1048221472790324 0.1476392981776199
0.5000000000000000 0.1109448675657661 0.2500788280869585
-0.4380176167964132 0.2972105357837337 -0.5000000000000000
-0.5000000000000000 0.2396696449518596 -0.4564481672921029
-0.0589139043672648 0.3302343385141236 -0.5000000000000000
-0.5000000000000000 0.3160387360834560 -0.4250581520783365
-0.3273917949863959 0.4023354864048537 -0.5000000000000000
-0.5000000000000000 0.4720224143352981 -0.0584873669007810
-0.5000000000000000 -0.1941027590563862 0.3281423910089224
-0.5000000000000000 -0.1784371257545498 0.3648395862287561
-0.5000000000000000 -0.2140462769523557 0.2337310911182889
-0.5000000000000000 -0.3361662644306749 0.4339669565016264
-0.5000000000000000 -0.2273847177525273 0.4637824636256888
-0.5000000000000000 0.1742099723385056 0.3837994539021550
0.2818191164662314 -0.0386260584688855 -0.5000000000000000
0.2731236717865637 0.0164827626758890 -0.5000000000000000
0.2152663748931752 0.0009525525184668 -0.5000000000000000
-0.4105470682692504 0.3595185133907037 -0.5000000000000000
-0.5000000000000000 -0.1500309883646477 0.3974295209466495
0.1590641533073979 0.4493022571035314 0.5000000000000000
0.3299627613816228 0.4428107486963059 0.5000000000000000
0.4069083133119147 -0.4990038143237310 0.5000000000000000
-0.3410115937635245 0.5000000000000000 -0.0215167874115603
-0.5000000000000000 0.3741328710687663 0.1239684838375565
-0.5000000000000000 0.2073019690396037 -0.0594655668502236
-0.5000000000000000 0.1575614814358144 -0.0887196007004146
-0.5000000000000000 0.1052075838542951 -0.1458876619234266
-0.5000000000000000 0.1296813611318301 -0.0491594138322243
-0.5000000000000000 0.2750282453231973 0.0380757478727066
-0.5000000000000000 0.1291698145720339 -0.0889455250276773
-0.5000000000000000 0.1499328289319379 -0.0840123134055625
-0.5000000000000000 0.1554193810162795 -0.0177515756800514
-0.5000000000000000 0.0580539589698276 -0.0642652568504222
-0.3527494293067188 0.5000000000000000 -0.0661156993637084
-0.5000000000000000 0.3765928284450389 -0.0775249822643505
-0.4806812063304954 0.5000000000000000 -0.0766104270408817
-0.5000000000000000 0.4895109592238987 -0.0036917889110876
-0.5000000000000000 0.4627328161972686 -0.1060669468989342
-0.5000000000000000 0.4288397930012932 -0.1554921864664440
-0.5000000000000000 -0.1628264316437909 -0.0891366094994028
0.5000000000000000 -0.1274394369202352 -0.1454603764175394
0.0603502418033341 -0.5000000000000000 -0.1883818875761421
0.0899538903422696 -0.5000000000000000 -0.2231461881637926
-0.2418933609805129 -0.4271187353641234 -0.5000000000000000
-0.2917863181656704 -0.4145131368462069 -0.5000000000000000
-0.3283626065287151 -0.4218076809850845 -0.5000000000000000
0.1060386966965879 0.5000000000000000 0.2006749718808050
0.2013008955693326 0.5000000000000000 0.2842497718529837
0.2482802914745561 0.5000000000000000 0.0956046993167003
0.5000000000000000 0.4133552582942403 0.2375776931702914
-0.5000000000000000 0.1545525732680863 0.0367338585428703
-0.1762297007234089 -0.4887706152690799 0.3467433545627236
-0.1482890181425848 -0.5000000000000000 0.3769808942020565
-0.0380288105691838 -0.5000000000000000 0.3384454883148151
-0.0855638507328846 -0.5000000000000000 0.2302847502147816
-0.0135737915738051 0.0883402402311625 0.5000000000000000
-0.5000000000000000 0.0115932640664205 0.0904493369286974
-0.5000000000000000 0.1024514784688910 0.1883933940678419
-0.5000000000000000 -0.0604799894981278 0.1631565793523551
-0.5000000000000000 0.2355880528912142 -0.4530107288341200
-0.5000000000000000 0.2717286580518917 -0.3452160959671105
-0.5000000000000000 0.2959027481633037 -0.4076265889740019
-0.5000000000000000 0.2258550600648347 -0.3736796890562507
0.2798521552644690 -0.3027776633226324 0.5000000000000000
0.5000000000000000 -0.4090457737614300 0.4505872348326055
0.1073859714135572 -0.3097217861017086 0.5000000000000000
-0.5000000000000000 -0.1385954116395587 -0.2074513560530382
0.5000000000000000 0.3438409283208825 0.4794755862130270
0.5000000000000000 0.2885472670799589 0.4222722279963236
0.3929196345434693 0.2072264388513883 0.5000000000000000
0.3555737479798473 0.2468311355195092 0.5000000000000000
0.0686113908910271 0.2432963666487686 0.5000000000000000
0.5000000000000000 0.2461499603946952 0.4311048738371516
0.1592806890221405 0.5000000000000000 -0.3072739082673072
0.3940895708719359 0.5000000000000000 -0.2824437054402112
0.3606334739472716 0.5000000000000000 -0.4159307322064500
0.5000000000000000 -0.0050521806456568 -0.0530872202873262
0.5000000000000000 0.0348264760660472 -0.0073382247022183
0.5000000000000000 -0.0560880405297451 -0.1566483948693861
0.5000000000000000 -0.2166686368694472 -0.0245762982764510
0.5000000000000000 -0.3127607639952690 -0.0596837657761736
0.5000000000000000 -0.1712634624212817 -0.1228437098510498
0.3073588147638130 -0.5000000000000000 0.2409866863316003
0.3108789797030904 -0.5000000000000000 0.2077973402551920
0.5000000000000000 -0.4226054706843128 0.3834522590629707
0.5000000000000000 -0.4147890733190779 0.4404738683157625
0.3395304643800268 -0.5000000000000000 0.2749956322940524
-0.5000000000000000 -0.0201428760238861 0.3838296469245966
-0.1243520705101764 0.0032784513845605 0.5000000000000000
-0.1065906731285316 -0.3583627316905696 0.5000000000000000
-0.1334817323016572 -0.3364597645517048 0.5000000000000000
-0.1639506614551436 -0.3385966994484763 0.5000000000000000
-0.1720538777320986 -0.3281241209805441 0.5000000000000000
-0.1279513094573902 -0.3229947127859054 0.5000000000000000
-0.3288247716284738 0.4230511849526356 -0.5000000000000000
0.0034603214370535 0.4645774305824658 -0.5000000000000000
-0.5000000000000000 0.0033692476130806 0.0686565205924535
-0.5000000000000000 0.0383093349108120 0.0479407332545886
-0.5000000000000000 0.0794888885722052 0.0492162525502903
-0.5000000000000000 0.0237505001380839 0.0708772066337568
-0.5000000000000000 0.0370674139147948 -0.0335574604075857
-0.5000000000000000 0.3223438663860885 -0.0592185866553674
-0.5000000000000000 0.3413599142053028 -0.0707374845225190
-0.5000000000000000 0.3800621914163012 -0.1670281946862063
-0.5000000000000000 -0.1128598518004517 0.3833736058324362
-0.5000000000000000 0.0982666878769862 0.4118284738508234
-0.5000000000000000 0.1429238133587088 0.3806602352504245
-0.2882200270449371 0.3502554189165614 0.5000000000000000
-0.3921821461163811 0.4295708054722812 0.5000000000000000
0.5000000000000000 0.0635625537089708 -0.0395681250727884
0.5000000000000000 -0.0209704808554473 -0.0387740458789950
0.5000000000000000 -0.0137562156485898 -0.0389367550684100
0.5000000000000000 0.0418261899738097 -0.0692784688831136
0.5000000000000000 -0.0413893682084437 -0.0797770349455976
0.5000000000000000 -0.0249833726479295 -0.0062865507485490
0.5000000000000000 -0.2324073339864146 0.3503170339796753
0.5000000000000000 -0.2394299080902481 0.3526269258497474
0.5000000000000000 -0.2483653505193875 0.2677985870660564
0.3096261739804002 -0.5000000000000000 -0.4958529660157515
0.4835644724656228 -0.5000000000000000 -0.4568512698097213
0.3163656362499459 -0.5000000000000000 -0.4010147213583736
-0.2656242476382081 -0.5000000000000000 0.2805730721963260
-0.5000000000000000 -0.4676872934940033 0.3282019128431229
-0.5000000000000000 0.4491213077788915 -0.4389135394145486
-0.5000000000000000 -0.0465565662580685 0.0082537385132643
-0.4888579208815325 -0.1053410439557508 -0.1499497316484284
-0.5000000000000000 -0.0634476050535829 -0.0372049029999526
-0.5000000000000000 0.0242831644754506 -0.0630346496921801
0.0573110244120013 0.5000000000000000 -0.3077599017406940
0.4928819313710124 -0.3041670996657881 -0.2981995265518983
0.5000000000000000 -0.4447219817842676 0.2136490249585505
0.5000000000000000 -0.3899471673628538 0.1612451279208759
0.5000000000000000 -0.4255347409611195 0.0970617487756549
-0.4503263944775383 0.4955022871407920 0.5000000000000000
0.5000000000000000 0.0903419752787784 -0.0037925496701178
-0.5000000000000000 -0.4703021166094450 -0.0331947004590718
-0.5000000000000000 -0.4910359122516434 0.0459782567006764
-0.5000000000000000 -0.4743703375896337 -0.0079837129791168
-0.4202559487757965 -0.5000000000000000 -0.0281507757626149
0.5000000000000000 0.3883586763655028 0.4799448572768507
0.1309212563512731 0.5000000000000000 0.3671242768762016
0.2981307978445644 0.2915546573951826 0.5000000000000000
0.1424649274535612 0.5000000000000000 0.3352444367504437
-0.1537872168418919 0.3749857617782389 -0.5000000000000000
-0.5000000000000000 0.3413533741353106 -0.4357652384108066
-0.5000000000000000 0.3873481049519459 -0.4775299600587631
-0.3823207237974408 0.4285950139216317 -0.5000000000000000
-0.3479161423128289 0.4398289673860120 -0.5000000000000000
-0.5000000000000000 -0.4895111094676953 -0.1327243380526625
-0.5000000000000000 -0.4044168185839876 -0.2213530926042452
0.5000000000000000 0.2086171448463072 -0.0086022937482216
0.5000000000000000 0.2168148259414807 -0.0302026947969854
-0.5000000000000000 -0.3927832288695660 -0.1454610035382826
-0.5000000000000000 -0.3549978812288231 -0.1271448139946812
-0.5000000000000000 -0.3489895621487689 -0.0771024434719489
-0.5000000000000000 -0.4948281715133431 0.0767331685443909
-0.5000000000000000 -0.3985010111306796 0.4188875082115516
-0.2562671564570352 0.5000000000000000 -0.1800388255900747
-0.0567166597954548 -0.4896413116351523 -0.0883090760134093
0.1136753527521890 0.5000000000000000 -0.4617649586311475
0.2774068610749383 0.5000000000000000 -0.4517743856847681
-0.0221604265511824 -0.5000000000000000 0.4530381004728148
0.1270113975601097 -0.5000000000000000 0.3466443434671937
-0.5000000000000000 0.3515805379649459 0.1415350585692489
0.4405354888600786 -0.2315391261007362 -0.5000000000000000
0.5000000000000000 -0.2251509269544556 -0.1006759714739166
0.5000000000000000 -0.1863009773955959 -0.1586523675397623
0.5000000000000000 -0.2978793958446569 -0.1008028630524840
0.5000000000000000 -0.1861283330774325 -0.1503804063831141
0.5000000000000000 0.4012804164492335 0.4637292451844264
0.4100417450244918 0.4773439293952972 0.5000000000000000
0.5000000000000000 0.4184994308741408 -0.1543151256616652
0.4776302740900228 0.5000000000000000 0.0133970061857470
0.4023263940157514 0.5000000000000000 0.0037039272080177
0.4844405489755029 0.5000000000000000 0.0553486031779741
0.5000000000000000 0.4817176017412425 0.0432168542114669
0.5000000000000000 0.4854856356348217 0.0290021711131768
0.4343220450887305 0.5000000000000000 0.0408927338681738
-0.3262708813472952 0.5000000000000000 0.0264510120395608
-0.2228584042208080 0.5000000000000000 -0.0546194481420919
0.1659167332114667 -0.5000000000000000 -0.1767523582819508
0.0136060173022679 -0.5000000000000000 -0.1908203574919693
-0.0217721490544502 -0.5000000000000000 -0.1062152510034180
-0.5000000000000000 -0.4051117240508961 0.1646407475900426
-0.5000000000000000 -0.3736633515772258 0.1976079777261048
-0.5000000000000000 -0.3790231499593696 0.1851542455382240
-0.5000000000000000 0.2248574908589566 -0.0118780781209992
-0.5000000000000000 -0.2416144519156266 0.1707076907907279
-0.5000000000000000 -0.2238687341609561 0.2003956176271882
-0.5000000000000000 -0.1896470394331758 0.1426035582309296
0.4748647617850246 0.5000000000000000 -0.1410913820047863
0.4606196750410419 0.5000000000000000 -0.1426847196321617
0.3695727238274505 0.5000000000000000 -0.2232252376396174
0.5000000000000000 0.3392553270435295 0.3688634228478978
0.5000000000000000 0.3943126020215587 0.4078911919664469
0.5000000000000000 -0.3193216828193964 -0.2329290244179341
-0.3270060270913295 -0.5000000000000000 0.2072936473530943
-0.5000000000000000 -0.4052528989386461 0.0387535550775134
-0.3322681216662984 -0.5000000000000000 0.1204681204450883
-0.5000000000000000 0.4606890204433648 -0.4125356345124872
-0.5000000000000000 0.3674958592887584 -0.4176736045450567
-0.5000000000000000 0.4686350131590856 -0.4049310900613177
-0.5000000000000000 0.4337697442806461 -0.3394273489276973
-0.5000000000000000 0.4286874214859643 -0.4316815489840773
-0.2865649559864841 0.5000000000000000 -0.3541370902824761
-0.4827022642686127 -0.1613290121911082 -0.5000000000000000
-0.5000000000000000 -0.1543767409756480 -0.3998494625600389
-0.5000000000000000 0.3572324517236135 0.1463719342425248
-0.5000000000000000 -0.3632036174509483 -0.2368509187668719
-0.1511548358825140 -0.1427331933497730 0.5000000000000000
-0.5000000000000000 -0.0495604975914340 0.0769757412117954
-0.5000000000000000 -0.1010116550623465 0.0907240325409753
0.5000000000000000 0.2031034414718446 0.0592615818829821
0.5000000000000000 0.2518422816927965 0.0320883055852333
0.5000000000000000 0.1710042011541730 -0.0561129228396493
0.5000000000000000 -0.3335814929601358 0.0021922229204049
0.5000000000000000 -0.3373532618605326 -0.0020240225222669
0.5000000000000000 -0.3375382152397253 0.0062527132984703
0.5000000000000000 -0.3404101986520429 0.0039132122413553
-0.2976399016188595 0.5000000000000000 -0.1959654774050100
0.2939965546318594 -0.5000000000000000 0.0397208795680704
0.2278541472066977 0.5000000000000000 -0.1683349086856020
-0.2084842920305212 0.5000000000000000 -0.1868585569800729
0.0441348054826720 0.5000000000000000 -0.1926141685015223
-0.1491908086460448 0.5000000000000000 -0.0760219894929241
0.2290214128273502 -0.5000000000000000 0.1290630230065673
0.0667120072208800 -0.5000000000000000 0.0354130797683908
-0.5000000000000000 0.3184906299864584 -0.0911885953831171
-0.5000000000000000 0.1777358574299354 -0.2158750882429700
-0.5000000000000000 0.3743307811984879 0.1430435376696469
-0.5000000000000000 0.3751852148072619 0.1533145582118270
-0.5000000000000000 0.3974388628048832 0.1804072198378412
-0.5000000000000000 0.3819808262441867 0.1372228834344216
-0.5000000000000000 0.3091072455666030 0.0730065009310137
-0.5000000000000000 0.3535519314733775 0.1534936498910034
-0.5000000000000000 0.2993747501765377 0.0292162111600133
-0.5000000000000000 0.3150075758372632 -0.1251287579537755
0.5000000000000000 0.1409402076897605 0.0586606808133374
-0.5000000000000000 -0.0898669782052071 0.3353212066068756
-0.2442633466430883 -0.1306122068514420 0.5000000000000000
0.1037092043165092 0.3280356240539478 -0.5000000000000000
0.1458633489163547 0.2933876276132112 -0.5000000000000000
0.5000000000000000 -0.4081634976438405 0.4481497495719597
-0.5000000000000000 0.4799124058389468 0.4835250822198991
0.5000000000000000 -0.0519945311358945 -0.1586144646365134
-0.5000000000000000 0.2319482410681088 -0.4559448595927953
0.3212061237208241 0.5000000000000000 0.3838746646016175
0.0734808838570570 0.3848534035100052 -0.5000000000000000
0.1544344773544947 0.5000000000000000 -0.4816333397156454
0.0927398697874182 0.5000000000000000 -0.4910838584768281
0.0859353786891955 0.4872264542086925 -0.5000000000000000
0.5000000000000000 0.4265259335194368 -0.1512794325806244
0.5000000000000000 0.4112063497729241 -0.1538426629803422
0.5000000000000000 0.4341318319318649 -0.1400448981029032
-0.2083035644025365 -0.1761334384988198 -0.5000000000000000
0.2230735620166056 -0.5000000000000000 -0.2114872499377365
0.5000000000000000 -0.3947241516042929 -0.1564284773321704
0.0294136033269012 -0.5000000000000000 -0.2198000044152556
-0.1754269686149230 -0.5000000000000000 -0.2601179953413167
0.5000000000000000 0.1345546572582579 0.1008106943097410
0.5000000000000000 0.1243775511814829 0.2178917396373931
0.5000000000000000 0.1632964329471421 0.1021009177665681
-0.2736922799461724 -0.4988606415433456 -0.5000000000000000
-0.2929860770739180 -0.5000000000000000 -0.4327398701420335
-0.5000000000000000 -0.1046689865216393 0.0444506316050593
-0.5000000000000000 -0.1987236475331310 0.0600065226104021
-0.5000000000000000 -0.1325839162966827 -0.0136092313235783
-0.5000000000000000 -0.1777298089674173 -0.0225835239017319
-0.5000000000000000 -0.1461338006723033 0.0551969538513008
0.4839340681920463 0.5000000000000000 0.1486256182280954
0.5000000000000000 0.4129739522566160 0.1449757505046446
0.5000000000000000 0.4075541108215080 0.1280601491990514
0.5000000000000000 0.4087081477316525 0.1231653487647720
0.3223139383718061 0.5000000000000000 0.0812600592973976
0.5000000000000000 0.4104103151173740 0.1940348430661394
0.5000000000000000 0.4406568765684624 -0.1331475232666003
0.0034914120388531 -0.4595456834133895 0.5000000000000000
0.0205870546786146 -0.4348318372508020 0.5000000000000000
-0.3282035941724757 -0.5000000000000000 0.2325377377832401
-0.1511588359756913 -0.5000000000000000 0.2123303498851163
-0.3306324420259937 -0.5000000000000000 0.2294443656201835
-0.3241337386692592 -0.5000000000000000 0.2307043770244274
-0.5000000000000000 -0.0559870789161703 0.1003185335511895
0.5000000000000000 0.4612912569789667 -0.3506409115570336
0.5000000000000000 0.0101757619981853 0.4636812309347841
0.5000000000000000 -0.1780430343698610 0.0178860548465648
0.3279922594888739 -0.3485318834221935 -0.5000000000000000
0.4120484952703624 0.0199024088774285 0.5000000000000000
0.2486565032810223 0.0072178954285852 0.5000000000000000
-0.5000000000000000 0.0639264460008687 -0.2063248492117571
-0.5000000000000000 0.0495929252199016 -0.2651476923099242
-0.5000000000000000 0.0886441727725110 -0.2253152959331698
0.1387339881950193 0.3816960528394656 -0.5000000000000000
0.0507123325239695 0.3028660121389600 -0.5000000000000000
0.1356278750387377 0.3299800355102250 -0.5000000000000000
0.5000000000000000 -0.3120398915440279 0.3535958328091806
0.5000000000000000 -0.3492279172098158 0.3818002789223106
0.5000000000000000 -0.3934384463168465 0.4301981109507253
0.5000000000000000 -0.3273634878299521 0.3694146893079714
-0.2446493241654235 0.5000000000000000 -0.1697267349011053
-0.5000000000000000 0.4834283614223444 -0.2589676097059953
-0.3163217391203623 0.5000000000000000 -0.1920027909670886
-0.5000000000000000 0.4719492735855993 -0.1914444910182199
-0.5000000000000000 0.4264558389361677 -0.2197519530576418
-0.2396001767384790 0.5000000000000000 -0.2408705208785887
-0.5000000000000000 -0.0722666411552914 -0.4322385000871751
0.5000000000000000 -0.0562373223968525 -0.1580607399584119
-0.5000000000000000 -0.3440203607602672 -0.0438992338391393
0.0013565985474787 -0.5000000000000000 0.4767687899150082
-0.4335233828766358 -0.2512358516941636 -0.5000000000000000
0.5000000000000000 -0.2641581375335048 0.1816888797508205
0.4183874798090736 0.0357232881440438 -0.5000000000000000
0.5000000000000000 -0.1239208407673774 0.2935626868340632
0.4380739692226850 0.5000000000000000 0.4159523986214638
0.5000000000000000 -0.0816449036887015 -0.4324260871981928
-0.4384716355889629 -0.1997420413833391 -0.5000000000000000
-0.3891814004374473 -0.2858233527003417 -0.5000000000000000
-0.5000000000000000 0.2889809226059815 -0.3361129890625460
-0.5000000000000000 0.2713003360959096 -0.3338463075817136
0.5000000000000000 -0.3523561831067230 -0.4225238918994024
-0.1792212088681694 0.4848073881043672 -0.0532136211609370
0.5000000000000000 -0.2938060401204615 0.2959271584912535
0.5000000000000000 0.1129898524638530 0.4850940528637793
-0.0726197588465869 0.4914634156645308 0.1922870650604467
-0.1535789832438095 0.5000000000000000 -0.0292876256531692
0.2811911310607105 -0.3971429224685694 -0.5000000000000000
0.5000000000000000 0.2010736506429480 -0.1821992351337670
0.4493413974155868 -0.1573923449472567 -0.5000000000000000
0.2579751055256926 -0.0978117964813934 -0.5000000000000000
0.5000000000000000 -0.0706150368571970 -0.4310449275112787
-0.5000000000000000 0.4955248599278685 0.4878717749302984
0.1041175198682899 -0.2137897701527459 0.5000000000000000
-0.0094087623636647 -0.2288655237214401 0.5000000000000000
-0.1236700263173137 -0.0950424077879070 -0.5000000000000000
-0.3116136710945355 0.1552878042306754 0.5000000000000000
0.5000000000000000 -0.1643624075563403 0.0193677127141458
-0.5000000000000000 0.0411138200955701 -0.0707777791303787
0.2889938034010682 0.5000000000000000 -0.4681905060711501
0.4257223785909194 0.5000000000000000 -0.4075157456666352
0.3910283319427998 0.5000000000000000 -0.4601520944725214
0.2292450165385126 0.5000000000000000 -0.4988651851583586
0.5000000000000000 0.4654684807519962 -0.3984145792723406
0.0522564137509592 0.2538857856849299 -0.5000000000000000
0.2153017261019214 0.2902583855467501 -0.5000000000000000
-0.5000000000000000 -0.3515997069381109 -0.2261446686792929
-0.0225336828201120 -0.4781454300112752 -0.5000000000000000
-0.0530105981446676 -0.5000000000000000 -0.4255371672376022
0.2356786548542438 -0.5000000000000000 -0.3949663052780612
-0.5000000000000000 0.1268788225026689 0.4361927020306956
0.5000000000000000 0.1075130084570650 0.0895446206098103
0.5000000000000000 0.0623493244846475 0.0043441930585154
-0.5000000000000000 -0.1121303473658955 0.3711537197264999
-0.0971459374681457 0.5000000000000000 0.1833795401488143
-0.0533175526368072 0.5000000000000000 0.1997155663251626
0.0122349311970982 0.5000000000000000 0.2341963164947104
-0.5000000000000000 0.3242916537974231 -0.3984172189955816
0.5000000000000000 -0.1178160010555432 -0.1914407413778642
0.5000000000000000 -0.0602025068924275 -0.1587455194878708
0.5000000000000000 -0.2766889886412571 -0.0294369419634816
0.5000000000000000 -0.3691387795338201 -0.1063726346845882
0.0315224717438859 -0.4299336522213213 0.5000000000000000
0.0242705375768044 -0.4185667393931969 0.5000000000000000
-0.5000000000000000 0.3159646933856308 0.3152264458867058
-0.5000000000000000 0.2592216856328078 0.3221162128301401
-0.5000000000000000 0.2196028293410337 0.3566845136064702
0.5000000000000000 0.2705724647974900 0.0206752844649511
0.5000000000000000 -0.1542329414271358 -0.0845469565759252
0.5000000000000000 -0.1443452321666213 0.0725270152252987
-0.5000000000000000 0.1970681749451318 0.1946033460843337
-0.5000000000000000 0.1690335154844622 0.2181000493884847
-0.5000000000000000 0.1632613231779460 0.1208372482327266
-0.5000000000000000 0.1735136077752120 0.3317154722439648
-0.5000000000000000 0.1323938540446234 0.1802296902669318
-0.3498863598326137 0.5000000000000000 0.2766630058330626
-0.2804873649112873 0.5000000000000000 0.1233253414074531
-0.1957698183428347 0.5000000000000000 -0.0155944101273797
0.5000000000000000 -0.2880778661219120 0.2102820434745511
0.5000000000000000 -0.3695604249217178 0.2540284324090072
0.5000000000000000 -0.0828896269999465 0.2821167176420246
0.5000000000000000 0.0604516301930658 -0.4023629879950221
0.5000000000000000 0.0087716541053899 -0.4284381230019926
0.1661505606187225 -0.5000000000000000 0.3108931222380490
0.5000000000000000 -0.4131765070263309 0.4480111454912552
0.1924208293002636 -0.5000000000000000 0.3436435678073033
0.1285379382596063 -0.5000000000000000 0.3194177577115893
-0.3969598151890194 0.5000000000000000 0.2985180659041407
-0.0118161744615635 0.5000000000000000 0.2536092757142450
0.1193825476927029 0.5000000000000000 0.3107272592209494
-0.5000000000000000 0.1382923363624357 0.4188787686145093
-0.5000000000000000 0.1707499590545482 0.3932489620412216
-0.5000000000000000 0.1880860182489142 0.3834122398134354
-0.5000000000000000 0.0421219575516642 -0.0667075443615119
-0.4649492048774089 0.5000000000000000 0.2400648642844079
-0.5000000000000000 0.4867547838060468 0.1058008199384236
-0.5000000000000000 0.2167042823840678 -0.3270218846073104
0.4053115187315834 0.5000000000000000 0.4235872537353151
-0.5000000000000000 -0.3528056400604714 -0.2579790801200136
-0.5000000000000000 -0.0752119771498040 -0.4351881016197350
-0.2975922208743684 -0.0758439375426018 -0.5000000000000000
-0.1661668797519651 -0.1401656962144447 -0.5000000000000000
0.1411751361094934 -0.1115828790552521 -0.5000000000000000
0.5000000000000000 -0.1198519656223895 -0.1815248537981499
0.3638399657810750 -0.5000000000000000 0.2367742989459532
-0.0356708483042987 -0.5000000000000000 0.2037609651128176
-0.4903745039288355 0.2905724726209454 0.0516541615937228
-0.5000000000000000 0.1140731126063531 0.4487097269973445
-0.4691049280676134 0.4930214990142776 0.4921135114533267
0.1779871375814772 -0.3731154517228213 -0.5000000000000000
-0.4879682835246637 0.4691121082672686 0.5000000000000000
-0.4174104583639865 -0.4122340863083044 0.5000000000000000
-0.3184705482209730 -0.3417869339065605 0.5000000000000000
0.5000000000000000 0.0534044695948519 0.1186346722705611
-0.5000000000000000 0.4897134210886030 0.3003635997880768
0.5000000000000000 -0.2876063768303018 0.1894791343097471
0.5000000000000000 -0.1750263730753451 0.2301747517261828
0.5000000000000000 -0.2113622788332069 0.1711128963960476
-0.5000000000000000 -0.3784670502981073 0.4254680674213371
-0.5000000000000000 -0.2973344600453297 0.4589670795406566
-0.5000000000000000 -0.0856788884332249 -0.4430179278338003
-0.5000000000000000 -0.0700012251208512 -0.4346416342525513
-0.5000000000000000 -0.0798335067261879 -0.4292330457039268
-0.5000000000000000 -0.0765793617593490 -0.4304596159845040
-0.4513469394314870 -0.1625923147195433 -0.4974872429797141
-0.3783043096035124 -0.0066759770605972 -0.5000000000000000
-0.0154672602483373 -0.5000000000000000 -0.4133160409321405
0.3231996251567283 -0.5000000000000000 -0.3768848136665566
0.5000000000000000 0.1469964179426470 -0.1217104338929726
0.5000000000000000 -0.4663966807422204 0.2357830070292246
0.5000000000000000 -0.4607877065756536 0.1458265972987803
0.5000000000000000 0.0582136272487079 -0.0037964843668762
0.5000000000000000 0.0015306131504489 0.0525255909054941
0.3614572613082671 -0.5000000000000000 0.1915124167362608
0.5000000000000000 -0.4299200507004040 0.3440497396142819
0.4125729158335971 -0.5000000000000000 0.2859896356090683
0.5000000000000000 -0.4160956057022345 0.2518756578036557
0.5000000000000000 -0.1326170079338272 -0.1173077049360439
0.5000000000000000 -0.1123122452965404 0.0886697073414791
-0.0257441004015055 -0.5000000000000000 0.1954203810031046
0.3075388910271505 -0.5000000000000000 0.0924772796510873
0.1888455867923458 -0.5000000000000000 0.1307492668292783
-0.5000000000000000 0.3852122263058805 -0.2619104021002538
-0.5000000000000000 0.3305121885009530 -0.2584249794561619
-0.5000000000000000 0.4917174372884830 0.4631529095828510
-0.5000000000000000 0.4935534442958421 0.4810636845787093
-0.4306479686380198 -0.1614699218374500 -0.5000000000000000
-0.5000000000000000 -0.1036962592445866 -0.3546331355094976
-0.2308574369189720 0.2011242458014854 0.5000000000000000
-0.1974444135897498 0.2253255237752217 0.5000000000000000
-0.0328983842623969 -0.3393062017855263 0.5000000000000000
-0.3168712576086490 -0.1942318900970546 0.5000000000000000
-0.2718916876883499 -0.2893570768144594 0.5000000000000000
-0.0878568676629138 -0.2479600514505470 0.5000000000000000
0.5000000000000000 0.1703211496942894 -0.0764605814134010
0.5000000000000000 -0.0459175353226754 -0.1552841813221077
0.4931611475127288 0.3904442934934910 -0.0865082702499804
0.1908099984073842 -0.5000000000000000 -0.2286611804730727
-0.0546828818922046 -0.5000000000000000 -0.3185704122004281
0.5000000000000000 -0.4803104140372401 -0.4423363245700362
0.3953442713559934 -0.2796867030527683 -0.5000000000000000
0.3925947499386420 -0.5000000000000000 -0.3713241912002007
0.5000000000000000 -0.4022490640956315 -0.3495010075332162
-0.3161428543722611 -0.2221401717960420 -0.5000000000000000
-0.2099351427376227 0.5000000000000000 -0.3078212432227339
0.5000000000000000 -0.0605404931500330 -0.1579788766568259
-0.5000000000000000 -0.3565891167673170 -0.2850856380212372
-0.5000000000000000 -0.3372568001789448 -0.2750972884774444
0.5000000000000000 -0.4110930948552124 0.4499930937074053
-0.2714275642485331 -0.5000000000000000 -0.2961771767997382
-0.1895911697962165 -0.5000000000000000 -0.3517665799483882
0.1703118702223134 0.5000000000000000 0.3124192365925919
0.5000000000000000 0.4059118928835285 0.2583455715490909
0.5000000000000000 -0.3841547504927403 0.2452800475717972
-0.3006956786034066 -0.1330251128914281 0.5000000000000000
-0.5000000000000000 -0.1414876436175957 0.4037482170131899
-0.5000000000000000 -0.1491839201809907 0.3759001941366031
-0.0930737051983304 -0.2113561309028491 0.5000000000000000
0.1095069144408652 -0.2575151011855068 0.5000000000000000
-0.0015955351678631 -0.2642236036066916 0.5000000000000000
0.1682351986250376 -0.5000000000000000 0.0150721459411551
-0.5000000000000000 -0.4056588614366218 0.3991264323413379
0.2361513725797826 0.5000000000000000 0.3412118729784595
0.5000000000000000 0.4203189508698273 0.3078707906636668
0.5000000000000000 -0.1455645741902857 -0.1441257790449182
-0.0914836755426046 0.5000000000000000 -0.0305901133280502
0.5000000000000000 0.0515451930165021 -0.3507066797962564
-0.3514523361561397 -0.2545934444972791 -0.5000000000000000
-0.5000000000000000 -0.3835963443049495 0.4163930798259359
-0.5000000000000000 -0.3861933791349763 0.4237025057938988
-0.4189520599736186 -0.3989148909101744 0.5000000000000000
0.5000000000000000 0.3666985907382725 -0.3879556719517067
0.5000000000000000 -0.3626861204518971 -0.1861092645957891
-0.0603368156306300 -0.5000000000000000 -0.4080284449947796
-0.1152592937198940 -0.5000000000000000 -0.3866459768707863
-0.5000000000000000 -0.2030889444402006 0.2141104311114514
-0.5000000000000000 -0.1696975656978043 -0.3593059364886098
-0.5000000000000000 -0.1881372215743884 0.1969717649513318
-0.5000000000000000 -0.1241647609564311 0.1749908913837860
-0.5000000000000000 -0.1494873563603784 -0.3413534872375180
0.0344605005414606 -0.5000000000000000 0.0406398075895868
-0.0365757404145319 -0.5000000000000000 -0.0720985937602913
0.5000000000000000 -0.0057989897238940 0.1427164047644844
0.5000000000000000 -0.0180030544426917 -0.4011200159443272
-0.5000000000000000 -0.1023364732820018 0.1128756281517692
-0.5000000000000000 0.2069489491261295 -0.2707029367666792
0.5000000000000000 -0.0546759959419591 0.1501283205333304
-0.3034613795583717 -0.3249380073154488 0.5000000000000000
0 21
0 209
0 210
0 64
0 65
0 77
0 211
0 212
0 213
0 214
0 215
0 216
0 147
0 1142
1 18
1 217
1 54
1 79
1 867
1 102
1 218
1 127
1 143
1 149
1 157
1 177
1 183
1 191
2 10
2 21
2 219
2 60
2 64
2 65
2 68
2 220
2 90
2 120
2 221
2 1061
2 222
2 147
2 1058
2 223
224 6
225 23
226 61
227 110
228 118
229 163
230 204
3 13
3 52
3 67
3 83
3 103
3 131
3 150
3 159
3 160
3 166
3 183
3 196
231 40
232 132
4 233
4 9
4 17
4 234
4 235
4 39
4 50
4 99
4 115
4 136
4 151
4 161
4 165
4 184
4 192
236 7
237 15
238 51
239 78
240 121
241 173
242 195
243 41
244 31
245 734
246 89
247 11
248 18
249 1160
250 177
251 190
252 14
253 39
254 137
255 151
256 176
257 192
5 258
5 30
5 34
5 259
5 57
5 260
5 261
5 74
5 262
5 146
5 263
5 179
5 180
5 181
5 197
6 23
6 264
6 27
6 401
6 61
6 94
6 110
6 118
6 119
6 163
6 189
6 194
6 199
265 73
266 111
267 190
268 201
269 205
7 15
7 270
7 36
7 271
7 272
7 51
7 720
7 78
7 92
7 96
7 273
7 274
7 121
7 275
7 146
7 276
7 193
7 207
277 17
278 26
279 39
280 63
281 81
282 165
283 79
284 157
285 104
286 160
287 896
288 196
8 19
8 25
8 289
8 53
8 59
8 62
8 105
8 114
8 128
8 290
8 291
8 174
8 187
292 17
293 26
294 161
9 17
9 29
9 295
9 38
9 296
9 297
9 298
9 99
9 115
9 123
9 299
9 129
9 137
9 143
9 300
9 301
9 302
9 161
9 192
9 303
304 59
305 85
306 105
307 106
308 133
309 134
10 21
10 59
10 60
10 64
10 68
10 77
10 84
10 90
10 91
10 120
10 133
10 162
10 187
11 18
11 310
11 311
11 312
11 313
11 150
11 160
11 314
11 315
11 177
11 316
11 190
11 191
11 196
11 208
12 317
12 46
12 67
12 867
12 318
12 103
12 149
12 319
12 157
12 166
12 320
12 183
12 191
12 200
12 321
12 208
13 32
13 35
13 48
13 52
13 73
13 83
13 87
13 139
13 150
13 159
13 160
13 190
13 205
322 78
323 39
324 176
325 97
326 125
327 176
328 89
329 158
330 42
331 122
332 156
14 333
14 334
14 39
14 50
14 55
14 69
14 93
14 99
14 122
14 148
14 151
14 153
14 165
14 176
15 51
15 56
15 70
15 720
15 92
15 96
15 121
15 130
15 144
15 146
15 188
15 195
16 20
16 335
16 336
16 47
16 337
16 338
16 119
16 155
16 170
16 186
16 194
17 339
17 26
17 340
17 39
17 50
17 341
17 342
17 343
17 344
17 345
17 346
17 347
17 348
17 161
17 165
18 349
18 102
18 350
18 150
18 351
18 352
18 177
18 191
19 59
19 77
19 82
19 353
19 95
19 105
19 128
19 133
19 134
19 174
19 187
354 37
355 167
356 30
357 57
358 74
359 146
20 44
20 47
20 61
20 78
20 86
20 98
20 112
20 118
20 119
20 135
20 194
21 64
21 65
21 77
21 84
21 90
21 120
21 1142
21 187
22 25
22 44
22 360
22 51
22 361
22 362
22 62
22 121
22 130
22 142
22 363
22 173
22 178
22 195
22 198
22 204
364 1144
365 53
366 62
367 74
368 123
369 157
370 56
371 70
372 186
373 188
23 374
23 27
23 375
23 401
23 58
23 61
23 88
23 376
23 94
23 110
23 116
23 118
23 139
23 163
23 167
23 189
23 199
24 28
24 34
24 43
24 57
24 377
24 62
24 378
24 84
24 91
24 114
24 379
24 142
24 171
24 180
24 182
24 187
24 198
380 89
25 381
25 382
25 62
25 75
25 383
25 105
25 114
25 124
25 128
25 141
25 384
25 385
25 386
25 168
25 172
25 178
25 198
25 204
387 43
388 81
389 89
390 71
391 111
392 115
393 126
394 136
395 161
396 190
397 203
398 205
399 195
400 204
402 88
403 116
404 119
405 170
406 189
407 194
408 199
409 29
410 33
411 38
412 867
413 102
414 123
415 129
416 143
417 157
418 159
419 183
420 200
421 46
422 200
26 50
26 63
26 423
26 71
26 424
26 425
26 161
26 165
426 60
427 68
428 85
429 106
430 1061
431 1144
432 29
433 99
434 156
27 401
27 48
27 49
27 52
27 58
27 66
27 87
27 110
27 116
27 124
27 139
27 199
28 30
28 41
28 53
28 57
28 62
28 74
28 80
28 91
28 140
28 142
28 162
28 171
28 180
28 187
435 37
436 46
437 103
438 104
439 160
440 196
441 208
29 442
29 99
29 115
29 123
29 129
29 143
29 443
29 444
29 192
29 445
446 76
447 78
448 112
449 135
450 138
451 152
452 31
453 81
454 89
455 100
456 85
30 41
30 457
30 53
30 458
30 74
30 459
30 80
30 460
30 461
30 140
30 462
30 145
30 463
30 162
30 171
30 180
30 464
30 197
465 162
466 169
467 39
468 137
469 192
470 36
471 37
472 103
31 50
31 473
31 63
31 69
31 734
31 81
31 89
31 97
31 100
31 109
31 474
31 148
31 153
31 158
31 475
476 36
477 112
32 401
32 478
32 66
32 73
32 83
32 116
32 863
32 479
32 139
32 480
32 160
32 481
32 482
32 190
483 47
484 789
485 154
486 155
487 175
488 185
489 206
490 145
491 147
492 40
493 176
33 52
33 867
33 494
33 495
33 103
33 129
33 131
33 166
33 129
33 496
33 183
33 200
34 56
34 57
34 70
34 497
34 498
34 130
34 499
34 142
34 146
34 179
34 180
34 181
34 197
34 198
500 89
501 734
502 125
503 61
504 163
505 167
506 192
507 53
508 59
509 62
510 105
511 106
512 162
513 176
514 47
515 92
516 96
517 144
518 164
519 175
520 206
521 207
35 38
35 48
35 75
35 87
35 110
35 115
35 124
35 129
35 143
35 159
35 168
35 129
35 205
522 36
523 72
524 193
525 207
526 40
527 789
528 81
529 89
36 530
36 51
36 72
36 78
36 92
36 98
36 112
36 531
36 532
36 193
37 533
37 58
37 534
37 67
37 83
37 535
37 536
37 103
37 116
37 131
37 167
37 537
37 896
38 102
38 115
38 538
38 129
38 143
38 539
38 540
38 1160
38 541
38 159
38 183
38 190
38 205
542 99
543 122
544 151
545 156
546 192
547 42
548 55
549 69
550 122
551 176
552 55
553 69
554 101
555 109
556 125
557 148
558 176
559 164
560 179
561 181
562 57
563 74
564 121
565 146
39 69
39 97
39 566
39 137
39 151
39 165
39 176
39 192
40 567
40 568
40 789
40 569
40 570
40 571
40 117
40 132
40 572
40 154
40 573
40 175
40 185
40 574
40 575
40 576
577 176
41 43
41 578
41 579
41 580
41 581
41 582
41 140
41 145
41 171
41 180
41 583
584 123
585 80
586 1061
587 140
588 145
589 1144
42 45
42 55
42 590
42 591
42 82
42 592
42 93
42 122
42 134
42 593
42 153
42 156
42 594
42 1192
595 78
596 112
597 193
43 598
43 599
43 84
43 91
43 600
43 1142
43 171
601 167
602 896
44 47
44 51
44 61
44 70
44 78
44 92
44 98
44 118
44 119
44 130
44 144
44 178
44 188
44 195
44 198
44 202
45 50
45 71
45 77
45 82
45 93
45 95
45 603
45 113
45 604
45 134
45 148
45 153
45 605
45 158
45 203
401 66
401 83
401 116
401 863
401 139
401 160
401 199
606 123
607 137
46 608
46 867
46 103
46 149
46 609
46 157
46 610
46 611
46 191
46 612
46 200
46 613
46 208
614 74
615 121
616 173
617 74
618 80
619 145
620 1144
621 169
622 129
623 734
624 85
625 107
626 109
627 66
628 73
629 111
47 630
47 72
47 86
47 631
47 92
47 96
47 98
47 119
47 144
47 154
47 155
47 185
47 186
47 188
47 194
47 206
47 207
632 111
633 169
634 125
48 52
48 66
48 73
48 83
48 87
48 110
48 116
48 139
48 159
635 77
636 95
637 111
638 203
49 66
49 73
49 639
49 87
49 111
49 114
49 863
49 124
49 141
49 168
49 199
49 201
640 207
641 72
642 117
643 132
644 138
645 154
646 185
647 101
648 107
649 109
650 113
50 63
50 69
50 71
50 93
50 97
50 148
50 151
50 158
50 161
50 165
651 62
652 195
653 204
654 83
655 160
656 896
51 70
51 78
51 92
51 98
51 130
51 144
51 188
51 195
52 58
52 83
52 657
52 103
52 110
52 116
52 129
52 131
52 150
52 159
52 160
52 166
52 129
52 183
658 164
659 206
660 100
661 71
662 161
53 57
53 59
53 663
53 62
53 74
53 80
53 664
53 91
53 142
53 162
53 169
53 173
53 187
53 665
53 666
667 54
54 79
54 127
54 149
54 668
54 191
54 669
670 195
671 204
672 89
55 69
55 673
55 101
55 107
55 109
55 122
55 674
55 148
55 153
55 1192
675 143
676 181
677 197
678 157
56 679
56 70
56 720
56 680
56 96
56 681
56 130
56 682
56 144
56 146
56 164
56 181
56 186
56 188
683 101
684 109
685 80
686 145
687 1144
688 169
689 65
690 113
691 1058
57 74
57 121
57 130
57 142
57 146
57 180
57 198
692 143
694 156
58 67
58 695
58 83
58 696
58 110
58 116
58 131
58 697
58 167
59 62
59 68
59 698
59 105
59 106
59 133
59 134
59 162
59 187
59 699
700 85
701 106
60 68
60 77
60 85
60 90
60 702
60 106
60 107
60 113
60 133
60 134
60 153
60 1192
60 1058
60 703
704 175
705 206
706 137
707 192
708 62
709 74
710 121
711 173
712 195
713 169
714 176
61 78
61 86
61 118
61 135
61 715
61 163
61 178
61 189
61 194
61 195
61 204
716 84
717 1142
718 171
719 182
721 146
722 179
723 181
724 88
725 138
726 189
727 76
728 152
729 88
730 94
732 189
733 896
735 107
736 109
62 114
62 142
62 737
62 738
62 739
62 173
62 187
62 198
63 740
63 71
63 81
63 89
63 97
63 741
63 742
63 743
63 148
63 158
63 165
744 81
745 65
746 96
747 164
748 186
749 175
750 206
751 197
752 123
753 137
754 192
755 81
756 164
757 80
758 169
759 138
64 65
64 84
64 760
64 91
64 761
64 120
64 147
64 1142
762 77
763 95
764 111
765 114
766 1142
767 168
768 174
769 182
770 201
65 77
65 771
65 90
65 772
65 773
65 113
65 774
65 775
65 776
65 1058
66 73
66 87
66 777
66 863
66 139
66 141
66 199
778 129
67 83
67 779
67 103
67 104
67 131
67 150
67 780
67 166
67 896
67 191
67 196
67 208
781 127
782 191
783 208
68 106
68 120
68 1061
68 133
68 784
68 162
68 785
68 786
68 787
788 182
790 117
791 138
792 731
69 97
69 100
69 109
69 125
69 148
69 151
69 165
69 176
793 146
70 794
70 108
70 130
70 795
70 188
70 796
70 198
70 202
71 93
71 797
71 798
71 799
71 136
71 800
71 158
71 161
71 203
72 86
72 92
72 98
72 132
72 801
72 154
72 802
72 803
72 185
72 193
72 207
73 87
73 111
73 863
73 139
73 168
73 804
73 190
73 205
74 80
74 805
74 806
74 807
74 808
74 121
74 142
74 809
74 169
74 173
74 180
74 810
811 734
812 109
813 125
75 814
75 693
75 87
75 99
75 110
75 115
75 124
75 129
75 815
75 156
75 816
75 168
75 172
75 129
75 174
75 184
817 110
818 131
819 129
76 86
76 94
76 112
76 135
76 138
76 820
76 152
76 821
76 822
76 731
76 823
76 824
76 163
76 189
720 825
720 96
720 826
720 146
720 164
720 179
720 181
827 132
828 154
829 175
830 206
831 207
832 81
833 100
834 108
835 114
836 182
837 198
838 201
77 839
77 90
77 95
77 840
77 113
77 133
77 134
77 1142
77 153
77 841
77 158
77 1058
77 182
77 187
842 164
843 181
844 197
845 145
846 1144
847 693
848 110
849 124
850 156
851 129
852 204
78 98
78 112
78 853
78 854
78 135
78 855
78 195
79 149
79 157
79 856
79 857
79 858
789 859
789 117
789 138
789 155
789 731
789 860
789 175
789 185
861 89
862 108
864 141
865 201
734 100
734 107
734 109
734 113
734 125
734 153
734 158
734 866
868 152
869 163
870 167
871 1144
693 82
693 105
693 128
693 872
693 156
693 172
873 83
874 88
875 116
876 896
80 877
80 878
80 879
80 140
80 145
80 162
80 169
80 880
81 89
81 100
81 881
81 882
81 158
81 883
81 884
81 885
886 83
887 160
82 888
82 93
82 95
82 99
82 105
82 122
82 128
82 134
82 156
82 889
82 172
82 184
83 890
83 104
83 116
83 891
83 131
83 139
83 160
83 892
83 896
83 196
893 88
894 175
895 113
897 100
898 125
899 117
900 138
84 91
84 901
84 1142
84 171
84 182
84 187
867 157
867 183
867 902
867 200
903 110
904 129
905 131
906 129
907 169
908 169
909 101
85 910
85 911
85 106
85 107
85 912
85 133
85 134
85 1192
85 913
85 914
85 915
916 147
917 1058
918 103
919 104
920 896
86 98
86 112
86 135
86 138
86 155
86 731
86 163
86 185
86 189
86 194
921 88
922 155
923 170
924 182
925 119
926 186
927 202
928 101
929 107
930 109
931 162
932 169
933 200
87 110
87 124
87 139
87 168
87 205
88 934
88 116
88 731
88 935
88 170
88 189
88 896
88 936
88 194
89 937
89 113
89 938
89 939
89 940
89 158
89 941
89 942
943 1160
944 190
90 133
90 1058
91 945
91 120
91 147
91 162
91 171
91 187
946 160
92 96
92 98
92 144
92 947
92 193
92 207
948 108
949 202
950 105
951 134
952 156
953 110
954 131
955 163
956 167
957 113
958 167
959 107
960 113
961 153
962 1058
93 95
93 99
93 122
93 126
93 136
93 148
93 151
93 153
93 161
93 184
93 203
94 116
94 152
94 963
94 163
94 167
94 189
94 896
94 964
95 965
95 111
95 126
95 128
95 134
95 168
95 174
95 182
95 184
95 187
95 966
95 203
967 120
968 140
969 145
970 147
971 1142
972 171
973 1142
974 203
975 105
96 976
96 144
96 164
96 977
96 186
96 188
96 206
96 207
97 100
97 978
97 125
97 979
97 148
97 165
97 176
98 112
98 135
98 138
98 144
98 980
98 185
981 1144
99 115
99 122
99 151
99 156
99 982
99 172
99 184
99 192
983 161
984 169
100 109
100 985
100 986
100 125
100 987
100 988
101 107
101 109
101 989
101 990
101 1192
101 991
102 143
102 150
102 1160
102 992
102 159
102 177
102 183
102 190
102 191
103 131
103 993
103 166
103 994
103 200
104 995
104 160
104 996
104 896
104 196
104 208
105 128
105 134
105 997
105 998
105 999
1000 127
1001 208
1002 108
1003 119
1004 141
1005 199
1006 202
106 1007
106 133
106 134
106 1008
106 1192
106 1009
106 1010
106 1011
106 1012
107 109
107 113
107 148
107 153
107 1192
107 1013
1014 117
1015 132
1016 155
1017 731
1018 170
1019 194
108 114
108 141
108 178
108 1020
108 198
108 201
108 202
109 125
109 148
109 153
109 1021
1022 121
110 118
110 124
110 131
110 1023
110 159
110 129
110 178
110 199
110 204
1024 157
1025 121
1026 146
111 115
111 863
111 1027
111 126
111 136
111 1028
111 168
111 174
111 1029
111 201
111 203
111 205
1030 125
1031 165
1032 176
112 1033
112 135
112 138
112 1034
112 1035
112 1036
112 185
113 1037
113 1038
113 1039
113 1040
113 153
113 1041
113 158
113 1058
113 1042
114 124
114 128
114 141
114 168
114 174
114 178
114 182
114 187
114 198
114 201
115 126
115 129
115 136
115 143
115 1043
115 1044
115 161
115 168
115 172
115 174
115 184
115 205
116 139
116 167
116 1045
116 189
116 896
117 132
117 138
117 154
117 185
117 1046
1047 177
118 119
118 1048
118 163
118 178
118 189
118 194
118 199
118 204
119 178
119 186
119 188
119 194
119 199
119 202
1049 137
1050 195
1051 169
1052 123
1053 1160
1054 177
1055 158
1056 203
1057 157
863 141
863 168
863 201
120 1061
120 140
120 147
120 162
120 171
1059 135
121 130
121 142
121 146
121 1060
121 173
121 195
1062 1058
1063 157
122 1064
122 151
122 153
122 156
122 184
123 137
123 143
123 192
123 1065
123 1066
123 1067
1068 1144
1069 193
1070 207
1071 143
1072 181
124 1073
124 141
124 168
124 178
124 199
124 204
1074 201
1075 125
125 1076
125 1077
125 1078
125 1079
125 176
126 136
126 168
126 174
126 184
126 203
1080 165
1081 176
1082 160
127 1083
127 149
127 1084
127 191
127 1085
127 208
1086 181
128 1087
128 1088
128 168
128 172
128 174
128 184
1089 164
1061 1090
1061 140
1061 145
1061 147
1061 1091
1061 162
1061 1092
1093 158
129 143
129 1094
129 1095
129 159
129 183
130 142
130 146
130 173
130 178
130 195
130 198
131 1096
131 1097
132 1098
132 154
132 1099
132 185
133 134
133 187
1100 145
1101 180
1102 197
134 153
134 1103
134 1192
134 187
1104 129
1105 204
1106 171
1107 180
1108 182
1109 197
1110 198
1111 145
1112 147
1113 1058
135 138
135 1114
135 152
135 163
135 1115
136 161
136 184
136 203
1116 195
137 1117
137 192
137 1118
138 1119
138 155
138 731
138 1120
138 1121
138 163
138 185
138 1122
138 194
1123 145
139 199
140 145
140 147
140 1124
140 162
140 171
140 1125
1126 181
1127 197
1128 197
1129 201
1130 145
1131 147
1132 203
141 178
141 198
141 199
141 201
141 202
142 146
142 173
142 198
1133 169
1134 160
143 1135
143 1136
143 1137
143 183
143 1138
1139 129
1140 152
1141 731
1143 181
144 186
144 188
1145 157
1146 1144
1147 175
1148 206
1149 204
145 147
145 1144
145 1150
1151 163
1152 195
1153 204
1154 175
1155 206
1156 1160
1157 161
1158 190
1159 205
146 179
146 181
1161 161
148 153
148 158
149 157
149 1162
149 183
149 191
149 1163
1164 156
1165 152
1166 167
150 159
150 160
150 166
150 177
150 183
150 190
150 191
150 196
150 208
1167 172
1168 204
1142 182
1142 187
151 161
151 165
151 184
151 192
152 1169
152 1170
152 1171
152 163
152 167
152 1172
1173 129
1174 204
153 158
153 1192
1175 731
1176 167
1177 189
1178 158
1179 203
1144 1180
1144 1181
1160 1182
1160 177
1160 190
1183 190
1184 181
1185 197
154 1186
154 175
154 185
154 206
154 207
155 731
155 170
155 185
155 194
1187 164
1188 206
1189 207
156 1190
156 1191
156 172
156 184
1193 166
1194 208
157 1195
157 183
157 1196
157 1197
157 200
157 1198
1199 177
158 1200
158 203
1201 129
159 160
159 129
159 183
159 190
159 205
160 1202
160 1203
160 190
160 896
160 196
731 163
731 170
731 189
731 194
161 184
1204 185
1205 196
1206 208
162 169
162 171
162 187
162 1207
162 1208
163 167
163 1209
163 189
163 194
164 1210
164 1211
164 1212
164 206
164 207
1213 207
166 183
166 191
166 200
166 208
1214 193
1215 207
167 896
167 1216
1217 175
168 172
168 174
168 201
168 205
169 1218
169 1219
170 194
171 180
172 174
172 184
129 1220
173 195
1058 1221
1222 192
1223 177
174 182
174 184
174 187
175 185
175 1224
175 1225
175 206
175 1226
1227 176
1228 200
177 190
1229 191
1230 208
1231 186
178 195
178 198
178 199
178 202
178 204
179 180
179 181
179 197
180 197
181 197
182 187
182 198
182 201
183 191
183 200
185 194
1232 190
186 188
186 1233
186 202
188 1234
188 202
1235 190
189 896
189 194
189 1236
190 205
896 196
896 1237
1238 204
191 208
192 1239
1240 202
193 207
195 204
196 208
198 202
199 202
1241 203
1242 204
206 207
206 1243
