1337 2562 0
-0.2029235266372304 0.1552437258269630 -0.3051548467267237
-0.1908597160627932 -0.3648000912204760 0.2295234404492566
-0.3350158037287673 0.4220071873776378 0.2435332939440307
0.4678834759541309 -0.2039912785732153 0.3421335365900326
-0.3963533636555581 -0.4155585660285274 0.4112036918763856
0.1374156851449954 0.0962036288244778 -0.3125714392753783
-0.3274085257275234 -0.1284055801811738 -0.0150052563538181
0.2207685406082053 -0.0562982661694049 -0.2748113057100940
0.4679570774009956 -0.0868774965959008 0.4998164715879352
0.4573006485805060 -0.4180562614513971 0.3140739150645083
0.0335985774888864 -0.1695352972830113 -0.0814248835599215
-0.3943887025439256 -0.2113023867254504 -0.0128810210950532
0.4228312833770451 0.3172033848833773 0.1419200232062117
-0.4390102484958230 -0.3258938458383964 -0.4828688282001668
0.0577182794425732 0.3952160285288395 -0.4458620748560901
0.2886658677265197 -0.1550611088338268 -0.2604908493990966
-0.0631968776544904 0.1179752146796295 0.1680293707051724
0.1066417475991265 0.2115791080945552 -0.2799583020129748
-0.4570851851795986 0.0859779644806433 -0.0563735369652291
-0.2282227418318215 0.1619079655732658 -0.0622244367075759
-0.0873490913734927 0.0663448670864403 -0.4053585886314656
0.3996589159418075 -0.1431397399461480 -0.3930459494644837
0.4692977239918260 0.4278212263396853 -0.0372948041429269
0.1198111330765904 -0.4756484225522035 -0.0429188549872495
-0.4933347814749102 0.4938696482063369 -0.0398180448462168
-0.4264960071514673 -0.3977819581525072 0.1476430115611340
0.3377953378390062 0.2239934664833830 0.3256050148010219
-0.0255048800581063 0.1283344696745630 0.0086271128905254
0.0597265613540873 0.3345221367601141 -0.3169948635148996
-0.0414549829689120 -0.4388515972025050 0.1991229111118585
-0.1478763071375603 -0.2495637288758602 -0.4096286929351407
0.1363567374159034 0.2844501677459804 0.0717713350002699
-0.0822163127149101 -0.3637952166247097 -0.3555728546158523
-0.0573231807539836 0.0106049699739648 0.2810156170975732
0.3772243873506972 -0.2197814508382287 0.4632646810812812
0.1580174332969675 0.0230475627243130 0.4949226807492049
0.1065602878812453 -0.0444293563709638 -0.4716416315361011
-0.4256661195741703 0.2638532688029862 0.1681014039018631
-0.3532846944306566 0.0461775759320674 0.2998021904072601
-0.0489782341876693 0.0712855278014652 -0.2183017854957638
-0.3425239810108365 -0.4504863832435114 0.1711338513859285
-0.4085186346939769 -0.0287318613446079 0.3119845421119151
-0.1644818827256735 0.2231056081141674 -0.0945317355927967
0.0544713561206666 0.4741650367524569 0.3201282658669113
-0.3609403096487641 0.1990825540585558 -0.3775594040869973
0.0399159487244377 0.2271299932411958 0.1845685104104046
0.0370464541770117 0.3894324752893277 -0.2510390614487601
0.2822761590677526 -0.1664879539998900 0.1890434571760967
-0.1588453900581940 0.3342278800091126 0.2417968541149793
-0.1090745058133579 0.3660840804810691 0.3810776623982128
-0.4424957507929520 0.3219183978013775 -0.1307713443614572
0.0290474248320504 -0.4202010670487956 -0.3200266602846172
-0.1427466037048776 -0.0364485659029626 -0.4622227618531152
0.4092853935218111 -0.1619667476080277 -0.1011894884660316
0.1456193147408100 0.1379066262367151 -0.1239360434405412
-0.1312903299415128 0.2287700841092813 -0.0127609623706307
-0.3854681186139287 0.4143289483347256 0.1458893696301382
-0.1179330690509580 0.1338653708993172 -0.1585209925888765
0.2177125521817649 0.1160372233464033 -0.2770524728329860
-0.0456308226994175 -0.4751282391155981 0.1915276207328491
0.0887880147465243 -0.3248620023971502 0.4534395258808205
0.2591293769014216 0.0763726178743134 0.0308242471966235
-0.0481902942613801 -0.2852230702725883 -0.1127770706132694
0.2176934541325075 -0.1181415082529425 0.2403455592321609
-0.2600821368591766 -0.3318352631565625 0.1666764469367011
-0.0160194705870385 -0.3906110059241299 0.4661975800524994
-0.0706806356838870 -0.1314958052782072 -0.4701152324452301
-0.3614264383164307 -0.4650815775736370 -0.0661559509058672
0.3121601832405925 0.2327742528318075 0.3266471087743999
0.3728020933068949 -0.1389565509693828 -0.1074790363365110
0.0835789981976519 0.0990246606919472 -0.1415965922690421
0.2849509408058024 -0.0246946260864594 0.3835156629131514
0.1240979170926944 -0.3526931681916006 0.1397329760611180
-0.3630777883994649 0.3895006897983573 0.3849605798601342
-0.1150663049845931 0.4096045429209091 0.1186120557600825
0.0873180557440988 0.4303183326866867 -0.2250455422098372
-0.2772081982140667 0.1177387805009568 -0.4289572483555499
-0.0418719456726582 0.2552779167675548 0.1356564523776568
0.0661174621167570 0.4757227552296324 -0.4025877411048923
-0.3703933399508166 -0.1673308785634550 0.1215179203856832
-0.2102271514020427 -0.3399938586192818 -0.2394512576089101
0.2589804345447959 -0.2129657243242440 -0.3779990477169744
-0.4447033713753955 -0.3103483639176285 0.1570162355274727
-0.3734969871615789 0.3348314877498256 -0.1758911636960821
-0.1728934165509971 0.2124755253196099 -0.3308258118925314
-0.1081615781952240 0.0070695780685227 0.0557056577260042
0.0952967266413537 0.2688079993405525 0.0701737547171618
0.0318689144491973 -0.3477935508464550 0.2409471804297420
0.2974195755926221 0.0108749886693769 -0.4289215659291097
-0.2570076731767549 -0.3355572622456982 0.0382166980566349
0.0567567414436676 -0.3018236681466835 0.3598523561787434
-0.3779487579037799 0.1013872789951141 0.0663162397684307
-0.1969339034180174 -0.1523405777908687 0.3264861798455180
0.1797092631116441 0.1081828683204255 -0.4064131774621049
0.3326300678072130 -0.3326416897648648 -0.1841544853260315
0.2794432143512923 0.1072680397769957 0.1995865550251492
-0.3955605459952447 -0.2641562098974002 -0.0695220386970040
0.1545025993415993 0.2643502421212488 0.4647290292804576
-0.0977934660862473 -0.0044756171153077 -0.3839508477352805
-0.1662665636495556 -0.0225535623126475 0.1148751148267118
0.2626817792557407 -0.4316273073964381 -0.1813432973504715
-0.3436377681621714 -0.3594927603045180 0.4277751653465756
-0.1920687996049982 0.4503283343378294 -0.0024433748232098
0.2187083331102522 0.2146997500312694 0.0620091464410195
-0.0638390810719438 -0.4803266219383748 -0.3487934741857693
-0.1906485184108505 -0.4562067431436500 -0.0824983526632955
0.2244861899176355 0.0753395793039784 0.4396075808234851
-0.0851540053887703 0.4809869491752911 0.0630737112385521
0.2309056424563581 -0.3865001276430736 -0.0345545306797695
0.4086158593509235 0.2787130879033030 -0.1799275455080622
-0.2033783049389463 0.0850943149942817 0.4717622700864347
0.0828741899212953 -0.3562568882819400 -0.2992909122405483
-0.4286903334886397 -0.2588184429978980 -0.4326563271252056
-0.3086117054429773 -0.3641199359403477 0.0957470908466171
-0.1389654199544087 -0.1936072821163929 0.4656124291804076
-0.2245853709391546 -0.1310492277424233 -0.3613075220055145
-0.1292758931830518 0.2258459959101399 0.2247149337499288
0.2170865884595819 -0.3004356656423702 0.4358810130703900
-0.3287571855762164 -0.0816832100415525 0.4738561125065295
0.2644748168170600 0.1011710496245004 0.0055220174711188
-0.4151211997275769 -0.2833820324961062 0.3647551596111171
0.2707698673958323 -0.0900059028049187 -0.3801996096396291
-0.2618585554629568 -0.2247947735984846 -0.2374465517194098
-0.2828972039415605 -0.2399836811835330 -0.3408017367662960
0.0248586058571248 0.4847701800191676 -0.4570107915793107
-0.1464900766644599 0.3147054164918439 -0.4457248677613559
-0.1790012060279144 -0.4420530571418286 0.2095865647189332
0.1068052861026195 0.1748943995360775 0.1309829860879655
-0.3877355556266098 0.4504300235475320 0.4870521774753556
-0.0717681818008160 0.3997005617843202 -0.1588669246100767
0.3082801955420279 -0.0336220809679710 -0.3567391248915371
-0.0599840459967013 0.4838953931623954 -0.0312209980171496
-0.0917558037953451 -0.3578747782011341 -0.1876052022210819
0.4531813554891892 0.4570818864630221 -0.4414113234201761
-0.1758610104550609 -0.3613705248089480 0.1010336498507097
0.1973895815690980 -0.3709799587990204 -0.0357719159770790
-0.4208371658548296 -0.0239133121341445 0.2076643323858863
0.2949734806122514 0.0055299564415066 0.1340016248066372
-0.3410716703828735 0.3051840306064364 0.4738528888363921
0.4960743279336079 -0.4201961335005389 -0.4147628646552773
0.0548755531583821 -0.0516485888150152 0.3714089110994581
-0.4632385591149671 0.3856300116815480 -0.4642321156624621
0.4097351881589989 0.1215851188839615 -0.0947538356142523
0.3266297995657015 0.0006713273870719 -0.2034039211323741
-0.1355324986707787 -0.3262463292956257 -0.3487976776214537
-0.2719128903857632 -0.3025516916746051 -0.3524006706031762
0.4115072092764794 0.4345029503667855 -0.0912841819253675
-0.3883475835859770 -0.2281100029817433 -0.2274322871701367
0.2344399341339858 0.4263431773480330 -0.0773726300231781
-0.2190727536539971 -0.3557568392149915 0.3149674253881160
-0.2644995696991586 0.0811180599173285 -0.2487525287517308
0.4276430654960644 0.2816610645550812 0.0120283269032565
0.0685669226231284 -0.1831975606586378 -0.1872528536382442
0.2488402476635495 0.1134272143650663 0.4441989191530077
-0.2217150954663958 0.4315169725306539 -0.2420238362001699
0.1514995319040479 -0.2327357620464294 0.4614179976810207
0.1082054137441754 0.0328432518080175 0.3221880023884925
-0.2203622202204762 0.4913472969059215 -0.3103727506494712
-0.3248394085667631 0.4122787551597476 0.1221647080313516
0.4163265562200472 -0.3918776703410110 0.4725557679133548
0.0497972586219537 0.2355029284764428 -0.1750425123353959
0.3820293509501449 -0.2172909307857692 0.0875509326852586
0.1355631932100889 0.2306521709247111 -0.2467329581611420
0.2775978024697709 -0.3419664105197501 -0.0413492599398964
0.1072282480398800 -0.2475331796438415 0.0951535904043315
0.1420152947585344 0.1541008763123631 0.2370173983467880
-0.4761205481778856 -0.1937699418902276 0.3512502151356119
-0.2421892468207742 0.0901145421189492 -0.1259503301688015
0.0515999971752841 -0.3901413042064019 0.1264036490181533
-0.1046800886571067 0.3292963044994284 0.1079889192173106
0.3192665346764896 0.0856549274214341 -0.3799576794665014
-0.0738449237600507 0.0693009755934067 -0.2687463471479323
0.2215652848714206 -0.3753944081924088 0.4818147890329281
0.3234217566107548 -0.4485048786680684 0.4614510630139024
-0.1780448154139612 0.1649324538649195 -0.0214634823970056
0.1302887814846649 -0.2410710636659101 -0.0163468527159004
-0.2954108119141212 -0.1727595405321983 0.4454307996030338
0.3510343801787523 -0.3962769743739420 -0.2792372616184507
-0.2608730206450900 0.0215610507195876 -0.4721386386919286
0.1916425051483350 0.4125043330863093 -0.1872338056616211
-0.0973701805072690 -0.3818972876291234 0.2936429732782065
0.0036104159157097 -0.1632603158154343 -0.3932500935418616
0.4184435781882146 0.4012382039299802 0.3593612181442876
-0.4649996665469179 0.2793286168789821 -0.0319697306005921
-0.1355574372221880 0.3541298462400497 0.4025496921561890
0.2645663348979710 0.3411561828245574 -0.4785205716854954
0.2933812885482008 0.3983866912872083 0.4768742182163150
-0.0039452733205198 0.0176466683051486 -0.1100262117564979
0.4802687610129759 0.1379582579225740 0.4706195551181132
-0.4550356853391091 0.4079829789007458 -0.0367207234625885
-0.3622078465697394 0.3424535006609397 -0.1006249607854385
-0.0058827542693094 0.3950446972621011 -0.2494365917779057
-0.1140097573759635 0.1814135564971912 0.2397122914205320
-0.0920299719013788 -0.1151110256130423 -0.4463090181083625
0.3129126543525432 0.3558813959846453 -0.0832157504818449
-0.3251877731475749 -0.3444110813635264 -0.0970305344653364
-0.2022041814461345 0.2216722339884496 -0.1023740165318877
-0.1097493027163948 0.0559852106945155 -0.4188653742271420
-0.0251110702304497 0.1807078534321964 -0.3324905508110195
0.3553598969772342 -0.3509088176400482 -0.4242589773104596
0.2515572618560634 -0.4115425499107458 -0.3031380630762204
-0.3441496897745177 -0.2410265498624009 -0.4550779819554992
0.4410673134594325 0.3346586096469475 -0.2653758029967261
0.4771129919846988 0.2530279587207924 0.3782906806779699
-0.3348494920609696 0.3013162278895077 -0.4055903869102417
0.0104960729450727 0.0562686470395840 0.2340664281037348
0.4658957504029071 0.1203455282508512 -0.0248148830577763
0.4063468583863150 0.4365126894240184 0.4713631675820570
0.0649404451741429 -0.2916892034928687 -0.2643592910724162
0.1283654357905945 0.3365693731842000 0.4480561618155866
-0.4400625035119656 0.4568804685556495 -0.1172029117694938
0.3176081565530517 -0.0475506538890301 -0.4270503425093335
-0.3075104247859824 0.2003702984764769 -0.4621141760133032
-0.2580839136908331 0.3504981108301600 -0.0611327299494379
0.3672323858154075 0.2115336184457050 0.4526102272262214
-0.2902088484780402 -0.2729558288161142 -0.1307892567618374
0.3163037256812623 0.3384799713940068 -0.2082936569214025
-0.4327516462162971 -0.3134985106824469 0.0614123773469838
0.0384912437665615 0.0797616980700688 -0.2073171521715109
0.2818331167546704 -0.2335185822949564 0.2792630238269063
-0.0546033001425417 0.3265614178256662 -0.0205658171613440
-0.0414168170227455 -0.1898032979907517 0.1834523080604249
0.0026307521895325 0.2319433891198801 -0.1220513980835085
0.3966070798626478 0.1728067953392241 -0.1902666401452579
0.1900936112650869 0.1820454003165030 -0.0096435889359632
-0.0289982180332170 -0.4752041894178597 -0.3090141963405264
-0.1773906660569012 -0.3430151633915735 -0.3750450253917969
0.4672013159377895 0.2634378124588582 0.2511259142042266
0.4140289803454820 0.4031784379635793 0.4153770534093326
-0.1570594440981473 -0.3952314764986677 0.4108290309394789
0.4210094147603057 0.2284768600152842 0.3012025959522496
-0.4066584940736587 -0.0698608618879792 -0.3445958323601447
-0.4313683503092977 0.1066152019440866 -0.2630410101197791
-0.4829140516417376 -0.3777472697533902 0.1164818872429848
-0.4039237891352183 -0.2150591851094348 0.1277494730283666
0.1523427990660803 0.0338081380588711 -0.3498053073299965
-0.2062692295828205 -0.1999771963127407 0.0937839317169753
0.0284774797827636 0.0766194848044338 0.0554023536364166
-0.1528680487809029 -0.3515590333444852 -0.2590524281694238
-0.1097548466697455 -0.2596076262858143 -0.4756224147686955
0.1176613258631324 0.3936559521144872 -0.0965650960978916
-0.2826618033757398 0.4302413375675800 -0.1207870469279992
0.1451122156923242 -0.2666786315194336 -0.0744737433001121
-0.0273017779062901 -0.4904380609850388 -0.1542329022041916
-0.3115102799388239 -0.0618419822460855 0.3416714937327515
0.0048156488266016 0.1708810491061002 -0.3432348376248658
0.3163386905501917 -0.3681907471713450 -0.3313250586335940
0.3324863276055783 -0.0320766028911783 -0.2746411468381081
0.3179298710552086 0.3583864910399395 -0.2494089256245439
-0.2910259469587551 -0.2014380373278457 -0.4082204698753218
0.1478513607309078 0.0695463534968651 -0.0943452136770122
-0.2586114015709483 -0.1682936194358517 0.4561247658023597
0.5000000000000000 0.4330046767384025 -0.0414489013290212
0.1590138917099462 0.4014114649866165 0.5000000000000000
0.1257602531155063 0.3874681580652027 0.5000000000000000
0.1122101759084226 0.3843571433624856 0.5000000000000000
0.2340785433104940 0.3951249893445585 0.5000000000000000
0.1588695956012929 0.3743858428210887 0.5000000000000000
-0.3330743173205026 0.5000000000000000 0.1988478334605966
-0.3586759815060403 0.5000000000000000 0.4173762739052295
-0.3034472783167631 0.5000000000000000 0.3197006240971988
-0.5000000000000000 0.4186235577093098 0.2419846601756205
-0.3996782619859697 0.5000000000000000 0.3388290310485862
-0.2140386684409833 0.5000000000000000 0.3216838922249636
-0.3855272463031992 0.5000000000000000 0.2118186880494216
-0.5000000000000000 0.3519224478384462 0.1999003153041351
0.5000000000000000 -0.1982981717758378 0.3471480715341173
0.5000000000000000 -0.1883659292110106 0.4065237848722317
0.5000000000000000 -0.1906494989665531 0.3303590414711790
0.5000000000000000 -0.2049742112045306 0.3318374128963790
0.5000000000000000 -0.2620065787173726 0.4235823344574397
0.5000000000000000 -0.1514824941986955 0.3627366450945495
0.5000000000000000 -0.2293089892386604 0.3549629244686964
0.5000000000000000 -0.2109287484128138 0.3513984781051515
-0.3606610445607336 0.5000000000000000 0.1428396825460703
-0.1043179865763852 0.5000000000000000 0.2148241182635994
-0.3274169818025107 0.5000000000000000 0.1299174388404224
-0.5000000000000000 -0.4109896502436230 0.1214172427623773
-0.1940441457351439 -0.4820419590010161 0.5000000000000000
-0.4696896298006597 -0.5000000000000000 0.4620627571526325
-0.5000000000000000 -0.4203862560163149 0.4131360193524157
-0.5000000000000000 -0.3889494187289941 0.3852629033828111
-0.5000000000000000 -0.3843761786452927 0.3067587776084886
-0.3989849562510543 -0.5000000000000000 0.4066654119446965
-0.5000000000000000 -0.4505747370167046 0.3733429653280843
-0.3320788899584035 -0.4380843933591245 0.5000000000000000
-0.4266562882027928 -0.5000000000000000 0.3398429705220154
-0.5000000000000000 -0.3546886872631197 0.3917293533815117
-0.3148519882908788 -0.4093314417918340 0.5000000000000000
-0.0187503113035288 0.1016232644458105 -0.5000000000000000
-0.5000000000000000 -0.1082705152730814 -0.0742613995005319
-0.5000000000000000 -0.1284537699490990 -0.1762127155652365
-0.5000000000000000 -0.1066619105951668 -0.0931743887624666
0.5000000000000000 0.1345921726630501 0.4831178759401405
-0.5000000000000000 0.3921340105306739 -0.4712170838716811
-0.3920506721705905 -0.5000000000000000 0.1156658739338983
0.0199366347543615 0.5000000000000000 0.2859306006577811
-0.0751471654011191 0.4886111816109917 0.2249749156994971
-0.0874011404759091 0.5000000000000000 0.0819373386219138
-0.0658310494165546 0.5000000000000000 -0.0002219467458665
0.5000000000000000 -0.1242019543417188 0.4929112317169274
0.5000000000000000 -0.0732532233162607 0.4941122393633808
0.5000000000000000 -0.0789884031422504 0.4603816392199450
0.2891133092569286 -0.5000000000000000 0.1940217508888993
0.4499021901770739 -0.5000000000000000 0.2606199613817849
0.5000000000000000 -0.4115420201507475 0.3193176071527511
0.5000000000000000 -0.3566801332813405 0.3095811030171304
0.4971558757751244 -0.5000000000000000 0.4664708272732838
0.5000000000000000 -0.3693203078074452 0.4230203452683816
0.4305092612038113 -0.5000000000000000 0.1773129543533774
0.5000000000000000 -0.4014077261294552 0.3365216157001728
0.5000000000000000 -0.4446722329523264 0.2938420879973559
0.3834386534054336 -0.5000000000000000 0.1985297664647125
0.3580457721308244 -0.5000000000000000 -0.2471204473971496
0.4229198957389759 -0.5000000000000000 -0.3111345860905355
0.3874207171971447 -0.5000000000000000 -0.2752671696423751
0.3906342597839383 -0.5000000000000000 -0.2980159336827754
0.3621215951024157 -0.5000000000000000 -0.2811761452848713
0.3830503466024192 -0.5000000000000000 -0.2842413303836355
-0.3103078294736615 -0.5000000000000000 0.1561837885470392
-0.1413537119041344 -0.5000000000000000 0.2946109906361333
-0.5000000000000000 -0.2312607135111691 -0.1339478001308163
-0.5000000000000000 -0.1723254521786020 -0.0565226064191893
-0.5000000000000000 -0.1671019921997452 -0.1460477385425848
-0.5000000000000000 -0.2538264033085617 -0.0200812560288040
0.1823071631852542 0.5000000000000000 -0.1224060676823877
0.1720524566068608 0.5000000000000000 -0.1525699247783305
0.1784401490349748 0.5000000000000000 -0.1187391003037664
0.1981023552786685 0.5000000000000000 -0.1160778923428672
0.1890714746989540 0.5000000000000000 -0.1155979676431149
0.1871420882545056 0.5000000000000000 -0.1199981083254929
0.1848082367986498 0.5000000000000000 -0.1167238114609096
0.5000000000000000 0.2785047789843252 0.1648790501275174
0.2028938612553201 0.5000000000000000 0.2149561138389865
0.5000000000000000 0.3593767655273262 0.2229664959183148
0.4098899387926691 0.5000000000000000 0.0851293909484095
0.4442458309502665 0.5000000000000000 0.2505126050113754
0.4713768076702464 0.5000000000000000 0.3310063456761845
0.5000000000000000 0.3151691366117456 0.2070935967812317
0.5000000000000000 0.3307128718236128 0.1210556940280153
0.5000000000000000 0.3360453259657597 0.1374770039383486
0.5000000000000000 0.3725382487287089 0.1491002242503294
0.5000000000000000 0.2218221421609505 0.1579473339346979
-0.2523353052563209 -0.5000000000000000 -0.4867618337563371
-0.3967476270767247 -0.5000000000000000 -0.3598241353864408
-0.5000000000000000 -0.3432729842796370 -0.3642152606717053
-0.4384848779289541 -0.3422062573558909 -0.5000000000000000
-0.3775088779578493 -0.3376988081664034 -0.5000000000000000
-0.5000000000000000 -0.2299631371484685 -0.3688721123053507
-0.4147676170106281 -0.4073221131721624 -0.5000000000000000
-0.4812337989914414 -0.2607266938493654 -0.5000000000000000
-0.4489479091474219 -0.3232148466705869 -0.5000000000000000
-0.4498207429691282 -0.3372535397308546 -0.5000000000000000
-0.5000000000000000 -0.3200355594377196 -0.4834418895563641
-0.4410176392402108 -0.3195566927794448 -0.5000000000000000
-0.5000000000000000 -0.3628783353628079 -0.4835735825927387
-0.4870645860372593 -0.3654807485036178 -0.5000000000000000
-0.4112794470212938 -0.5000000000000000 -0.0990071840240010
0.0063264380508531 0.3383256309892139 -0.5000000000000000
0.0796848550848063 0.3697576376950977 -0.5000000000000000
-0.0161311690676952 0.4298716149775040 -0.5000000000000000
0.0594438797230618 0.3234614707611397 -0.5000000000000000
0.1376659241172843 0.5000000000000000 -0.4259817657038412
-0.0189976592715533 0.3847176293333331 -0.5000000000000000
0.0396183998648033 0.4174266628503092 -0.5000000000000000
0.2324598196525614 0.5000000000000000 -0.3558026327205877
0.0813755852852130 -0.5000000000000000 -0.4172059462155464
-0.0207784775427213 -0.5000000000000000 -0.3828846948779888
0.1962052984514422 -0.5000000000000000 -0.4754675005436670
0.1794162306075676 -0.5000000000000000 -0.4144801489072834
0.0127849388836596 -0.5000000000000000 -0.3603625902714338
0.1892971864560852 -0.5000000000000000 -0.4422681183295933
0.1503990521546835 -0.3429391027469669 0.5000000000000000
0.2294010842317070 -0.3337584773797477 0.5000000000000000
0.1839940009379685 -0.2816007586960868 0.5000000000000000
0.2259551501077723 -0.3742912000181347 0.5000000000000000
0.5000000000000000 -0.1567192048292039 -0.1784806466732815
0.5000000000000000 -0.1741054559880412 -0.2003212445842707
0.3178869613395598 0.4073460509691834 0.5000000000000000
-0.4073932920325782 -0.1470470292053533 -0.4950806438728135
-0.4951362917956341 -0.0389707041157801 -0.5000000000000000
-0.0242528157722348 0.2374955070987145 -0.5000000000000000
-0.5000000000000000 0.4507507200778770 0.4696049945687727
-0.5000000000000000 0.3211775450708330 0.3569971715377751
-0.5000000000000000 0.0621643151312727 -0.0715637292328842
-0.5000000000000000 0.0179046075872401 -0.1217736462783342
-0.5000000000000000 0.0622716454088213 -0.0783627970470562
-0.5000000000000000 0.0781861431940465 -0.0841911823980997
-0.5000000000000000 0.1089396770991833 -0.0851927584483325
-0.5000000000000000 0.1030493907243189 -0.0668275382768272
-0.5000000000000000 0.0895858024639277 -0.0850422705617444
0.5000000000000000 -0.0617786177131202 -0.0349702737299957
0.5000000000000000 -0.0312942668019135 -0.0251742776609740
0.5000000000000000 0.0456113520354593 0.0815188953715037
0.5000000000000000 0.0986841153793095 -0.0315080628547055
0.5000000000000000 0.0411340518917537 -0.0519429044573957
0.5000000000000000 0.1087790232415408 -0.0077709306765863
0.4279617857914311 0.5000000000000000 -0.4291728407237174
-0.1403958021832775 -0.5000000000000000 -0.3928511958236350
-0.1389638206155236 -0.5000000000000000 -0.4123698365276268
-0.2210364730334831 -0.5000000000000000 -0.4728396529874229
-0.5000000000000000 -0.1505176570634266 0.2780988897126842
-0.5000000000000000 -0.2672290825598513 0.2073230803325543
-0.5000000000000000 -0.2474938829655636 0.2998781828180902
-0.5000000000000000 -0.1417928046665735 0.2370781727863122
-0.5000000000000000 -0.2029241176302560 0.3230077524807338
-0.5000000000000000 -0.0458002054235043 0.2094919750175822
-0.5000000000000000 -0.2208092163775195 0.2101841381764863
-0.5000000000000000 -0.1873153142151994 0.2766823649232982
0.5000000000000000 -0.1095888559535631 -0.3154142295477587
0.3735511869066586 -0.1847238061486992 -0.5000000000000000
0.5000000000000000 -0.1499252070610522 -0.2717569470704327
0.5000000000000000 -0.1611966736341433 -0.2969781833629793
0.5000000000000000 -0.1988041611675362 -0.4124252352932071
0.3592624241007408 -0.0935833122877214 -0.5000000000000000
0.5000000000000000 -0.0689180023539414 -0.3557481429066939
0.5000000000000000 -0.1443512918081173 -0.3478474323966473
0.5000000000000000 -0.0322528400420688 -0.4405070106669455
0.5000000000000000 -0.2836827531337562 -0.3794964102276299
0.3231880206972892 -0.1490690352800959 -0.5000000000000000
0.4188901153897660 -0.1197993450540652 -0.5000000000000000
0.4741867655754941 0.5000000000000000 -0.0840617383249849
0.4427891074006513 0.5000000000000000 -0.0026346580064213
0.4033820388143470 0.5000000000000000 -0.0833330507947586
0.3959474852316189 0.5000000000000000 -0.1333503343733300
0.5000000000000000 0.3868242989336422 -0.0224575888044477
0.5000000000000000 0.4984483913255069 -0.0171500063825088
0.5000000000000000 0.4165931522132875 -0.0185972351687447
0.5000000000000000 0.4221553028955401 -0.0156554082656465
0.5000000000000000 0.4306286234690171 -0.0157948335089327
0.4265019724866401 0.5000000000000000 -0.0521632853807555
0.5000000000000000 0.4137887330340683 -0.0385821605757675
0.5000000000000000 0.4383650719427696 -0.0071997211021214
0.5000000000000000 0.4610146342680209 -0.0030247593217813
-0.1224664881400309 -0.2033876818009685 0.5000000000000000
0.1232727731718185 -0.5000000000000000 -0.0316854315814163
0.1554309461598272 -0.5000000000000000 -0.0282965754340686
0.1542531596723256 -0.5000000000000000 0.0263610111016904
0.0602107137051167 -0.5000000000000000 -0.0710875733686695
0.1132768305440249 -0.5000000000000000 -0.0605467186706691
0.1130158351430066 -0.5000000000000000 -0.1131174388091886
0.2369260314720950 -0.5000000000000000 0.0188343543896120
0.2387226970068572 -0.5000000000000000 0.0587759086434674
-0.4709302276412740 0.5000000000000000 -0.0254670890282552
-0.4874122888077416 0.5000000000000000 -0.0229541475200347
-0.5000000000000000 -0.4108867452980446 0.1202955610805959
-0.4607182532993306 -0.5000000000000000 0.1983883606261138
-0.4282917160984522 -0.5000000000000000 0.3273682125410887
-0.5000000000000000 -0.3993574737139620 0.0153054330580756
0.2988463977801646 0.5000000000000000 0.3475196969041985
0.3442566524196195 0.5000000000000000 0.3525422372336208
0.3389225160121153 0.5000000000000000 0.3574617279118008
0.3451994105908841 0.5000000000000000 0.3600341588083556
0.3441267808150439 0.5000000000000000 0.3550082129813492
-0.1781174342870279 0.2814366160369615 -0.5000000000000000
-0.3033231057999690 0.1952308666909722 -0.5000000000000000
-0.5000000000000000 0.3868878279937368 -0.4945796190540420
-0.0322256721496665 0.2754896580275734 -0.5000000000000000
-0.0657371644780945 -0.5000000000000000 0.2687715153297305
0.4636999326939954 0.0413887528136720 0.5000000000000000
0.4212494943998012 0.0611489088592007 0.5000000000000000
0.4241264869969428 0.0731425577270323 0.5000000000000000
0.4918154126177424 0.0930272929638875 0.5000000000000000
0.0468810709860645 0.1807527385038980 -0.5000000000000000
-0.1191078594098335 0.2888152723384504 -0.5000000000000000
0.1967669134680476 0.3225195668113058 -0.5000000000000000
-0.0470385245961979 0.2204020387862745 -0.5000000000000000
0.4608376385281072 -0.3716144268200234 -0.5000000000000000
-0.2091476171975258 -0.5000000000000000 -0.3617232816858936
-0.3851354075770812 -0.5000000000000000 -0.2754193667373765
-0.3802985823328737 -0.5000000000000000 -0.3427844323361553
-0.3483283372231852 -0.5000000000000000 -0.2909526714514910
-0.3954270326672978 -0.5000000000000000 -0.3549781769927509
-0.3863854462333613 -0.5000000000000000 -0.3510093451627749
-0.3934529233221399 -0.5000000000000000 -0.3454519673800974
-0.3885582337703007 -0.5000000000000000 -0.3319024492693942
-0.3776205759437096 -0.5000000000000000 -0.3527127838869477
0.5000000000000000 0.4293659143954206 0.3910178163516433
0.5000000000000000 0.3202196730357074 0.3885274189200826
0.5000000000000000 0.4416044412834824 0.4272239304578763
0.5000000000000000 0.4305046905727277 0.4100028669348141
0.0375134465344732 -0.0527266111611297 -0.5000000000000000
-0.1493845436907755 -0.0491395723725296 -0.5000000000000000
-0.0954237444338285 -0.1170165470026282 -0.5000000000000000
-0.1203238592493838 -0.1000854620170698 -0.5000000000000000
-0.0361412821252753 0.5000000000000000 -0.2979965239026834
-0.0117968169132091 0.5000000000000000 -0.2843479211534123
0.0128751825901879 0.5000000000000000 -0.3633421589006429
-0.0016374805446031 0.5000000000000000 -0.4101312027312479
-0.0704656526220123 0.5000000000000000 -0.3313517919895782
-0.0608242303786780 0.5000000000000000 -0.2746406469127226
-0.1835314458618841 0.5000000000000000 -0.3101359164456194
-0.1049755249611730 0.5000000000000000 -0.3480812300485769
-0.0453065654512396 0.5000000000000000 -0.2970649158951869
0.0827136241658969 0.5000000000000000 0.3489846168551891
0.2231571987723419 0.5000000000000000 0.4543498423384180
0.3002721493405216 0.5000000000000000 0.4559773657903363
-0.5000000000000000 -0.4025740655962180 -0.1555159269637961
-0.5000000000000000 -0.3217788060692273 -0.1473960440809746
-0.5000000000000000 -0.3092506562927587 -0.3269279031612893
-0.5000000000000000 -0.3083382140219953 -0.2158378269166016
-0.5000000000000000 -0.3593472975522832 -0.1726288625243964
-0.5000000000000000 -0.4110850376695928 0.1202728494656874
-0.5000000000000000 -0.4101341607225361 0.1204295738729704
-0.5000000000000000 -0.4102774041991836 0.1214499114294100
-0.5000000000000000 -0.4100931715020130 0.1200273584396656
0.4298102921988782 0.4503904724770186 -0.5000000000000000
-0.5000000000000000 -0.1574699512324145 0.4301395860735806
-0.5000000000000000 -0.1941684118305591 0.3635948364775159
-0.1570780333841502 -0.3274102926604011 -0.5000000000000000
-0.2608646403081117 -0.1891359411661988 -0.5000000000000000
-0.2821344321693723 -0.2614003252697780 -0.5000000000000000
-0.5000000000000000 -0.2592913761719990 -0.1633979411610254
-0.5000000000000000 -0.2405210899784008 -0.2482118558814195
0.1982335687905268 0.5000000000000000 0.2141400944696599
-0.1394829819243198 -0.3744414977077160 -0.5000000000000000
-0.0943273662705251 -0.3246187564292604 -0.5000000000000000
0.0113409324627410 0.0909873776617984 0.5000000000000000
-0.1416260976323939 0.0344499953722543 0.5000000000000000
0.0444510451285215 -0.0641361836291369 0.5000000000000000
-0.5000000000000000 -0.1373565500371769 0.0258789490245784
-0.5000000000000000 -0.0369307377909496 0.1199160127334636
-0.5000000000000000 -0.1776032496836810 0.0483473154050969
-0.3728809570108798 0.0859484505043163 -0.5000000000000000
-0.3626405692706003 0.0820421406888244 -0.5000000000000000
-0.2183356973213084 0.0956789299210067 -0.5000000000000000
-0.3698971819447253 0.0775184986191834 -0.5000000000000000
-0.3456024571814938 0.0634521434228121 -0.5000000000000000
-0.3756347187229935 0.0690992329792943 -0.5000000000000000
0.2906638089141436 -0.1558927859637437 0.5000000000000000
0.5000000000000000 -0.1815448413448437 0.4794847460087719
0.4009432395138064 -0.2191711191407457 0.5000000000000000
0.4883054604703608 -0.2951381519810239 0.5000000000000000
0.3767267373107730 -0.2516585687868514 0.5000000000000000
0.3765255669207738 -0.1659183575792953 0.5000000000000000
0.3236319499641656 -0.2110517833074265 0.5000000000000000
0.1629132235376322 0.0078446361216839 0.5000000000000000
0.1140412705342417 0.0449756487195395 0.5000000000000000
0.1412229329932100 0.0064850872614311 0.5000000000000000
0.1737797073048729 0.0165117898913519 0.5000000000000000
0.2946921134339845 -0.3392385023732249 -0.5000000000000000
0.0918657720761235 -0.0615282397415445 -0.5000000000000000
0.0751647691859865 -0.0099255891850868 -0.5000000000000000
0.1006018121233002 -0.0464392905488299 -0.5000000000000000
0.0921944264028963 -0.0279527900686794 -0.5000000000000000
0.0262229907597809 0.0373880083124853 -0.5000000000000000
0.5000000000000000 0.0637719064121510 0.2326690709627414
0.5000000000000000 0.0672449470925347 0.2491593547338999
0.5000000000000000 0.0663418048158314 0.2296171735419718
0.5000000000000000 0.0557749710223607 0.2411498961509459
0.5000000000000000 0.1059663617960346 0.3794529647980065
0.5000000000000000 0.0879271752821750 0.1317507147385429
0.5000000000000000 0.1529517664831141 0.2533664883042607
0.5000000000000000 0.1045533723052974 0.2668861371223933
0.1691275112914133 0.2560370069639977 0.5000000000000000
0.5000000000000000 0.1205489709780283 -0.0130598458059107
-0.3742569779879115 0.4425999808870789 0.5000000000000000
-0.3224471703323621 0.3111734597411815 0.5000000000000000
-0.2852796246673706 0.4710191431832252 0.5000000000000000
0.4414680603436510 0.4528369231196012 -0.5000000000000000
0.5000000000000000 0.0584577376628223 -0.2164878894599354
0.5000000000000000 0.0867754952961446 -0.1665524401788120
0.5000000000000000 0.0625013165618517 -0.1942847871212173
0.5000000000000000 0.0759247694290164 -0.2212768297243766
0.5000000000000000 0.0978670593142523 -0.1920124717679260
0.5000000000000000 0.0568112615858801 -0.2059706811458767
-0.5000000000000000 0.1611533387322583 0.2083101705122675
-0.5000000000000000 0.3016592720555832 0.0984769468401819
-0.5000000000000000 0.2632456548275595 0.1771813891613230
-0.5000000000000000 0.2243583768778537 0.1590758339626286
-0.5000000000000000 0.2386901810819668 0.1378508819288367
-0.5000000000000000 0.2216984469661349 0.0683047595479235
-0.5000000000000000 0.2740481964994385 0.1664078451034058
-0.0472383961626026 -0.4439804106884641 0.5000000000000000
-0.1106671308920856 -0.5000000000000000 0.3924235357066515
-0.1124964738962604 -0.4752346790870351 0.5000000000000000
0.2200771264226352 -0.0718042168900045 0.5000000000000000
0.1647206057842043 -0.0792492610000931 0.5000000000000000
0.1746707407007865 -0.1608045381315912 0.5000000000000000
0.2485775719888176 0.3359940924721335 -0.5000000000000000
0.5000000000000000 0.2546892428700165 0.0704751867235127
0.5000000000000000 0.2517353890332268 0.2464277478224719
-0.1164163060551754 -0.4948013974777655 -0.3671581470930101
-0.0785487621928507 -0.5000000000000000 -0.3586318660637126
-0.5000000000000000 0.0876474305681468 0.2478430696101974
-0.2880250896630175 0.1128192447171202 0.5000000000000000
-0.2801748383562344 0.0395902623720942 0.5000000000000000
0.1810389113229161 0.1866507172295216 0.5000000000000000
0.2223942423934870 0.0729603634266827 0.5000000000000000
0.2342828483355270 0.0915202081409102 0.5000000000000000
-0.1315988048394982 -0.5000000000000000 -0.3626412326961702
-0.1487471579788156 -0.4144507686012552 -0.5000000000000000
-0.1515016962062299 -0.5000000000000000 -0.3242364059475595
-0.1528635761541105 -0.4565620449076147 -0.5000000000000000
-0.5000000000000000 0.0581735060466919 0.2581787565508963
-0.5000000000000000 0.2564216849673623 0.3184618738362721
-0.5000000000000000 0.0070158726752693 0.2066093297254012
-0.2520406574940807 0.3563118256325715 0.5000000000000000
-0.3615929021870607 0.4366838325218906 0.5000000000000000
-0.3030131561037299 0.3094321920556600 0.5000000000000000
-0.1433704031731890 0.3406745769949440 0.5000000000000000
-0.2752024911192333 0.4634541531440227 0.5000000000000000
-0.5000000000000000 -0.1921259942020506 -0.1719251164123113
-0.5000000000000000 -0.1735635461697051 -0.2465817560066197
-0.5000000000000000 -0.0301460738619759 -0.2845145957032986
-0.4012275316886273 0.4547493453343900 0.5000000000000000
-0.3214669113888065 0.4818701155781696 0.5000000000000000
-0.5000000000000000 -0.2004025663991797 -0.3625393225394221
-0.4341369224319395 -0.1469714559674537 -0.5000000000000000
-0.3183640523292084 -0.5000000000000000 0.2095298050612125
-0.4389877483506762 -0.5000000000000000 0.1978165647728517
-0.4208004683300580 -0.5000000000000000 0.3212641612131290
-0.3665293351148682 -0.5000000000000000 0.0402918180466862
-0.5000000000000000 -0.4066542271945307 -0.0017895098586997
-0.4888182246679690 0.3791834653368702 -0.5000000000000000
-0.5000000000000000 0.3833179077652915 0.0698767425369301
-0.5000000000000000 0.2982639034840518 -0.0238796698373783
-0.5000000000000000 0.3920576638721965 -0.0255925079411377
0.5000000000000000 0.4541582190179267 -0.4207338874696145
0.5000000000000000 0.3805349437104861 -0.3123215295624421
0.3622470265817845 0.4308366132875030 -0.5000000000000000
0.2524169204146280 0.3475935238106962 -0.5000000000000000
0.5000000000000000 0.2432115280009350 -0.1092270110191921
0.5000000000000000 0.1743946766957921 -0.0722005472867620
0.5000000000000000 0.2483210860536107 -0.0216437305066942
0.5000000000000000 0.1513948879689148 -0.0344884908057153
0.5000000000000000 0.1983126477290836 -0.1096527040523795
-0.5000000000000000 0.0025661254384267 0.3233711385144345
-0.2843800179910668 0.0343404742774692 0.5000000000000000
-0.5000000000000000 -0.0531487450435413 0.2953107665262304
-0.5000000000000000 -0.1307170477066961 0.1078202319872351
-0.5000000000000000 -0.1724261590141967 0.1149480871044299
0.1835115862760888 0.5000000000000000 0.2274266582674034
0.1973272825671763 0.5000000000000000 0.2158471151308787
0.1476535037808234 0.5000000000000000 0.2177906630797346
0.2004386931015935 0.5000000000000000 0.2174830670769221
0.1886251859952731 0.5000000000000000 0.2129422624604133
0.1977455139979209 0.5000000000000000 0.2142566565234574
0.1589774381470579 0.5000000000000000 0.1945764882769742
0.1569977077996798 0.5000000000000000 0.1759726642042610
0.2005692996904060 0.5000000000000000 0.2042489678182144
0.1936657483976766 0.5000000000000000 0.2142587756210020
0.2058624528811274 0.5000000000000000 0.2205993403947177
0.2019452636033646 0.5000000000000000 0.2239882621625698
0.1946373271585921 0.5000000000000000 0.2120120682841493
0.2058549964629710 0.5000000000000000 0.2224372566351444
0.1968039766241778 0.5000000000000000 0.2072708560647576
0.0631158902010448 0.5000000000000000 0.3361106850714872
0.0462586333619633 0.5000000000000000 0.3406861596926558
-0.0686428937914895 0.5000000000000000 0.3331482535735297
0.0030087564428430 0.5000000000000000 0.3477329379323825
-0.0249502632978253 0.5000000000000000 -0.0129586339017639
-0.1929638860651334 0.0973731422472589 0.5000000000000000
-0.2436085675875569 0.1775405543164441 0.5000000000000000
-0.1804554627688022 0.1374564261772648 0.5000000000000000
-0.3740133691126995 0.1562207310338086 -0.5000000000000000
-0.4507221533924272 0.2735919217784550 -0.5000000000000000
-0.5000000000000000 0.1094596073099528 -0.4256463074994823
-0.5000000000000000 0.1811349000140337 -0.4359126100049310
0.3749806827257750 0.0564950990014341 -0.5000000000000000
0.4085118843807945 0.1038036492106214 -0.5000000000000000
0.5000000000000000 -0.0370115653178045 -0.2228062815151078
0.2559555013612836 0.0163723687304127 -0.5000000000000000
0.5000000000000000 -0.1538005197717713 0.2592585960381864
0.5000000000000000 -0.0854605094475305 0.3561490104341757
-0.1070454494024048 0.5000000000000000 0.0593103939956454
-0.1759581444561737 0.5000000000000000 0.3321963125777067
0.0435850621311045 0.2907445618783189 0.5000000000000000
-0.1405414491774024 0.4491454404761018 0.5000000000000000
-0.0201983820685046 0.3110971738068888 0.5000000000000000
-0.1681756783817930 0.5000000000000000 0.3500772403473089
-0.1233432294966694 0.5000000000000000 0.4065777168857430
-0.5000000000000000 0.3020371262215450 0.3338381718083545
-0.5000000000000000 0.2941445597868804 -0.1491664800320089
-0.5000000000000000 0.3468643205989098 -0.1766530725985755
-0.5000000000000000 0.1871847021900558 -0.4231648726534654
0.4354095485853592 0.5000000000000000 -0.1171245291633945
0.4896287358754995 0.5000000000000000 -0.1741943878250663
0.2837719814924334 -0.5000000000000000 -0.0976440581164432
0.2749357338370865 -0.5000000000000000 0.0023323772578316
0.4933805372349761 0.5000000000000000 -0.4671420863658259
-0.1152768954113792 -0.3891456283520504 -0.5000000000000000
0.0042144616108053 -0.4585401782713399 -0.5000000000000000
-0.0779180877108947 -0.3317053749432630 -0.5000000000000000
0.1111846126359577 -0.5000000000000000 -0.2974209666850230
0.0848091238210446 -0.5000000000000000 -0.2291307874918130
-0.1098141457535656 -0.4284938117064184 -0.5000000000000000
-0.5000000000000000 -0.0740242152789834 -0.4196504946570450
-0.5000000000000000 -0.0227819797686927 -0.3077134875343389
0.5000000000000000 0.2595053094791848 0.3807177186197400
-0.2407732340388481 -0.0531598476782954 -0.5000000000000000
-0.1696470268617316 -0.0422449049770401 -0.5000000000000000
-0.2188917415165151 -0.0837704929514728 -0.5000000000000000
-0.1636950827974894 -0.0264973196897453 -0.5000000000000000
-0.5000000000000000 -0.1806274234991823 0.1280639423209032
0.5000000000000000 -0.1600332864018396 -0.1159204155692028
0.5000000000000000 -0.1553330782513833 0.0830187441051283
0.5000000000000000 -0.1113688711293055 0.0057258706785763
0.5000000000000000 -0.1844820624880102 -0.0347627766182512
0.5000000000000000 -0.1573325014553027 -0.1049279850447944
0.5000000000000000 -0.2124769380822174 -0.0910860366219109
0.0537843245332577 -0.5000000000000000 0.1702732970582704
0.1914785010933060 -0.5000000000000000 0.1375954794364099
0.2147939977019581 -0.5000000000000000 0.0932338539211287
0.2065193589442431 -0.5000000000000000 0.0969998305321784
0.1680411818540608 -0.5000000000000000 0.1342519892560133
0.2583944409161857 -0.5000000000000000 0.2766397310608759
-0.3766313493124022 -0.2822921323563836 0.5000000000000000
-0.3486133928516566 -0.1040732277119308 0.5000000000000000
-0.4173748516643797 -0.2239950778755993 0.5000000000000000
-0.4408599007006422 -0.1873460648417905 0.5000000000000000
-0.3412165212459358 -0.1766867442850054 0.5000000000000000
-0.3101606122753352 -0.1731347861772813 0.5000000000000000
-0.5000000000000000 0.4151176070898535 0.1907054669810048
-0.5000000000000000 0.4335139675226478 0.1170970535648324
-0.3701835062589351 0.5000000000000000 0.0765737431599571
-0.4126416985147707 0.5000000000000000 0.1625229540696781
-0.5000000000000000 0.3594526695685322 0.1537452506151061
0.3257258985903329 -0.2097962172146141 -0.5000000000000000
0.3572708311224579 -0.2715557008074277 -0.5000000000000000
0.5000000000000000 -0.1753491308023916 -0.2124442135551361
0.5000000000000000 -0.2283981076234371 -0.1545079690939116
0.5000000000000000 -0.1068673872224762 -0.1910742294990762
-0.0177125318596229 0.5000000000000000 -0.0288030483016302
0.2282708175724648 0.5000000000000000 -0.0495152199525824
0.1732188318085062 0.5000000000000000 -0.0526612669550852
-0.5000000000000000 0.4201950122808809 -0.0713541676491283
-0.5000000000000000 0.4579600328650364 -0.1369637794977184
-0.0582731167015670 -0.5000000000000000 0.1566238716322733
-0.0213562325222352 -0.5000000000000000 0.0433231908799740
-0.0562355490281486 -0.5000000000000000 0.1918895001777499
0.0095768056820196 -0.5000000000000000 0.2293237624382487
-0.0642981076454435 -0.5000000000000000 0.2618904688405178
-0.0333250078904979 -0.5000000000000000 0.1876546246816912
-0.0501390110244366 -0.5000000000000000 0.1821485890058156
-0.1671754123287925 -0.5000000000000000 0.0623776797731172
0.1379551795376563 -0.3536397609907028 0.5000000000000000
0.1030347600574330 -0.3226075182708847 0.5000000000000000
0.1134479082997325 -0.4147705667244405 0.5000000000000000
0.1251504244892989 -0.2784069471680204 0.5000000000000000
-0.4193582376325197 0.5000000000000000 -0.4128875364551894
-0.4305971251330097 0.5000000000000000 -0.1526485496693207
-0.3455686776669728 0.5000000000000000 -0.1659211164996214
0.5000000000000000 0.4077192947369463 0.3471605110921331
0.5000000000000000 0.2825281579120716 0.3698498970011999
0.5000000000000000 0.3001346717864117 0.2705081737128919
-0.4422571226055666 0.5000000000000000 -0.4503039436250731
-0.1793515901863253 -0.5000000000000000 0.3924629756174275
-0.5000000000000000 -0.4067954666358450 0.4175862084576298
0.3896613949274514 -0.5000000000000000 -0.4689716580053138
0.3682762074454190 -0.5000000000000000 -0.4545258780542374
0.3693139936308270 -0.5000000000000000 -0.4739131314486844
0.3540901144116581 -0.5000000000000000 -0.4542620080436930
0.3653397002272551 -0.5000000000000000 -0.4642617055858453
-0.3617226327617314 0.5000000000000000 0.4345590468809729
-0.3658633848922946 0.5000000000000000 0.4467413818395937
-0.3371961278939754 0.5000000000000000 0.4553607735650124
0.5000000000000000 0.1140040734323869 0.1391906324685002
0.5000000000000000 -0.0741502519663186 0.3719108950514720
0.4079910267428932 0.5000000000000000 -0.0386032504089274
0.3013010981047679 0.5000000000000000 -0.0262969135065747
-0.0544335605808779 0.5000000000000000 0.2453736604074554
-0.1090111322744927 0.5000000000000000 0.1921705780433956
-0.1132266185946852 0.5000000000000000 0.2690953362391890
-0.2029269839943723 0.5000000000000000 0.0812603156095197
-0.0652068361499029 0.5000000000000000 -0.1810556614780314
-0.0596579081973909 0.5000000000000000 -0.0517357601704308
0.5000000000000000 -0.1438327653054586 0.1133815925561660
0.5000000000000000 -0.0964621081110680 0.2394615242299462
0.5000000000000000 -0.1802147528995456 0.1968981273747078
0.5000000000000000 -0.4489783852352788 -0.0415491655039401
0.5000000000000000 -0.4621603534962250 -0.0359756531730804
0.5000000000000000 -0.4588936975560505 -0.0227420781858408
0.5000000000000000 -0.4243148805792937 -0.0037162245524836
0.5000000000000000 -0.4534852238117173 -0.0235798828318932
0.5000000000000000 -0.4558480477002055 -0.0565151495396431
0.0550853325105621 0.5000000000000000 -0.3962124730866751
0.0218034118094256 0.5000000000000000 -0.4471008863550615
-0.0625422915671925 -0.5000000000000000 0.3893228105017408
0.0622254889725145 -0.3906874428783917 0.5000000000000000
0.0112183953382355 -0.3786601779872526 0.5000000000000000
-0.0655118376603265 -0.5000000000000000 0.2803273953311466
-0.0132444650639449 -0.3969831240703927 0.5000000000000000
0.0676506136775635 -0.4316475200810143 0.5000000000000000
-0.0913147922503478 -0.3950385947021204 0.5000000000000000
-0.0898716899738968 -0.1394701892311483 -0.5000000000000000
-0.0780714595936721 -0.1425711395451172 -0.5000000000000000
-0.1619483351842907 -0.1388927114221311 -0.5000000000000000
-0.5000000000000000 -0.3108286750133015 0.3596529266692360
0.5000000000000000 -0.4160788376607625 -0.2298952580638255
-0.4879482539730087 0.3055125616669030 0.3451222275381646
-0.3717944850339621 -0.5000000000000000 -0.0481797751408454
-0.5000000000000000 -0.4096209503744994 -0.0341412665878157
-0.3215631283634514 -0.5000000000000000 -0.0687223550603459
-0.5000000000000000 0.2331336464426682 0.4400529976936739
-0.5000000000000000 0.2930574104751025 0.3516202288711256
0.5000000000000000 -0.0846068005288750 0.0283833673455407
0.5000000000000000 -0.0319915148476271 -0.1079890732769286
0.5000000000000000 -0.1451607542094322 -0.1087414254399782
-0.4907592939896052 0.0925124483188011 0.2258762428635764
-0.5000000000000000 0.1055741139794030 -0.2854556468252870
-0.5000000000000000 -0.3147468629395880 0.1489629899087370
-0.5000000000000000 -0.2979311649816107 0.2879461690510233
-0.5000000000000000 -0.3736117056364649 0.1169790290032571
-0.0032173851311215 0.5000000000000000 -0.4872645290986324
-0.1820726657761020 -0.5000000000000000 0.1923490134893145
0.5000000000000000 -0.0354799084241778 0.4542263941687432
0.5000000000000000 -0.0579243484443149 0.3937808833385284
0.3400116542131182 -0.0444452872060981 0.5000000000000000
0.3265111750268228 -0.5000000000000000 0.1598387511674002
-0.0495395500696997 -0.5000000000000000 -0.3605825781605552
-0.2881281350500605 0.5000000000000000 0.4705003859615851
0.3763140014030419 0.5000000000000000 -0.1093741369776590
0.2866150702347100 0.5000000000000000 -0.1036111831688597
0.2717196298016775 0.5000000000000000 -0.1554336189967952
0.3424909346251047 0.5000000000000000 0.1068010433892025
-0.5000000000000000 0.4031970743482697 0.3104382158496073
-0.4106443206685550 0.5000000000000000 0.3749380952625250
-0.1917099179814779 0.4533332782241339 0.5000000000000000
-0.2101838553812232 0.5000000000000000 0.3516811801768466
-0.2072390159814249 0.5000000000000000 0.0760848884524630
0.2402733786115178 0.5000000000000000 -0.2090156468405295
0.1051389757125726 0.5000000000000000 -0.1677986850939822
-0.4070254878906532 0.5000000000000000 0.4711789040411021
-0.3126165880163691 0.5000000000000000 0.4789891388675651
-0.3552864448073820 0.1429235215019946 -0.5000000000000000
-0.5000000000000000 0.0954295037941832 -0.4339780317492776
0.1597389074107848 0.5000000000000000 -0.3342738642487135
0.1006346371343579 0.5000000000000000 -0.4064274336803717
0.0374553218700155 0.4524499196187977 -0.5000000000000000
0.1521723475346022 0.5000000000000000 -0.3723373089875301
-0.5000000000000000 -0.2400405051541020 0.0332636836492308
-0.2045381555566921 -0.5000000000000000 -0.2581948302414380
0.5000000000000000 -0.2694470880659700 0.1738548723282730
0.1388712649648310 -0.1633229406383975 -0.5000000000000000
0.5000000000000000 -0.1967316680328928 -0.2410532367091358
0.1372265364286743 -0.2256933012926710 -0.5000000000000000
0.2389317020921475 -0.1883828786540115 -0.5000000000000000
0.5000000000000000 -0.2124114151011748 0.2001082133234049
-0.3441933887739622 -0.0950581148100568 -0.5000000000000000
-0.3037680804092904 -0.0106187806611545 -0.5000000000000000
-0.3987229031848362 -0.0768732788199513 -0.5000000000000000
0.3742552827705685 0.5000000000000000 -0.1525317842719835
0.2914081778859153 0.5000000000000000 -0.1940739447185538
0.3993149753774617 0.5000000000000000 -0.1907462195733141
0.3393507512275493 0.5000000000000000 -0.2110088537141539
0.0298416991729701 -0.1497451768285436 -0.4991016953413598
0.1452482093303693 -0.1075472865277433 -0.5000000000000000
0.2008996040207366 -0.0789372386711629 -0.5000000000000000
-0.5000000000000000 -0.3020088096331472 0.0859177446805316
-0.5000000000000000 -0.3220570869706401 0.1031184572167627
-0.5000000000000000 0.4116246542709428 0.4926564993494615
-0.5000000000000000 0.3147064390825682 0.3647420710200217
-0.5000000000000000 0.4343405274109052 0.3719720971792934
-0.5000000000000000 0.3162654321644775 0.3352949074285181
-0.1477640575155625 0.1042248433714493 -0.4965453557962457
-0.2644222093913819 0.0293392384591875 -0.5000000000000000
-0.2871932698089333 0.5000000000000000 -0.2836702771158824
-0.5000000000000000 0.3652027252607190 -0.2195283391726644
-0.5000000000000000 0.1840394598395864 -0.4315370993358237
-0.1832197616470221 -0.5000000000000000 -0.0862466007382825
0.4301411280658499 -0.3876747302405837 0.5000000000000000
-0.1190002013685811 -0.1195484430672629 0.5000000000000000
-0.1220721295427368 -0.1654637618964581 0.5000000000000000
-0.2647711089895933 -0.0880361568200195 0.5000000000000000
-0.1572902430351177 -0.0919092740201853 0.5000000000000000
-0.1938720004995472 -0.1448085829314030 0.5000000000000000
-0.5000000000000000 -0.0101647704581975 0.4085972556109419
0.5000000000000000 0.1506827927591464 0.4636762676691853
0.5000000000000000 0.2358841121907319 0.3956931009518097
0.5000000000000000 0.1968566606824932 0.4454597429787964
0.5000000000000000 0.2068412342990808 0.3806739689339515
-0.1212192502490906 -0.4933134280724981 0.3184504196497751
-0.0262401168899219 0.4770711772853074 -0.5000000000000000
-0.1213792896129546 0.3884600099564915 -0.5000000000000000
-0.3108271801660909 -0.0932615381731030 0.5000000000000000
-0.3214526928058692 -0.1212006940750271 0.5000000000000000
-0.2920749378090718 -0.1300502217132159 0.5000000000000000
-0.2773911564699057 -0.1316361197967306 0.5000000000000000
-0.0647688994697460 -0.5000000000000000 0.2725633444590642
0.2019323468862099 0.0821895976430947 -0.5000000000000000
0.3040021801139081 -0.0079773855105830 -0.5000000000000000
0.5000000000000000 0.0074636628300303 -0.3550404098221170
0.2357029884778087 -0.0076087843594803 -0.5000000000000000
0.5000000000000000 0.0125379359712289 -0.4546378697217712
0.2093167199012030 0.0275049591855948 -0.5000000000000000
0.2169041430393838 -0.3789757155250881 0.5000000000000000
0.4678205641037623 0.5000000000000000 0.3483867549435460
0.4670910798133694 0.5000000000000000 0.3560047133846880
-0.5000000000000000 -0.3940226892729094 -0.0224416564197919
-0.2486035084441937 -0.5000000000000000 0.2761200852862526
-0.4908573482889837 -0.0170211199729775 -0.2881348647458252
-0.2310925809692456 0.1017027749660706 0.5000000000000000
-0.3158441174417286 0.2384509556808487 0.5000000000000000
-0.3205191246610011 0.1664911627792498 0.5000000000000000
-0.3033928571726902 0.1225146468499419 0.5000000000000000
0.5000000000000000 0.2637670683257797 -0.0830446093647563
0.5000000000000000 0.2673549671393597 0.0186636884866985
0.5000000000000000 0.1512927968583546 -0.0117959150062237
-0.1216915683016057 -0.2528637294258854 -0.5000000000000000
-0.5000000000000000 0.1265816620941162 -0.0149285372889523
0.0204609801533237 -0.0861387081358039 0.5000000000000000
0.1241993838802243 0.1451811407660114 -0.5000000000000000
0.0756468977028831 0.1097397699635670 -0.5000000000000000
0.1174870923383311 0.0921938674943488 -0.5000000000000000
0.0045931024539049 0.1034184913049072 -0.5000000000000000
-0.0659465910167350 -0.5000000000000000 -0.0929576159473302
0.0107555696734429 -0.5000000000000000 -0.0585384988469642
-0.0180235105718087 -0.5000000000000000 -0.1367596523594134
-0.1350415556555430 -0.4075717380411675 -0.5000000000000000
-0.1677595685058132 -0.3672585195778468 -0.5000000000000000
-0.1252371304364739 -0.2941757845669800 -0.5000000000000000
-0.0919446788882813 -0.2125450878127900 0.5000000000000000
-0.5000000000000000 0.2820756559540702 -0.0447283528141433
0.5000000000000000 -0.2543049145219226 -0.1708413440736595
0.5000000000000000 -0.2826462939748037 -0.0486481940704803
0.5000000000000000 -0.3257051850282219 -0.1305845789182616
-0.1930063440806217 -0.4955628387065968 0.1747211989635152
0.5000000000000000 -0.0328001792629499 0.3585859762798149
0.5000000000000000 0.1526811443134798 0.3116427949111921
0.5000000000000000 0.1212082383968723 0.1806725431461889
-0.5000000000000000 -0.2776399202233495 -0.0457946634487438
-0.5000000000000000 -0.3742262642972848 -0.0362680204487599
-0.5000000000000000 -0.2750766875993494 -0.1306740334874626
0.1815808384226575 0.1395900469950457 -0.5000000000000000
0.2299104112492567 0.3145373978410132 -0.5000000000000000
-0.1892873688858749 0.1123505537426619 -0.5000000000000000
-0.3532453892656024 0.1664910841567076 -0.5000000000000000
0.3155730363799714 -0.5000000000000000 0.4511523962427392
0.0542317043259060 0.1428023844209518 0.5000000000000000
0.1270699790684494 0.2646938309390763 0.5000000000000000
0.1948147674095105 0.2748485893704056 0.5000000000000000
0.0539684070081392 0.0921850072851633 0.5000000000000000
-0.0555400917525714 0.0924402760287248 0.5000000000000000
0.0193551504996731 0.0818665431907649 0.5000000000000000
0.0612762440348353 0.0993928301524933 0.5000000000000000
0.0221760249972342 0.0914932257447161 0.5000000000000000
-0.0028964568793222 0.1275669673520866 0.5000000000000000
0.0091709866853099 0.1002142791702372 0.5000000000000000
0.3266568554073279 -0.5000000000000000 -0.1879844643780710
0.2574844674085663 -0.5000000000000000 -0.2081096204603589
0.1517628017209549 -0.5000000000000000 -0.1918431818383915
0.3629277741271943 -0.5000000000000000 0.0093140431597096
-0.4100838260315492 0.5000000000000000 0.4133476469421388
-0.5000000000000000 -0.3298544338195611 0.4724508780625962
-0.3515325359736290 -0.3547285408702127 0.5000000000000000
-0.5000000000000000 -0.3241371505895482 0.3940697962213779
-0.2962505019140105 -0.3821010549450585 0.5000000000000000
0.0580504351132501 0.5000000000000000 -0.4481223031400652
0.3351435048007021 0.5000000000000000 -0.4301136944520280
0.2025110188330132 0.5000000000000000 -0.4318370109371003
-0.1929774434378293 0.5000000000000000 -0.1260159372453917
-0.1810039152828174 0.5000000000000000 -0.0545003449546561
-0.2171967197080291 0.5000000000000000 0.0289670555265600
-0.2076001538764669 0.5000000000000000 0.0750476625809824
0.5000000000000000 0.1452288935559707 0.1498484711556043
-0.0227462308665266 -0.4749128091335371 -0.5000000000000000
-0.0235612602971645 -0.5000000000000000 -0.3372938277752061
0.0046067667615446 -0.5000000000000000 -0.2869507188293773
-0.1354871665591875 -0.4498483763999622 -0.5000000000000000
-0.0698771329533727 -0.5000000000000000 -0.3355466671675247
-0.2427034896159348 -0.5000000000000000 -0.1279777258932015
-0.2017719878789428 -0.5000000000000000 -0.2276500998396770
-0.1443820435134925 -0.5000000000000000 -0.0390936015644107
-0.2548073277573250 -0.5000000000000000 -0.0749934076193416
0.2991812110778955 0.1156888782097517 0.5000000000000000
0.2920437320076017 0.0159676974675070 0.5000000000000000
-0.5000000000000000 -0.0693068698742778 0.3940667123931075
-0.2595359705387640 0.5000000000000000 0.4794536679456414
-0.1062532341476072 0.5000000000000000 0.0184299938147195
-0.1267407003980301 0.5000000000000000 0.0630510768322857
-0.2045520488358059 0.5000000000000000 0.0755104375186928
-0.0529460285448114 0.5000000000000000 0.0704121042319258
0.1304877714041548 -0.5000000000000000 -0.1635009599686509
0.3715002165229916 -0.5000000000000000 0.0772758766447841
0.3374117790749928 -0.5000000000000000 0.1275270040027817
0.5000000000000000 0.2895636581701840 -0.2085816037771676
0.5000000000000000 0.3029356703795716 -0.1295857527056684
0.5000000000000000 0.2047803296158312 -0.1655839392406347
0.0353350191538702 0.5000000000000000 -0.1256490557882981
-0.0304597962544310 0.5000000000000000 -0.0416291717895769
0.1228932229616323 0.5000000000000000 -0.0969059512038769
0.5000000000000000 0.2954097432860484 0.1323556487422606
0.5000000000000000 0.3594987018901017 0.3239125137565854
0.5000000000000000 0.2649984800488067 0.3594390659621026
0.5000000000000000 0.2764717045813162 0.2598709396148130
-0.1389931451212668 0.1358775495522640 0.5000000000000000
-0.1794575786487079 0.0624338928017681 0.5000000000000000
-0.2509573628188795 0.0545413272005682 0.5000000000000000
-0.1858959863028427 0.3147688667056344 -0.5000000000000000
-0.3122345188812313 0.2178854891616831 -0.5000000000000000
-0.5000000000000000 -0.2164608487237525 -0.3576074664471907
-0.5000000000000000 -0.2091725571885731 -0.3373069602706617
-0.5000000000000000 -0.2101623598271065 -0.3429541750186481
-0.5000000000000000 -0.2104494529303973 -0.3303737783529648
-0.5000000000000000 -0.1904482518948408 -0.3432846787066298
0.2776658530575672 -0.3843334627155876 -0.5000000000000000
0.0167974149399515 -0.4438435184142326 -0.5000000000000000
-0.0721888150361501 -0.3214706142941056 -0.5000000000000000
0.0751633066599293 -0.2626166719209817 -0.5000000000000000
0.0518546516013568 -0.3381973503869239 -0.5000000000000000
-0.5000000000000000 -0.1950443214437341 -0.4872531591526189
-0.5000000000000000 -0.2680789797333072 -0.4451877505279704
-0.4382100081590374 -0.2653487498167109 -0.5000000000000000
0.5000000000000000 0.3057168355162447 0.0327147410502769
0.4952046490435325 -0.5000000000000000 0.4807842162064625
0.4771091794173843 -0.5000000000000000 0.4787060157641727
0.0667360779636396 0.2600556566521817 0.5000000000000000
0.2245577953500540 0.2533304538607486 0.4981840969054049
0.0277184682282399 0.2912285758314606 0.5000000000000000
0.0673537454814210 0.2538223120211331 0.5000000000000000
0.1099385055498848 0.2964035747822054 0.5000000000000000
-0.3678902249888678 -0.5000000000000000 -0.0116146609708551
-0.5000000000000000 -0.3958444888235376 -0.0144970411580442
0.3298530286463105 0.3755567187724297 0.5000000000000000
0.4936149280834982 0.1536555913827775 0.5000000000000000
0.5000000000000000 0.2470953262461184 0.4522886513919551
0.4315431158098850 0.4028776587641456 0.5000000000000000
0.4144746210010524 0.2164492384772390 0.5000000000000000
0.4675770719106123 0.3401701327841958 0.5000000000000000
-0.0341667997796563 -0.1304394100530285 0.5000000000000000
-0.1401096731623287 -0.2149370779341572 0.5000000000000000
-0.1359716665266606 -0.2140671661675126 0.5000000000000000
-0.1750485492700046 -0.2623261090343101 0.5000000000000000
-0.0457786725224867 -0.1925970865311984 0.5000000000000000
-0.2997204896646031 -0.1463975727520679 -0.5000000000000000
-0.2915337211695619 0.4827591625173233 0.4875034793555779
0.2333896544724309 -0.3818746762416835 0.5000000000000000
0.3204702673961765 -0.4426789575832751 0.5000000000000000
0.5000000000000000 -0.2897777846423381 -0.2182436993590999
0.5000000000000000 -0.2687099156530035 -0.2913970332587739
0.5000000000000000 -0.2665618329334639 -0.2348714849236963
0.2892523984425044 -0.3085636104999266 0.5000000000000000
-0.5000000000000000 -0.0986314951559844 0.4884105723552943
-0.3187117061280722 -0.0664033478223164 0.5000000000000000
-0.2481348453067255 -0.0267379057985403 0.5000000000000000
-0.2939463575473231 -0.0034985193405497 0.5000000000000000
-0.3235938045474050 -0.0804172491667124 0.5000000000000000
-0.5000000000000000 -0.0796718973597529 0.3479475321075101
0.5000000000000000 0.0042792208997516 0.1907166668265838
0.5000000000000000 -0.1368397476735672 0.1459397539203504
-0.5000000000000000 -0.1717769638058306 0.3870360505853103
0.5000000000000000 0.1199336701556550 0.1323346503809319
-0.5000000000000000 -0.4044593108030453 0.3601616091358498
-0.5000000000000000 -0.2404782088507189 0.4347077625329828
-0.5000000000000000 -0.2993920019862564 0.4318199878793061
-0.5000000000000000 -0.2942144369745873 0.3703047389311087
0.2457468308651486 -0.1196674451431555 -0.5000000000000000
-0.4518016754710757 0.2773201106656450 -0.5000000000000000
-0.4162772753794736 0.2962430946919447 -0.5000000000000000
-0.4502210893249807 0.2745068859307202 -0.5000000000000000
-0.4476809504861681 0.2722702054794550 -0.5000000000000000
-0.1231682431247740 -0.5000000000000000 0.2295272010011700
-0.2214054603224781 -0.5000000000000000 0.1429031435909047
-0.2091526802608256 -0.5000000000000000 0.1343000520928704
-0.3485608711418894 -0.5000000000000000 0.4063554363558346
0.0327170875836846 0.5000000000000000 -0.4590795711833170
0.0234051553556835 0.4647213976160717 -0.5000000000000000
-0.0283757519189962 0.5000000000000000 -0.4489272802585942
0.0400379257560838 0.5000000000000000 -0.4821947927809290
0.0288587999151985 0.5000000000000000 -0.4732676353719509
-0.2717108732682828 0.5000000000000000 -0.2841353054656131
-0.2460746804691900 0.5000000000000000 -0.3020091189519957
-0.3685162224862201 0.5000000000000000 -0.3800763253096419
-0.2810247207133980 0.5000000000000000 -0.2660048644811569
-0.1482470029123430 0.3337917932615532 -0.5000000000000000
-0.1960886607269675 0.5000000000000000 -0.4266870710430101
-0.2019619259537772 0.3612589129239361 -0.5000000000000000
-0.0746837657166769 -0.5000000000000000 0.2692190695864792
-0.5000000000000000 0.3262528628861927 0.4990897794907142
-0.3779948094086057 0.4534898852633281 0.5000000000000000
-0.4730234812655573 0.5000000000000000 0.4447966202490466
-0.4192704203768309 0.4941457764795390 -0.4317430186957751
-0.1453333429516358 0.4429368166358961 0.5000000000000000
-0.2450374484726164 0.4780127950180078 0.5000000000000000
-0.1910223341861980 0.5000000000000000 -0.1306406558340340
-0.1452364165403074 0.5000000000000000 -0.2677513283471041
0.5000000000000000 -0.0078227945608671 -0.3315069489880947
-0.1805094806431131 0.5000000000000000 -0.1208736690940851
-0.0982825061168466 0.5000000000000000 -0.1277336725029616
-0.0841896366134204 0.5000000000000000 -0.0495267664037201
-0.0641100557026589 0.5000000000000000 -0.0394878689507747
-0.0343884317106588 0.5000000000000000 -0.0170605350301636
-0.1971164967206618 -0.5000000000000000 -0.2547974756045358
0.5000000000000000 0.4333713302953875 -0.4366792277878328
0.4637253087321407 0.5000000000000000 -0.4011516597444531
0.4219563591292068 0.4105950775333707 -0.5000000000000000
0.2906436493682544 0.5000000000000000 -0.4987870837395923
0.4459528119838208 0.5000000000000000 -0.4486366944035253
0.3783598964565920 0.5000000000000000 -0.3801223030359188
-0.0390389135558730 0.3101996363663093 0.5000000000000000
-0.2741661995072214 -0.5000000000000000 -0.0438410851420512
0.1218544388693684 -0.5000000000000000 -0.1669453016394112
0.3343336712710520 -0.5000000000000000 0.1309289161072855
-0.1936913896069839 0.5000000000000000 -0.1328334256854899
-0.1971401893757029 0.5000000000000000 -0.1575769640590323
-0.1951041597631566 0.5000000000000000 -0.1299512746410358
-0.5000000000000000 -0.1163024454573290 -0.4603875482956401
0.3979787640653513 -0.3833403570338917 -0.5000000000000000
0.3327560293701101 -0.3501353716655776 -0.5000000000000000
0.5000000000000000 -0.0514683335020609 0.3429849008982462
-0.5000000000000000 0.2925316907224536 0.4976859004894897
-0.3328342019599422 0.2898289712522802 0.5000000000000000
0.4360445508201474 -0.3667252864367531 -0.5000000000000000
0.4964415768847176 -0.4013889574430999 -0.5000000000000000
0.4501842186450861 -0.4569185008025627 -0.5000000000000000
0.0578852278314197 -0.0701465424885207 0.5000000000000000
-0.5000000000000000 0.1161115099741837 -0.2912120728408751
-0.5000000000000000 0.3862731545159357 -0.4049174704822968
-0.4316434454269069 0.4113371736262942 -0.5000000000000000
-0.5000000000000000 0.3807917615135931 -0.4643826680802973
-0.5000000000000000 0.3923109673136336 -0.4846982377549682
-0.5000000000000000 0.1949555537855276 -0.4389393495505449
-0.5000000000000000 0.4373714771210176 -0.4669736020906693
-0.1111575457232893 -0.2531769442568249 -0.5000000000000000
0.5000000000000000 0.3987484573661637 -0.4396340281953931
0.5000000000000000 0.3769464519122138 -0.3588789288859470
0.5000000000000000 0.1006133139512829 -0.1005503600241457
0.5000000000000000 0.2042171249667370 -0.1652775089093007
0.5000000000000000 0.0422655610529356 -0.1479813426024580
0.5000000000000000 -0.0884501427048685 -0.1485297060219888
0.2905390708230049 0.2298665206473907 0.5000000000000000
-0.2073235348455031 -0.5000000000000000 -0.2636099015474673
-0.5000000000000000 -0.1990545545131879 0.3897613123721221
-0.5000000000000000 0.2675419883803715 -0.0602691109069985
-0.5000000000000000 0.1339147662785484 -0.2477894946982759
-0.1576428017214013 -0.0169220094604050 0.5000000000000000
-0.4559291832740220 0.0386997562257874 -0.5000000000000000
0.5000000000000000 0.2558871169722112 0.3735416558788778
0.5000000000000000 0.2651583425262793 0.2706884741969179
-0.1824822519789388 0.5000000000000000 -0.2820498464514747
-0.2068501458100104 0.5000000000000000 -0.3070195766259828
-0.1318825376927256 0.5000000000000000 -0.2881907152433680
-0.5000000000000000 0.3008513780072674 0.3921384595091324
-0.5000000000000000 0.4447078930814737 -0.3494380001493346
-0.5000000000000000 0.3086438789476947 -0.0914129379559237
-0.5000000000000000 0.4015249705939832 -0.1061067585172058
-0.5000000000000000 0.4301482495146620 -0.1695338426533270
-0.5000000000000000 0.4007668084428022 -0.2123163165109912
0.3165645599712912 -0.0443296337053263 -0.5000000000000000
-0.4849173030879494 0.5000000000000000 -0.1114428045280980
-0.1301181173794956 0.1037387356175934 -0.5000000000000000
-0.5000000000000000 -0.1694258210007954 -0.2990625815175494
0.4923444817070555 -0.3512921943349852 0.5000000000000000
0.5000000000000000 -0.3142903743229206 0.4820656661010414
-0.4216463152137233 -0.5000000000000000 0.3351238404543658
-0.5000000000000000 0.0916914748624918 -0.4162297784916705
0.5000000000000000 0.2065223578337665 0.0902801297118066
-0.5000000000000000 0.2912057072970204 0.3421003885376425
-0.5000000000000000 0.3043364479924232 0.3289574774036211
0.3097838276262234 0.1355709250894630 0.5000000000000000
0.3623225809491237 0.1969307807945445 0.5000000000000000
0.2264667077974910 -0.2613476158575279 0.5000000000000000
0.0995682200009430 -0.1442974867004077 0.5000000000000000
0.1644988508698030 -0.2197709624161468 0.5000000000000000
-0.3870263559535531 0.4367399353110165 -0.5000000000000000
-0.2185523077594143 0.5000000000000000 -0.3266164004152612
0.4543870254940497 0.1455977468434158 0.5000000000000000
0.5000000000000000 0.0343973838222484 -0.3403469351841756
0.5000000000000000 -0.0132329728786187 -0.3569971194347846
0.5000000000000000 -0.0084665623984872 -0.3018313809704091
-0.1554715714871215 -0.5000000000000000 -0.2731366218719339
-0.2026607053641523 -0.5000000000000000 -0.2659526468404247
-0.2010947752929579 -0.5000000000000000 -0.2592981064890988
-0.1193700538653504 -0.5000000000000000 -0.2087053672687063
-0.3526865210230011 0.5000000000000000 0.0692922012385756
-0.2087867931725177 0.5000000000000000 0.2984825247693282
-0.2084377054512346 0.5000000000000000 0.0761127401921260
0.4056268855397192 -0.3725058954762087 0.5000000000000000
0.4172291571211920 -0.4071220843813090 0.5000000000000000
0.3012429816078254 -0.5000000000000000 0.4978745053186122
-0.4121334754390612 0.4466690921228227 -0.5000000000000000
-0.3942324011540179 0.5000000000000000 -0.4304887568998994
-0.4035181344807583 0.5000000000000000 -0.4276074839354955
-0.5000000000000000 0.4991973514553444 -0.4562250603064719
0.5000000000000000 -0.2219469697104735 0.0911672856167742
0.5000000000000000 -0.3803183012165564 0.1841686698520594
0.5000000000000000 -0.2794690771699445 0.0350289029384548
0.3911142871808779 -0.5000000000000000 0.0844169400042677
0.5000000000000000 -0.4545917635089965 0.1721932133395530
0.3495047153088865 -0.5000000000000000 0.1352900660533400
-0.1791212741354000 0.0216094733657305 0.5000000000000000
0.5000000000000000 0.2675083098238381 0.4088984407389493
0.4596042046899763 0.4184226325845455 0.5000000000000000
0.4567510433127095 0.2590100411359624 0.5000000000000000
0.5000000000000000 0.3856095118931297 0.4843657361780279
-0.5000000000000000 -0.1876833732827453 0.3388863158547594
-0.5000000000000000 -0.2182592101727992 0.3566626065275699
-0.5000000000000000 -0.1706621633789230 0.3365515177142715
0.2510734256118909 -0.3644627950641784 0.5000000000000000
0.4853398280728187 0.5000000000000000 -0.2737494703301092
0.5000000000000000 0.1025582441727356 0.4725417378864004
0.1625953218563201 -0.4160056149721812 -0.5000000000000000
0.0593710172814130 -0.4572724123402877 -0.5000000000000000
0.0852721062367405 -0.4432695366943686 -0.5000000000000000
0.5000000000000000 0.2586454756341647 -0.2472267338436449
0.3246676428726610 0.1653184421014182 -0.5000000000000000
0.5000000000000000 0.0262866129619322 -0.4451028483615879
0.5000000000000000 0.2043017020833883 -0.1659194558536348
0.5000000000000000 0.1395090619499728 -0.4249882743441397
0.5000000000000000 0.0893989636312551 -0.3386295839360784
0.5000000000000000 0.4419801588483527 -0.1798454459330740
-0.0582120558869647 -0.5000000000000000 0.2800034353363473
0.2746384757747936 -0.3913134828221329 0.5000000000000000
0.1798760477412628 -0.4123670553582426 0.5000000000000000
0.2928800687866462 0.3771690931999239 0.5000000000000000
0.1904351525380800 0.3225837986545220 0.5000000000000000
-0.0387203606625863 -0.5000000000000000 0.2871876476429163
0.3173333334914599 -0.5000000000000000 0.4710773034588708
0.3652438612575554 -0.4423982752239983 0.5000000000000000
0.2007931413993571 -0.4557807350847870 0.5000000000000000
0.3225033096203818 -0.5000000000000000 0.4308261740458391
0.3811190731160106 -0.3403495879298239 -0.5000000000000000
0.5000000000000000 -0.4871774783663116 -0.2317845278258725
0.3024504195952954 0.3941731250158016 0.5000000000000000
-0.2666740549173234 -0.2082272671231556 0.5000000000000000
-0.2755229144083901 -0.2733466310499458 0.5000000000000000
0.5000000000000000 -0.4225256229008069 -0.3113123507910159
0.5000000000000000 -0.3619730301778943 -0.3501598688270557
0.5000000000000000 -0.3617407725917218 -0.1870868715515633
0.4724034089535979 0.5000000000000000 0.4749787459427299
0.4804924893005820 0.5000000000000000 0.4646514394466993
0.1953740807058365 0.3691777081433634 -0.5000000000000000
-0.2561384820237788 0.0189722807127984 -0.5000000000000000
-0.2991212082615637 0.3702993549448728 -0.4975777581585790
0.2669670187723721 0.5000000000000000 -0.2757616398543909
-0.0683543218601960 -0.5000000000000000 0.2740834053364309
-0.0855019954691120 -0.5000000000000000 0.2885253165068092
-0.5000000000000000 -0.1051560220361953 -0.3446476508654480
-0.5000000000000000 -0.0339174502159062 -0.2956612829672954
0.5000000000000000 0.1098674400691505 -0.0429143054422285
0.1030530144794745 -0.4522038311122148 0.5000000000000000
0.0466195215990045 -0.2063394757923600 -0.5000000000000000
0.5000000000000000 0.4122756281180934 0.3751913908099059
-0.5000000000000000 0.2511086808846916 -0.0463300851840459
-0.1725041555651483 0.5000000000000000 0.3526265567037434
-0.4928702008850635 -0.0141340266981641 0.1998732890607683
-0.0480944233610467 -0.3293243773106106 -0.5000000000000000
-0.1042636302050444 -0.2838859014875730 -0.5000000000000000
0.5000000000000000 0.0820744522109021 0.4502501651907233
0.5000000000000000 -0.1009745631489399 -0.1793132409028118
0.5000000000000000 0.1447553225073981 0.4372949728727510
0.5000000000000000 0.2277143042993598 0.3675472835715993
0.5000000000000000 0.2273630242259969 0.2837725145955662
0.5000000000000000 0.1913435823348560 0.3241124605411933
-0.3530161428236714 0.5000000000000000 -0.0370349701147705
-0.2610666017248535 0.5000000000000000 -0.0170306099041605
0.5000000000000000 0.3003360070605652 -0.2551341159350681
0.2722244683451774 0.3338997259621557 -0.5000000000000000
0.2235776305850465 0.3914011867952482 -0.5000000000000000
0.5000000000000000 0.2346374204309987 -0.4642546108757477
0.5000000000000000 0.2930556428865890 -0.4265140863468156
0.2954690151608949 0.5000000000000000 -0.3528739351335650
-0.2353369606843113 0.5000000000000000 -0.4427984517754043
0.2493992793296223 -0.0510739408539750 -0.5000000000000000
0.5000000000000000 0.3096138014720917 -0.2375538404514140
0.5000000000000000 0.3962298193481013 -0.1838037272649445
-0.3891525449316787 0.5000000000000000 0.0245343772765279
-0.3981700457815021 0.5000000000000000 -0.0263355769432165
0.4953397844493966 0.4128151370781549 -0.1780887567725502
0.3597602221565637 0.2245374602535748 0.5000000000000000
0.3298884152303528 0.4104073337840767 0.5000000000000000
0.2499011890094467 -0.5000000000000000 -0.2858275428620643
0.0146150918924182 -0.5000000000000000 -0.3012690725369568
0.3790972711208235 0.1955141938669698 0.5000000000000000
0.5000000000000000 0.1318214229072958 0.4607438862963993
0.5000000000000000 0.1476904896360792 0.4851488093525209
-0.2091250089997815 0.5000000000000000 0.0752231330492717
0.3684710144185824 0.2021221116082790 0.5000000000000000
-0.2094728899903193 -0.1335909600902764 -0.5000000000000000
-0.2423504121209772 0.5000000000000000 0.4241896213532715
-0.4291393921138023 0.5000000000000000 -0.0621214346703940
-0.2783777679618853 0.4876913322343675 0.5000000000000000
-0.5000000000000000 -0.3930998318340783 -0.0368915273708639
-0.5000000000000000 0.0576421896358676 -0.4150930049491088
-0.5000000000000000 0.0966070714912275 -0.3877326108300103
-0.5000000000000000 0.0176509358055233 -0.3341413979990292
-0.0010823928091105 -0.0724800207898158 0.5000000000000000
-0.5000000000000000 -0.0015022125882187 0.1786877285393765
-0.2779877945983035 0.0307838760778472 0.5000000000000000
-0.5000000000000000 0.1319881660256480 -0.2721746773399021
-0.2405723445343456 -0.1986663989430269 0.5000000000000000
0.2028846861024468 -0.2870085216793551 -0.5000000000000000
-0.0598171544617237 -0.2521712318655402 -0.5000000000000000
0.1402141068979094 -0.2700668436360444 -0.5000000000000000
0.5000000000000000 0.0018199363843195 -0.4538267605177445
0.1410146549004282 -0.5000000000000000 -0.2225523713504379
0.0329262144916816 -0.5000000000000000 -0.2569001614634444
0.0082343718000002 -0.5000000000000000 -0.1648194837875224
0.5000000000000000 -0.4056486530669467 -0.3640283843599392
-0.5000000000000000 0.0970828729090389 0.2003417686909136
-0.5000000000000000 0.4861000291223816 -0.1386494726145401
0.5000000000000000 0.2052333569120248 -0.1660829418108305
0.5000000000000000 0.2044162560515769 -0.1656105601039372
-0.3375213450157239 -0.2011487312775232 -0.5000000000000000
-0.1773550713922513 -0.2266372015414576 -0.5000000000000000
-0.3150654492245147 -0.1707832893547015 -0.5000000000000000
0.0976492612823846 -0.4638694579242746 0.5000000000000000
0.5000000000000000 -0.3509162927905408 -0.3857835595934799
0.2278246633345701 -0.3417531752421361 -0.5000000000000000
0.1142992250073898 -0.3587192887767111 -0.5000000000000000
-0.3749685979760048 -0.2509526358711319 -0.5000000000000000
0.3320047861170694 0.5000000000000000 -0.3080102904748875
0.5000000000000000 0.2497325479958059 0.4063989101616705
0.5000000000000000 0.2815811525060968 0.3815036163798449
-0.5000000000000000 0.1827441118255846 -0.4365470639802957
0.5000000000000000 0.1221058010947411 0.0359804865658876
0.4146809085176337 0.4389749723485236 0.5000000000000000
0.4424226959598760 0.4293842836293680 0.5000000000000000
0.4576421307056469 0.4644190207392319 0.5000000000000000
-0.2104796393702602 0.5000000000000000 0.0735844010762500
-0.3126529396898444 -0.5000000000000000 0.3290984942006028
-0.4165093801202103 -0.5000000000000000 0.3390752623514383
0.2840902877411268 -0.0830636361305219 -0.5000000000000000
0.4594896574491020 0.2163029049484570 0.5000000000000000
0.5000000000000000 -0.3544977078165691 -0.3643758415811462
-0.5000000000000000 -0.3027691329967278 0.0233095759858738
-0.5000000000000000 -0.3769226971809359 -0.0046180112339677
-0.5000000000000000 -0.3258459416179977 0.0315857073312437
-0.5000000000000000 -0.3631673170384178 0.0931031406663133
-0.5000000000000000 -0.2537871989361343 0.0470798274590171
-0.5000000000000000 0.1779423272657790 -0.4303960200048017
-0.3210958532640891 -0.3085921965519312 -0.5000000000000000
-0.1695990671066908 -0.2625575620706589 -0.5000000000000000
-0.5000000000000000 0.1064206475520277 -0.2503299605558926
0.1485401783129204 -0.3442058423538983 -0.5000000000000000
-0.0427588887530854 -0.5000000000000000 -0.3003100075704532
0.3663766666482430 0.5000000000000000 -0.2726221470543006
0.5000000000000000 0.2225781495911606 0.2281888819833631
-0.2085688637841145 -0.4003044055964058 0.5000000000000000
-0.5000000000000000 -0.3868753393540827 0.0566783619188801
-0.5000000000000000 -0.3746877004632950 0.1001986153565047
-0.0127659096401329 0.0933569136485708 -0.5000000000000000
-0.0321811902612924 0.1108812154660875 -0.5000000000000000
-0.0750193108718581 0.0781285065590751 -0.4966546452061493
-0.2551799334320803 -0.2583975677708003 0.5000000000000000
0.3070705082014946 0.5000000000000000 -0.3028870151150114
0 20
0 39
0 42
0 44
0 57
0 76
0 84
0 150
0 160
0 171
0 196
0 198
0 212
0 196
252 22
1 29
1 40
1 64
1 87
1 90
1 92
1 113
1 126
1 134
1 149
1 180
1 221
253 43
254 49
255 184
256 186
257 209
2 258
2 37
2 48
2 49
2 56
2 259
2 297
2 260
2 73
2 261
2 262
2 790
2 158
2 184
2 263
2 264
2 265
3 8
3 9
3 266
3 34
3 267
3 47
3 63
3 268
3 269
3 270
3 161
3 271
3 272
3 219
3 273
274 56
275 297
276 158
4 25
4 277
4 278
4 279
4 280
4 281
4 282
4 101
4 120
4 283
4 284
4 285
4 149
4 286
4 229
4 287
4 288
5 7
5 17
5 20
5 54
5 58
5 93
5 98
5 143
5 218
5 235
5 289
5 245
5 1334
5 250
6 10
6 11
6 18
6 290
6 291
6 292
6 79
6 85
6 91
6 96
6 99
6 122
6 136
6 147
6 167
6 215
6 231
6 236
6 891
293 188
294 141
295 40
296 43
298 107
299 131
7 15
7 36
7 69
7 846
7 98
7 121
7 130
7 143
7 152
7 181
7 193
7 218
7 235
7 247
7 250
8 34
8 300
8 63
8 71
8 301
8 302
9 303
9 304
9 72
9 305
9 306
9 108
9 307
9 135
9 308
9 159
9 161
9 163
9 173
9 309
9 310
9 311
9 219
9 312
313 100
314 139
315 177
316 199
317 200
318 246
10 47
10 62
10 63
10 69
10 85
10 115
10 122
10 137
10 152
10 161
10 164
10 175
10 187
10 215
10 221
10 236
10 237
10 242
10 250
319 40
320 872
11 321
11 322
11 323
11 64
11 79
11 89
11 96
11 217
11 324
11 234
11 236
325 75
326 78
327 129
328 146
329 148
330 179
331 240
12 22
12 31
12 332
12 333
12 334
12 335
12 336
12 337
12 103
12 338
12 339
12 340
12 148
12 151
12 182
12 194
12 227
12 341
12 240
12 342
13 343
13 344
13 345
13 80
13 346
13 347
13 348
13 112
13 349
13 350
13 145
13 351
13 201
13 352
13 353
13 354
13 226
13 355
13 356
357 67
14 17
14 28
14 358
14 359
14 78
14 360
14 93
14 361
14 362
14 124
14 125
14 363
14 364
14 179
14 185
14 248
14 365
366 51
367 104
368 199
369 200
370 225
371 246
372 60
373 117
374 155
375 172
15 21
15 53
15 376
15 69
15 81
15 846
15 94
15 377
15 121
15 143
15 152
15 181
15 208
15 247
378 186
380 231
16 27
16 33
16 45
16 77
16 85
16 91
16 99
16 116
16 127
16 165
16 174
16 192
16 205
16 237
17 28
17 381
17 54
17 58
17 93
17 109
17 160
17 162
17 185
17 198
17 218
17 223
17 245
17 248
382 128
383 790
18 19
18 384
18 385
18 386
18 50
18 387
18 79
18 85
18 91
18 99
18 136
18 388
18 167
18 183
18 1236
18 389
18 390
18 232
18 891
19 50
19 55
19 57
19 83
19 85
19 91
19 167
19 174
19 183
19 190
19 196
19 213
19 196
19 232
391 53
392 69
393 137
394 142
395 143
396 206
397 133
398 582
399 104
400 226
20 76
20 98
20 855
20 171
20 197
20 198
20 218
20 235
20 245
20 1334
401 41
402 82
403 120
404 136
405 166
406 1236
407 234
408 244
21 409
21 410
21 411
21 81
21 412
21 121
21 130
21 413
21 414
21 415
21 416
21 417
21 199
21 211
21 418
21 419
21 420
21 247
22 421
22 422
22 423
22 424
22 425
22 426
22 109
22 427
22 428
22 429
22 146
22 148
22 151
22 430
22 431
22 194
22 1259
22 432
22 433
434 114
23 435
23 436
23 437
23 62
23 72
23 438
23 100
23 105
23 108
23 132
23 135
23 168
23 439
23 440
23 441
23 442
23 243
24 56
24 158
24 443
24 189
24 444
24 210
25 445
25 40
25 64
25 82
25 446
25 101
25 113
25 120
25 149
25 447
25 217
25 233
25 448
26 31
26 68
26 95
26 103
26 127
26 153
26 165
26 182
26 188
26 203
26 214
26 230
449 43
450 182
451 186
452 207
453 228
27 42
27 45
27 55
27 57
27 70
27 77
27 85
27 86
27 127
27 167
27 174
27 187
27 222
27 224
27 237
27 250
454 125
455 212
456 141
28 457
28 46
28 75
28 78
28 84
28 125
28 160
28 162
28 179
28 185
28 191
28 198
28 216
28 245
28 248
29 59
29 87
29 105
29 917
29 126
29 134
29 168
29 172
29 173
29 458
29 180
459 71
460 106
461 153
462 188
463 93
464 125
465 185
466 245
467 139
468 582
469 67
470 80
471 105
472 112
473 145
474 147
475 195
476 226
477 182
478 203
479 207
480 228
481 36
482 52
483 66
484 193
485 46
486 75
487 78
488 124
489 125
490 129
491 157
492 1224
493 191
494 43
495 186
496 207
497 67
498 96
499 112
500 147
501 195
502 40
503 82
504 120
505 233
506 133
507 118
508 166
30 32
30 66
30 509
30 115
30 123
30 144
30 145
30 152
30 181
30 193
30 510
30 201
30 208
30 511
30 226
30 239
30 249
512 96
513 147
31 514
31 45
31 68
31 74
31 86
31 103
31 107
31 127
31 131
31 148
31 169
31 182
31 220
31 222
31 224
31 227
31 230
31 240
32 582
32 51
32 515
32 104
32 111
32 132
32 144
32 516
32 208
32 225
32 226
32 238
32 239
33 35
33 38
33 91
33 92
33 99
33 517
33 110
33 136
33 140
33 156
33 518
33 192
33 519
33 205
33 221
33 244
520 79
521 136
522 234
523 44
524 76
525 855
526 150
527 178
528 231
34 529
34 530
34 531
34 63
34 71
34 117
34 532
34 155
34 159
34 533
34 534
34 219
34 535
35 536
35 71
35 537
35 106
35 140
35 156
35 538
35 539
540 199
36 52
36 66
36 541
36 846
36 88
36 93
36 98
36 121
36 130
36 181
36 542
36 543
36 193
36 211
36 544
36 235
36 545
36 1334
546 61
547 95
548 119
549 137
550 188
551 206
552 227
553 230
554 97
555 206
556 128
557 138
558 1026
559 133
560 130
561 142
562 143
563 170
564 223
565 247
37 38
37 566
37 567
37 48
37 568
37 56
37 569
37 73
37 91
37 570
37 110
37 116
37 138
37 790
37 158
37 183
37 184
37 192
37 571
37 799
37 572
573 65
574 872
575 229
576 71
577 140
578 155
579 185
580 151
581 227
583 104
38 584
38 41
38 585
38 91
38 110
38 136
38 192
38 1236
38 586
38 799
38 244
587 97
588 106
589 153
582 590
582 591
582 104
582 592
582 593
582 225
582 226
582 238
594 41
595 790
596 1236
597 73
598 128
599 138
600 184
601 1026
39 57
39 70
39 84
39 98
39 115
39 150
39 160
39 171
39 187
39 198
39 218
39 222
602 96
603 147
604 891
605 128
606 1026
379 607
379 112
379 115
379 608
379 201
379 231
379 249
40 64
40 609
40 610
40 113
40 917
40 126
40 149
40 611
40 872
40 229
40 612
40 613
614 141
615 56
616 183
617 189
618 133
619 202
620 133
621 185
622 109
623 142
624 151
625 206
626 223
41 627
41 118
41 136
41 166
41 1236
41 628
41 799
41 244
41 629
630 79
631 234
632 43
633 45
634 297
635 68
636 74
637 86
638 107
639 131
640 148
641 169
642 182
643 186
644 220
645 228
646 240
42 55
42 57
42 84
42 129
42 174
42 196
42 196
42 220
42 222
43 45
43 48
43 49
43 297
43 68
43 74
43 647
43 107
43 648
43 169
43 186
43 649
43 650
43 209
651 131
652 110
653 138
654 184
44 76
44 83
44 84
44 655
44 656
44 150
44 657
44 196
44 204
44 212
44 658
44 196
44 232
659 88
660 170
661 247
662 88
45 48
45 68
45 77
45 86
45 97
45 116
45 127
45 165
45 169
45 186
45 192
45 209
46 75
46 78
46 125
46 160
46 162
46 179
46 191
46 240
47 63
47 663
47 137
47 161
47 164
47 175
47 664
47 219
665 107
48 49
48 56
48 297
48 74
48 77
48 116
48 158
48 169
48 183
48 184
48 666
48 209
49 297
49 97
49 667
49 116
49 668
49 669
49 184
49 670
49 671
49 209
672 790
50 83
50 673
50 674
50 183
50 189
50 190
50 210
50 675
50 196
50 232
676 146
677 1259
678 100
679 108
680 133
51 681
51 100
51 104
51 108
51 111
51 132
51 135
51 682
51 683
51 684
51 685
51 200
51 208
51 686
51 225
51 243
687 231
688 891
689 203
52 66
52 690
52 98
52 115
52 691
52 855
52 178
52 193
52 692
52 197
52 693
52 1334
694 234
53 695
53 696
53 69
53 94
53 697
53 143
53 161
53 698
53 163
53 699
53 700
53 247
54 58
54 70
54 119
54 142
54 151
54 160
54 162
54 198
54 218
54 222
54 224
54 250
55 77
55 86
55 116
55 127
55 169
55 174
55 183
55 196
55 213
55 196
55 220
55 222
701 59
702 72
703 108
704 135
705 168
706 173
707 101
708 118
709 120
710 166
711 176
712 251
56 713
56 714
56 158
56 183
56 715
56 189
56 716
56 717
718 81
719 199
57 70
57 84
57 150
57 160
57 167
57 174
57 187
57 196
57 222
720 81
721 94
722 247
58 93
58 109
58 142
58 143
58 162
58 170
58 223
58 235
58 247
58 248
58 250
723 131
724 148
725 240
726 189
727 210
59 728
59 729
59 730
59 731
59 105
59 917
59 126
59 134
59 168
59 173
59 732
59 733
59 734
59 735
60 65
60 736
60 90
60 737
60 114
60 117
60 149
60 155
60 172
60 180
60 738
60 739
740 1072
741 210
742 241
743 182
744 203
745 227
746 1072
747 229
748 101
749 139
750 177
751 199
752 200
753 246
754 73
755 128
756 1026
61 69
61 95
61 103
61 119
61 127
61 137
61 143
61 187
61 206
61 224
61 237
61 757
61 250
62 72
62 80
62 89
62 105
62 122
62 123
62 132
62 134
62 135
62 144
62 152
62 164
62 168
62 175
62 208
62 215
62 236
62 238
62 242
63 71
63 85
63 95
63 137
63 140
63 155
63 156
63 164
63 758
63 205
63 219
63 221
63 237
759 146
760 148
297 74
297 761
297 107
297 158
297 762
297 763
297 764
765 129
766 131
64 79
64 82
64 89
64 92
64 113
64 134
64 149
64 217
64 221
64 234
64 236
767 69
768 137
769 161
770 94
771 100
772 108
773 161
774 163
775 177
776 78
777 124
65 778
65 779
65 780
65 114
65 149
65 781
65 180
65 782
65 783
65 872
65 229
65 784
66 846
66 785
66 786
66 181
66 193
66 787
66 239
788 120
789 177
67 89
67 105
67 113
67 917
67 134
67 195
67 791
67 792
67 793
794 138
795 790
68 86
68 97
68 103
68 127
68 1008
68 153
68 165
68 182
68 186
68 203
68 209
68 214
68 228
68 230
69 94
69 796
69 137
69 143
69 152
69 161
69 163
69 797
69 798
69 206
69 242
69 247
69 250
70 160
70 187
70 218
70 222
70 224
70 237
70 250
800 232
801 82
802 120
803 233
804 124
805 917
71 95
71 106
71 137
71 140
71 153
71 155
71 156
71 165
71 806
71 807
71 188
71 808
72 87
72 108
72 117
72 135
72 159
72 161
72 164
72 168
72 173
72 175
72 219
72 809
810 104
811 1026
812 146
813 148
814 179
815 148
73 816
73 817
73 128
73 818
73 138
73 790
73 184
73 819
73 1026
74 86
74 102
74 107
74 158
74 169
74 820
74 213
74 220
75 78
75 821
75 822
75 129
75 148
75 179
75 191
75 240
823 128
824 1026
76 84
76 825
76 855
76 150
76 171
76 178
76 826
76 197
76 198
76 212
77 86
77 116
77 127
77 169
77 174
77 192
77 209
77 220
78 827
78 828
78 124
78 125
78 829
78 179
78 191
78 248
78 830
79 92
79 99
79 136
79 1236
79 831
79 234
79 236
79 244
80 105
80 112
80 122
80 123
80 132
80 145
80 147
80 832
80 195
80 215
80 238
833 161
81 834
81 846
81 94
81 111
81 835
81 121
81 181
81 836
81 199
81 208
81 837
81 239
81 246
838 161
839 115
840 178
841 231
842 146
843 179
844 1259
845 248
847 121
848 211
82 92
82 101
82 120
82 149
82 217
82 849
82 233
82 234
82 850
851 128
852 790
853 128
854 790
856 178
83 857
83 141
83 858
83 154
83 1072
83 190
83 204
83 210
83 213
83 859
83 196
83 232
83 241
860 105
84 125
84 129
84 855
84 154
84 160
84 191
84 198
84 204
84 212
84 196
84 222
861 159
85 91
85 99
85 122
85 164
85 167
85 174
85 187
85 205
85 221
85 236
85 237
862 92
863 114
864 118
865 244
866 251
867 118
868 188
869 203
870 214
871 230
873 124
874 125
875 118
876 166
877 176
878 251
86 103
86 127
86 169
86 220
86 222
86 224
846 121
846 181
846 239
87 90
87 117
87 134
87 164
87 168
87 172
87 173
87 879
87 180
87 219
87 221
88 93
88 880
88 130
88 881
88 882
88 170
88 883
88 884
88 211
88 885
88 235
886 172
887 182
888 228
89 96
89 105
89 113
89 134
89 164
89 195
89 215
89 217
89 889
89 236
90 92
90 114
90 117
90 149
90 155
90 172
90 180
90 219
90 221
890 872
892 110
893 138
894 790
895 799
896 109
897 151
898 206
899 239
91 99
91 116
91 136
91 174
91 183
91 192
91 1236
91 900
91 799
92 99
92 114
92 120
92 136
92 140
92 149
92 155
92 166
92 176
92 901
92 221
92 234
92 236
92 244
92 251
93 902
93 109
93 170
93 903
93 185
93 223
93 904
93 235
93 905
93 245
93 248
906 105
907 168
908 243
909 104
910 226
911 239
912 114
913 183
94 100
94 111
94 914
94 152
94 915
94 163
94 177
94 200
94 208
94 916
94 242
94 246
95 103
95 119
95 127
95 137
95 153
95 156
95 165
95 918
95 919
95 188
95 205
95 224
95 227
95 230
95 237
95 920
96 113
96 147
96 195
96 215
96 217
96 921
96 922
96 236
96 923
924 170
925 185
926 855
927 212
928 173
97 929
97 930
97 116
97 1008
97 153
97 165
97 931
97 192
97 209
98 115
98 152
98 171
98 178
98 181
98 187
98 193
98 197
98 218
98 235
98 1334
99 136
99 167
99 205
99 221
99 236
932 106
933 110
934 140
935 153
936 156
937 184
938 192
100 108
100 111
100 939
100 163
100 177
100 940
100 941
100 942
100 200
943 128
101 114
101 120
101 149
101 176
101 944
101 945
101 229
101 946
101 947
101 251
948 124
949 133
950 185
102 107
102 131
102 951
102 952
102 158
102 169
102 953
102 189
102 190
102 954
102 210
102 213
102 220
102 241
103 119
103 127
103 151
103 194
103 224
103 227
103 230
103 240
103 955
104 956
104 957
104 958
104 959
104 225
104 960
105 132
105 134
105 961
105 962
105 168
105 963
105 195
105 215
105 964
105 243
106 153
106 156
106 965
106 165
106 192
106 966
967 118
968 1026
107 131
107 969
107 970
107 971
107 220
107 972
108 111
108 135
108 161
108 163
108 973
108 974
108 975
109 142
109 146
109 151
109 162
109 185
109 976
109 977
109 194
109 978
109 202
109 216
109 223
109 1259
109 248
979 129
980 131
981 240
982 151
983 182
984 203
985 227
110 986
110 138
110 790
110 987
110 184
110 192
110 988
110 799
110 244
989 125
990 212
991 112
992 122
993 123
994 147
995 231
996 199
111 132
111 135
111 163
111 997
111 181
111 998
111 999
111 200
111 208
111 1000
111 239
111 246
112 123
112 1001
112 145
112 147
112 201
112 1002
112 1003
112 231
112 249
1004 151
1005 159
1006 173
1007 116
1009 184
1010 192
1011 209
113 917
113 126
113 134
113 195
113 217
113 1012
113 1013
1014 186
1015 188
1016 203
1017 207
1018 214
1019 228
114 120
114 149
114 155
114 1020
114 1021
114 1022
114 229
114 244
114 1023
114 1024
114 251
115 122
115 123
115 150
115 152
115 171
115 178
115 181
115 187
115 193
115 1025
115 231
115 249
1027 172
1028 173
1029 177
1030 199
1031 246
116 169
116 174
116 183
116 184
116 192
116 209
117 155
117 159
117 1032
117 172
117 173
117 219
118 1033
118 1034
118 1035
118 166
118 176
118 1036
118 1037
118 244
118 1038
118 251
1039 137
1040 161
1041 166
119 142
119 143
119 151
119 206
119 224
119 1042
119 250
120 1043
120 1044
120 149
120 166
120 176
120 1045
120 234
120 1046
120 251
121 130
121 181
121 211
121 1047
121 247
1048 141
1049 1224
1050 204
1051 212
917 126
917 134
917 1052
917 872
917 1053
917 1054
1055 229
122 123
122 145
122 147
122 152
122 167
122 187
122 215
122 231
122 238
123 144
123 145
123 147
123 152
123 201
123 231
123 238
123 249
124 1056
124 125
124 1057
124 1058
124 1059
124 1060
1061 154
1062 157
1063 1072
1064 241
125 855
125 1065
125 1224
125 191
125 1066
125 198
125 204
125 212
125 1067
125 245
126 134
126 149
126 1068
126 180
126 872
127 165
127 224
127 237
128 138
128 1069
128 790
128 1070
128 1071
128 1026
1073 184
1074 1026
129 131
129 1075
129 1076
129 154
129 157
129 160
129 191
129 204
129 213
129 196
129 220
129 222
129 240
129 241
130 1077
130 170
130 211
130 235
130 247
131 1078
131 1079
131 1080
131 1081
131 220
131 240
131 241
131 1082
132 135
132 144
132 1083
132 168
132 208
132 225
132 238
132 242
132 243
133 1084
133 1085
133 185
133 1086
133 1087
133 202
133 1088
133 1259
133 1089
1090 184
134 164
134 168
134 180
134 215
134 221
134 236
134 1091
135 161
135 163
135 175
135 1092
135 208
135 1093
135 242
135 243
1094 154
1095 157
1096 241
1097 231
136 166
136 1236
136 799
136 234
136 244
1098 139
1099 199
137 161
137 1100
137 187
137 206
137 237
137 250
138 1101
138 790
138 184
138 1102
138 799
138 1026
139 1103
139 177
139 1104
139 1105
139 199
140 155
140 156
140 1106
140 205
140 221
1107 232
141 1108
141 154
141 157
141 1072
141 1109
141 1110
141 1224
141 204
141 1111
141 1112
141 1113
1114 239
1115 185
1116 202
142 143
142 151
142 162
142 1117
142 1118
142 206
142 223
142 224
142 250
143 170
143 1119
143 1120
143 206
143 223
143 235
143 247
143 250
1008 153
1008 165
1008 186
1008 1121
1008 209
1008 214
144 145
144 152
144 208
144 226
144 238
145 147
145 1122
145 201
145 226
145 238
145 249
1123 166
1124 183
1125 232
1126 244
1127 231
146 148
146 179
146 194
146 216
146 1259
146 248
1128 203
1129 227
1130 154
1131 157
1132 191
1133 790
1134 1072
1135 183
1136 189
1137 210
1138 241
1139 211
1140 210
855 178
855 197
855 198
855 212
855 1141
855 245
855 1334
147 1142
147 195
147 215
147 231
147 891
148 179
148 194
148 240
1143 159
1144 219
149 180
149 1145
149 872
149 229
149 234
150 167
150 171
150 178
150 187
150 1146
150 196
150 231
150 232
150 891
151 162
151 194
151 206
151 223
151 224
151 1147
790 799
790 1148
790 1149
152 161
152 175
152 181
152 187
152 193
152 208
152 218
152 242
152 250
153 156
153 1150
153 165
153 188
153 1151
153 192
153 214
154 157
154 1072
154 1224
154 191
154 204
154 213
154 196
154 241
155 1152
155 1153
155 219
155 221
155 1154
156 165
156 192
156 205
156 221
156 237
157 1072
157 1155
157 1224
157 191
157 1156
157 204
1157 188
1158 170
1159 211
1160 247
1161 225
1162 226
1163 238
1164 243
158 169
158 183
158 1165
158 189
158 190
158 1166
158 1167
158 213
159 1168
159 172
159 173
159 1169
159 219
1170 173
160 162
160 179
160 191
160 194
160 198
160 218
160 222
160 224
160 240
1072 1171
1072 1172
1072 1173
1072 241
1072 1174
161 1175
161 163
161 164
161 175
161 1176
161 219
161 242
1177 163
162 179
162 194
162 216
162 223
162 224
162 248
163 175
163 1178
163 1179
163 208
163 1180
163 242
1181 244
164 168
164 175
164 215
164 219
164 221
164 236
1182 203
1183 207
1184 214
1185 228
165 192
165 205
165 237
166 176
166 1186
166 234
166 1187
166 244
166 1188
1189 172
1190 1259
167 174
167 187
167 196
167 231
167 232
167 237
167 891
168 173
168 221
1191 188
169 174
169 183
169 209
169 213
169 220
1192 199
1193 200
1194 246
170 185
170 1195
170 1196
170 1197
170 1198
170 202
170 1199
170 223
170 235
170 247
170 1200
1201 1259
171 178
171 187
171 197
171 198
171 218
171 245
172 173
172 1202
172 180
172 1203
172 1204
1205 186
1206 209
173 1207
173 1208
173 1209
173 1210
173 1211
174 183
174 192
174 196
175 242
1212 199
1213 177
1214 186
176 1215
176 244
176 1216
176 251
177 1217
177 199
177 200
177 1218
177 1219
177 246
1220 207
1221 228
1222 185
178 197
178 1223
178 231
179 194
179 216
179 240
179 248
179 1225
1226 180
1227 872
1228 231
1229 891
1230 206
180 1231
180 872
180 229
181 193
181 1232
181 208
181 235
181 239
182 186
182 203
182 227
182 228
182 230
182 1233
183 189
183 190
183 1234
183 213
184 192
184 1235
1237 200
1238 239
1239 188
1240 247
1241 188
1242 203
1243 227
1244 230
1245 210
1246 241
185 1247
185 1248
185 1249
185 202
185 1250
185 223
185 1251
185 248
185 1252
1224 191
1224 1253
1224 204
1224 212
1254 211
1255 202
1256 1259
1257 189
1258 210
186 1260
186 207
186 1261
186 209
186 214
186 228
1262 200
1263 225
187 218
187 231
187 237
187 250
188 1264
188 1265
188 203
188 214
188 230
188 1266
189 190
189 1267
189 210
189 213
190 210
190 213
190 196
190 241
191 204
191 240
1268 214
192 205
193 1269
193 235
193 239
194 216
194 224
194 240
1270 1026
1271 210
1272 1026
195 215
195 1273
1274 231
1275 232
1276 891
1277 244
196 232
1236 1278
1236 799
1236 234
1279 244
1280 232
1281 251
1282 199
1283 239
1284 246
1285 211
1286 200
1287 225
1288 243
1289 199
1290 799
1291 210
1292 202
1293 223
1294 201
1295 239
1296 249
1297 872
197 1334
198 212
198 218
198 245
199 1298
199 1299
199 246
200 1300
200 246
201 1301
201 226
201 239
201 249
202 223
202 1259
202 248
202 1302
203 214
203 227
203 228
203 230
203 1303
203 1304
204 212
204 1305
204 196
205 221
205 237
206 1306
207 1307
207 214
207 1308
207 1309
207 228
1310 210
208 238
208 239
208 242
1311 872
1312 229
210 241
872 229
211 1313
213 196
213 220
213 241
214 228
214 1314
215 236
1315 246
216 1259
216 248
217 1316
217 233
217 234
217 1317
217 1318
1319 233
1320 234
1321 232
196 220
196 232
1322 226
1323 239
218 235
218 245
218 250
219 221
1324 232
220 222
220 240
220 241
221 236
222 224
222 240
1325 246
224 237
224 240
224 250
225 238
225 243
225 1326
1259 248
1259 1327
226 238
226 239
227 230
227 1328
229 1329
231 232
231 891
231 249
232 891
233 1330
233 1331
234 236
234 244
235 1332
235 247
235 1334
237 250
238 243
1333 245
244 251
245 1334
1335 251
248 1336
