1299 2408 0
0.1313733457528323 -0.1848261870898390 -0.2382982714941206
0.0632028302016565 -0.2429773349882135 -0.0577711649492821
-0.4283478874068720 0.2895132667308120 0.1315310873768090
-0.0228772904233210 -0.3746553306453909 -0.4066503686534497
-0.3840490209188968 0.0141178512823006 -0.0371922585597237
0.2773809435269115 0.0328808595235774 0.3946782520792315
-0.0196562419534352 0.3815055412655471 0.2948527432760208
-0.2209530100474295 0.0923619290420573 0.1071834849564829
-0.2380403860230044 0.4369713525976756 -0.0340308043612738
-0.1973124169503535 0.0043480330556043 0.1588850594476887
-0.4491040097810998 0.2589132888962924 0.2932441426432668
-0.0755055925400246 -0.1441592469479884 0.3046395946631778
0.1658706949836388 -0.1607418791756704 0.0908608682598712
-0.4610508103193351 -0.1601125497141892 -0.4685888618261226
0.4082995043257055 -0.0220693311348035 0.1485232187961085
-0.4866744990017751 -0.2532582475403254 0.4567661321803793
-0.2739793456498165 -0.2771565686570797 -0.3191201188965183
-0.2384544773406947 -0.1537508189357787 0.0985958228294427
-0.4360083679160112 0.3244135827893093 0.4729530991697879
0.1627700969608465 0.2696530165574642 -0.4978838579441009
-0.1865781210723775 -0.1435975868424633 -0.2499062512020972
-0.1979630066479396 -0.1624425484148876 -0.1431199637303447
-0.2158343970766457 0.3974488858714382 -0.0535376788788375
0.4944747337625200 -0.3027577718123409 -0.1133885478998480
0.2239702629674781 -0.4849589060399746 -0.4237238381197207
0.4090882721516101 0.1652558682590861 0.3919738382656423
-0.0930354748325796 0.1276575963890262 -0.3148349954819307
0.1813115440050793 -0.1929462400223142 0.2952649483773565
0.3816774901078551 -0.0017876343208563 0.4801587682333797
0.2398873352702193 -0.0203234088669887 0.4494802948725120
0.3023498085773703 -0.3026276929021104 0.1973617735523244
-0.1976024077604320 -0.1135846168496661 0.0152908312022860
-0.0964326568036300 -0.2051200711519137 -0.4654299890209162
-0.0804751359985963 0.3119836280001149 0.3528189072495728
0.0051744465073329 -0.0840674280937714 -0.1728508817919895
-0.1031914160546723 -0.2289499952437212 -0.3753030551007180
-0.2505346114193199 0.1742619790395003 0.4191377509657657
0.0763273541012745 -0.2439417288266803 -0.3675173241455952
0.2273752210422979 -0.2787734202677001 0.1822515983998502
0.3590620064279657 -0.2695742251350475 0.0025632343491732
0.0470955566289173 -0.1270375817073694 -0.1571211775312822
0.1467463241089401 0.3043849920709307 -0.3171615103705158
0.2878095792349458 0.4360893356126772 -0.4794452385919181
-0.1150911888481986 -0.1366522043087999 0.1365193734148323
-0.2623807285027283 0.2182157965837803 -0.0898900241341340
0.4435524667079943 0.4478723328275720 0.3219652455158160
-0.0892038858154132 -0.4895108547267162 0.2738760391551889
0.0071899751787413 0.2425935387355774 0.0784923293757244
-0.0971627381791966 -0.4098627008125196 -0.3708071452034797
0.2577040744955367 -0.3672858303464626 0.1288368001488048
0.2730866568390526 0.1258981998688123 -0.2664614396147456
0.1979998927445634 0.2712532634804404 0.1682758953893318
-0.2231405699786208 0.2898288816657107 0.1090398567558618
0.1367256008879329 0.1328191983951984 0.0855801203081373
0.0644682589473353 -0.3057624197305204 0.1872409412342737
-0.3301694918422359 0.3429489278750000 0.1317783643489653
-0.3831717625498319 0.2301046481369643 -0.0707177250373974
0.1389635518721563 -0.3187580956847910 0.4568017458660073
-0.3884916885319282 0.1135804628803769 0.2237375346460061
-0.1731015178076952 -0.4354565392767630 -0.4350766136207445
-0.3531869075253738 -0.3124465425927009 0.2911193316948636
-0.4238101514989197 -0.2222880267072768 -0.3231861769690315
-0.0611608460428976 0.1277770555769311 0.1208066206809637
-0.1015529355846342 0.0445831624501847 0.2667201958841980
-0.2254398988214878 0.0784476106344551 -0.1973978158070844
-0.1620926322630726 0.3390802102441873 0.0058646906066408
0.3211565952522975 0.0679673541666952 -0.0547265479448410
-0.0341767031164407 0.0810760695266560 0.0356517478647856
0.2134117460613539 -0.4763190890634664 0.1787701057317559
-0.0092596965720438 0.4316917994385719 -0.1483653605763242
-0.3814350198200178 -0.0260919487128460 -0.1262500593116454
-0.4601024207576347 -0.4046165329731146 0.3529164147017502
-0.0485296344383667 0.4615623277286245 0.4122524409811875
0.0557128403696663 -0.0071243245572941 -0.3844645097918037
-0.0971298288227037 0.0560512714568594 0.2854025046280268
-0.4203428384569607 -0.0466856727449610 -0.0732132005957215
0.0719232022597828 0.2653673438577530 -0.2579436060246409
-0.2208859197559628 0.1842865348189182 0.1218639343345612
0.2803592783399045 -0.4127875542953726 0.0824579344468692
-0.3251569386860362 -0.1159484889064674 0.1845933816953604
0.3577087946434463 -0.1995678646844454 0.3538118905588309
0.1252731919531076 -0.3075641548253790 -0.3916235357776295
0.2682247650240367 -0.4283171220062139 0.4496397915602252
-0.1973633520703601 0.4372419014484361 -0.3923554821148257
-0.4433945456581157 0.0565839734930107 -0.3302150298121429
-0.0463272939196312 0.1787832739631617 0.3138934743903510
-0.3381059722752615 0.2111985209280643 0.2281102000860513
-0.4023578841702873 0.1774180124326572 -0.1703039342421276
-0.2996219041312475 0.1392691318668887 -0.1533911911185658
-0.0592322329714294 0.4618072145728760 -0.4570916122447279
-0.2110690437278220 0.3827468921110895 -0.0015487606343186
0.3097236102707976 0.1574302201838783 0.2367270030446931
0.0125488717445595 -0.4668829368401936 -0.2547738416467440
-0.0839170000048098 -0.2050112229080343 -0.1248063305137203
0.0565776638577773 -0.0493641373125682 -0.2938574143011908
0.1488916689033403 0.3572532307147125 0.3483521082299044
0.0590480734720508 -0.4009771200856360 -0.1688586905565868
-0.0475369329928188 -0.1857783088593080 0.4815747019217393
-0.2355701851683469 -0.4551146505167299 -0.3733159813709113
0.1633368759491914 0.3853731611865768 0.0310184004007835
0.2118012415992010 0.3966355166902625 -0.3063638501644878
0.1391744820264102 -0.0339565052827552 0.4661752429513706
0.0563544852273116 0.2186483544561217 0.2295717195748601
-0.3836336085024482 0.1321802716483108 -0.1252398833914996
-0.1694086365243148 0.1421417439717902 -0.2744360059613216
-0.4335691541903897 -0.2262122888192697 0.3140007338258738
0.0387330674421275 0.0463422108262764 -0.0629350645921880
-0.3531553573801793 -0.3250500149447172 0.1355841861445814
-0.0115647624809753 -0.3574492483423408 -0.0868159714687564
-0.0593398460127670 0.1062924787508446 0.0753249361212985
0.1749106403785461 0.1225819148938773 -0.2773218369372862
0.3773188100933928 0.3078908733821742 -0.3941066879817943
0.0175291333048231 -0.2960158977600389 -0.0660502211949383
0.4795830210901841 -0.1452827892648021 -0.0077345783597390
-0.2166679756477126 -0.0560730665483813 0.3523629182592041
-0.2492127377902870 0.4405317555025919 -0.1096600082411740
0.1974590963374398 0.3069354330179685 0.4551530833391950
-0.1055521546968985 -0.1393944020469060 0.2892941716196866
0.3179040954421827 -0.3310428668032672 -0.0951737833704367
-0.2169105544626257 -0.3245433960329856 -0.0301616195144083
-0.2442490269308298 -0.4705054253202065 -0.2611686693328270
0.3955090345559382 0.4045965554581248 -0.0815352904632061
-0.4152224133260968 -0.1874560089195020 -0.0987711393254649
0.1536095741220441 -0.3703460900016127 -0.3209642900428718
-0.1825184286088031 -0.3538364650413309 -0.3311061575337008
0.4307400517761155 -0.4830207101282149 -0.0124855414245076
-0.2795226515981118 0.2215422089903853 -0.2416855477268015
0.0551039954492678 0.3471700308660743 0.0932327241680591
0.3956608138735511 -0.0644689776432854 0.3801608187467239
-0.4073929921258987 -0.2541373510757784 0.1444629940687016
0.2766288833896100 0.3721602812098805 0.1291278573196261
-0.1050699450869076 -0.4198008074962011 -0.4441522562201975
-0.0015510077752070 0.1309219550803085 -0.0384822733384912
-0.3489757162550991 0.3993326861441481 0.1493986526164349
-0.4769037500648873 0.3064921840704671 0.0050964517328830
-0.3966769724133261 -0.1850280930645745 0.2532944632848102
-0.4220644915148900 -0.0350954483507135 0.1441032507728446
-0.3475118766450902 -0.4584355446769900 0.2383115428051516
-0.3183040227142987 -0.3769933852409827 -0.2842909068035586
0.4219914258990222 -0.4032037159923272 -0.0580612483312050
0.2306889163142210 -0.3584070565156955 -0.1797566927592444
0.3691748220736383 0.2496971722609402 -0.3962943846427628
0.3907330902052937 -0.3255164796114042 -0.2459521853870503
0.0262971222942211 0.3507692486746625 0.4081082889147044
0.0588042417026703 -0.2368399625538964 -0.3210904007571583
0.0552697311329120 0.1023442825407467 0.0588661690413841
-0.3870183336924785 0.0520388430565147 0.2855929657003931
0.1143363542809565 0.3459524993849272 -0.2540126578633003
-0.2021879501559141 0.2127016041025796 -0.3216819730609482
-0.4742971252556106 -0.0942802442580040 -0.2366876145003300
-0.1930123996868754 0.3062382804541078 0.0100010809513383
0.4504664792195246 0.1435825089389454 0.2900370388505882
0.2470222742694484 0.1140022907944132 0.0237745184985980
-0.2840885475039766 0.2401309148774304 -0.3743490429481339
0.0717608350616919 0.3801686672290587 -0.1400340857691418
-0.4232167805829266 -0.0981571626221103 -0.3283150834552763
-0.3496697584512929 0.3339899256804580 0.3760960975995420
0.1231361855684067 0.4453382806177097 0.4211740761782427
0.1202645908217090 -0.0833101636138638 -0.2887299342678146
0.3521897092904906 -0.3852307332149897 -0.2452640832788267
-0.3270610415112642 0.0366869632937587 0.4093372181984742
0.1674528459139397 0.2701122903396543 0.3051513833622054
-0.0047758395629886 0.3881800020744386 0.3919343980730868
0.4003430247911531 -0.3238581247001781 -0.2804093367969238
-0.1474764972434253 -0.0131203804840258 0.0226977001735212
-0.0825158712396197 0.4330127747894483 0.2845681789138576
-0.2424012905454575 -0.3211753990546477 0.3195315221041273
0.0409290249779569 0.1534401216229054 0.1611899291157519
0.2828677492517635 -0.0718234785922796 -0.1199974783007914
-0.4113716065030730 0.0623964527504743 -0.0436487036097904
-0.1856332153704653 0.1468987517527765 0.0540138842934705
-0.4759531139199477 0.0840556586192316 0.0202599805741955
-0.0941080228109373 -0.0733919008764389 0.0726704838063818
0.2553360650423892 -0.4147426303971946 -0.1622946246772308
-0.0169333701297998 -0.0101772989619024 0.0131097238315417
-0.3187090708499785 0.3262620953004009 -0.1603498792562900
0.1981200196350544 -0.3336671422672698 0.0763175323672096
-0.3743403687866909 -0.2756399357329526 -0.0563785674010066
-0.1167787189212197 0.1566244280346450 0.3762748051567659
-0.0577349435616056 -0.1343612597488638 0.1717521151447781
0.2320043458830014 0.2868598586712375 0.4618061095646505
0.3044595024029239 0.1652814846774313 -0.2132761599965487
-0.2127062962460575 -0.2310900649548005 0.4471582152500880
-0.2392180371764809 0.0207715170173233 0.0776644356847892
-0.3349982431002843 -0.4241300664665826 -0.4144769592160523
-0.2329549524528736 0.4233365439360026 0.1142757078230927
-0.2899661591263685 0.4805371369431855 0.3447788227065866
0.3631497578297564 0.1680967792154059 0.3032134377468381
-0.0826415311230009 0.2366955394188218 -0.2799761282449678
-0.2128630510718476 0.1581456944777730 0.4157259328965541
0.4190195817028329 -0.4358483045710956 -0.3724453882350588
0.0145652852941159 0.3612974447462131 0.4263648262584994
-0.4606723414013466 -0.3350556696835771 0.1883174629078860
-0.3505760338568354 -0.3380298614677874 0.0916185838111374
-0.0125336622624301 -0.4250354782169709 -0.3165524383891322
-0.2216819810292218 -0.2814997141689729 0.0863751949660668
0.3274392620173027 -0.1050046128056164 0.3734782529373818
0.4657357742991054 -0.3426245383067102 -0.3575133863135038
0.1274553305227219 0.0991963948774804 -0.3922372063575765
-0.1412066057198410 -0.2954972995442510 -0.4629827088057387
0.0673763439668656 0.0077836993672301 0.1984121624382359
0.4038914119080159 0.2542343711864278 -0.0298684034025879
0.3392705268065931 0.4763194049369121 -0.3427066718621865
-0.3269304172060544 0.2389740574731411 -0.1644489198571290
0.1489472802360097 0.0200411014774207 0.1022897115108633
-0.0262644693535070 -0.4657281136245167 0.4355374286484985
-0.1334481657281646 -0.1861428237192810 -0.1075919485040014
-0.1418022601425707 -0.2742138820089101 -0.2320143065670644
0.0131920236959241 -0.1020363100191913 0.0632258225611986
0.3274136680137055 0.0217736680744801 0.3742578449649203
0.2362456582944218 0.4093204920802310 0.1106647714070403
0.0254565691780404 0.3491515278995305 0.3095964899546870
0.4466717033294630 0.2071417995716781 0.0353315436358312
0.2420784470367196 0.1135252660724507 -0.0420902177393995
-0.2685416604930627 -0.3936862852522792 -0.3199414528279024
-0.4111542229895744 -0.2274478807946862 0.1277285277385849
-0.3687991450392396 0.2404733584945239 -0.0230164011902830
0.3306557368087052 0.3511778346600692 0.4742604140013361
0.1152163955856119 -0.3632342012637490 -0.1505219274795349
-0.3833084154754817 -0.1557097518502286 -0.0389541563953596
0.1386472569327364 -0.1952647973718063 -0.4342390300214849
0.1863504681113941 0.3486604674781433 0.2896835893268974
0.1073852407482117 0.3864467514592904 -0.3148112119087261
0.1785411474721961 -0.2296250526168529 0.0482438085005294
-0.1585167461120482 -0.1425491502734267 -0.1634430913516267
-0.2954715529962173 0.3699924956849881 0.0199777589712253
-0.2091379890772328 -0.3506059739207441 -0.2791903947875654
0.0072547878875874 0.1918083510677069 0.1162273631461434
-0.1397868174405126 -0.0541564730346360 0.2833122044306303
-0.3853180710035022 0.2697770711318742 -0.2077623840694218
0.0259044610927929 -0.1849165298447411 0.3590719797661325
-0.0321773555292527 0.5000000000000000 -0.2229575415490899
-0.1465217225829447 0.5000000000000000 -0.3690360486278326
-0.3415018204850475 0.2469426537081879 0.5000000000000000
-0.4056748831597266 0.3075049448329975 0.5000000000000000
-0.2657933059433952 0.2029218171983060 0.5000000000000000
-0.3154365536210000 0.2839116054048649 0.5000000000000000
-0.0955467514499323 -0.1244227759158820 -0.5000000000000000
0.0008317274845299 -0.1302142631462625 -0.5000000000000000
0.3758988985633849 0.5000000000000000 -0.3296795042538781
-0.0176452274595311 -0.4681033150116672 0.5000000000000000
-0.5000000000000000 0.2952828127655056 0.0882539902916407
-0.5000000000000000 0.2704744166665843 0.2222074403598707
-0.5000000000000000 0.3221883824853374 0.1925914217694942
-0.5000000000000000 0.1447716402860107 0.0058446806673380
-0.5000000000000000 0.2919676527160067 0.0756156660528127
-0.5000000000000000 0.3749642285624684 0.0109793635266876
-0.5000000000000000 0.2594871230329981 0.0637907775624239
-0.5000000000000000 0.2381128363261392 0.1878998788757170
-0.0458750118001511 -0.5000000000000000 -0.4233642786719887
-0.1064337865086084 -0.3980056048692575 -0.5000000000000000
-0.0349895483328139 -0.4149210274533479 -0.5000000000000000
-0.1162383380737671 -0.3429223996204474 -0.5000000000000000
-0.0124529491716410 -0.3472637815784594 -0.5000000000000000
-0.0417112349394068 -0.3736212912800606 -0.5000000000000000
-0.5000000000000000 -0.0014207223677439 -0.0364570869202820
0.2338023895863936 0.1140451397557977 0.5000000000000000
0.4147756945741796 0.0173263292731622 0.5000000000000000
0.3252203287316482 0.0641974709327777 0.5000000000000000
0.4465574363252918 0.0916370034654710 0.5000000000000000
-0.0452479776635607 0.5000000000000000 0.0448103713747407
-0.4578102284028311 0.5000000000000000 -0.3259651451597111
-0.5000000000000000 0.4735811486326666 -0.1555126644431126
-0.2838598896323244 0.5000000000000000 -0.1176450691085250
-0.2294546868762852 0.5000000000000000 0.0219305834814648
-0.2621404995327891 0.5000000000000000 -0.1009868393630403
-0.0957833349795662 0.5000000000000000 -0.0070561094650486
0.2529012516021771 -0.5000000000000000 0.1668576722370263
0.3497217658480132 -0.5000000000000000 0.0950245786537947
0.4317038850846815 -0.5000000000000000 0.0038998049599059
-0.5000000000000000 -0.1466234369475558 -0.4906898430139305
-0.5000000000000000 -0.0911175278453800 -0.4028326419919751
-0.0877216362090761 -0.5000000000000000 -0.4294783291271624
-0.0219945878016420 -0.5000000000000000 -0.3484697511386050
-0.0648903633034680 -0.5000000000000000 -0.4314639331002806
-0.0405789057396742 -0.5000000000000000 -0.3971865935009340
0.1503431020691458 -0.5000000000000000 -0.3105377182041235
0.4403520318666651 0.5000000000000000 0.3010229854374831
0.5000000000000000 -0.2975530505227036 -0.0834608469636681
0.5000000000000000 -0.2630109257350214 0.0864599702063960
0.5000000000000000 -0.1795298554949214 0.0287508381792844
0.5000000000000000 -0.2755207271275668 0.0710754657028654
0.5000000000000000 -0.3153139604053868 0.0488931269495387
-0.5000000000000000 0.1885455901598546 0.2934509788647368
-0.3210774422731034 0.1491895330897121 0.5000000000000000
-0.5000000000000000 0.2556874664965655 0.2288688582437303
-0.5000000000000000 0.2691701403076903 0.2051523685269135
-0.5000000000000000 0.2357987580188714 0.2093144562135032
-0.5000000000000000 0.3153326854894747 0.3762979940619058
0.0679927059112827 -0.1029617564246997 0.5000000000000000
0.0908823943608462 -0.1345781685934615 0.5000000000000000
-0.0171849461705274 -0.0324259050089584 0.5000000000000000
0.5000000000000000 -0.1085276328535512 0.2697379454510226
-0.4753651549329670 -0.1718848827954974 -0.5000000000000000
-0.4559758197797887 -0.1526822625787964 -0.5000000000000000
-0.4840445797474973 -0.1443463615721186 -0.5000000000000000
-0.5000000000000000 -0.1767609309773647 -0.4550537094952138
-0.4884072670249093 -0.1484734241848056 -0.5000000000000000
-0.5000000000000000 -0.1737752473901298 -0.4993974736726150
0.5000000000000000 0.0494041663759234 0.2273566044783857
0.5000000000000000 0.0082180481957130 0.3157753083538195
0.5000000000000000 -0.0250289506723842 0.2381194261625698
0.5000000000000000 0.0268849833327605 0.2952911802529412
0.5000000000000000 -0.0970296642716874 0.2615101705656905
0.5000000000000000 -0.0050111042112753 0.0770619646054564
-0.4640532918454190 -0.2639344671241207 0.5000000000000000
-0.4469805981762108 -0.2273443341701037 0.5000000000000000
-0.5000000000000000 -0.1474653452371818 0.3767885628691179
-0.4655886600604054 -0.2420061023840198 0.5000000000000000
-0.4429206943823034 -0.2645984699299608 0.5000000000000000
-0.5000000000000000 -0.2614335326912239 0.3988664005072149
-0.4624644199329513 -0.2723477248521471 0.5000000000000000
-0.5000000000000000 -0.2650531825474555 0.4317030620510435
-0.3961795017594887 -0.2439296382660851 0.5000000000000000
-0.4812603830532254 -0.3801259153111201 0.5000000000000000
-0.5000000000000000 -0.2254751090619058 0.4097780325980641
-0.4653300029511386 -0.2986021521379428 0.5000000000000000
-0.4575974893206439 0.5000000000000000 -0.3360935705415671
-0.4886419156894032 0.5000000000000000 -0.3681867511261118
-0.5000000000000000 0.4997129810406621 -0.3904446362364980
-0.3575078203281401 0.1780293177787207 -0.4998284547491608
-0.3066932164700052 0.4086748902167532 -0.5000000000000000
-0.3755094091231511 0.2763750853160738 -0.5000000000000000
-0.4994262076921323 0.3654863574829029 -0.5000000000000000
-0.5000000000000000 -0.4854684461511216 -0.3320014705601507
-0.2315634571960550 -0.1315863202915598 -0.5000000000000000
-0.4115224185190497 -0.2647650781902687 -0.5000000000000000
-0.3934966846597915 -0.1768453867834445 -0.5000000000000000
-0.4015124949006794 -0.2939193957414230 -0.5000000000000000
-0.3223497351413820 -0.3197242760069363 -0.5000000000000000
0.3035560293251186 -0.4473388362135250 0.5000000000000000
-0.3772155697839510 -0.1833732037460001 0.5000000000000000
-0.4234722590028557 0.3040408521912087 0.5000000000000000
-0.4279461650047620 0.2880520791807222 0.5000000000000000
-0.5000000000000000 0.2014349103324616 0.3423387231551627
-0.5000000000000000 0.2925118039112822 0.4511342534212240
-0.3935717257468706 0.3720880611053901 0.5000000000000000
-0.4265536676798515 0.3314436067967749 0.5000000000000000
-0.4119802620370966 0.3337276604499951 0.5000000000000000
-0.4322627967259230 0.3561992673256806 0.5000000000000000
-0.5000000000000000 0.3290923465360618 0.4108753104175385
0.1995794375890971 0.2090613898201774 -0.5000000000000000
-0.2311144830382335 -0.1307663631322084 -0.5000000000000000
-0.3318364441451863 -0.1043851464985557 -0.5000000000000000
-0.3837875780133426 -0.1367805252803225 -0.5000000000000000
0.5000000000000000 0.2347492174022812 0.1379479975813708
0.5000000000000000 0.2134726822495019 0.1326873233364672
0.2960002889030131 0.2530731017744378 -0.5000000000000000
-0.0772720394119607 0.5000000000000000 -0.0074868260697436
-0.0510951344453184 -0.5000000000000000 0.2422659900515648
0.0594882565916321 -0.5000000000000000 0.1579741158979684
0.1478486364617459 -0.5000000000000000 0.1679029999267421
0.1236379389629142 -0.5000000000000000 0.2450572818042209
0.0457177251191389 -0.5000000000000000 0.1088940530660795
0.0159159365510353 -0.5000000000000000 0.1246899516485507
0.2126566291784612 -0.5000000000000000 0.2285623097363632
0.2795138755566518 -0.4015945439109663 -0.5000000000000000
0.2040584582095271 -0.5000000000000000 -0.4161044139107599
0.2486043278971199 -0.5000000000000000 -0.4116648593359781
0.2029241694421896 -0.5000000000000000 -0.4631153679201262
0.1528020796458241 -0.4734800386356433 -0.5000000000000000
0.1838977525635713 -0.5000000000000000 -0.4534496573358666
0.1920040253266886 -0.4621844919443643 -0.5000000000000000
0.2559643293033184 -0.5000000000000000 -0.4770339721957782
0.2344655948413335 -0.5000000000000000 -0.4149394053901100
0.2636236343970958 -0.5000000000000000 -0.3885323672451831
0.3814373249425788 0.5000000000000000 0.2157414986096148
0.3337574197111361 0.5000000000000000 -0.0196102757460987
0.2570063262887403 0.5000000000000000 0.0733199154351491
0.5000000000000000 -0.1558583949093849 -0.0222346969722657
0.5000000000000000 -0.2659488675769580 -0.1688486413812011
0.5000000000000000 -0.2677734701368870 -0.1898630728595815
0.5000000000000000 -0.3095260125818087 -0.2924401246412024
0.5000000000000000 -0.2063265959739350 -0.1711660106104844
-0.5000000000000000 0.1264369195613479 0.1259835452020591
-0.5000000000000000 0.0837006857020855 0.1681571722822533
-0.5000000000000000 0.0901920619448410 0.0099484741072438
0.4379203507696884 0.5000000000000000 0.4604351483495720
0.5000000000000000 0.1508112308918858 0.4324754318930752
0.2735695576125836 0.1549910502918358 0.5000000000000000
0.4879337281618840 0.2537788738275812 0.5000000000000000
0.5000000000000000 0.2141663414922948 0.4702486512480814
0.5000000000000000 0.0808775636495490 0.4097774142242671
0.5000000000000000 0.3525833235306102 0.3024142531753870
0.4313952052628721 0.1933158884449465 0.5000000000000000
0.4076611104323139 0.1467892072661075 0.5000000000000000
0.4454857999573963 0.1970199517856015 0.5000000000000000
0.5000000000000000 0.2167478810261456 0.2412443411766574
0.4868366460776593 0.1312744602378144 0.5000000000000000
-0.2305003859740390 -0.1292009645902519 -0.5000000000000000
-0.1697309863572911 0.1035985140264072 -0.5000000000000000
-0.2068776572717745 0.1675737809326163 -0.5000000000000000
0.5000000000000000 0.0529298249232097 -0.1402825283060133
0.5000000000000000 0.1498117678670216 -0.3111447535042879
0.1750280828781313 -0.2034898848474831 0.5000000000000000
0.3646437129293416 -0.2081480854644470 0.5000000000000000
0.3865055979611822 -0.0009754874236118 0.5000000000000000
0.4110144635759357 0.0058342600349081 0.5000000000000000
0.3840693883991800 0.0101879738130539 0.5000000000000000
0.3902776816687604 -0.0572300120271368 0.5000000000000000
0.4049977751823980 -0.0140540863384128 0.5000000000000000
0.2169829009351600 0.1808394189541792 -0.5000000000000000
0.2185984123470624 0.1820230813408955 -0.5000000000000000
0.2170689697014471 0.1810796094311260 -0.5000000000000000
0.2187901472760284 0.1809895031111066 -0.5000000000000000
0.2155724380403022 0.1801515000401501 -0.5000000000000000
0.2739899752883564 -0.0154498940138659 0.5000000000000000
0.2558993159148378 -0.0263901186437103 0.5000000000000000
0.2266370206833597 0.0678972438319743 0.5000000000000000
0.1987711768050841 -0.1357715213673455 0.5000000000000000
0.2767254620294433 0.0101731166351545 0.5000000000000000
0.3230229144663485 -0.1118014774015944 0.5000000000000000
0.2193324239024861 0.0281291558324773 0.5000000000000000
0.2296020261571844 -0.0502534844986841 0.5000000000000000
0.4691563144667020 -0.4044092165466500 0.5000000000000000
0.5000000000000000 -0.2311073957075255 0.2614759303004590
0.5000000000000000 -0.3311974369907690 0.4514213094864407
0.5000000000000000 -0.2491913484870080 0.1970420613240418
-0.2170310925738980 0.1835431465834715 0.5000000000000000
-0.2556747075208308 0.2618117114520477 0.5000000000000000
-0.1947071126052532 0.1745617985360759 0.5000000000000000
-0.1008310706116132 -0.1368741394453257 -0.5000000000000000
-0.0804819706146043 -0.1782828658207250 -0.5000000000000000
-0.2271921258589307 -0.1329813682625204 -0.5000000000000000
-0.1264843630088706 -0.1855177158454459 -0.5000000000000000
-0.1256473565034548 -0.2476418893191931 -0.5000000000000000
-0.0860819668109076 -0.2002979848005395 -0.5000000000000000
-0.0794187292195136 -0.2199778589243706 -0.5000000000000000
0.0372320703957217 -0.0285796630230698 -0.5000000000000000
0.0742889210082539 0.0261350891473488 -0.5000000000000000
-0.1117273118159711 0.2966190832068931 0.5000000000000000
-0.0040597970606935 0.2734852095007759 0.5000000000000000
-0.5000000000000000 0.3906981539749914 -0.4861601415197206
-0.5000000000000000 0.3831783192836998 -0.4897605764072426
-0.5000000000000000 0.3781684680126822 -0.4994506762502747
-0.5000000000000000 0.3691736631952617 -0.4970197366862507
0.1748709554575849 -0.0289424646499453 0.5000000000000000
-0.0994555247487234 -0.1219472699865806 -0.5000000000000000
-0.2305242494102054 -0.1305558930969296 -0.5000000000000000
-0.1670844848007216 0.0881377305748664 -0.5000000000000000
-0.1018184405593988 -0.1285262581588436 -0.5000000000000000
-0.2301998784318440 -0.1315604427474010 -0.5000000000000000
-0.1543899328927826 -0.1765744505967064 -0.5000000000000000
-0.2289257245988545 -0.2888388144732199 -0.5000000000000000
-0.5000000000000000 0.1571374795316595 0.3045298949465967
-0.1897705764216993 0.2311741045087065 0.5000000000000000
-0.3024221294296831 0.1464301469431518 0.5000000000000000
-0.2778546786253665 0.0848663173871335 0.5000000000000000
-0.5000000000000000 0.2298469834393028 0.2024529267170898
-0.0926310490889920 -0.1289723958447040 -0.5000000000000000
0.0045014332340443 -0.1637810710710136 -0.5000000000000000
-0.0973668767219163 -0.2976761362508050 -0.5000000000000000
0.0278816981909325 -0.2144895983319201 -0.5000000000000000
0.0466398571322922 -0.2661359568093949 -0.5000000000000000
0.4619716918769455 -0.4023854959311219 0.5000000000000000
0.3865353499279603 -0.2221543411875427 0.5000000000000000
0.5000000000000000 -0.3295521839504671 0.4616923106467599
-0.5000000000000000 0.2844216861687326 -0.3141792971670954
0.4460398536508935 -0.5000000000000000 0.0041831215860650
0.5000000000000000 0.3973848430775289 -0.0237075709065342
0.4700298816007850 -0.5000000000000000 0.0108792996575284
0.5000000000000000 -0.4698272086093956 0.0058040052697916
0.5000000000000000 0.1416739082315686 0.3596312721224538
0.5000000000000000 0.4879298695596307 0.0005117819255647
0.4209796225815183 0.5000000000000000 -0.2013224634050812
0.5000000000000000 -0.2302956671557242 0.2476667605513056
0.5000000000000000 -0.2481272641936722 0.1853505050301648
0.5000000000000000 -0.3598280668662505 0.1070186948581851
0.5000000000000000 -0.1192749976215109 0.2549164448897477
-0.0987027638995807 -0.1228612550455146 -0.5000000000000000
-0.2304274756204832 -0.1306989109887318 -0.5000000000000000
0.3639410795812552 0.5000000000000000 0.2398238125215026
0.2726280468207739 0.5000000000000000 0.1464988953795825
0.1775435763561974 -0.5000000000000000 0.1743594770399862
0.1715219566986430 -0.5000000000000000 0.2625082325777744
0.0952299744019968 -0.5000000000000000 0.1158842638133068
0.0239435519459913 0.3871392152495606 -0.5000000000000000
0.0532860012190239 0.1514777279335444 -0.5000000000000000
0.1223316227734609 0.2736684664159422 -0.5000000000000000
-0.0852213991206717 0.2284164353292480 -0.5000000000000000
-0.1167716693305559 0.2334038156274950 -0.5000000000000000
0.0595013441708605 0.3924267969598931 -0.5000000000000000
-0.0363165331627243 0.3077433980793131 -0.5000000000000000
0.5000000000000000 0.4650942007058825 -0.2814308676932195
0.2935840222175375 0.4047426909480120 -0.5000000000000000
0.2230999069464640 0.3721050387436556 -0.5000000000000000
0.3354311249962028 0.4466208628080785 -0.5000000000000000
0.2710772383043166 0.4452106395942145 -0.5000000000000000
0.2890361409839842 0.4434050168796786 -0.5000000000000000
0.2729680488733279 0.4411773640471160 -0.5000000000000000
0.5000000000000000 0.4311707822439397 -0.3071008242917158
0.5000000000000000 0.4127212370267864 -0.2076120184282050
0.2116415990399737 0.4297204435878210 -0.5000000000000000
0.3136500710163098 0.4228436265895971 -0.5000000000000000
0.2833871592335714 0.4268070269322113 -0.5000000000000000
0.1623228746662301 -0.0366551027721259 0.5000000000000000
-0.0099315263790030 0.3835283879317859 -0.5000000000000000
-0.0547925385237537 0.4532865721449948 -0.5000000000000000
0.0094418146005491 0.4165841286221867 -0.5000000000000000
-0.0296094796174856 0.4606886565342980 -0.5000000000000000
0.3920010707558803 0.1480969376058948 -0.5000000000000000
0.1836885050963849 0.1479767615087351 0.5000000000000000
0.1579971154067706 0.1334390228267482 0.5000000000000000
0.1614281649545794 0.1562288703932632 0.5000000000000000
0.1704688828228117 0.0429501286636312 0.5000000000000000
0.1907277928379273 0.1606423061046185 0.5000000000000000
0.2056217581391949 0.2307987534957482 0.5000000000000000
0.2050935306661903 0.1738618129042817 0.5000000000000000
0.1930006106791119 0.1508570855483735 0.5000000000000000
0.2240642706277912 0.2259407405043404 0.5000000000000000
0.1943211778560154 0.1311481727306478 0.5000000000000000
-0.2357333232351410 -0.5000000000000000 -0.3490736992384491
-0.2431407339478700 -0.5000000000000000 -0.2598755018637879
0.5000000000000000 0.4165704802538231 0.4448057823002622
0.5000000000000000 0.3542910168233111 0.3021232615344005
0.5000000000000000 0.4556173271549945 0.3319907945229353
0.2068568783569200 0.5000000000000000 0.1723389813399372
0.5000000000000000 0.4332215689598519 0.3481101607809928
0.5000000000000000 0.4538172794259198 0.3914779241098861
0.3793220590819961 0.4640649218101609 0.5000000000000000
0.5000000000000000 0.4865354972679603 0.2191366262582198
-0.0334314067275540 -0.0151037518905704 -0.5000000000000000
-0.1754424984167917 -0.5000000000000000 0.2507013654937905
-0.2941314197340429 -0.5000000000000000 0.2276572549910783
-0.2748740468848455 -0.5000000000000000 0.2308077779695218
-0.3125096797042845 -0.5000000000000000 0.4216152443506098
-0.2827600709229435 -0.5000000000000000 0.2143363373491737
-0.2077083022235662 -0.5000000000000000 0.2828269820610155
-0.2266810249729200 -0.5000000000000000 0.1507648501760495
-0.1039979603855420 -0.5000000000000000 0.2444899478087942
-0.1597124836798867 -0.5000000000000000 0.0977446718514632
-0.1032941258894829 -0.5000000000000000 0.2309121514150452
-0.0742655037283670 -0.5000000000000000 0.2967803895793091
0.4685116923149493 -0.4126308272866258 0.5000000000000000
0.3942444585431670 -0.4220778711376005 0.5000000000000000
0.4896680082189893 -0.4121431569791074 0.5000000000000000
0.4576897247991027 -0.4273176998343513 0.5000000000000000
0.3865663980015995 0.2152997714690167 -0.5000000000000000
0.3863417149475672 0.2137826402157627 -0.5000000000000000
0.3885489686213783 0.2119154850654631 -0.5000000000000000
-0.0925729078371216 -0.1160411214712173 -0.5000000000000000
-0.0964382012586734 -0.1203159654798460 -0.5000000000000000
-0.0955767144226178 -0.1271531007740942 -0.5000000000000000
-0.0944800367548716 -0.1214837454549114 -0.5000000000000000
-0.5000000000000000 -0.0675113689345934 -0.2585192822513093
-0.5000000000000000 -0.0690442531738578 -0.2374052176162425
-0.5000000000000000 -0.0380024078396194 -0.2966622259038719
-0.5000000000000000 -0.0841292464323286 -0.2616999001370700
-0.5000000000000000 -0.0804579728700125 -0.2935397938939795
-0.1514388164708438 -0.3502809449734773 -0.5000000000000000
-0.0417854424169431 -0.5000000000000000 -0.2505544783318589
-0.5000000000000000 -0.4243910146920991 0.2381072487174120
-0.5000000000000000 -0.4660299259925604 0.0715115069464889
-0.5000000000000000 -0.3752429978312232 0.1234347555312703
-0.5000000000000000 -0.4809607658111114 -0.1912604134911069
0.3711540993272653 0.3536940916694574 0.5000000000000000
-0.0114468228447376 0.5000000000000000 0.4353177864664640
0.0453694485603257 0.5000000000000000 0.4409767927405218
-0.0131357591844357 0.5000000000000000 0.4063381247449298
0.1099147287835254 0.5000000000000000 0.4605634151329694
-0.1999419898755455 0.4686423491113152 -0.5000000000000000
-0.1079739702414116 0.4723830809022354 -0.5000000000000000
-0.1150853537766708 0.4897528980644056 -0.5000000000000000
0.5000000000000000 0.1090562037474084 -0.0167377698506549
0.1837994181074531 0.1256550164125509 -0.5000000000000000
0.2188589540824798 0.0237041520192136 -0.5000000000000000
0.5000000000000000 -0.0899018655406303 -0.0362428868237696
0.3375642421684154 0.0383451074678099 -0.5000000000000000
0.5000000000000000 0.0039677713894130 0.0500737465446996
-0.4589492550393860 0.5000000000000000 0.1148201601530662
-0.4683001245734418 0.5000000000000000 0.1413186074984487
-0.3762596313325265 0.5000000000000000 0.2398016339590022
0.5000000000000000 -0.4138789288351178 -0.3505037550618824
0.5000000000000000 -0.3493801519808923 -0.3486826911327706
-0.4170036465615815 0.4993693412416952 -0.3591933780649488
-0.0942945459248702 0.5000000000000000 -0.2422584891578999
-0.3212739403536211 0.4978369407052331 -0.2739907035717877
-0.1944107695148343 0.5000000000000000 -0.3728562341024491
-0.5000000000000000 0.1829228343241449 -0.3857651231508890
-0.5000000000000000 0.1480972812999031 0.2812246832374553
-0.5000000000000000 0.1374301097434546 0.2921589387258489
-0.5000000000000000 0.1410687919442404 0.3076091288841549
-0.5000000000000000 0.1797919629412294 -0.3832275898065476
-0.5000000000000000 0.1828906838900740 -0.3814363869697434
-0.5000000000000000 0.1826561821208914 -0.3829222386921776
-0.5000000000000000 0.1832265333387308 -0.3836551703463975
-0.5000000000000000 0.1833568288292146 -0.3845272274801160
-0.5000000000000000 0.1335289069214930 -0.3148166230710594
-0.5000000000000000 0.1834414626114760 -0.3827529125171302
-0.5000000000000000 0.2151846096744974 -0.3993790323435147
-0.5000000000000000 0.1840647298622217 -0.3823712517143554
-0.5000000000000000 0.4333088810878566 -0.4755080327037569
0.3289057595196306 -0.3456784448697386 -0.5000000000000000
0.3399810344623398 -0.3336221300772867 -0.5000000000000000
0.3541068635423577 -0.3682808770413536 -0.5000000000000000
0.3657471030616229 -0.3381863069357171 -0.5000000000000000
-0.0003314328040451 -0.0679559349359858 -0.5000000000000000
0.0048512024470561 -0.1041782933364935 -0.5000000000000000
0.0599418579458322 -0.1591057750091507 -0.5000000000000000
-0.4646614201959126 0.5000000000000000 0.2757903610527665
-0.3485903554322606 0.5000000000000000 0.3169940281330031
0.5000000000000000 0.3534047115774022 0.3017588378238132
0.5000000000000000 0.2176982751733293 0.2388271257777837
0.5000000000000000 -0.4526093690947319 -0.2945843560004385
0.4956757789506911 0.1923494319117323 -0.0869966198775881
0.5000000000000000 0.2815528952596854 -0.3165351006685605
0.5000000000000000 0.2555234412802519 -0.3152489742404901
-0.5000000000000000 0.4390048560198134 -0.4524698257861164
-0.4294133101616797 0.5000000000000000 -0.3818459949931589
0.5000000000000000 0.4783544410909204 -0.2459928666169684
-0.1651998752463067 0.2980414643454490 0.5000000000000000
-0.5000000000000000 0.3821056717107732 0.0040719270464118
-0.5000000000000000 0.2502657618648249 -0.1301059473665887
-0.5000000000000000 0.1447662327732378 0.0058345777486893
0.5000000000000000 -0.1413087656217862 0.0207050469122900
0.3369664056214847 0.3059836496462406 -0.5000000000000000
0.3341356902017426 0.2834650665946816 -0.5000000000000000
0.5000000000000000 0.0608209143601499 0.2180809540094482
0.5000000000000000 0.0785556494183383 0.2504659020552826
0.5000000000000000 0.0630694000270881 0.2280821447857937
0.5000000000000000 0.0906900839551906 0.1970752684755115
0.5000000000000000 0.0629939361172228 0.2249110219907070
-0.5000000000000000 -0.1193916921401256 0.3472501470768743
-0.5000000000000000 -0.1149315690722976 0.3453756313475957
-0.5000000000000000 -0.1072352766355155 0.3377311111944798
-0.5000000000000000 -0.1050071798667389 0.3470420392648238
-0.5000000000000000 -0.1076714114415355 0.3512628281741038
0.1596088072777739 -0.2519424058220591 0.5000000000000000
0.1226416969523163 -0.3435550680751148 0.5000000000000000
0.1634615385432703 -0.3226203294970946 0.5000000000000000
0.2595047273766352 -0.2721416653379500 0.5000000000000000
0.1590065372030391 -0.3476360731841975 0.5000000000000000
-0.2073039379725779 -0.4722052353441325 -0.5000000000000000
0.5000000000000000 -0.0053993332607916 0.4065058913164336
0.5000000000000000 0.0898830293990195 0.3505489617621507
0.5000000000000000 0.0259058849038668 0.4093458984723786
-0.3158085155560657 0.1399267930099050 0.5000000000000000
-0.5000000000000000 0.1447619972749148 0.0058455189774570
-0.5000000000000000 0.2231657599833961 0.1969300186582050
0.4887852217220664 -0.3930354041605153 -0.2552836537788463
0.5000000000000000 -0.4240887648348373 -0.3151817147435195
0.5000000000000000 -0.3533730177511547 -0.3299911467478351
-0.1824745039110579 -0.4671750657857980 -0.5000000000000000
-0.1960724552575131 -0.4365755730025271 -0.5000000000000000
-0.2585535055514533 -0.4358749465361194 -0.5000000000000000
-0.2126771582839463 -0.4839992264585395 -0.5000000000000000
-0.1750831973826823 -0.3769671463898508 -0.5000000000000000
-0.2352888044543742 -0.4062073001984901 -0.5000000000000000
-0.0440618421016331 -0.5000000000000000 -0.2529985502917069
-0.0326218311458029 0.4522106765787748 0.5000000000000000
-0.1707767133892908 0.4593134934713578 0.5000000000000000
0.0134962741700654 0.3769723401671808 0.5000000000000000
-0.4160726626878466 0.5000000000000000 0.0503130167639342
-0.3553652866653483 0.5000000000000000 0.0450266437551260
-0.2834843845765015 -0.3190429193706811 0.5000000000000000
-0.5000000000000000 -0.2774600338948433 0.3133571080180464
-0.3029852543815062 -0.2481788624170020 0.5000000000000000
-0.2319910266111211 -0.4184759191196290 0.5000000000000000
0.5000000000000000 0.3537531065521199 0.3002836654235486
0.5000000000000000 0.3535678670239656 0.3016072058003183
0.5000000000000000 0.3529094270127286 0.3019660136732361
0.5000000000000000 0.3530574131992045 0.3003837127765122
0.5000000000000000 0.3535232798052668 0.3024278320008810
-0.5000000000000000 -0.2527924994761026 -0.3827667745437530
-0.4911040891991659 -0.2351590113426865 -0.5000000000000000
-0.4843954390320394 -0.2627627881711414 -0.5000000000000000
-0.5000000000000000 -0.2243339221733812 -0.3585937416475372
-0.5000000000000000 -0.2201206973282886 -0.4279776313053754
-0.0528247319726444 0.5000000000000000 0.4134185752245019
-0.0207378319866110 0.0183391360348770 0.5000000000000000
-0.2312872437266990 -0.1299610498335034 -0.5000000000000000
-0.3567458606219034 -0.0216842541069591 -0.5000000000000000
-0.3998966551140125 -0.0919301555499780 -0.5000000000000000
-0.3112744478951180 0.0869651571044741 -0.5000000000000000
-0.4011090387541890 0.0720936593384400 -0.5000000000000000
-0.5000000000000000 0.4737432274414372 -0.1612245168929767
-0.5000000000000000 0.4667899294325011 -0.1254972591674292
-0.5000000000000000 0.3934053761775117 -0.0821687531289865
-0.5000000000000000 0.4603119832837166 -0.1651841408508435
-0.5000000000000000 0.4725921903438900 -0.1443446411505449
-0.5000000000000000 0.4662586697064223 -0.1476398867184933
-0.5000000000000000 0.4432100479750468 -0.1725653770997315
0.0245372294000335 -0.4668560438839640 0.5000000000000000
-0.2297965104900256 -0.1302833608416645 -0.5000000000000000
-0.2310110744222775 -0.1294004905974213 -0.5000000000000000
-0.2287351393727538 -0.1354165286819044 -0.5000000000000000
0.5000000000000000 -0.4880893079666657 -0.3274458093403728
-0.1556428822795898 -0.2408423942226849 -0.5000000000000000
0.5000000000000000 0.0877314260818051 0.0455669897222459
0.5000000000000000 0.0018844084164069 0.0594635306777679
0.2189163677498759 -0.5000000000000000 0.1431586225567884
0.1726545185945410 -0.5000000000000000 0.1506968565323957
0.2083506291685055 -0.5000000000000000 0.1877265342770902
0.0955681372932184 -0.5000000000000000 0.0737268692442164
0.1916062435176053 -0.5000000000000000 0.1271604816006131
0.2393850753392981 -0.5000000000000000 0.1992888221792066
0.2684319122347430 -0.5000000000000000 0.2282741321386301
-0.0242772558568796 -0.5000000000000000 -0.2206380753023487
0.0800065976987074 0.5000000000000000 0.0477804317946084
0.0901040983578593 0.5000000000000000 -0.1174556269853690
0.0853668699348255 0.5000000000000000 0.0269487874116464
-0.0403580833242915 0.5000000000000000 -0.0328636329289183
-0.5000000000000000 0.0133170495066900 -0.2982858347658309
0.3645911337287404 0.5000000000000000 -0.3158138401471778
-0.5000000000000000 -0.2302333274605434 0.2416966813326894
-0.5000000000000000 -0.2100276003759851 0.1893759289880745
-0.5000000000000000 -0.3094597899547977 0.1706136008219293
-0.5000000000000000 -0.2316753407604943 0.1245111062114762
-0.3624220642055246 -0.3748827193955533 0.5000000000000000
-0.5000000000000000 -0.3168746554334715 0.3286348774072587
-0.5000000000000000 -0.4846035223617211 0.3309201066513796
-0.5000000000000000 -0.4057742608670905 0.3241698093230453
-0.4788093066617881 -0.5000000000000000 0.0844764491241060
-0.5000000000000000 -0.4507651288074977 0.3051631310239183
-0.5000000000000000 -0.3857108081475443 0.3262843732552017
-0.3340214466417536 -0.2765173720606033 0.5000000000000000
-0.4718061433129364 -0.4984816371007134 0.5000000000000000
-0.4230656455431561 -0.4447096014178927 0.5000000000000000
-0.2843708498650196 -0.4407826861965016 0.5000000000000000
-0.5000000000000000 -0.4072983855919233 0.3018686926959742
-0.5000000000000000 -0.4234617723731829 0.2891998228033369
-0.5000000000000000 -0.4021728823981249 0.3192383297302614
-0.5000000000000000 -0.3521484231436305 -0.4047674923644876
-0.5000000000000000 -0.2963570185143531 -0.2469240174168169
-0.5000000000000000 -0.3782687405208462 -0.4677258230853004
-0.5000000000000000 -0.4516319053918876 -0.3347311430229110
0.2701250834261792 -0.5000000000000000 0.0229309414591142
0.0568981588824987 -0.5000000000000000 -0.2219759109157170
0.4122621546690082 -0.5000000000000000 -0.0191895432944686
0.2544563931777841 -0.5000000000000000 -0.1308996433770042
-0.0903389304435032 0.3713842517295238 0.5000000000000000
-0.1488634847188710 0.5000000000000000 0.2056796218975833
0.0167852269135288 0.4695490268801978 0.5000000000000000
-0.1897964742869836 0.5000000000000000 0.3558137131400071
-0.0097779812031993 0.4789727381915656 0.5000000000000000
0.0367377707635326 0.4625870495605648 0.5000000000000000
-0.1008948160711573 0.5000000000000000 0.4465901899416738
0.0344274236602393 0.0664855706192912 -0.5000000000000000
0.0442592522132051 -0.0683531321643142 -0.5000000000000000
-0.1396541743990244 0.0823038300737012 -0.5000000000000000
0.0019247182079076 0.0106942963072111 -0.5000000000000000
-0.0623494156903996 0.0715085438174717 0.5000000000000000
0.0140987232819617 0.1148567411336540 0.5000000000000000
0.0224012602699841 0.0585098035659959 0.5000000000000000
0.0878527690080268 0.1042405332267759 0.5000000000000000
-0.0212641231738989 0.0218245877883576 0.5000000000000000
0.0330612647004211 0.1344383050542625 -0.5000000000000000
0.0599400604068171 0.1018282206381283 -0.5000000000000000
0.3741181269087054 -0.3025205908081759 -0.5000000000000000
0.4062289346324086 -0.3138231776962771 -0.5000000000000000
-0.5000000000000000 0.0281548269213045 -0.3732951304282170
-0.5000000000000000 -0.0598323004094726 -0.3804763316966918
-0.5000000000000000 -0.1023110562062904 -0.0684790140812321
-0.5000000000000000 -0.0604897831098361 -0.1163806626939951
-0.5000000000000000 -0.0245654358863172 -0.0514557181591689
0.1137030182521759 0.5000000000000000 0.1415058309927145
0.1171048265057103 0.5000000000000000 0.0974916365325069
0.1017363350759322 0.5000000000000000 0.1079785891009136
0.1125547792521793 0.5000000000000000 0.1984585512018476
0.1356541729950688 0.5000000000000000 0.3611280160088010
0.1330441138222840 0.5000000000000000 0.1101861517613656
0.1181336593228596 0.5000000000000000 0.1325895579539806
-0.0373601937955538 -0.1826321846912143 0.5000000000000000
-0.4919451547509937 -0.4071577914107105 -0.0783518803184632
-0.5000000000000000 -0.3432415686836179 -0.1245255417700244
-0.5000000000000000 -0.4461908502580254 -0.2352058693504785
0.2107698437919113 0.3035866398583521 0.5000000000000000
0.0815446957180350 0.3367323878161441 0.5000000000000000
0.0621933602207811 0.3480807955475668 0.5000000000000000
-0.1125040872547689 0.3579290003169565 -0.5000000000000000
0.1122932891364176 0.2677270295604103 -0.5000000000000000
-0.1571908795328704 0.1151562534633361 -0.5000000000000000
-0.1420850023484528 0.2042902179275458 -0.5000000000000000
-0.1665124574548596 0.2141477030660061 -0.5000000000000000
-0.1113207081125080 0.2865307791929056 -0.5000000000000000
-0.5000000000000000 0.1447637635844896 0.0058390684022428
0.1680811001837315 -0.5000000000000000 -0.0744687123842340
0.1965083759839349 -0.5000000000000000 -0.0090806875526241
0.5000000000000000 -0.2532951009887837 0.1925159857496414
0.4136922454865685 -0.5000000000000000 0.2474862720414976
0.3553381356661175 -0.5000000000000000 0.2430576800330553
0.5000000000000000 -0.4095583185764291 0.1425222829657736
0.5000000000000000 -0.4320866899127948 0.2780233309116399
0.5000000000000000 -0.4655066253641325 0.1380844406011909
-0.0158859171767374 0.4877525858407246 -0.4055159583417802
-0.2264393594147439 0.4803259312822935 -0.5000000000000000
-0.5000000000000000 -0.1422415883319805 0.0090284208533381
0.3987503402740858 -0.2087738248615946 0.5000000000000000
0.5000000000000000 -0.2257773252303832 0.2703666115367747
0.4771879037884962 -0.1739855849383659 0.5000000000000000
0.5000000000000000 -0.3070927731878945 0.4699328701018064
0.5000000000000000 -0.1137999744674086 0.2820175659237271
-0.2865343271717136 0.5000000000000000 -0.2386090301881565
0.1466422220261383 -0.2289307394628531 -0.5000000000000000
0.0837895294493769 -0.3765426079217724 -0.5000000000000000
0.0396176282388915 -0.3839916287949398 -0.5000000000000000
-0.0684514871734347 -0.3170049398429580 -0.5000000000000000
0.1193621828141495 -0.3420729870489650 -0.5000000000000000
0.0802754902511171 -0.3030123338135045 -0.5000000000000000
-0.0615604811662546 0.5000000000000000 -0.4839366064684243
-0.0204382859585513 0.5000000000000000 -0.4207990028414554
0.3255655874060699 -0.4335169538290969 0.5000000000000000
0.1970091354834475 -0.4103509199907887 0.5000000000000000
0.2724654363061977 -0.4127186426105496 0.5000000000000000
0.3377398780521688 -0.3255213924259950 0.5000000000000000
0.2786186631432225 -0.4259870386206294 0.5000000000000000
0.2628260228402820 -0.4371748330668281 0.5000000000000000
0.3374887266617910 -0.4521090008153701 0.5000000000000000
0.1313451244648846 -0.5000000000000000 0.4401149664289120
0.3084226467581416 -0.4204986906072980 0.5000000000000000
0.2385271964353375 -0.5000000000000000 0.3976355798509856
-0.1769250971257167 0.2705034345040230 0.5000000000000000
-0.1702095925405842 0.3090237733088014 0.5000000000000000
-0.2161688754000229 0.3062771391090087 0.5000000000000000
-0.1241180568410865 0.2361307452699635 0.5000000000000000
-0.1841325352542368 0.3541166418425853 0.5000000000000000
-0.1700544693855191 0.2244534942670993 0.5000000000000000
-0.0537720323156423 0.3264676539227583 0.5000000000000000
0.0161560350268318 0.2201607930410268 0.5000000000000000
0.1557179951350650 0.2889222734511875 0.5000000000000000
0.0385089219181058 0.3025206007960463 0.5000000000000000
-0.0268986701420430 0.2031885295428877 0.5000000000000000
-0.0975843763768934 0.1956372605390404 0.5000000000000000
0.0300220190360021 0.3145777556068008 0.5000000000000000
0.2251247859649457 0.3196373008182015 0.5000000000000000
0.1171735570036058 0.3630471592169189 0.5000000000000000
0.1831632568810264 0.4360399227121339 0.5000000000000000
0.1748217193507758 0.4813691681144768 0.5000000000000000
0.0934162113871150 0.3694987214998631 0.5000000000000000
0.3366413218095511 0.3553039000076589 0.5000000000000000
-0.2143951415135233 0.4314892380296189 -0.5000000000000000
-0.2579272390231321 0.3528484643236461 -0.5000000000000000
-0.3390410928361621 0.5000000000000000 -0.4141995956957702
-0.0859417379758733 0.5000000000000000 -0.0951006226941657
-0.2392889622917328 0.4575815820175500 -0.5000000000000000
-0.3243846297549473 0.4589745387815774 -0.5000000000000000
-0.4368575032141743 -0.0106481046420556 -0.5000000000000000
-0.4436056803939124 -0.0755703227184383 -0.5000000000000000
-0.5000000000000000 0.0267226788988913 -0.4418349514867958
-0.5000000000000000 0.0902723970821730 -0.3980318780678602
-0.5000000000000000 0.0498686604729488 -0.3654422190709111
-0.4872319384554719 0.0604304028705680 -0.5000000000000000
0.0245708490273022 0.1482547059706308 0.5000000000000000
0.0972386340715432 0.1458470989413710 0.5000000000000000
-0.5000000000000000 0.1447648905063190 0.0058430822197748
-0.5000000000000000 0.2138697222523748 0.0682153469250871
-0.5000000000000000 0.2307444807467976 0.1965313170378740
-0.5000000000000000 0.2309657840636417 -0.1610676037633655
-0.0867697073522788 0.0496059649242822 0.5000000000000000
-0.1017091463910694 0.0981713121011708 0.5000000000000000
-0.0680921368903150 0.0565734190983515 0.5000000000000000
-0.3208089192965183 -0.5000000000000000 0.0674340341783869
-0.3053206369459331 -0.5000000000000000 0.0739383388360129
-0.3140168340594471 -0.5000000000000000 0.0999758059127019
-0.3550284735902930 -0.5000000000000000 -0.0413691469178080
-0.3103165950414006 -0.5000000000000000 0.0784187806001840
-0.3061009862771122 -0.5000000000000000 0.0781282837863578
-0.3167639053864269 0.1355734163647921 0.5000000000000000
-0.3140407396999454 0.1266557286512457 0.5000000000000000
-0.0960962724511583 0.4538335655118675 -0.5000000000000000
-0.0133625377004276 0.4395562863790869 -0.5000000000000000
0.0529328963751201 -0.0883466905093310 -0.5000000000000000
0.0631809571107515 -0.0876438043645310 -0.5000000000000000
0.0637106433196291 -0.0387279768152832 -0.5000000000000000
0.0772346847855526 -0.1290592763942260 -0.5000000000000000
-0.1723132310074895 0.3418252498270667 -0.5000000000000000
-0.0749352032015730 0.4052931321011132 -0.5000000000000000
0.5000000000000000 0.2170711223410730 0.2391096527501001
0.0362449644017251 -0.1930637948789767 0.5000000000000000
0.1575911299592322 -0.1241828608187873 0.5000000000000000
0.1478620462356706 -0.2014865918760713 0.5000000000000000
-0.4482453414973324 -0.4872584161089668 -0.2805059389678086
0.0199666645381214 -0.5000000000000000 -0.2537709165541665
0.0272031049268237 -0.5000000000000000 -0.2291091817538821
-0.0382540499410349 -0.5000000000000000 -0.2486647896788549
0.2697032994641495 0.5000000000000000 -0.3960286877543785
0.0050559916291212 0.5000000000000000 -0.4288358385943387
0.4934579201005529 0.1597785317953227 -0.3294814608927329
-0.2850250117284926 0.5000000000000000 0.3863645088399111
-0.0510614289018224 -0.5000000000000000 0.4179985390348099
0.4143312199423755 -0.5000000000000000 -0.3575621323709295
-0.1086633080793788 0.0082430719372388 0.5000000000000000
-0.1493791702725462 -0.4575867082126606 -0.5000000000000000
-0.3183538370260089 0.0165903494760387 -0.5000000000000000
-0.0183093214015122 -0.2264275653881388 0.5000000000000000
-0.0006180466548351 -0.3666615557393126 0.5000000000000000
0.0486285392345118 -0.3694839830985334 0.5000000000000000
0.0313677094666597 -0.4274085359652844 0.5000000000000000
0.1120647093533401 0.5000000000000000 0.3464103195396478
0.1424266084486841 0.5000000000000000 0.4438598127760961
-0.3742970688663432 -0.0187605302202764 0.5000000000000000
-0.5000000000000000 0.2202589429438752 -0.1467276202533280
-0.5000000000000000 0.2917981261110816 -0.0449461272158206
-0.5000000000000000 0.2538801700867137 -0.1187428334302588
-0.5000000000000000 0.2813767285073597 -0.1208514378300832
-0.5000000000000000 0.2624213137026433 -0.1721544370137710
0.5000000000000000 0.1245398362704710 -0.0098115737067170
0.5000000000000000 0.1734400458129757 0.0590217590779712
-0.1552784202608053 0.0851644101951066 -0.5000000000000000
0.3039110905163749 0.4394642737348204 0.5000000000000000
-0.0247970280724597 0.5000000000000000 0.0451012864516985
-0.1427962263217378 -0.4247510272719449 -0.5000000000000000
-0.5000000000000000 0.0782187605140738 0.0029534407864690
-0.2379911411839764 -0.4935931404880701 -0.1825394343340111
-0.4316451396562746 -0.5000000000000000 -0.2621244438903633
0.2082912423515393 -0.1657315711799944 -0.5000000000000000
0.2276709850557356 -0.2113612111929480 -0.5000000000000000
0.1842647239775450 -0.1518118826789433 -0.5000000000000000
0.2738419712660490 -0.2327085720290401 -0.5000000000000000
0.1494068832515041 -0.1836745564530851 -0.5000000000000000
-0.5000000000000000 -0.1690352714853224 -0.0801525506818635
-0.5000000000000000 -0.1663644480258002 0.0671457980230211
-0.5000000000000000 -0.0961294306573364 0.0364840018608314
-0.5000000000000000 -0.2737106966512640 0.0704571095027026
-0.5000000000000000 -0.1866582309423222 0.0223161889726991
-0.5000000000000000 -0.1541652422063451 -0.0544626346362097
-0.0391456304706011 -0.5000000000000000 -0.2470634179474745
-0.0325556381964753 0.5000000000000000 -0.4123180688722705
-0.0505982151902905 -0.1863716263726003 0.5000000000000000
-0.1920969224387004 -0.2248084397580225 0.5000000000000000
-0.5000000000000000 0.0496769078329286 0.2208145000503708
0.4529117171367643 -0.2805532395600510 -0.5000000000000000
0.5000000000000000 -0.3871913964885894 -0.2349319868580149
0.5000000000000000 -0.4171600449460211 -0.0894007924713607
0.5000000000000000 -0.3812793044224008 -0.1119101884140243
0.5000000000000000 -0.3528338422339622 -0.1808156846084378
0.5000000000000000 -0.3712804517272693 -0.1745210732562933
0.5000000000000000 -0.3514142105932760 -0.1948640942466129
0.5000000000000000 -0.3518317937294603 -0.2761215474352112
0.1316962610865444 0.2869818500827895 -0.5000000000000000
0.1253132524171683 0.2490662056281672 -0.5000000000000000
0.1201378994796465 0.2280762468990074 -0.5000000000000000
0.4357381026061706 0.0021269559528882 0.5000000000000000
0.4260193600373712 0.0152552342286013 0.5000000000000000
-0.2883361012852487 0.5000000000000000 -0.1546193743889410
-0.0532468221361885 -0.2555757055427429 0.5000000000000000
-0.0242329203692454 -0.1743320728514986 0.5000000000000000
-0.0329051688191021 -0.1865696969673275 0.5000000000000000
-0.0167566509666732 -0.1786914282542482 0.5000000000000000
-0.0370913599350402 -0.1468222262790913 0.5000000000000000
-0.0539470459186865 -0.1822788424070391 0.5000000000000000
-0.0503818218647336 -0.1619104233290886 0.5000000000000000
-0.1584419063185861 -0.5000000000000000 -0.2222633619012497
-0.3192126330369962 -0.4443377033340656 -0.5000000000000000
-0.3498478225728101 -0.5000000000000000 -0.4664440254772158
-0.2474512786235872 -0.5000000000000000 -0.4802025646235287
-0.0476570745141566 -0.5000000000000000 -0.2527758212145121
0.1596140184469023 0.5000000000000000 -0.0594249036175471
0.1243271938176741 0.5000000000000000 0.0760292761208548
0.2372820248968797 -0.4963684061588717 0.2410020651306659
-0.5000000000000000 -0.2942061743979497 -0.2157078599565663
-0.5000000000000000 -0.4542503936109450 -0.3202818905226233
-0.5000000000000000 -0.3365885127122840 0.1568409024473036
0.4108901712229003 0.4692201425699405 -0.5000000000000000
-0.3085723426623689 -0.4782661407727324 0.5000000000000000
-0.2110866310752175 -0.2483869313597913 0.5000000000000000
-0.4209188711181865 -0.3958415000570493 -0.5000000000000000
-0.3893593934378502 -0.4207905863852517 -0.5000000000000000
0.1748192099260242 0.5000000000000000 -0.1617150836814358
0.2506734705263229 0.5000000000000000 -0.2919771030322030
0.0712262774690705 0.4115009860161890 -0.5000000000000000
-0.4374162204583121 -0.1234958763102918 -0.5000000000000000
-0.4257587716191508 -0.5000000000000000 -0.2510456656763260
0.3279870686286482 0.2522103436232252 0.5000000000000000
0.2754518946154882 0.2775682389142216 0.5000000000000000
0.3486820231111341 0.3359448512228124 0.5000000000000000
0.5000000000000000 -0.0349032006198534 0.2943987717182134
0.1320878630991596 -0.0231315293176436 0.5000000000000000
0.1483853844158977 -0.0392198259686768 0.5000000000000000
0.1195067770713976 -0.0074227827021677 0.5000000000000000
0.1485257656708837 0.0057797731250770 0.5000000000000000
0.1522039094714731 -0.0532298881598382 0.5000000000000000
0.0971369154432221 -0.0201906945326918 0.5000000000000000
0.5000000000000000 -0.3541695134860825 -0.0087285860734475
-0.5000000000000000 -0.0778363881750753 -0.4657885591130851
0.0843198861608858 -0.4208477553290028 -0.5000000000000000
0.0965092140163725 -0.4693763049092764 -0.5000000000000000
-0.5000000000000000 0.1447627164301106 0.0058326022527233
-0.5000000000000000 -0.4146426255132059 -0.0933240406996153
-0.4811773495720698 -0.5000000000000000 0.0504302597271732
-0.2790171469964138 0.2204328450073925 -0.5000000000000000
-0.3121856168422258 0.2345194403167131 -0.5000000000000000
-0.2362432862155444 0.2312980507237257 -0.5000000000000000
-0.2743566802434638 0.1161291098385887 -0.5000000000000000
-0.1785351693595504 0.1044717770812545 -0.5000000000000000
-0.5000000000000000 -0.2618781942934168 0.3158440051654168
-0.3078363737727223 -0.1454224326126236 0.5000000000000000
-0.3212700175961609 -0.2313178717349401 0.5000000000000000
-0.5000000000000000 -0.1764083161832666 0.2901801048028150
-0.1226642079799192 0.0197671043527082 0.5000000000000000
-0.1508112221365194 0.0511231777689753 0.5000000000000000
-0.1813876281450733 0.0451882079406759 0.5000000000000000
-0.1379393343131220 0.0957126237907259 0.5000000000000000
0.3707880055058193 -0.4251436109724794 -0.5000000000000000
0.3930698175837251 -0.3738868572911836 -0.5000000000000000
0.2628578192546790 0.2565593452548369 0.5000000000000000
0.5000000000000000 -0.3690105880952379 -0.0241002054028150
0.0289767653120942 -0.4275506869264085 -0.5000000000000000
-0.0867305086241242 -0.4343050068150240 -0.5000000000000000
0.0360922028715434 -0.4735015000683047 -0.5000000000000000
-0.3403378989321575 0.4123645181994853 0.5000000000000000
-0.3287490580940225 0.4434281881976866 0.5000000000000000
-0.5000000000000000 -0.2937708286371564 0.2730794594155673
-0.5000000000000000 -0.3374497141484477 0.0026678984327416
-0.0760740507924740 -0.5000000000000000 -0.0929450513198040
-0.2095404167911859 -0.5000000000000000 -0.0623717360640743
-0.0404426077650090 -0.5000000000000000 -0.2465200559832573
-0.5000000000000000 0.1447925267189177 0.0058371908619386
-0.5000000000000000 0.1445943962038410 0.0052596488022818
-0.5000000000000000 0.1447592730944528 0.0058349841818361
-0.5000000000000000 0.1447525858173935 0.0058398398529007
-0.5000000000000000 0.1447662286211581 0.0058364032111025
-0.3102750539296877 -0.4974082239510823 0.5000000000000000
0.4847133472469156 -0.5000000000000000 -0.2215744847253087
-0.1455834489634500 0.1026466221340603 -0.5000000000000000
-0.5000000000000000 -0.2058595247602174 -0.1546886393404102
-0.5000000000000000 -0.1174514242068866 -0.2372187068562385
-0.5000000000000000 -0.2893675361385996 0.0639926412357780
-0.5000000000000000 -0.2550577095650667 -0.1468684981102844
-0.5000000000000000 -0.2300772970259145 -0.0220810619567310
-0.5000000000000000 -0.1423407479182229 -0.1327515733886281
-0.5000000000000000 -0.0917986402143638 -0.2262724099362569
-0.5000000000000000 -0.1180456343678409 -0.1093062017120497
0.5000000000000000 0.3607943353671028 -0.4044706198488521
0.2361643233165075 0.5000000000000000 -0.0914482638737352
0.1479092102633613 0.5000000000000000 -0.1330175326795180
0.1338697576550738 0.5000000000000000 -0.1085756394740858
0.1846772450043792 0.5000000000000000 -0.0259077255353043
0.1433088751530383 0.5000000000000000 -0.1600206601847492
0.0234550724190389 0.5000000000000000 -0.3355441592103373
0.5000000000000000 0.2874864229200336 -0.3932700512050187
0.5000000000000000 0.3094944064678730 -0.2487401873903865
0.5000000000000000 0.3662021065086347 -0.3005908863248741
0.5000000000000000 0.3656204325907581 -0.2192856554941446
0.3858519763919251 0.3556319606944051 -0.5000000000000000
0.2518019290949674 0.4777096752447189 -0.5000000000000000
0.4287324920419953 -0.5000000000000000 -0.0293063075186984
0.2706552016726301 0.3800853820491767 0.5000000000000000
0.2629415959298925 0.4593392480939727 0.5000000000000000
0.2305346969563893 0.4823934279379311 0.5000000000000000
0.3444903857322349 0.4616898515562582 0.5000000000000000
0.3399535856094946 0.3889684635267119 0.5000000000000000
0.3239706498548499 0.4442433396858779 0.5000000000000000
-0.1782046584565516 -0.5000000000000000 -0.1883068578936111
-0.2133524231091449 -0.5000000000000000 -0.1680626506529870
0.5000000000000000 -0.1481236363130936 -0.0017883063713900
0.5000000000000000 -0.2157030462484652 0.1343643245593058
0.5000000000000000 -0.1273684841940359 -0.0115870365332360
0.5000000000000000 -0.1208267190037918 0.1720688070722489
0.5000000000000000 -0.0566108522003146 0.0389852460549305
0.5000000000000000 -0.1351634690310839 0.0122011887065807
-0.2366635003041918 -0.0882227777025335 0.5000000000000000
-0.0691525213835356 -0.0120976919343834 0.5000000000000000
-0.1802366317946918 -0.0912878252803355 0.5000000000000000
-0.1320621695792886 -0.0335744302740817 0.5000000000000000
-0.2333062464027257 0.5000000000000000 -0.0041015732220109
-0.2672633194426157 0.5000000000000000 -0.1385018877120170
-0.1006957629959870 0.5000000000000000 -0.0267876418146636
-0.5000000000000000 -0.0199088623745923 0.0394143461141674
-0.5000000000000000 0.0113109084732582 0.0707835088383919
-0.5000000000000000 0.0187381341315473 -0.0390301813111692
-0.5000000000000000 0.0561900708593237 0.0033744648851349
0.3161324570983334 0.5000000000000000 -0.3515202490746865
0.0196740097087226 0.5000000000000000 0.2968747346086831
-0.1064182708696468 0.5000000000000000 0.2062165149682910
0.1191364419811525 0.5000000000000000 0.4298448070476477
0.3878396747605360 -0.1795690697141516 0.5000000000000000
0.2308675602918228 0.3107889498834225 0.5000000000000000
0.1813497692084285 0.3527814602086494 0.5000000000000000
0.5000000000000000 -0.3856689558903004 0.0872366846936669
-0.2231616507861268 -0.5000000000000000 -0.0589916284878296
0.5000000000000000 -0.3016490163998105 0.3146315153757213
0.5000000000000000 -0.2276356984110056 0.2582649420976654
-0.3294451801003749 -0.5000000000000000 -0.3700819166918426
-0.0515165328409360 -0.5000000000000000 -0.2490376340728260
-0.3509955275103541 -0.5000000000000000 -0.3553015395538357
0.5000000000000000 0.4832886524878971 0.0653824065218130
0.5000000000000000 0.3951283759514397 0.0179505008443593
0.4319208663586757 0.5000000000000000 -0.0629774657579857
0.5000000000000000 0.3508260637167060 -0.0071213818225561
0.5000000000000000 0.4041416997616578 -0.0940147002025052
0.2889818855771458 0.5000000000000000 -0.2445519824705347
-0.5000000000000000 -0.2041448109155368 -0.2299814811839991
-0.5000000000000000 -0.2022722934632832 -0.1842514965850432
-0.5000000000000000 0.3986361474651680 -0.2867092018327652
-0.5000000000000000 0.3500958868751899 -0.2872854231114479
0.1846687645802192 -0.5000000000000000 -0.3055487249451196
0.1284608567597740 0.1105809268421374 -0.5000000000000000
0.4874847918351986 -0.0921429807269687 0.5000000000000000
0.4487134333033048 -0.1179975289626511 0.5000000000000000
-0.3103026554607469 -0.4072340199888541 -0.5000000000000000
-0.2818840275340422 -0.3512958682063244 -0.5000000000000000
-0.0423518781678816 -0.5000000000000000 -0.2492817551771495
-0.4988677681838076 0.0748608389497493 -0.2326411028360496
-0.2306900567458267 -0.5000000000000000 -0.0775629446277951
-0.2318156848904133 -0.5000000000000000 -0.1294423788784794
-0.3201585478693812 -0.5000000000000000 -0.1553212830806568
0.4459687250487826 -0.5000000000000000 0.0764888295138737
0.4320892726253543 -0.5000000000000000 -0.0042079333784526
0.5000000000000000 -0.4474407368602487 0.0713699372254802
0.4391687558318452 -0.5000000000000000 -0.0415943761300421
0.5000000000000000 -0.4816080014574003 0.0753407876020511
-0.5000000000000000 -0.0382833964904335 0.1046670809159350
-0.5000000000000000 0.0201530684201614 0.1890521618918263
-0.3603420633112162 -0.5000000000000000 0.2707285503013073
-0.1819163105377552 0.5000000000000000 0.1200492190493539
-0.2275329039353058 0.5000000000000000 0.0663334226825329
0.1087224458142298 0.5000000000000000 0.0859681523425234
-0.0373053430356095 0.5000000000000000 0.0124861222881067
-0.0589620866870633 0.1087601753798128 0.4932234952700796
-0.0113504246916776 0.1437077597909333 0.5000000000000000
0.5000000000000000 0.0182947440376880 0.3559766978389718
0.5000000000000000 -0.0656881296151139 0.4243680853431128
0.5000000000000000 -0.1023906589582236 0.2866431909984704
-0.4369595794609122 -0.3469572322808638 -0.5000000000000000
-0.3969894975809100 -0.3944579166072433 -0.5000000000000000
-0.5000000000000000 -0.3052521006579609 0.0273929700871466
0.5000000000000000 0.0842427429525995 0.3249535866985558
0.5000000000000000 0.0408963365305771 0.3524794026718092
0.5000000000000000 0.1573629860194675 -0.3127248857039915
0.5000000000000000 0.2183515822495518 0.2384999517905991
0.3119582081283478 0.4775828650870874 -0.5000000000000000
-0.4823050756602016 -0.5000000000000000 -0.3048980768486008
0.5000000000000000 -0.3435320174590002 -0.3478176542188329
-0.0730910862493751 0.1417716146850257 0.5000000000000000
-0.1427762438720404 0.1457350638094064 0.5000000000000000
-0.1395097864839490 -0.3730720107070423 -0.5000000000000000
0.2567463144811906 0.2927307915381469 0.5000000000000000
0.3393485456594805 0.3496360161025005 0.5000000000000000
-0.3567494214910966 -0.4300595000735522 -0.5000000000000000
0.4900847469895672 -0.3963965739315728 0.3790870934045824
-0.3002914669125960 0.5000000000000000 0.2818460115074441
-0.5000000000000000 0.3845441498038282 0.0055599974346303
-0.5000000000000000 0.4767242835281613 0.0231444766166212
0.5000000000000000 0.2737347813901420 -0.3937624365834270
0.5000000000000000 0.1813442980354382 -0.3403275873291895
-0.5000000000000000 0.3050639791409520 -0.0000967642936551
-0.5000000000000000 0.3650091937030250 0.0000967556152210
-0.5000000000000000 0.2900694910140995 -0.0021888673613477
-0.4161110188786625 -0.4901102451424180 -0.5000000000000000
0.2127110718818309 -0.0427314924971511 -0.5000000000000000
0.1553761195002080 0.0391549114947014 -0.5000000000000000
-0.2734190442273165 0.5000000000000000 0.2646783118443428
-0.2888990822606921 0.5000000000000000 0.3329499429982654
-0.2873967047936080 -0.1277043595698137 0.5000000000000000
-0.5000000000000000 -0.1536847430542981 0.1822390949048988
-0.3088122238755723 -0.2246238751369235 0.5000000000000000
-0.5000000000000000 -0.1571318270106806 0.2694777323854972
-0.1049520426858475 -0.4200702395317404 0.5000000000000000
-0.0993420245883718 -0.3964936652047120 0.5000000000000000
-0.1309129350394247 -0.3331760071653598 0.5000000000000000
-0.0504907585652777 -0.4343140890947191 0.5000000000000000
-0.5000000000000000 0.3300979163827898 -0.3663945926223238
-0.5000000000000000 -0.0590561035659334 0.1212082664515793
-0.5000000000000000 -0.1084579341202438 0.2309791624338364
0.3635687680078142 0.5000000000000000 -0.2878870868139269
-0.5000000000000000 -0.1179870535308215 -0.2681970018077140
-0.5000000000000000 -0.1489550975300968 -0.3618761599283867
-0.5000000000000000 -0.2509021300252912 -0.2401270030229444
-0.4587261857465186 -0.5000000000000000 0.0904876129248249
-0.5000000000000000 -0.3790975519921488 0.0330396621291437
-0.2230691286691864 -0.4609283000084631 0.5000000000000000
-0.5000000000000000 -0.2811255041573639 -0.4706910138837057
-0.4492041992224836 -0.5000000000000000 -0.4318624931987485
0.5000000000000000 -0.4058585895617210 0.0541161856787346
0.5000000000000000 -0.4462383834226342 0.0600947939224164
0.0793573136470264 0.0712518939916033 -0.5000000000000000
0.1404861446242347 0.5000000000000000 0.0900321428162074
0.5000000000000000 0.2791034981820133 -0.2448359988338249
0.4716800490631491 -0.4943441704131520 -0.5000000000000000
0.0463458406405927 -0.0608840043389862 0.5000000000000000
0.5000000000000000 -0.3816431179524299 0.4077564058269754
0.0794600623937564 0.4025865408807682 0.5000000000000000
0.1852180940538336 0.4996672080371114 0.5000000000000000
-0.1701221470865366 0.1137056592332943 -0.5000000000000000
-0.1244268043372386 0.1002970723032543 -0.5000000000000000
0.5000000000000000 -0.4780904993907737 -0.4409557487840217
-0.5000000000000000 -0.0148986388055931 0.1970756620320366
-0.5000000000000000 0.0396139649865939 0.3051137186569850
-0.2466962882929384 0.1992821177292872 -0.5000000000000000
0.5000000000000000 -0.3094295144181251 0.2732198352618120
0.4904068336535892 -0.5000000000000000 0.3553017012661008
0.4358494207964632 -0.5000000000000000 0.3617225041897985
0.5000000000000000 -0.3974908170331921 0.3479543173516067
-0.5000000000000000 0.3814725181154131 0.0162587889969477
-0.5000000000000000 0.3833330406871779 -0.0007576101275120
-0.5000000000000000 -0.1141575320667024 -0.2509565190138474
0.2998487326938281 -0.5000000000000000 0.3256539375792714
0.5000000000000000 0.1465498907022917 0.3041474533999181
0.5000000000000000 0.2156133975229916 0.2404060441646743
0.5000000000000000 0.1245062698595546 0.4731965966789358
-0.5000000000000000 -0.4821306642831208 -0.3159098047114083
0.5000000000000000 0.2169516324551828 0.2380433109846472
0.2176011306677522 -0.5000000000000000 -0.2598583819941094
-0.5000000000000000 -0.0924847092225154 -0.4499700678903982
-0.5000000000000000 -0.1438764943171871 -0.4316287161838182
-0.5000000000000000 0.4076555643272826 0.2306825325009300
-0.5000000000000000 0.3303828475102600 0.3962059398297589
-0.3672119128842949 -0.5000000000000000 0.3528765457470986
-0.4681636989430760 -0.5000000000000000 -0.0677448671822664
0.1312022565079726 0.4531240262172383 0.5000000000000000
-0.0026406587483558 0.5000000000000000 0.1158373375668373
0.4044004670634828 0.5000000000000000 -0.2839412877864729
-0.2750959222018702 -0.5000000000000000 -0.2128100636569389
-0.4608774322609374 -0.5000000000000000 -0.3057397315978892
0.2755395557234545 0.2990357666093869 0.5000000000000000
0.3488590026967045 0.3514262197939201 0.5000000000000000
0.2152135711066841 -0.3964795281048604 -0.5000000000000000
0.4261141228729970 -0.5000000000000000 -0.2158051854503636
0.0443187899145431 -0.4666225765012681 0.5000000000000000
-0.2871530528142606 -0.0365087019722540 0.5000000000000000
-0.2980998855361076 0.0472325967398516 0.5000000000000000
-0.5000000000000000 0.0332575550953077 0.3439561171025627
-0.2112022475507541 0.0129423888114762 0.5000000000000000
-0.2261791596831313 -0.1845600643847778 0.5000000000000000
-0.1547428942393242 -0.3056486109399629 -0.5000000000000000
-0.5000000000000000 -0.2537003605219381 -0.1836194228778044
0.0685727236052408 0.4259152563458387 0.5000000000000000
0.2470378128374327 -0.3666140489702431 -0.5000000000000000
0.1821111852777738 -0.3081834307508992 -0.5000000000000000
-0.0573411011294314 0.5000000000000000 0.0678122528229422
-0.2017411866955127 -0.4166495867355438 0.5000000000000000
0.5000000000000000 -0.1061498544687110 -0.0244685990267715
0.5000000000000000 -0.1139976222264753 -0.0379268360333885
0.1466646536866564 0.4917401429443954 0.4643696622918383
-0.5000000000000000 0.0910880070231856 -0.0041628923646795
-0.4899033787330487 -0.2945995571580834 0.0923963854492486
-0.2811759272636400 -0.5000000000000000 -0.2334905752303288
-0.5000000000000000 -0.3369027976100104 0.2106098662173223
0.3382371695792560 0.0349598437781593 -0.5000000000000000
0.5000000000000000 -0.1048843951313416 0.2556316851632709
0.5000000000000000 -0.0064398318553625 0.0572559807926888
0.2103224952740619 -0.0745187684787443 -0.5000000000000000
0.1343493084396910 0.5000000000000000 -0.3155078932810632
0.0068555914026956 0.5000000000000000 -0.3936838006068150
-0.5000000000000000 -0.3024403441510718 0.0699997951235561
-0.5000000000000000 -0.3193235564155125 -0.0585045793456862
-0.5000000000000000 -0.3380396539773431 0.0981791786013591
-0.5000000000000000 -0.3416134690888118 -0.0119394779156550
-0.5000000000000000 -0.2926910191950762 0.0221617851422240
-0.5000000000000000 0.3843294426892389 -0.4325278183502718
-0.4949319622308161 0.3680178277529472 -0.4713820354937980
-0.5000000000000000 0.3598850991952902 -0.4160086145707182
0.1457877603229855 0.4843809677742771 0.5000000000000000
0.0661716919679846 0.4027256731526674 0.5000000000000000
0.3434613457424822 0.0400326419612913 -0.5000000000000000
0.3293210045801305 0.0392798358326015 -0.5000000000000000
0.2975132972798535 -0.4238694901603292 -0.5000000000000000
-0.2527584168168761 -0.2319142177809292 0.5000000000000000
0.1579061254880365 0.5000000000000000 0.4913758319913856
-0.3218887956045853 -0.4977716588857858 0.4706780654269864
-0.3286670351577828 -0.4965801088275370 0.5000000000000000
-0.2860342472528252 -0.4878231720863153 0.5000000000000000
-0.4873287025157425 -0.5000000000000000 0.2552006377981053
-0.2680801180462162 0.0795430945741870 0.5000000000000000
-0.2011607421039512 -0.3193616082214357 0.5000000000000000
-0.1957955865327451 -0.2133283467523445 0.5000000000000000
-0.3435140354867215 -0.3939283783226286 -0.5000000000000000
-0.4379503315123716 -0.5000000000000000 -0.4566236538205757
-0.2590559213029880 0.5000000000000000 0.3846536645145963
0.5000000000000000 0.2170148784068062 0.2397185545441932
-0.2105349269729843 0.2061923282131852 -0.5000000000000000
0.5000000000000000 0.2610762572163770 0.0209605328141933
0.5000000000000000 0.2238836678015298 0.0525426229278655
0.5000000000000000 -0.1110384579289961 0.2679875961403583
-0.1899684161671064 -0.3077299642860990 -0.5000000000000000
-0.3200196618378703 -0.3676395806550577 -0.5000000000000000
0.1174498629214688 -0.1555361702150937 0.5000000000000000
0.5000000000000000 0.1903387325863874 0.1300369209775284
0.4472756298916345 -0.3516343184352641 -0.5000000000000000
0.3770637752250768 -0.4912100521637340 -0.5000000000000000
0.4459460555415890 -0.5000000000000000 -0.2970265667753220
0.5000000000000000 0.4497191920604522 -0.2645879504582721
0.4593535858441398 -0.3267458032721196 -0.5000000000000000
-0.0319534808458617 -0.0063640972253674 0.5000000000000000
-0.5000000000000000 -0.3470386457156061 0.1599884301060014
-0.5000000000000000 -0.3667713800873412 0.1563117581664765
-0.5000000000000000 -0.3314639831188528 0.1496851284200190
-0.4588689694372601 -0.5000000000000000 -0.3314038140478370
0.3362733495166063 0.5000000000000000 -0.3455157106581107
0.5000000000000000 0.3353395416533366 -0.0699092272995102
0.5000000000000000 0.2179540529441375 0.2355959972487746
0.5000000000000000 0.4281148106494463 -0.1838619898100870
0.3013847348872801 0.5000000000000000 -0.3166473927048847
0.2942719605102605 0.5000000000000000 -0.4346716957769376
0.1066943820618039 0.4292274807374538 -0.5000000000000000
0.0905495178127542 -0.1900318742183973 -0.5000000000000000
0.2321310062153859 0.5000000000000000 -0.2932729260523607
0.0801322717353797 0.5000000000000000 -0.3648391117471244
-0.0135255073271212 -0.5000000000000000 0.4341842001049909
0.1028926717998351 -0.2225623997279651 -0.5000000000000000
0.2030565395492476 -0.4942792358193328 -0.2800423024058290
0.4685429669122347 0.0917125942745214 0.5000000000000000
0.5000000000000000 0.2172299280401792 0.2343565335516323
0.2244104877097440 -0.5000000000000000 -0.2733845807023828
0.5000000000000000 0.2169591994789531 0.2377392362735328
0.3507957169336012 0.3412761241367149 0.5000000000000000
0.0512894329757307 0.4093026401533755 -0.5000000000000000
0.0193696025203547 0.4388255507422552 -0.5000000000000000
231 69
232 83
233 10
234 18
235 36
236 156
0 1
0 32
0 35
0 37
0 39
0 40
0 237
0 238
0 94
0 113
0 118
0 140
0 144
0 158
0 168
0 218
0 220
0 223
239 202
1 12
1 27
1 35
1 38
1 40
1 54
1 93
1 112
1 144
1 176
1 207
1 218
1 223
240 205
241 2
242 10
243 156
2 10
2 55
2 86
2 244
2 133
2 134
2 245
2 246
2 156
2 247
2 248
2 216
3 249
3 37
3 48
3 81
3 250
3 96
3 251
3 123
3 131
3 144
3 252
3 194
3 199
3 253
3 1291
3 218
3 254
4 9
4 70
4 75
4 79
4 103
4 255
4 136
4 1093
4 169
4 171
4 183
5 25
5 28
5 29
5 256
5 53
5 91
5 257
5 258
5 145
5 161
5 167
5 196
5 200
5 204
5 209
5 259
6 8
6 22
6 33
6 52
6 65
6 90
6 95
6 127
6 143
6 150
6 157
6 162
6 165
6 260
6 185
6 211
7 9
7 58
7 62
7 63
7 74
7 77
7 85
7 86
7 88
7 103
7 109
7 164
7 169
7 170
7 171
7 178
7 183
8 261
8 22
8 262
8 90
8 263
8 115
8 264
8 265
8 165
8 266
8 175
8 185
8 225
267 68
268 78
269 125
270 13
271 155
272 59
273 92
274 131
275 194
276 1291
277 45
9 17
9 31
9 43
9 58
9 63
9 74
9 75
9 79
9 114
9 136
9 164
9 169
9 171
9 172
9 183
9 228
278 23
279 39
280 113
281 118
282 139
10 18
10 36
10 283
10 58
10 86
10 284
10 285
10 286
10 156
10 287
10 288
11 17
11 43
11 97
11 101
11 117
11 289
11 179
11 290
11 291
11 195
11 228
11 230
12 14
12 27
12 34
12 38
12 40
12 80
12 93
12 128
12 168
12 292
12 196
12 204
12 208
12 223
13 16
13 20
13 21
13 61
13 293
13 294
13 295
13 296
13 155
13 297
13 298
14 34
14 40
14 299
14 300
14 66
14 91
14 301
14 113
14 128
14 302
14 151
14 152
14 168
14 303
14 204
14 209
14 213
14 304
15 305
15 306
15 307
15 308
15 71
15 309
15 105
15 310
15 311
15 312
15 313
15 314
15 315
15 316
317 115
318 175
319 1241
321 83
322 153
323 1241
324 871
16 20
16 21
16 35
16 61
16 325
16 326
16 327
16 119
16 124
16 328
16 138
16 184
16 329
16 199
16 206
16 207
16 214
16 226
330 82
331 105
17 31
17 43
17 75
17 79
17 117
17 122
17 166
17 177
17 183
17 195
17 215
17 219
17 228
18 332
18 333
18 334
18 335
18 336
18 156
18 337
18 338
18 339
18 340
19 341
19 41
19 42
19 50
19 100
19 110
19 111
19 141
19 181
19 198
19 201
20 21
20 34
20 35
20 40
20 64
20 342
20 93
20 343
20 344
20 155
20 174
20 206
20 207
20 224
345 201
346 212
21 31
21 43
21 61
21 119
21 122
21 155
21 164
21 172
21 177
21 195
21 206
21 208
21 224
347 141
22 65
22 69
22 83
22 90
22 115
22 127
22 153
22 348
22 175
23 39
23 113
23 118
23 139
23 142
23 159
23 163
349 46
350 54
351 68
352 82
353 108
354 119
355 949
24 356
24 357
24 81
24 358
24 359
24 360
24 361
24 123
24 125
24 159
24 362
24 190
24 363
24 364
24 1291
24 365
366 45
367 121
368 210
369 113
370 142
371 163
372 197
373 220
374 58
375 146
376 171
377 45
25 378
25 379
25 380
25 51
25 381
25 382
25 383
25 91
25 384
25 385
25 151
25 161
25 180
25 187
25 209
25 386
25 217
25 387
25 388
26 34
26 320
26 53
26 64
26 389
26 73
26 76
26 94
26 104
26 106
26 110
26 132
26 390
26 148
26 152
26 188
26 213
26 391
392 50
393 877
27 29
27 38
27 54
27 57
27 80
27 82
27 394
27 93
27 101
27 395
27 179
27 196
27 200
27 208
27 230
28 29
28 396
28 397
28 398
28 399
28 400
28 128
28 196
28 209
401 50
402 141
403 181
404 877
405 198
29 406
29 407
29 408
29 409
29 101
29 410
29 411
29 412
29 179
29 413
29 196
29 200
30 38
30 39
30 414
30 49
30 78
30 80
30 82
30 415
30 416
30 1130
30 417
30 176
30 223
418 36
419 156
420 189
31 43
31 61
31 70
31 75
31 122
31 149
31 155
31 164
31 172
31 179
31 183
31 195
31 206
31 219
31 228
32 35
32 37
32 40
32 421
32 422
32 423
32 424
32 144
32 425
32 199
32 426
32 427
428 73
429 198
33 52
33 55
33 72
33 77
33 430
33 431
33 85
33 86
33 133
33 143
33 162
33 165
33 178
33 185
33 186
33 189
33 191
33 211
432 574
433 576
434 83
435 153
436 101
34 35
34 40
34 437
34 64
34 438
34 93
34 94
34 106
34 439
34 168
34 174
34 204
34 208
34 224
35 40
35 440
35 441
35 442
35 93
35 96
35 112
35 124
35 144
35 443
35 199
35 207
35 218
36 444
36 58
36 445
36 86
36 446
36 146
36 156
36 160
36 447
36 189
36 448
37 449
37 450
37 81
37 118
37 123
37 140
37 144
37 158
37 451
37 199
37 452
37 453
37 220
38 454
38 49
38 54
38 68
38 80
38 82
38 112
38 455
38 456
38 176
38 223
457 229
458 125
459 121
460 125
461 139
462 151
463 121
464 202
39 49
39 78
39 113
39 118
39 465
39 139
39 140
39 142
39 466
39 168
39 467
39 176
39 468
39 218
39 220
39 223
40 469
40 470
40 93
40 94
40 144
40 158
40 168
40 204
40 208
40 223
471 45
472 210
473 68
474 82
475 108
41 476
41 477
41 76
41 478
41 100
41 110
41 121
41 147
41 479
41 181
41 198
41 201
41 222
41 480
41 481
41 482
42 483
42 484
42 485
42 486
42 100
42 111
42 487
42 488
42 489
42 490
42 491
42 202
42 492
42 493
42 494
43 117
43 119
43 172
43 179
43 195
43 206
43 228
43 230
495 101
496 76
497 89
498 222
499 784
500 877
44 47
44 52
44 56
44 62
44 77
44 87
44 88
44 103
44 109
44 126
44 150
44 170
44 175
44 203
44 216
44 227
501 62
502 74
503 85
504 101
505 102
506 116
507 161
508 167
509 180
510 200
511 98
512 120
45 513
45 514
45 515
45 516
45 517
45 518
45 519
45 121
45 130
45 520
45 210
45 217
521 73
522 46
523 137
524 166
525 1250
526 193
527 205
46 54
46 57
46 82
46 528
46 529
46 119
46 530
46 531
46 166
46 193
46 195
46 205
46 532
533 49
534 82
535 1130
536 949
537 111
538 141
539 877
47 51
47 53
47 65
47 102
47 126
47 127
47 132
47 148
47 150
47 161
47 188
47 211
47 227
540 73
541 94
542 144
543 158
544 70
545 75
546 84
547 149
548 155
48 59
48 92
48 96
48 98
48 108
48 124
48 131
48 549
48 194
48 199
48 550
48 218
551 71
552 137
553 192
554 871
555 217
556 72
557 157
558 165
559 1224
49 68
49 78
49 82
49 96
49 1130
49 949
49 176
560 83
561 89
562 784
50 66
50 604
50 563
50 110
50 564
50 565
50 141
50 566
50 168
50 567
50 181
50 877
50 198
50 568
569 133
570 156
571 186
572 190
573 197
575 69
577 83
320 578
320 64
320 84
320 104
320 126
320 148
320 153
320 1241
579 58
580 146
581 160
582 84
583 87
584 88
585 126
586 153
587 1093
588 203
589 1241
590 229
591 574
592 159
593 163
594 190
595 197
596 73
597 158
598 220
599 156
600 186
51 53
51 601
51 76
51 91
51 99
51 127
51 130
51 132
51 152
51 154
51 161
51 167
51 187
51 188
51 210
51 217
51 602
51 221
51 227
603 190
52 55
52 56
52 77
52 85
52 86
52 90
52 102
52 150
52 175
52 185
52 211
52 216
52 225
605 111
606 141
574 576
574 83
574 115
574 607
574 175
574 608
574 1241
53 76
53 91
53 106
53 132
53 145
53 152
53 161
53 167
53 188
53 204
53 209
53 227
54 57
54 68
54 82
54 93
54 108
54 112
54 119
54 176
54 179
54 195
54 206
54 208
54 230
609 202
55 610
55 86
55 133
55 134
55 611
55 156
55 165
55 185
55 216
55 225
56 77
56 87
56 612
56 103
56 613
56 150
56 175
56 203
56 216
56 225
56 229
614 113
615 111
616 141
617 66
618 151
619 152
620 212
621 213
622 105
623 135
624 136
625 146
626 160
57 82
57 627
57 628
57 629
57 97
57 630
57 631
57 166
57 195
57 205
57 230
632 59
633 128
634 151
635 209
58 74
58 77
58 86
58 636
58 637
58 114
58 1109
58 136
58 146
58 169
58 171
58 178
58 189
58 638
640 190
641 197
59 92
59 642
59 643
59 98
59 124
59 131
59 644
59 645
59 646
59 647
59 199
59 648
649 72
650 186
651 191
652 133
653 185
60 71
60 654
60 105
60 655
60 107
60 129
60 135
60 137
60 166
60 1226
60 656
60 1250
60 182
60 192
60 657
658 121
659 130
660 187
661 201
662 217
61 663
61 664
61 119
61 122
61 665
61 666
61 138
61 149
61 155
61 177
61 667
668 72
62 63
62 74
62 85
62 102
62 109
62 164
62 167
62 170
62 200
62 227
63 74
63 101
63 109
63 164
63 172
63 179
63 183
63 669
63 200
63 228
64 670
64 67
64 70
64 84
64 88
64 671
64 672
64 104
64 106
64 673
64 109
64 126
64 132
64 155
64 164
64 174
64 674
64 224
675 115
676 133
677 134
678 175
679 185
680 225
681 229
682 205
683 94
684 104
685 199
686 190
65 69
65 90
65 102
65 126
65 127
65 148
65 150
65 153
65 175
65 211
687 199
66 73
66 604
66 688
66 94
66 110
66 151
66 152
66 168
66 181
66 198
66 212
66 213
66 689
67 106
67 109
67 132
67 145
67 164
67 167
67 174
67 200
67 227
68 690
68 78
68 82
68 691
68 92
68 96
68 692
68 108
68 693
68 694
68 1130
68 949
68 695
68 696
68 176
68 697
69 698
69 576
69 83
69 89
69 99
69 699
69 115
69 127
69 700
69 148
69 153
69 154
69 701
69 188
69 784
70 75
70 84
70 88
70 103
70 149
70 155
70 1093
70 164
70 183
70 702
70 219
703 202
704 105
705 135
706 192
707 215
71 708
71 709
71 137
71 710
71 711
71 712
71 713
71 714
71 715
71 716
71 1250
71 717
71 192
71 718
71 719
71 720
71 721
722 138
723 177
724 184
725 871
726 78
727 92
728 125
729 173
72 730
72 731
72 732
72 133
72 733
72 734
72 157
72 162
72 165
72 735
72 185
72 736
72 186
72 191
73 737
73 738
73 94
73 110
73 739
73 158
73 168
73 198
73 213
73 740
74 85
74 741
74 101
74 114
74 742
74 1109
74 743
74 744
74 178
74 745
74 200
74 228
746 76
747 198
748 163
749 197
750 84
751 155
75 79
75 752
75 753
75 754
75 136
75 149
75 1093
75 169
75 183
75 219
755 95
756 99
757 127
758 157
759 1224
760 210
761 221
762 97
764 177
765 871
766 116
767 143
768 191
76 83
76 89
76 769
76 770
76 99
76 110
76 130
76 771
76 147
76 152
76 772
76 154
76 181
76 188
76 198
76 201
76 213
76 222
76 773
76 774
77 85
77 86
77 87
77 103
77 775
77 150
77 169
77 170
77 171
77 178
77 216
78 92
78 96
78 118
78 125
78 776
78 139
78 140
78 777
78 1130
78 778
78 779
78 780
78 781
78 173
78 782
78 176
78 1291
78 218
78 783
785 83
79 786
79 97
79 114
79 117
79 135
79 136
79 166
79 182
79 215
79 219
79 228
80 787
80 788
80 789
80 128
80 790
80 791
80 196
80 223
576 83
576 115
576 792
576 175
576 1241
81 793
81 794
81 795
81 118
81 123
81 140
81 142
81 159
81 796
81 163
81 797
81 798
81 220
799 89
800 784
82 801
82 802
82 803
82 804
82 949
82 805
82 806
82 807
82 205
82 808
82 809
82 810
811 86
812 133
813 156
814 178
815 186
816 189
817 191
818 85
819 116
820 143
821 178
822 189
823 191
824 116
825 143
826 157
827 1224
828 191
829 217
83 89
83 830
83 831
83 832
83 115
83 147
83 153
83 154
83 833
83 175
83 834
83 188
83 835
83 1241
83 784
84 87
84 88
84 836
84 837
84 838
84 103
84 839
84 126
84 155
84 1093
84 840
84 841
85 102
85 116
85 842
85 1109
85 143
85 150
85 167
85 170
85 843
85 178
85 211
86 844
86 156
86 171
86 178
86 845
86 189
86 846
86 216
87 88
87 847
87 103
87 1093
87 203
87 229
88 103
88 109
88 126
88 164
88 170
88 183
88 203
848 114
849 189
850 228
851 763
852 119
853 137
854 871
855 193
856 195
857 146
858 160
89 859
89 147
89 154
89 188
89 222
89 860
89 784
861 158
862 168
863 198
864 220
90 150
90 165
90 175
90 185
90 225
865 188
866 222
604 111
604 121
604 141
604 181
604 877
604 201
604 212
91 151
91 152
91 161
91 167
91 187
91 204
91 209
91 867
868 97
869 101
870 230
92 96
92 131
92 872
92 873
92 173
92 194
92 874
92 1291
92 218
875 202
876 784
93 112
93 119
93 206
93 207
93 208
93 224
878 186
879 205
880 190
881 114
882 131
883 104
884 97
885 166
886 195
887 205
888 157
889 1224
890 160
891 103
892 134
893 216
894 225
895 229
896 181
897 212
94 106
94 898
94 152
94 158
94 168
94 204
94 213
95 899
95 116
95 127
95 143
95 157
95 161
95 900
95 180
95 211
95 217
95 221
901 131
902 171
904 871
905 113
906 163
907 168
908 197
909 220
910 122
911 135
912 136
913 1226
914 215
915 219
96 108
96 112
96 124
96 173
96 176
96 194
96 199
96 916
96 218
917 784
918 97
919 182
920 146
921 197
922 639
923 125
924 139
925 142
926 159
927 163
928 197
929 100
930 110
931 198
932 128
933 209
934 115
97 114
97 117
97 935
97 936
97 937
97 166
97 182
97 938
97 939
97 195
97 940
97 941
97 228
97 230
98 108
98 942
98 120
98 124
98 943
98 944
98 945
98 184
98 946
98 214
98 226
99 947
99 127
99 130
99 948
99 154
99 210
99 221
950 177
951 871
952 192
953 202
954 1250
955 182
956 138
957 184
100 958
100 111
100 121
100 147
100 201
100 202
100 959
100 222
100 960
100 784
961 155
962 871
963 161
964 180
965 217
966 128
101 967
101 968
101 969
101 970
101 172
101 179
101 971
101 972
101 200
101 228
101 230
102 116
102 127
102 150
102 161
102 167
102 170
102 180
102 211
102 227
973 139
974 155
975 123
976 1291
103 977
103 1093
103 169
103 170
103 183
103 216
763 107
763 119
763 978
763 137
763 979
763 177
763 192
763 871
763 193
980 148
981 153
982 188
104 106
104 983
104 126
104 132
104 984
104 148
104 153
104 188
105 985
105 129
105 135
105 986
105 1226
105 987
105 988
105 182
105 192
106 132
106 145
106 152
106 174
106 204
106 213
989 114
990 146
991 160
992 189
993 190
994 197
995 180
996 139
997 123
998 131
999 1291
1000 156
1001 186
1002 192
107 129
107 137
107 166
107 1003
107 1226
107 177
107 192
107 193
107 195
107 215
108 112
108 1004
108 119
108 120
108 124
108 1005
108 903
108 176
108 207
108 1006
108 218
108 226
109 126
109 132
109 164
109 167
109 170
109 200
109 227
1007 134
1008 1093
1009 169
1010 171
1011 216
1012 1250
639 125
639 139
639 142
639 159
639 163
639 190
639 197
639 1013
110 1014
110 181
110 198
110 213
1015 122
1016 149
1017 1226
1018 177
1019 215
1020 122
1021 149
1022 219
1023 111
1024 121
1025 147
1026 154
1027 210
1028 222
1029 784
111 121
111 1030
111 141
111 1031
111 1032
111 201
111 1033
111 202
111 1034
1035 202
1036 125
112 119
112 124
112 176
112 207
112 218
1037 116
1038 157
1039 1224
1040 210
1041 217
1042 221
1043 120
1044 903
113 1045
113 142
113 1046
113 163
113 1047
113 168
113 1048
113 220
113 1049
113 1050
114 117
114 1109
114 135
114 136
114 146
114 160
114 1051
114 182
114 189
114 1052
114 1053
114 1054
114 228
115 1055
115 1056
115 1057
115 175
115 1241
1058 136
1059 146
1060 169
1061 171
1062 202
1063 157
1064 165
1065 1224
1066 196
116 1067
116 143
116 157
116 161
116 1068
116 180
116 191
116 211
116 217
117 166
117 182
117 195
117 215
117 228
118 139
118 140
118 142
118 159
118 1069
118 173
118 218
118 220
119 1070
119 138
119 903
119 177
119 179
119 871
119 193
119 195
119 206
119 207
119 226
1071 1130
1072 223
120 1073
120 138
120 903
120 184
120 871
120 1074
120 214
120 226
120 1075
121 130
121 1076
121 1077
121 1078
121 147
121 1079
121 201
121 1080
121 202
121 1081
121 210
121 222
122 1082
122 149
122 155
122 1083
122 177
122 195
122 215
122 219
1084 175
1085 229
1086 1291
1087 198
1088 128
1089 196
123 140
123 144
123 159
123 173
123 194
123 1291
123 218
124 1090
124 184
124 1091
124 199
124 207
124 1092
124 214
124 226
1094 138
1095 903
1096 871
125 139
125 1097
125 1098
125 159
125 1099
125 173
125 1291
125 1100
125 1101
1102 136
1103 146
126 132
126 148
126 150
126 153
126 175
126 203
126 1241
126 227
126 229
1104 137
1105 165
1106 185
127 1107
127 148
127 153
127 154
127 161
127 1108
127 188
127 210
127 211
127 221
1110 178
128 1111
128 1112
128 1113
128 196
128 204
128 209
1114 138
1115 184
129 135
129 166
129 1116
129 1226
129 177
129 182
129 193
129 215
1117 151
1118 209
1119 877
1109 178
1109 189
130 147
130 152
130 154
130 187
130 201
130 210
130 217
130 1120
130 221
1121 202
1122 871
1123 197
1124 178
1125 189
131 1126
131 194
131 199
132 145
132 148
132 152
132 167
132 188
132 227
1127 180
1128 217
1129 184
133 1131
133 1132
133 156
133 165
133 1133
133 185
133 186
133 225
1134 141
1135 877
134 1136
134 1137
134 1138
134 216
134 225
1139 184
1140 168
1141 198
1142 185
1143 186
135 136
135 160
135 1144
135 1145
135 1226
135 1146
135 1147
135 182
135 215
1148 137
1149 166
1150 182
1151 205
1152 229
136 146
136 160
136 169
136 1153
136 171
136 1154
1155 202
1156 149
1157 155
1158 177
137 1159
137 166
137 1160
137 1250
137 192
137 193
137 1161
138 903
138 177
138 184
138 871
138 214
138 1162
138 226
138 1163
139 142
139 159
139 1164
139 173
139 1291
139 1165
1166 198
140 144
140 159
140 173
140 218
1167 210
141 181
141 1168
141 877
141 201
142 159
142 163
142 220
1169 190
1170 228
1171 1130
143 157
143 162
143 1172
143 191
143 211
1173 1224
1174 188
1175 198
144 199
144 218
144 223
1176 190
145 167
145 174
145 200
145 204
145 227
146 160
146 1177
146 171
146 189
146 1178
147 154
147 201
147 210
147 222
148 153
148 188
148 1179
1130 1180
1130 949
1130 1181
1130 1182
1130 1183
1184 156
1185 225
149 155
149 1186
149 219
949 1187
150 170
150 175
150 203
150 211
150 225
150 227
150 229
151 152
151 187
151 1188
151 209
151 212
151 213
151 1189
151 1190
1191 871
152 168
152 188
152 201
152 204
152 209
152 212
152 213
152 1192
153 175
153 188
153 1241
154 188
154 210
154 222
154 784
1193 1291
155 164
155 1194
155 1195
155 224
156 186
156 1196
156 1197
1198 1250
1199 871
157 162
157 165
157 1200
157 1201
157 1224
157 191
157 211
157 217
157 221
1202 202
158 168
158 220
1203 903
1204 871
1205 180
1206 217
159 163
159 1207
159 173
159 190
159 1291
159 1208
1209 205
160 1210
160 1211
160 189
160 1212
160 1213
1093 169
1093 171
1214 182
1215 199
161 167
161 180
161 187
161 211
161 217
161 221
161 227
1216 177
162 165
162 1217
162 191
163 1218
163 190
163 197
163 1219
163 220
164 170
164 172
164 174
164 183
164 200
164 224
165 1220
165 1224
165 185
166 182
166 193
166 195
166 205
166 1221
166 215
1222 168
1223 220
1225 171
167 200
167 227
903 871
903 226
903 1227
1228 192
168 1229
168 1230
168 198
168 204
168 213
168 220
168 223
168 1231
168 1232
169 171
169 183
169 216
1233 222
1234 784
170 183
170 227
1235 1226
1236 177
1237 192
1238 193
1239 215
1240 175
1242 229
1243 1224
1244 191
172 174
172 179
172 200
172 206
172 208
172 224
172 228
1226 192
1226 193
1226 215
1245 877
1246 198
1247 190
173 194
173 1291
173 218
1248 182
1249 1224
174 200
174 204
174 208
174 224
175 203
175 1241
175 216
175 225
175 229
176 218
176 223
177 871
177 193
177 195
177 215
177 219
1250 1251
1250 1252
1250 1253
178 189
1254 189
179 195
179 200
179 206
179 208
179 228
179 230
180 217
180 221
181 201
181 212
181 213
182 1255
182 215
182 1256
184 1257
184 871
184 214
184 1258
185 225
1259 186
187 209
187 1260
188 1261
1262 201
1263 212
1264 223
1265 199
1266 214
1267 230
1268 212
190 1269
190 197
190 1270
190 1271
1272 202
1273 197
1274 228
192 1275
192 1276
192 1277
871 1278
193 195
194 1291
194 218
195 205
195 215
195 230
196 200
196 204
196 208
196 209
199 218
1279 202
200 204
200 208
201 1280
201 212
201 213
201 1281
1282 202
202 1283
202 1284
202 1285
1286 220
1287 222
1288 784
203 229
204 208
204 209
205 1289
1290 220
206 207
206 208
206 224
207 226
208 224
209 1292
210 217
210 221
212 213
212 1293
1241 229
1291 1294
213 1295
214 226
215 219
216 225
216 229
1296 217
217 221
218 223
222 1297
222 784
225 229
1298 784
