1347 2572 0
0.0656107200723018 0.0794708151220821 0.0974634375449823
-0.0538434559531577 -0.2884238888877500 -0.0174295312705516
0.3084965984577180 0.0854759523320623 -0.3918427593670362
0.2283923898735490 -0.1882433853649098 -0.2536404289216043
-0.1354468262756300 0.3667821181448556 0.2738044678084894
0.3508012053946076 0.2355305386641834 0.0593682578650983
0.4820780256354318 0.0577399322243473 -0.0513461830442740
-0.2825897345417813 -0.0734226366388720 0.4264683647174049
-0.4174645608668281 0.1243585698449272 -0.3307240402929657
0.0428379404493713 0.4152468770508037 -0.4411092161394469
-0.3046676210286892 0.1873036882484030 0.2875340190027697
-0.0344494503359951 -0.1489933607779488 0.3360668724642194
-0.0858303071114436 0.0803520833945247 -0.1054117876186230
-0.1097017660187284 -0.0731101689709893 0.4471115654417827
0.3887583080154537 0.3543754670066019 0.4881272636318728
-0.1222082366364788 -0.1407044419748006 0.4508635888870730
-0.2739012471055405 -0.2034707794524837 0.3579997385372564
-0.1996762533762363 0.4205815208893107 -0.2331974726510544
-0.2877878278816478 -0.0971258625845983 0.4379108099303344
0.0852663559643308 -0.1723919475882422 -0.0627803124243087
0.3453870444507763 0.4448401508466866 0.1149140665393667
0.0452646720774623 0.1780587891403890 -0.2956804456720999
-0.1842289115924081 -0.0258055324867642 -0.3378199736948436
-0.3862728868003844 -0.1985376259996831 0.4816244162672170
-0.3264189722717596 0.4097362917969087 -0.3149619898159399
0.1100940584892030 0.0801672765243366 -0.2423246331404900
-0.2467857358235784 -0.1571436722214710 -0.1127473826251728
0.0322187754524710 0.1126028170557417 -0.3441791354635996
0.0620745885726459 0.1901955055189278 0.4664215100258236
-0.2061661257544556 0.0780976634291378 -0.1446950489352609
-0.3105374736190731 0.2480005256159091 -0.1985181997696987
0.4179699676139408 0.4763518278716616 -0.2725608670324996
-0.2385949083301714 -0.3061117218869727 -0.2199607620444296
-0.1914865377435015 0.2855768739836376 -0.3764003043874257
-0.0848238610397118 0.1232414025760119 0.2348281616193999
0.0123432221202301 -0.1576376882030021 0.0542184191260471
0.4002367248444506 -0.4779440491143269 0.2203417303364601
0.3525146940042877 -0.2499023764643265 -0.3184541439318529
-0.1886297903640238 -0.1418522333790709 0.1946740367642459
-0.0586204768228380 -0.3529836643243762 -0.1248922992575193
0.3790831703269513 0.3690781692121921 -0.1639842603373519
-0.2907120192502776 0.1961708282012982 -0.1836855111472313
0.4058884984789396 -0.4569001489001021 0.3898615552483665
-0.4434068671664801 -0.0376126666832406 0.3070047089903907
0.1936070395451018 0.2787523607352008 -0.1197286492011588
-0.2928563178066060 -0.1335926259440177 0.4267007468367648
0.0814828218135060 0.2929039036242381 -0.4264292781961284
-0.4875312602410059 0.4274000263886892 -0.2451069115136836
-0.0002724020128277 -0.1096588402617756 -0.4441364402727651
-0.3681083712737461 0.1815431565364904 0.3650432648601427
0.0030071046389265 -0.3176715407945755 0.1796477542284243
-0.1954596892452410 0.0722384896082679 0.2694631758409552
0.3846393011116053 0.3744937047015861 0.0488803829108376
-0.2820805323513695 0.0106050869054293 0.0576724832305560
-0.3062679343596775 0.1999378252470873 -0.3399722829564367
0.2514521298197193 -0.4217274618687223 -0.4656592069480617
0.1600172093562871 -0.2443410023656872 0.3908019608077958
-0.2927246053770952 -0.2274906454115320 -0.4530607880046064
0.0690991922145991 0.3647127277181585 0.2786120887143587
-0.3895271146878360 -0.0237289646355233 0.0284809598218245
0.2337559545221054 0.2143067381549802 0.4123123622294741
0.1803376293796077 0.3429524207999872 0.4954376658662798
0.1504087585803640 -0.2092902110233814 -0.0908570094272872
0.4405602065896700 -0.3563142139294826 0.1716870125800956
0.0305117107713051 0.2657341287623585 0.4054690023748616
-0.3795669445939292 -0.4635866762447448 0.1139448883595683
0.2829453889217090 0.3131208935707321 0.3587142815558894
-0.1778703937142607 -0.0812610741568760 -0.3033180812491891
0.0565041730304840 -0.3842746868639852 0.4074605343946232
0.0043045002709147 0.0303899889137073 -0.1002279896904927
-0.3217655562843496 -0.2203364079846163 0.0523642024858935
-0.4919973514991129 -0.0561176752511291 -0.1093007067296697
-0.3834917279309896 -0.2681365066047884 0.4029694942817956
-0.3178073515439545 -0.1580449777056646 0.2174699569203700
-0.2410277177214520 -0.0682324257744281 -0.4775285118506108
0.4371163854429135 -0.1147795827258848 0.0364830889287261
0.0951979562006905 -0.4065258975349130 0.1926401062175676
-0.2874024085870691 -0.2926230477267228 -0.4527868601549186
0.0472526646849329 -0.2318854492808457 0.3007173573939059
0.4442357791561434 0.2961467428647837 -0.0172442371351295
0.3533621110343646 0.3800832805918264 -0.0754327024456361
-0.4427832629772450 0.3243755168178764 -0.1339818665864328
-0.0370708736441795 -0.4852276570586975 0.1532423550866195
-0.2777854967798076 -0.1829508497270398 -0.2348116486972285
-0.0868498470427241 -0.4609598492869407 0.4718451412015741
-0.4533304846207049 0.0273102631154725 0.1768972789659827
0.0439947946412631 -0.1037717696305560 0.0278624328737343
0.3721427762634917 -0.3420120957378465 -0.3475914528413603
-0.1060678662736992 -0.3769348897699811 -0.2489034773239018
-0.0030924610725843 0.1986905954380028 0.3897354103861368
-0.0033070346719542 0.4062943968196848 -0.4136598266565472
-0.2153940458525045 0.4335350047811845 -0.2207773140475452
-0.4643416171730131 -0.2753528161703123 0.3184245201187832
0.3992957358762756 0.1181801179714143 -0.3669770503180709
-0.0774863260580582 -0.3238286025628570 -0.3137329314935285
0.0012758122595058 0.2645303512872129 0.2252156308100824
-0.2934349089999203 0.3654381756344793 -0.4066664354546065
0.1338315210031927 0.4395835334284275 -0.4263933325883110
-0.0873129449577371 0.0481509404531383 0.2372071201700894
0.0739429519661048 0.3097625069972000 0.1233262383711357
0.3753793446675156 0.0923148553484155 -0.2639204175716972
0.3812364481894013 -0.2203390052682873 0.4195827323220692
-0.2660720049453393 -0.1775023049688579 0.0125323702302315
0.2449647315743396 -0.0435692301314279 0.1987265063780649
-0.1447202751763315 -0.1836904958910401 -0.4820094374117327
-0.1063658309977651 0.3524503798706346 0.3880401502593067
-0.3606059373682534 0.0681102835637738 -0.4217252680228741
-0.0776206706618767 0.0354252711773677 0.2207488808961532
0.1094684654033910 0.3215900726668067 0.0004875549290921
0.0121072612048187 0.1216251784807231 -0.2609633705316468
-0.3517123318816547 -0.1756938018584797 0.3147025870272075
0.1982120442437141 -0.3625905751370446 0.3706373718967634
0.0707376760960754 -0.2949669914451605 -0.3890205847216758
0.2709663523038259 0.2323536909543486 0.3480865846909176
-0.3499223029127825 0.4538470220542237 -0.0561207003451663
-0.0020320072930426 -0.0550853716028795 -0.1981628429868346
0.4593335090041787 0.1818011118156762 0.2194282701944988
0.3588695066109165 0.2858875371356226 -0.2593663226254786
0.1228315873578541 0.3947117186841372 0.4658459748030829
0.4824125249005501 0.1080684949565356 0.4551995542532510
0.2820423869415681 0.4002151178814201 -0.4132870948989760
-0.0364823140528054 -0.2268237127447861 -0.1663736237168119
-0.3800487154776335 0.2438200809599935 -0.0905885470254672
0.3167527044718965 -0.3164679265999494 -0.4618960251689722
-0.0637723971306772 -0.4537683373572300 -0.1535886110282503
-0.4075867889453489 -0.0321422743093914 -0.3604744593701693
-0.2624557854835171 0.0621163808941999 -0.1243002090810963
-0.4708267161732277 -0.4784583577709225 -0.4788792190966966
0.3899519448879293 0.1677961325268882 -0.4174345709005469
0.2337249220566605 -0.0108300211800954 0.3659006496086026
0.1867823434184523 0.2916762915799327 -0.2500237835504622
-0.0946756807646183 -0.1749832530647671 -0.4236337648149901
-0.0710246556155348 0.2500077211433537 -0.0754289961145516
-0.2500417175040512 0.2102606974919738 0.1231333094172074
-0.0685161281732989 -0.4183905834404053 0.0194089691934329
0.0151020685117966 -0.4624500879936287 -0.3369780372737622
0.0929408773028127 -0.2695451445842639 0.4769460796192544
-0.1629678250875198 -0.4948369241641946 -0.3877066721659828
-0.3463751870248814 -0.1378456286318693 0.2514281479583549
0.4568867634276729 -0.4248055166407873 -0.2157625884923511
0.1588452907153386 0.3641875206836506 -0.0967773722118288
-0.2465180975253955 0.3703581923908644 0.1493321537433989
-0.4672434941040757 -0.2482787890557689 0.1978762259277032
-0.1834082912809729 -0.3774270418477327 0.0598107157737703
-0.1841215402900159 0.3470672969098735 0.1046432527704773
-0.3382336066796054 -0.0501392902369013 0.0919190727452778
0.3618915160497631 -0.2113435653433596 -0.0723807158720135
-0.0212303213557159 0.2221479689036035 -0.4689531688204477
-0.4388811242784383 -0.0827035645909744 0.0296272778807422
0.2839570763884726 0.3046194940500302 -0.2884233603251254
0.1536177357289971 -0.1729687105707052 -0.4732318317908982
0.3571130568078471 -0.3845830110405672 -0.0578803862385756
0.1041210534412067 -0.3271882712573843 0.0512008613933464
-0.0892638591012045 0.0310593530821065 -0.0874072567605718
0.3010208327875748 0.4787165563475099 -0.3363259451670693
-0.2260195727590704 -0.0126706376264286 -0.1628375677338334
-0.2275881935512882 -0.2482887932466568 0.3486532995045069
-0.3335561322628091 -0.3389711468845960 0.4398961507862582
0.2153237130118804 -0.1254680955962028 -0.2184471907979456
-0.3740031556113235 0.2383878779173477 -0.0210876689938748
0.2762044107030401 0.3489471295929268 -0.2491588328647416
0.2239857002083338 -0.2469700027577260 -0.4814467618700416
-0.4381943476744530 -0.1954613766223244 -0.1816410596077982
-0.4626371195921978 -0.3976098633612566 -0.2461184389569986
0.2453313808326457 0.0713586612066251 0.1203719282108000
0.0638776182125063 -0.2038616904301629 -0.0805968047415732
-0.4571072684718112 0.3489461877287765 0.0078972764860751
-0.1411991949490993 0.0387678885357232 -0.1157522321169532
0.2657515123881928 0.4939612239883973 -0.0013173863237199
0.0976013952622916 -0.0703268700691376 -0.1815249006408625
-0.2502672793719704 0.4674998564744510 0.1167451278588264
0.1040786694488084 0.4213572817403479 0.2130674733355131
-0.4006261081363501 -0.4196011660156549 0.1494950015062564
0.3234744687751539 0.2144385453066351 0.1626739891958233
-0.4047856599263089 -0.0938358563211977 0.1402127367927178
0.2649411223317086 -0.1760164231530131 0.0378913111273705
-0.2382608800343128 0.3440470014636565 -0.3733638686912744
0.4085628137644866 0.1448119813826632 0.1737788152675346
0.4083868607191012 -0.2412993418483247 -0.3174960568722986
-0.1594679719226760 0.2875976177894805 -0.3560748797967794
-0.4486703722679931 -0.3819235960750784 0.1051543902999126
0.0389803554671271 0.3582133679910491 0.1211388909651390
-0.2860988510998957 0.3513420388484273 0.0834317167319975
-0.2014048983050060 0.4609547716591722 -0.2281981823779652
-0.0222005440208255 0.3223707289556921 0.1457897144791609
0.1134098104324246 -0.0187657491862110 0.1772981902909276
0.4015429901458930 -0.1815867444386517 0.3442342656782376
-0.3760374587765694 -0.2721393076725856 -0.2871814269261527
-0.4850718465820629 -0.3034142585952272 -0.3696205024872454
0.1514357657489193 -0.4150208249503075 -0.1087467242301124
0.1948382365161102 -0.1697198546680567 -0.4028774416866087
-0.4670048652273228 -0.1470553926446270 -0.0861858200832867
-0.2539449028078677 0.2667628593257248 -0.4722587719848304
0.1823452633602152 0.4231422292449285 0.2339182387454068
0.1351688866062555 0.2575388736001356 0.4373367093042850
-0.2238919272119975 0.2802639191101208 -0.0506978341674310
0.3174739605077010 0.0221821005718124 -0.2386664028017233
-0.4739400069562014 -0.3185673478557703 -0.4244224232808558
-0.2207264589596495 0.3450029527318118 0.0924020004437079
0.4807253101774572 -0.0301937172860233 0.4049340252342897
-0.0876831765748719 -0.1793673888336414 -0.2503872698499972
-0.1985936034307798 -0.2980397157875516 0.4115743494326928
0.4112736170799678 0.0025528796044349 0.2892596263171585
-0.1368131509193855 0.4322415968192622 0.1182730910834713
-0.2448530628012952 -0.4121483029374892 -0.1477101057446740
0.0777884224268653 -0.2735969651861209 -0.3416613112402048
0.0760656531289071 0.0483265961619797 0.3467100238487305
0.3201099135953225 0.0970203596820500 -0.3025181728588273
0.1966276354099018 -0.2365047056559017 0.3800806107472702
-0.4705224501164493 -0.2549950518565227 -0.3529893494508467
0.3762471626570228 -0.2800789009621644 0.4274077972026181
0.1637221996487447 -0.0602976589678307 0.3967844388838548
-0.2522307429029392 -0.3057127016183880 0.1678668097078135
0.4725836606177558 0.1730592044819913 0.3945996112199461
-0.0668656037914092 0.3494858567463371 0.3380396544284780
-0.3460214367828662 -0.0460489770639651 0.3869991991150930
0.1030775853265883 -0.0663151517033401 -0.1273131812423267
0.3818163535758624 -0.3117399892561409 0.3618932557884622
-0.1098161221391006 -0.3806666028028436 0.3619496479540610
-0.3815438181317813 -0.1481691430590023 0.0005617443996200
0.0597950279425338 -0.2251301458939152 -0.4526345298171019
0.2328937390001337 -0.3778730513741145 0.2411778255385448
-0.3314287244672851 -0.0096920064779963 -0.2986914097520144
-0.3471974628877796 -0.4590283266844663 -0.2847992441130388
-0.2229976772906881 0.3056995002768438 -0.0769294772119282
-0.3654863103915362 -0.0985951571426544 0.0062974201208124
0.1045626992218863 -0.4365979299284153 0.0776445232830966
-0.4731102200537063 0.0661953767363239 -0.3412094244165565
-0.0888746930978040 0.3119697982745038 0.1091020068048346
0.3033711255601235 0.0848806209671337 0.1422898091914205
-0.4012154746206517 -0.4309358503266176 -0.1528967053076255
-0.1116924788817887 0.3317948044263452 -0.0690332687739219
-0.2036454945448021 0.0650209389854089 -0.0570380831443115
-0.1566851194378757 0.3586655164998189 0.1870995125915227
0.0155673468554063 0.4273803152433778 -0.2745050784362161
0.1617267088207923 -0.3394977614606382 -0.2311655363902949
-0.0008519456939268 0.2520705047091686 -0.4562353548838515
0.2577093182063878 0.2829700169961680 -0.3977364914350548
-0.3195929944483996 -0.0353249216410218 -0.3336799162724058
-0.4198342157214480 0.0295657962530991 -0.4597262624855311
0.4783206241704694 0.0176553417609397 -0.3739436235969080
0.1775321425992062 -0.0240238069558588 0.0790253469139850
-0.1403962250717433 0.2271326368853014 0.1164715907009916
0.1445011908022410 0.5000000000000000 -0.4303500164557244
-0.4544628642004723 -0.4884549763353512 -0.5000000000000000
-0.3500620096646053 -0.5000000000000000 -0.4402137540919712
0.2729403186995635 0.0300426208230362 -0.5000000000000000
0.2526237169201506 0.1115556119242569 -0.5000000000000000
0.3569471859870642 0.1208580856775181 -0.5000000000000000
0.3165537590582567 0.1029368892713672 -0.5000000000000000
0.2883193580551793 0.0790093282309523 -0.5000000000000000
0.3417685656430646 0.0446141195710550 -0.5000000000000000
0.3392228172573330 0.1345659324952004 -0.5000000000000000
0.3124904355812790 -0.1339803481091099 -0.5000000000000000
-0.4531678248776558 -0.0087263034530440 0.5000000000000000
-0.4081948655364493 0.1122623824222815 0.5000000000000000
-0.4928513505586392 -0.1291856463986975 0.4890902184638782
-0.3905271396088167 -0.0213304947765163 0.5000000000000000
-0.4565691043156771 -0.5000000000000000 -0.4307699155389727
-0.3557009422268287 -0.5000000000000000 -0.2552725745283682
-0.1216925794253730 0.5000000000000000 0.2960465759001825
-0.1236833434261851 0.5000000000000000 0.3115490449471692
-0.1243065539909063 0.3770663640009702 0.5000000000000000
-0.1675894632463137 0.3336018161666688 0.5000000000000000
-0.2282139663280421 0.5000000000000000 0.1362023790704375
0.1005786969176576 0.4435553408447336 0.5000000000000000
-0.4693642645445291 -0.3867378954423356 -0.5000000000000000
-0.3016815797473715 -0.3121034046139679 -0.5000000000000000
-0.4662541457631494 -0.4762414729680615 -0.5000000000000000
-0.4592475216470113 -0.3425056996840068 -0.5000000000000000
-0.3675714084591088 -0.4525302951825964 -0.5000000000000000
0.5000000000000000 0.0571744765028607 -0.0762007972489627
0.5000000000000000 0.0472205980031104 -0.0474735849718034
0.5000000000000000 0.0353245669445648 0.0327629326399586
0.5000000000000000 0.0920029778657893 -0.1076933593285980
0.5000000000000000 0.0568928644626258 0.0264700040398315
0.5000000000000000 0.0610588470307243 -0.0343276149665256
0.5000000000000000 0.0554577763067467 -0.0484766958656962
0.5000000000000000 -0.1186131402265769 -0.2587864267895274
0.5000000000000000 0.0093811198242839 -0.0171186438117844
0.5000000000000000 0.0830375634149461 -0.0500184582292386
-0.3015849923212292 -0.0603720179118744 0.5000000000000000
-0.2109427112832015 -0.0749894192297295 0.5000000000000000
-0.2507730217524428 -0.0095729956279383 0.5000000000000000
-0.2843188821891718 -0.0792452522779033 0.5000000000000000
-0.5000000000000000 0.1093083809285956 -0.3174627487780645
-0.4626199311655249 0.1562607350294454 -0.5000000000000000
-0.5000000000000000 0.3281785216043049 -0.4078603361145012
-0.3770481208013455 0.1974387042032067 -0.5000000000000000
-0.4058465061542372 0.1527783923818526 -0.5000000000000000
-0.4552733079560638 0.3275946134227060 -0.5000000000000000
-0.5000000000000000 0.1229599524219851 -0.2068229509603558
0.0994183640323832 0.3911662347965780 -0.5000000000000000
0.0467650230321294 0.4256128807214652 -0.5000000000000000
0.0139884701688002 0.4622205745192528 -0.5000000000000000
0.5000000000000000 0.4785492940729378 0.4758772100636406
0.4593807237916409 -0.4258686935424432 0.5000000000000000
0.4602614637908208 -0.4248537999370684 0.5000000000000000
0.4630382081566881 -0.4129351107033595 0.5000000000000000
0.4592259102584813 -0.4236097623300322 0.5000000000000000
0.4043886001810186 -0.3708160777105822 -0.5000000000000000
0.3425343595820001 -0.3341680751332083 -0.5000000000000000
-0.1110458244048619 -0.4948493173795513 0.5000000000000000
-0.3138880030135299 0.1651950002299146 0.5000000000000000
-0.3246301112536414 0.2350625432885432 0.5000000000000000
-0.2104992033723171 0.1642209245160699 0.5000000000000000
-0.2469138080295759 0.0291190783604563 0.5000000000000000
0.1309918564815839 -0.1391070547153577 0.5000000000000000
-0.0272486713922491 -0.1958872818659227 0.5000000000000000
0.0413067161935562 -0.2085178683300027 0.5000000000000000
-0.0075350793531227 -0.1322395406448696 0.5000000000000000
-0.1275215075989816 0.0657762809160848 -0.5000000000000000
0.1153779667997624 -0.1333400399899059 0.5000000000000000
-0.1617064781438467 -0.0352453477405527 0.5000000000000000
-0.1187846319162347 -0.0882536623763016 0.5000000000000000
-0.0676192054649640 -0.1416527470641751 0.5000000000000000
-0.0994867804720416 -0.0456927235369487 0.5000000000000000
-0.1600614122181054 -0.0747388576446633 0.5000000000000000
-0.0687368966763776 -0.0414862790893060 0.5000000000000000
-0.1034364931407693 -0.0847318946155386 0.5000000000000000
-0.1148908559376502 -0.0629406351535701 0.5000000000000000
-0.1257026885534300 -0.0461308314923830 0.5000000000000000
-0.0874975014658745 -0.0770390428162361 0.5000000000000000
-0.1186464570760242 -0.0755881877318524 0.5000000000000000
0.5000000000000000 0.3418350717001000 0.4208249855249580
0.4603225056645284 0.3949482048490702 0.5000000000000000
0.3562275272630979 0.5000000000000000 0.3936521289941484
0.3537415558210796 0.3498139533100547 0.5000000000000000
0.4008220430683189 0.4221973325494119 0.5000000000000000
0.5000000000000000 -0.2855949055597339 -0.3479145813507744
0.5000000000000000 -0.3500924271807506 -0.2770545014350425
0.5000000000000000 -0.2557086306755109 -0.3372656574677780
-0.1268665887741574 -0.1605372601626124 0.5000000000000000
-0.1287146565712892 -0.1439389272514605 0.5000000000000000
-0.0757089952654140 -0.1744109177056342 0.5000000000000000
-0.1620150011982982 -0.1647782976397936 0.5000000000000000
-0.1631846008914829 -0.0983287905945971 0.5000000000000000
-0.1148878795149138 -0.1437705914087130 0.5000000000000000
-0.1287707996487696 -0.1330825174749491 0.5000000000000000
-0.2785189430386651 -0.2203614366097474 0.5000000000000000
0.0321063624485776 -0.5000000000000000 -0.4077529627694337
0.0044613435612310 0.5000000000000000 -0.0854728376405984
-0.1923954737866625 0.4182390583354523 -0.5000000000000000
0.1368651682050672 -0.1432685281804137 0.5000000000000000
0.1337578168816453 -0.1410101532538287 0.5000000000000000
0.1284398769491749 -0.1613815289832208 0.5000000000000000
0.1340269843428316 -0.1331241035259275 0.5000000000000000
0.1381891713907044 -0.1425837303275419 0.5000000000000000
0.1370865887323691 -0.1353212502938208 0.5000000000000000
-0.2158211401316332 -0.0819902879728137 0.5000000000000000
-0.2878676829601008 -0.0956587824634368 0.5000000000000000
0.1235638456944734 0.3324168173181184 -0.5000000000000000
0.1475291968291752 0.3995495500714321 -0.5000000000000000
0.2103983917234790 0.3801455145521348 -0.5000000000000000
0.1645979257384924 0.3510264603162074 -0.5000000000000000
0.1963498839176220 0.3344859564555736 -0.5000000000000000
0.2801437920052651 0.5000000000000000 0.1686131048006223
0.4756874341029512 0.4046569328691836 0.5000000000000000
0.3517342309398205 0.5000000000000000 0.3333068827749864
0.4234579761794521 0.5000000000000000 0.1227411360808343
0.1131968128279986 0.1631409378171605 -0.5000000000000000
0.0923208703098936 0.1552850548358796 -0.5000000000000000
0.0939293121204573 0.1771437706655092 -0.5000000000000000
-0.5000000000000000 0.1800695505897701 0.2386422430532434
0.5000000000000000 0.1175197370113678 0.4676858976829468
0.5000000000000000 0.1766249354227640 0.4225853606141534
-0.3862026786898580 -0.2045923948096481 0.5000000000000000
-0.3851559834165532 -0.2721128220914666 0.5000000000000000
-0.3430203329858363 -0.3305088931985719 0.5000000000000000
-0.1348339199600246 0.0561139991956255 -0.5000000000000000
-0.2584444210235094 -0.0511581670171506 -0.5000000000000000
-0.5000000000000000 -0.2758226599538490 0.4911621537065940
-0.3750331363589204 -0.2028688079377623 0.5000000000000000
-0.3835878192859537 -0.1840657936648679 0.5000000000000000
-0.3913417363591032 -0.1882536537931166 0.5000000000000000
-0.3761364336849055 -0.1875288269125349 0.5000000000000000
-0.4636172870648990 -0.4926883416458962 -0.5000000000000000
-0.3742714887279288 0.5000000000000000 -0.0729013680067218
-0.4470257136194825 0.3562693662611002 -0.5000000000000000
-0.3528729226232473 0.4469778710584827 -0.5000000000000000
-0.4144805288675240 0.4511247755660316 -0.5000000000000000
-0.3230449025574305 0.5000000000000000 -0.3353021397321752
-0.3702495669228438 0.5000000000000000 -0.3644341081444287
0.2133188460703845 0.0103080439986267 -0.5000000000000000
0.1453352800228076 0.1235222179825106 -0.5000000000000000
0.1259568025005043 0.1099943683036719 -0.5000000000000000
0.0314522492135774 -0.0923639426294417 -0.5000000000000000
0.1239778111101195 0.0857734946977681 -0.5000000000000000
0.1170117135859937 -0.0681874383710702 -0.5000000000000000
-0.5000000000000000 -0.0382316178918562 -0.1326838344458896
-0.5000000000000000 0.2184446676216207 -0.2147048402941091
-0.5000000000000000 0.0752839914041967 -0.3312281605938191
-0.4495135035757322 0.2837121674760984 0.5000000000000000
-0.4801944810486665 0.4021825840664265 0.5000000000000000
-0.5000000000000000 -0.2499543354886749 -0.3469256227712564
0.3783276196971667 -0.5000000000000000 0.2510194169524800
0.3667781410873468 -0.5000000000000000 0.4015515594232958
0.2385514281319626 -0.5000000000000000 0.3348728202853563
0.3830073096700524 -0.4173234698085598 0.5000000000000000
0.3677519349354696 -0.3032426746550910 0.5000000000000000
0.3666001484121343 -0.3321045350696221 0.5000000000000000
0.0982290465336116 0.1313718111189602 -0.5000000000000000
0.0787298592928625 0.1215816732872923 -0.5000000000000000
0.0236956404934531 -0.0756811839483804 -0.5000000000000000
0.0720164074188590 0.1046096976339377 -0.5000000000000000
0.0168427043206919 0.0744179275316024 -0.5000000000000000
-0.1128137231910585 0.0699923060273351 -0.5000000000000000
-0.0251994703493102 0.1176643589579273 -0.5000000000000000
0.0799268881438823 0.1400054602707887 -0.5000000000000000
-0.4669666373652456 0.5000000000000000 -0.3200234875401443
0.5000000000000000 -0.4210356241830033 -0.3646388169509212
0.4267410835785705 0.5000000000000000 -0.2538338638808124
-0.3243635427936069 0.1655969000162783 0.5000000000000000
-0.3019581485358706 0.1523274822216261 0.5000000000000000
-0.2659595566682772 0.1890907486826254 0.5000000000000000
-0.3213482000387983 0.1202769897040840 0.5000000000000000
0.0513885757662016 0.1817203023853336 0.5000000000000000
0.0618100667458555 0.2027775940993007 0.5000000000000000
0.1389393916415784 0.1985573835843616 0.5000000000000000
0.0662435725599605 0.1752122941252796 0.5000000000000000
0.0989840484875947 0.1686318427014001 0.5000000000000000
-0.1330719499820338 0.0657379042034171 -0.5000000000000000
-0.1956824311171476 0.1784001447881827 -0.5000000000000000
0.2621259215095996 0.5000000000000000 0.0357157511044200
0.2297030046067801 0.5000000000000000 0.2060689025236401
0.1208769870216630 -0.2583291798211010 0.5000000000000000
0.0818971949192710 -0.3133967652065977 0.5000000000000000
0.1308657616148657 -0.2973049687086947 0.5000000000000000
0.0945363456154333 -0.2686394204588357 0.5000000000000000
0.1319963610388852 -0.2561360515412752 0.5000000000000000
-0.1020472065762546 -0.3148338961739206 -0.5000000000000000
-0.1563530702305404 -0.3078955961575416 -0.5000000000000000
-0.0509185683031074 -0.3294951851341115 -0.5000000000000000
-0.0918210456008744 -0.3208722662750960 -0.5000000000000000
-0.0890065110472773 -0.3165061497099152 -0.5000000000000000
-0.1350062183203240 -0.2608030839331290 -0.5000000000000000
-0.0914705444585026 -0.2822388275581118 -0.5000000000000000
-0.1030433565063133 -0.3466237227819228 -0.5000000000000000
-0.0403122208540356 -0.2853819036352238 -0.5000000000000000
0.4466296236583706 -0.5000000000000000 -0.2610058746547206
0.1449082367835088 0.3933261450446764 0.5000000000000000
0.4780613331178888 0.1352433763459777 0.5000000000000000
0.4675463042924422 0.2033264392926193 0.5000000000000000
0.5000000000000000 -0.3164072119752354 0.1225745944837649
-0.4658514644142661 -0.4798981404634212 -0.5000000000000000
-0.3744641469586798 -0.4765524539558170 -0.5000000000000000
-0.4506278694080257 0.3445425171798715 -0.5000000000000000
-0.5000000000000000 -0.2145894535650094 -0.2286424994007785
-0.5000000000000000 -0.2795496390195976 -0.3345382248725456
-0.5000000000000000 -0.1854797541775069 -0.1690418918744101
-0.5000000000000000 -0.2411340110521368 -0.3072997304361102
0.3604523399096489 0.3480850650516184 -0.5000000000000000
0.4596210934679012 0.5000000000000000 -0.3031450372088418
0.3940510422663684 0.5000000000000000 -0.2782324581934765
0.4650844446573102 0.4572070568882363 -0.5000000000000000
0.4470677754735586 0.5000000000000000 -0.3969063481457916
0.5000000000000000 0.3757273781490750 -0.2794829889956192
0.4055313072575632 0.5000000000000000 -0.4039181237903702
0.4289858676562340 0.5000000000000000 0.0453131819302215
0.5000000000000000 0.4744364419152607 -0.0940046805975636
0.5000000000000000 0.4597513685804890 -0.3113672243176678
0.4060627419993638 0.5000000000000000 -0.2431021216795760
-0.2229704621384354 -0.4129798638974242 -0.5000000000000000
-0.2222683907710757 -0.3754205482148538 -0.5000000000000000
0.2492566128306319 -0.4166435687651633 0.5000000000000000
0.2574446079916838 -0.4180014344917359 0.5000000000000000
0.2404742295007575 -0.4106564471445624 0.5000000000000000
0.2600127630271368 -0.3979640280889707 0.5000000000000000
0.2532218062115242 -0.4074021177663885 0.5000000000000000
0.2433747730164052 -0.4130448563093762 0.5000000000000000
-0.1372297013378125 0.0929046441094298 -0.5000000000000000
-0.1921371654134923 0.2426206769439914 -0.5000000000000000
-0.1901042800668766 0.3466716131067035 -0.5000000000000000
0.4064088223838319 -0.3317137749683245 -0.5000000000000000
0.3420185070919406 -0.3175630482633976 -0.5000000000000000
-0.2052309338174711 0.1627091725685779 0.5000000000000000
-0.0647915038996871 0.1156736512899308 0.5000000000000000
-0.1372332385276955 0.0431446155271554 0.5000000000000000
-0.3855310948732173 -0.5000000000000000 0.1330095014719950
0.3980066170141218 -0.5000000000000000 0.2763351592104914
0.4035250315468591 -0.5000000000000000 0.1170785534133968
0.3994745786996403 -0.5000000000000000 0.2149872343916776
0.5000000000000000 -0.4460155194936766 0.2501017511290059
0.3053328441002735 -0.5000000000000000 0.0947713456371347
0.3762327773019676 -0.5000000000000000 0.1436196805582386
0.4003893934368820 -0.5000000000000000 0.2023430920456036
0.4999986157824589 -0.5000000000000000 0.3375489579080646
0.4550917413268706 -0.5000000000000000 0.1202904032691864
0.3530579480253246 -0.5000000000000000 0.2540940970246590
0.2660222189926910 -0.5000000000000000 0.4798938063449578
0.3601496819378149 -0.2624119847843265 -0.5000000000000000
0.3564328943154010 -0.1666945775400582 -0.5000000000000000
-0.1854814500377751 -0.0808305020005211 0.5000000000000000
0.4985237851224577 -0.0347111774950302 0.5000000000000000
0.4006608949191479 -0.5000000000000000 0.4442568279482489
0.5000000000000000 0.2813734170186888 -0.1481710107502324
0.5000000000000000 0.3522829173895694 -0.2635540727316872
0.5000000000000000 0.4331371231129352 -0.0202403835790297
0.0210193604284083 0.3694253801643115 -0.4965771527996937
0.0560448384394392 0.2942912676340472 -0.5000000000000000
-0.1175932955352090 0.4017909229502230 -0.4961014440056246
-0.0233133227342658 0.2297679300739681 -0.5000000000000000
-0.0063891494143902 0.2584100807895746 -0.5000000000000000
0.2445623369629743 0.5000000000000000 -0.2513800705707334
0.2403276986048865 0.5000000000000000 -0.2581244114003425
0.2437322713152333 0.5000000000000000 -0.2562038629874047
0.2421505261551726 0.5000000000000000 -0.2518956755141614
0.2471385817928743 0.5000000000000000 -0.2594367980633180
0.2434670913315232 0.5000000000000000 -0.2536598775505017
0.2475524768399280 0.5000000000000000 -0.2040059228272476
0.1881115519997975 0.5000000000000000 -0.1471523129670961
0.4594799352151158 -0.2844602765300414 -0.5000000000000000
0.4698269274696556 -0.2627803497941130 -0.5000000000000000
0.5000000000000000 -0.4419421438928082 0.2856435846563495
0.4146477086804317 -0.4511911386590072 0.5000000000000000
0.5000000000000000 -0.4963778418929575 0.3640169478807463
0.4464108866634415 -0.4620474865072632 0.5000000000000000
0.4607561334031353 -0.5000000000000000 0.4404937281388028
0.2800424701633226 -0.4924323480282445 0.5000000000000000
0.0073544247153462 0.5000000000000000 -0.0833280650831147
0.0078509981577900 0.5000000000000000 -0.0838481701345379
0.0079527439900912 0.5000000000000000 -0.0803262079885092
0.0070349463547266 0.5000000000000000 -0.0824387998793248
0.0372033521453094 0.5000000000000000 -0.0228680694707916
0.0020312061029116 0.5000000000000000 -0.0870874471400637
0.0049022189245568 0.5000000000000000 -0.0810525304410974
0.0659796772669277 0.5000000000000000 -0.0754140181114115
0.0061824334631711 0.5000000000000000 -0.0836803736329238
0.0069369420121784 0.5000000000000000 -0.0861482159811334
0.5000000000000000 0.3485198506031175 0.2688114532817268
0.5000000000000000 0.3145772435265347 0.1748474493254677
0.5000000000000000 0.4312352332217200 0.4619280380610947
0.5000000000000000 0.2429358722852351 0.2857085193964750
0.5000000000000000 0.2231535061416718 0.3917088305528923
-0.1601974989935364 -0.5000000000000000 -0.1980529993511040
-0.1715860895823637 -0.5000000000000000 -0.3489802008686109
-0.1856233002131507 -0.4924425937903006 -0.2534884410627045
-0.2098954573251533 -0.5000000000000000 -0.2043885443081395
-0.2495994257281712 -0.5000000000000000 -0.2394478490634013
-0.0155631659310842 0.2165424011330158 -0.5000000000000000
0.0045135499849056 0.2409763081207228 -0.5000000000000000
-0.5000000000000000 0.2919285498682140 0.2722561427232478
-0.5000000000000000 0.3092860065701976 0.2839019395190446
-0.5000000000000000 0.2321527333243030 0.2378412335629419
-0.5000000000000000 0.3379552511762584 0.2743213610495844
-0.5000000000000000 0.2970537281617668 0.2345429359999019
-0.5000000000000000 0.3145489106225371 0.2005521012687183
-0.5000000000000000 0.3063814530771422 0.2516889491376411
-0.5000000000000000 0.2760374267226636 0.0753724666328183
0.5000000000000000 -0.3044585654866818 0.2708376911420260
0.5000000000000000 -0.2898771497685118 0.2977785930687354
0.5000000000000000 -0.2621174098514312 0.0842956523636383
0.5000000000000000 -0.2852071921672432 0.2927508472053921
0.5000000000000000 -0.2691669662048916 0.4220724104094624
0.5000000000000000 -0.2945626480440124 0.2979810872963172
0.5000000000000000 -0.2969821105797413 0.2933238449019979
0.5000000000000000 -0.1553225307823723 0.2211726595383834
0.3414018646750104 0.2877013501005405 -0.5000000000000000
0.3053419130358792 0.3498576738785217 -0.5000000000000000
0.3652908156756898 0.2207425269086851 -0.5000000000000000
0.3171539902850338 0.2938672807275551 -0.5000000000000000
0.2951000333068852 0.2856887622716360 -0.5000000000000000
-0.0374334878994348 -0.5000000000000000 0.1717233343123503
0.1959933986640537 -0.2859821286073270 0.5000000000000000
0.2235775270584201 -0.3634588594614854 0.5000000000000000
0.2214026056224999 -0.2836098347444436 0.5000000000000000
0.3471177582418407 -0.3021025508231661 0.5000000000000000
-0.4141844983838288 0.5000000000000000 0.4582218719008960
0.3466639989051207 -0.5000000000000000 -0.3830142895491582
0.3839367101534329 -0.5000000000000000 -0.3483824278196442
0.4077192200423454 -0.5000000000000000 -0.3083500477426270
0.3799222602506381 -0.5000000000000000 -0.2844595948720233
-0.5000000000000000 0.0732339072777103 0.1674906838600747
-0.4900873659549954 0.1746236088616199 0.2172332205586622
-0.4897635235582046 0.1253725778782590 -0.5000000000000000
-0.5000000000000000 -0.1420954858037664 0.2250013915489640
-0.5000000000000000 0.0112328219216733 0.3586673791163613
-0.5000000000000000 0.0503061236745508 0.4927586491755068
-0.5000000000000000 -0.0201158515361007 0.3622513636772488
-0.5000000000000000 -0.0439545730174434 0.3667001782902619
0.5000000000000000 0.0249372073656218 -0.3993015292357550
-0.4914226670942489 -0.3705239840078549 -0.4100716147979124
-0.5000000000000000 -0.3069790923029080 -0.3786391447162655
-0.5000000000000000 -0.3209056039291092 -0.4267464876950898
-0.5000000000000000 -0.2728144575743073 -0.3726785861088031
0.4829766194805090 0.4584505957786323 0.4851950500234992
-0.2897468256473635 -0.1679520742962778 0.5000000000000000
-0.2137220336706946 -0.0909255562759854 0.5000000000000000
-0.2913511690776654 -0.1204691421057842 0.5000000000000000
0.5000000000000000 0.0215271813694912 -0.3668616493240869
0.1081877764301790 0.2490451565713430 -0.5000000000000000
0.0670255733911329 0.3080657732882710 -0.5000000000000000
0.0976696103128201 0.2621912982521069 -0.5000000000000000
0.5000000000000000 -0.4779769855575631 -0.2144846351273813
-0.4972197818132288 0.4922800209145581 -0.5000000000000000
-0.4955295946591016 0.5000000000000000 -0.2282603320094624
-0.3894027827388915 0.5000000000000000 -0.0706591993590462
-0.5000000000000000 0.3915742561116232 -0.3341821079732079
-0.4615362120961223 0.3560923442879550 -0.5000000000000000
-0.4404514176292821 0.4555729533932741 -0.5000000000000000
-0.5000000000000000 0.4327632207314622 -0.2307513709148538
-0.5000000000000000 0.4207239943435042 -0.2596522621341678
-0.4234820249811697 0.5000000000000000 -0.3366771303589351
-0.0028129875568829 -0.4429753704561755 0.5000000000000000
-0.0524073116659370 -0.4936686541055433 0.5000000000000000
-0.0790641388556952 -0.4697488828570083 0.5000000000000000
-0.4450882807929243 0.1705347115990893 0.5000000000000000
-0.5000000000000000 0.1701371790396335 0.3351819775748264
0.0140584652446891 -0.1118708057498068 -0.5000000000000000
0.0145295200109514 -0.1295321619143249 -0.5000000000000000
-0.0014728271917693 -0.0856608155899517 -0.5000000000000000
-0.0981677863071003 0.0228394172677526 -0.5000000000000000
-0.0311024627485582 -0.1136152229239369 -0.5000000000000000
-0.3540058664995054 0.2229356053753699 0.5000000000000000
-0.4698453516958875 0.1204473234689578 0.5000000000000000
0.3796373528592887 -0.1561730916134821 0.5000000000000000
0.3604163013165200 -0.1079380346218119 0.5000000000000000
0.3406635871370346 -0.0899810951658145 0.5000000000000000
0.3840455392354125 -0.1329995368446165 0.5000000000000000
0.4127729209352380 -0.0887533645689047 0.5000000000000000
0.3847015368678581 -0.0958586566628379 0.5000000000000000
0.4548848297041940 -0.2094481121723284 0.5000000000000000
0.3268921727437153 -0.1518049733970684 0.5000000000000000
0.3107605029968907 -0.0998524026022477 0.5000000000000000
0.4594177905319552 0.1045744452748116 0.5000000000000000
0.2506193725737863 0.0153451104601706 0.5000000000000000
0.3644075151717249 0.0325725705111278 0.5000000000000000
-0.0269568769801810 -0.3382439461200324 -0.4882682372419916
0.0027737039885805 -0.4647021740346447 -0.5000000000000000
-0.1288346562298428 -0.4881747168144030 -0.5000000000000000
-0.0208847863876997 -0.2265274966941739 0.5000000000000000
-0.2075880507408402 0.1613144601531198 0.5000000000000000
-0.2119586509183055 0.0173407550943897 0.5000000000000000
-0.1862627318046786 -0.0603614088523238 0.5000000000000000
-0.2361576395684413 0.0170057412362747 0.5000000000000000
-0.2212670376852466 0.0641689650687690 0.5000000000000000
-0.1707433828510849 0.0300553462324022 0.5000000000000000
0.4761488602358684 0.4040783363882395 0.5000000000000000
0.5000000000000000 0.3532569053228157 -0.2293251550358140
0.4296116815780099 0.5000000000000000 0.1202563985626084
0.5000000000000000 0.4341084341228443 0.0608033796248227
0.4778741059914643 0.4134475188408840 0.5000000000000000
-0.1919166603394773 -0.2446774232628703 0.5000000000000000
-0.1821430918914787 -0.2800418363677784 0.5000000000000000
-0.3669068087959551 0.3656581846431691 0.4925224322461548
0.5000000000000000 0.0103231752254926 -0.3282268586942387
0.5000000000000000 0.0917940570015281 0.4399943993795080
0.5000000000000000 -0.0195321921370525 0.3988120315589392
-0.3319350259430221 0.2270701991176783 -0.5000000000000000
-0.3143133296869944 0.1972476753660173 -0.5000000000000000
-0.3618104773974851 0.1822626572130746 -0.5000000000000000
-0.4431115407052740 0.3345178158304625 -0.5000000000000000
-0.1471309742601834 0.0786301536600257 -0.5000000000000000
-0.2368830082753695 0.2043640309633380 -0.5000000000000000
0.2261729665993603 -0.4343511292021765 -0.5000000000000000
0.2309582311035438 -0.4108119139618858 -0.5000000000000000
0.3305396722546097 -0.4405023899534498 -0.5000000000000000
0.2721469617559935 -0.5000000000000000 -0.4619413112309552
0.2585414658565484 -0.4247139277366795 -0.5000000000000000
0.2424188308004089 -0.3851152872870632 -0.5000000000000000
0.2500121038662704 -0.4297845022618639 -0.5000000000000000
0.1800231743697449 -0.5000000000000000 -0.2279212620448296
0.2845494378804728 -0.5000000000000000 -0.4006678438818949
0.2608511417412033 -0.4112065394632243 -0.5000000000000000
0.2596942322373176 -0.5000000000000000 -0.3456718606315783
0.2490537289460870 -0.4181634421221695 -0.5000000000000000
0.2379082362780808 -0.4420482211053624 -0.5000000000000000
0.1981927022061187 -0.4865706534106224 -0.5000000000000000
0.1764228076572179 -0.1332253831351904 -0.5000000000000000
0.2391490132138960 -0.0374188543907100 -0.5000000000000000
0.2157420460115431 -0.0237976648461066 -0.5000000000000000
0.2226542266903933 -0.0840018969308266 -0.5000000000000000
0.2630809042021808 -0.0037445308135136 -0.5000000000000000
0.5000000000000000 -0.4166158556549462 -0.2388802059912328
0.4953532305338633 -0.0160901087515598 -0.5000000000000000
-0.5000000000000000 -0.2913154818707160 0.4739854963044690
-0.5000000000000000 -0.2900566870844017 0.4757882798423953
-0.5000000000000000 -0.2868374785453235 0.4124774847802960
-0.5000000000000000 -0.3033543237954074 0.4853347396345178
-0.5000000000000000 -0.1493064617157136 0.4857969138818997
-0.5000000000000000 -0.1739402225571431 0.4904882040490951
-0.5000000000000000 -0.0565179460028210 -0.2363269471073157
-0.5000000000000000 -0.0549706671481773 -0.3512053444008865
-0.5000000000000000 -0.0723583306241362 -0.3315844559362236
-0.5000000000000000 -0.0293058277010183 -0.3483608350068677
-0.5000000000000000 -0.0492531659335178 -0.3600801293056148
0.0716528979655173 0.5000000000000000 -0.4664402403827205
0.1108320453627103 0.5000000000000000 -0.3785648007297868
0.0495420251902324 0.5000000000000000 -0.2980070136271706
0.1753221298675991 0.2068648296278571 -0.5000000000000000
0.2232029842868440 0.2323828012536113 -0.5000000000000000
0.0651879426466441 -0.2191720269105085 0.5000000000000000
0.1462755133501235 -0.2245157797433374 0.5000000000000000
0.2952977211083172 0.3784092101485695 -0.5000000000000000
0.2815576477056564 0.3025897219190467 -0.5000000000000000
-0.2864388140709059 -0.2236987224035348 -0.5000000000000000
-0.2410161122250025 -0.2304954109601542 -0.5000000000000000
-0.2797070688692763 -0.2109412555746214 -0.5000000000000000
-0.2733841653101601 -0.2232647829433863 -0.5000000000000000
-0.2979040622086081 -0.2096140370512034 -0.5000000000000000
-0.3064676943643281 -0.2212658230240828 -0.5000000000000000
-0.3014759446341734 -0.1834359227585836 -0.5000000000000000
0.0310885081209587 0.5000000000000000 0.2701079488111682
-0.5000000000000000 -0.2817377646635211 0.2678116949788501
-0.5000000000000000 -0.2629483427262637 0.1885310311949019
-0.5000000000000000 -0.3448062178372185 0.1320107694807897
0.1981220346455561 0.5000000000000000 -0.4087815141345899
0.2971447233637124 0.5000000000000000 -0.3467401296439629
-0.4728736377690185 -0.2945756687062820 -0.5000000000000000
-0.5000000000000000 0.0668293797076228 -0.0552591660966926
-0.5000000000000000 -0.2462929340651822 -0.4875638257485541
-0.5000000000000000 -0.2010974134609285 -0.4484920297247142
0.2041100601697839 0.2068454775838504 0.5000000000000000
0.2028193132489849 0.1638537700810648 0.5000000000000000
0.2623336888006694 0.2073387175506869 0.5000000000000000
0.2169051187899355 0.2819926705980023 0.5000000000000000
-0.4790513792418581 -0.3256565782568581 -0.5000000000000000
-0.5000000000000000 -0.3743116018437500 -0.3778614202973762
-0.5000000000000000 -0.4154659385670389 -0.3815239124630767
-0.5000000000000000 -0.3854758482685579 -0.3023602907398442
-0.5000000000000000 -0.3400483851455492 -0.3492626435824665
0.3398974337077184 0.5000000000000000 0.3937927797349919
0.2664693165781058 0.5000000000000000 0.4956773599845307
0.5000000000000000 -0.0394679318986905 0.1304696830898976
0.5000000000000000 0.0675298841118239 0.3532337488138482
0.5000000000000000 -0.0196279530777774 0.3164166077526712
0.5000000000000000 -0.0014904069823482 0.2051021731346965
0.4343250926479115 -0.5000000000000000 -0.2096045742312743
0.3926401519632519 -0.5000000000000000 -0.1495322735709485
0.0316972447778310 -0.3656098731774705 0.5000000000000000
-0.0807868717579462 -0.4456021848419249 0.5000000000000000
0.0817971155549817 -0.2739742234101242 0.5000000000000000
-0.0803481295006386 -0.3575840484885914 0.5000000000000000
0.5000000000000000 -0.4135688354829326 0.2319919808686352
0.5000000000000000 -0.3547294150042595 0.1248020673534526
0.5000000000000000 -0.3294964816879961 0.0565837956517557
0.5000000000000000 -0.2585689295536693 -0.1069798509187324
0.4600569262098392 -0.5000000000000000 0.1115948035160958
0.5000000000000000 -0.4328657145746201 0.1528035244770762
-0.1975429193184911 0.1653579349278033 0.5000000000000000
-0.2028378175222815 0.1729939827494303 0.5000000000000000
-0.2265258655115206 0.1775398718067299 0.5000000000000000
-0.2085434508005942 0.1642991012418494 0.5000000000000000
-0.2068791687144436 0.1645412444039099 0.5000000000000000
0.0158483702689321 0.2772733875604838 0.5000000000000000
0.0443162882995922 0.2564866583346920 0.5000000000000000
0.0001609943962864 0.2627174542702946 0.5000000000000000
0.0879914334324942 0.3161374715045586 0.5000000000000000
-0.2916662731486833 -0.5000000000000000 0.0664207598730538
-0.3776782273371516 -0.5000000000000000 0.1680990077650144
-0.4000064492183627 -0.5000000000000000 0.1780432303846287
-0.3948020826344821 -0.5000000000000000 0.0528165011741667
-0.3751671197545529 -0.5000000000000000 0.2816857737523295
-0.5000000000000000 -0.4443478594795526 0.0992453085881715
-0.5000000000000000 -0.4762250097592722 0.2675388806158668
0.3843994042054919 0.3411571028968414 0.5000000000000000
0.2844588483775359 0.2387238268674606 0.5000000000000000
0.3486263899711536 0.5000000000000000 0.3836077549162503
0.2812336064945199 0.3053922399441686 0.5000000000000000
0.2287031514785299 0.3245214197352552 0.5000000000000000
0.0049989966680264 -0.2747859457969369 0.5000000000000000
0.0838422208595188 -0.3869678637230809 0.5000000000000000
0.1502336302116234 -0.4048361889144401 0.5000000000000000
0.0713359383069773 -0.5000000000000000 0.1473929218387857
0.1101684929573523 -0.5000000000000000 0.4016152179649201
0.0523219995714957 -0.4040583670840174 0.5000000000000000
0.1823538998286658 -0.4692015790220025 0.5000000000000000
-0.2819914876420445 -0.2777336460422265 -0.5000000000000000
-0.2658223593970470 -0.3420154985393991 -0.5000000000000000
-0.0495121960590796 -0.3516174976959251 -0.5000000000000000
-0.1839082181013925 -0.4308167510894367 -0.5000000000000000
-0.1906369067867006 -0.4734080601212266 -0.5000000000000000
-0.2073896811587713 -0.4652690609748411 -0.5000000000000000
-0.2234884945794910 -0.4440589510423618 -0.5000000000000000
-0.2601882139746992 -0.4554883885929266 -0.5000000000000000
-0.3936412128300823 0.3744927001945110 0.5000000000000000
-0.3324327714424761 0.3673782963912478 0.5000000000000000
-0.3369937610727358 0.3592136746055531 0.5000000000000000
-0.0095760260831255 -0.2156293965121858 0.5000000000000000
0.0575496849482473 -0.2520354802287579 0.5000000000000000
-0.0905221551774963 -0.2440419398930748 0.5000000000000000
-0.0486740051782608 -0.2586953983093153 0.5000000000000000
-0.4990714989700406 -0.3717527988916820 -0.5000000000000000
0.3708935625992401 -0.2407255196274291 0.5000000000000000
0.2477178243857825 -0.2577255343572661 0.5000000000000000
0.3678918835330673 -0.2842533755588442 0.5000000000000000
-0.5000000000000000 -0.0843577835318254 -0.0610602316136090
-0.5000000000000000 -0.0683643139838139 -0.1405658556738194
-0.5000000000000000 -0.0358507364160444 -0.1093044819261494
-0.3422929240902460 -0.2574434255650088 0.5000000000000000
-0.2395277938472180 -0.0761807982192751 -0.5000000000000000
-0.1787813035924606 0.0061302727567204 -0.5000000000000000
-0.2374485224608862 -0.0729716145642338 -0.5000000000000000
-0.2565122983915501 -0.0567342351027087 -0.5000000000000000
-0.2506554479102204 -0.0793774543309318 -0.5000000000000000
-0.2563558297370952 -0.0741264245728714 -0.5000000000000000
-0.5000000000000000 -0.3314101581750306 0.3406980474111198
-0.5000000000000000 -0.3932161996353010 0.3873392415447385
-0.5000000000000000 -0.4127830952400648 0.2977064238180576
-0.5000000000000000 -0.3958875586245658 0.2407038126247000
0.1175512692376243 0.4515837799965240 0.5000000000000000
-0.0091302560474394 0.2321438313602196 0.5000000000000000
-0.0804254727867357 0.3385519837727067 0.5000000000000000
-0.0494784783571114 0.3329959737603588 0.5000000000000000
0.4962275435634581 0.4463442799270518 0.5000000000000000
-0.3466573070677179 -0.2548968263029425 0.5000000000000000
-0.0183461264705214 -0.3498246461718815 -0.5000000000000000
0.0513831491407285 -0.4808239270233635 -0.5000000000000000
0.5000000000000000 -0.4046199677480894 -0.1463208272777188
0.5000000000000000 -0.1338537879237247 -0.2695075261570570
0.5000000000000000 -0.1144305815831107 0.0560702187022802
-0.5000000000000000 -0.2671519113400095 0.1296667821720718
-0.5000000000000000 -0.2534003845080196 -0.0380357988847630
-0.5000000000000000 -0.3438507611192209 -0.0992344060614762
-0.5000000000000000 -0.3286146654502720 0.0737177343321664
-0.5000000000000000 -0.2851024996394340 -0.0289017171165055
-0.5000000000000000 -0.2993770588132302 -0.2512968777638758
-0.5000000000000000 -0.2130036266885724 -0.0227617740996638
-0.5000000000000000 -0.2698722592870078 -0.1769331421711867
0.0002592089508510 0.2101429549692265 -0.5000000000000000
0.0772148366190414 -0.5000000000000000 0.1203594219483056
0.1243444631033095 -0.5000000000000000 0.2948553654370031
0.2196362754850653 -0.4939257305124707 0.5000000000000000
-0.1520642735378264 -0.5000000000000000 0.2318901893818679
-0.2035439501702846 -0.5000000000000000 0.0300978354363231
-0.1898708685320216 -0.5000000000000000 -0.2009542637541199
-0.2191562287244694 -0.5000000000000000 -0.0256684983059749
-0.1870403511704786 -0.5000000000000000 0.0975431517566470
-0.2719398080847690 -0.5000000000000000 -0.1176368958701502
-0.2961188522768419 -0.3001465438011567 -0.5000000000000000
-0.4608926882287234 -0.3263216313268569 -0.5000000000000000
-0.2378612459489069 -0.2670425134901546 -0.5000000000000000
-0.1466833369469360 -0.2471930995261956 -0.4947616427914004
-0.1515749819145010 -0.1953293851087577 -0.5000000000000000
-0.2702214919415883 -0.3207559029888645 -0.5000000000000000
-0.2850378332409882 -0.2962326644866517 -0.5000000000000000
-0.2691073400799077 -0.2744977478932499 -0.5000000000000000
-0.3030270168188677 -0.2639928021061215 -0.5000000000000000
-0.0834514766702297 -0.1577480231347810 -0.5000000000000000
-0.0116592144072170 -0.1309509120220313 -0.5000000000000000
0.0925932609179831 -0.1452087685529309 -0.5000000000000000
0.0287009656854709 -0.1093069310794685 -0.5000000000000000
-0.0145782971821978 -0.3394516072657485 -0.5000000000000000
-0.0290274197657228 -0.3561841321183332 -0.5000000000000000
0.0203071821772290 -0.5000000000000000 -0.4945006192993089
-0.1162954038122013 -0.5000000000000000 -0.4168726859756153
0.0947028819691573 -0.3198826225397405 -0.5000000000000000
0.0721933021119964 -0.4107207000102810 -0.5000000000000000
0.2147114425220968 -0.2579851839988590 -0.5000000000000000
0.0754598273742103 -0.2542941391870893 -0.5000000000000000
0.1427442996785900 -0.3505988686152359 -0.5000000000000000
-0.3742890580364943 0.5000000000000000 -0.0520474991037670
-0.4275905840116576 0.5000000000000000 0.2755015829539284
-0.3825055767976417 0.5000000000000000 -0.0483439843089175
0.0494070357425006 -0.2164273152853556 0.5000000000000000
0.4485893627439154 -0.4335994169834909 -0.5000000000000000
0.0705926980794789 0.4913971599037913 -0.4893472103350553
0.0080231647829448 0.5000000000000000 -0.4354176202464543
-0.0325093950166768 0.5000000000000000 -0.4645729907460978
-0.1110037940144387 0.5000000000000000 -0.3202012502861438
0.0150031194470487 0.5000000000000000 -0.3738262906478912
0.5000000000000000 0.2465832048136106 -0.2646533399064063
0.5000000000000000 0.2280891300806557 -0.2911694437521637
-0.5000000000000000 0.3517946388540261 -0.3700030744805292
-0.5000000000000000 0.2891085526973607 -0.0726741701107773
0.5000000000000000 0.2777096497619220 -0.1284467743598732
0.5000000000000000 0.2977160663157385 -0.0186641335716598
0.5000000000000000 0.3344754302340868 -0.2076938669590870
0.5000000000000000 0.3716279214184733 0.0194238286542937
0.5000000000000000 0.2783653468840830 -0.0253162819663972
-0.2728875223764005 0.2627168795936727 -0.5000000000000000
0.4280708123103690 0.5000000000000000 0.1143535192040748
0.3826949903671178 -0.4384878079228275 -0.5000000000000000
0.3586430275142256 -0.4012914507027296 -0.5000000000000000
0.3898206345386298 -0.4511070128350000 -0.5000000000000000
-0.4786285852143415 -0.5000000000000000 -0.4819309892167546
-0.4587340662398316 0.3493912801085039 -0.5000000000000000
-0.5000000000000000 0.2311413292902550 -0.1211536326477936
-0.5000000000000000 0.3600656186223492 -0.2315048135218064
-0.0737343924474664 -0.5000000000000000 0.1141090230261478
-0.0375229346439887 -0.5000000000000000 0.1380993451796807
-0.0134896492800081 -0.5000000000000000 0.1437956320970508
0.0123409924956731 -0.5000000000000000 0.1322454919732967
-0.0443665030894488 -0.5000000000000000 0.1833895259607323
-0.0110343887086909 -0.5000000000000000 0.1865419677168379
-0.3686075418200765 0.0563713861060531 -0.5000000000000000
-0.4143212466996095 0.0292411202893479 -0.5000000000000000
-0.3080564371093117 -0.1197098455567758 -0.5000000000000000
-0.1246261728500941 -0.5000000000000000 0.2317585784956722
-0.1102718627351089 -0.4398740119776183 0.5000000000000000
-0.1253441347985765 -0.4732297980314813 0.5000000000000000
-0.0897706236327167 -0.4673407251457398 0.5000000000000000
-0.1393740734916735 -0.5000000000000000 0.4868280647439637
-0.0913629105260190 -0.4515408579299920 0.5000000000000000
-0.0937765444102220 -0.5000000000000000 0.4778844960097538
-0.5000000000000000 0.0443409156848244 0.2769123777701373
-0.5000000000000000 0.0064447013980965 0.1328432976511622
-0.5000000000000000 0.0671907737017630 0.4372751607801049
-0.5000000000000000 0.0660848034465827 0.0607906426762252
-0.5000000000000000 0.0150234574323497 0.2828348441947755
-0.5000000000000000 -0.0135260016198025 0.3019239423684777
-0.1115891017195121 0.5000000000000000 0.3346043919840647
-0.1259026891606585 0.5000000000000000 0.2097897335675036
-0.0987377185583759 0.5000000000000000 0.3179431847012046
0.0568084639046337 0.4948126436682944 -0.5000000000000000
0.3681184035703361 -0.3014278683687113 -0.5000000000000000
0.4899096611549925 -0.3255160461148502 -0.5000000000000000
0.5000000000000000 -0.2538484010671210 -0.1382501588422876
0.3959664447215727 0.1364900571541670 -0.5000000000000000
0.3919277097279508 0.1578162833801809 -0.5000000000000000
0.4272945409215723 0.0963471150284180 -0.5000000000000000
0.1379612093433954 -0.2767086627142220 -0.5000000000000000
0.1640285811563590 -0.1882569841643073 -0.5000000000000000
0.2222218525216073 -0.2483011351248466 -0.5000000000000000
0.2019665300145391 -0.2086871520355383 -0.5000000000000000
0.1024679412273330 -0.2341164013044697 -0.5000000000000000
0.1505023925732985 0.5000000000000000 0.4682803245383529
0.3286626863669334 -0.3051145255579876 -0.5000000000000000
0.2433785674394838 -0.2501956434134019 -0.5000000000000000
0.3819231150088188 -0.2590874992988726 -0.5000000000000000
-0.4744922021415652 -0.4724854910841544 -0.5000000000000000
-0.4847818490246614 -0.3289280920707337 -0.5000000000000000
-0.1719495709079068 -0.3999031322269517 -0.5000000000000000
-0.0138144324819784 0.1738145068196537 0.5000000000000000
0.0284254904742575 0.2216749981418805 0.5000000000000000
-0.0275022687054603 0.2143796289948405 0.5000000000000000
-0.0811468776162652 0.1041693393837801 0.5000000000000000
-0.1189105364311339 0.2841845049893182 0.5000000000000000
0.0171556604364485 0.4228595009446596 -0.5000000000000000
-0.0148077622922540 0.4684745910294174 -0.5000000000000000
-0.0412288939111391 0.4175188605555716 -0.5000000000000000
0.1113816070008903 0.4445303039728541 -0.5000000000000000
0.3084204543697446 -0.3134214181811321 -0.5000000000000000
0.2276818869772955 -0.2514387617143379 -0.5000000000000000
-0.1178410879039110 -0.5000000000000000 -0.0501304654937476
-0.1312935177971050 -0.5000000000000000 0.0234245459015336
-0.1627974531303714 -0.5000000000000000 0.0325521806035398
-0.1797453653717951 -0.5000000000000000 -0.1995853044428209
-0.1814147779887695 -0.5000000000000000 -0.0227324661599134
-0.1467456917362560 -0.5000000000000000 0.0991038191259075
0.0618876623351112 0.5000000000000000 0.3931379635453788
0.0202143384528580 0.5000000000000000 0.3996537754580176
0.1545488770232289 0.4977364571813419 0.2148185995159296
-0.5000000000000000 -0.2477500669897734 0.2471598106617748
-0.5000000000000000 -0.2340511210550875 0.1838460038076838
-0.5000000000000000 -0.1633398896330417 0.1121399483767238
-0.5000000000000000 -0.1800341503284983 0.1587326622575768
-0.5000000000000000 -0.1370486425612310 0.4536623511209837
-0.5000000000000000 -0.1783248602823601 0.0275657970152320
0.5000000000000000 -0.3766730460828699 -0.1647130981495877
0.4943241233751556 -0.2392505272938758 -0.0550869362958845
-0.2522849879791366 0.1970378344933078 0.4933695721148834
0.0812160923246843 -0.5000000000000000 -0.2254440206162052
0.1974304446466971 -0.5000000000000000 -0.1016438013236180
0.1478522263593994 -0.5000000000000000 -0.1135635663632509
0.1664135393848518 -0.5000000000000000 -0.0327542368131554
0.1309251764570466 -0.5000000000000000 -0.0444700585891037
0.5000000000000000 -0.0360167879419727 0.4169706011417272
-0.2801003436609369 0.5000000000000000 -0.2964860391006209
0.4974959385471653 -0.3283018109599194 -0.5000000000000000
0.4935933499206824 -0.3190790645430930 -0.5000000000000000
-0.1134761608829653 -0.2255500107018800 -0.5000000000000000
-0.0749172600507731 -0.1645959533987862 -0.5000000000000000
-0.0072431003068967 -0.1473030338011322 -0.5000000000000000
0.0847465899981314 -0.1549708130636798 -0.5000000000000000
0.0343682395440920 -0.1681172840149313 -0.5000000000000000
-0.0662030314496952 0.0759942644644740 0.5000000000000000
0.0355249045520962 0.0684747818875344 0.5000000000000000
0.4778718170117872 0.0907450610313674 -0.5000000000000000
0.3760127157084491 0.0527221937627942 -0.5000000000000000
0.5000000000000000 0.1313730501096433 -0.4139753060038486
0.3745877504823536 0.1504626897150209 -0.5000000000000000
-0.4709862027992375 -0.2722470895348675 -0.5000000000000000
-0.4673364058518862 -0.2091466511991892 -0.5000000000000000
0.1834992663520150 -0.3735054683234733 0.5000000000000000
0.3318701769444427 -0.5000000000000000 -0.2296510585673157
-0.4311655879437278 0.3532258000755604 -0.5000000000000000
-0.3235809765237377 0.4070986743919771 -0.5000000000000000
-0.3917701366933091 0.4319166552240450 -0.5000000000000000
-0.3147331807199222 0.5000000000000000 -0.3597014683877373
-0.2518688143469137 0.3858611453409489 -0.5000000000000000
-0.2556307438803641 -0.2432101551242106 0.5000000000000000
-0.3191934612487435 -0.3101145835389533 0.5000000000000000
-0.2300660052101446 -0.2758238773312784 0.5000000000000000
0.5000000000000000 -0.1841036821198129 0.4932936922879894
0.5000000000000000 -0.1746171869815293 0.4676659184651205
0.5000000000000000 -0.0758506522318048 0.4415373714404087
0.1620219702281839 0.4564032699828192 -0.5000000000000000
0.1506647233942423 0.4593434435239725 -0.5000000000000000
0.1701666168879006 0.4439297005684275 -0.5000000000000000
0.5000000000000000 0.4608765545338833 0.4680436671464224
0.4994360926698319 0.4689228791748022 0.5000000000000000
0.3842686933363586 0.5000000000000000 0.4087973903275849
0.4678352870420753 0.5000000000000000 0.4648189586354646
0.4379595209513272 0.5000000000000000 0.1675362443589648
0.5000000000000000 0.4608845177842448 0.4061718314047550
0.4937830061335620 0.5000000000000000 0.4353425281376792
0.4549515546388687 0.4861775144571705 0.5000000000000000
-0.3138916679068720 -0.3311544043832688 0.5000000000000000
-0.2179534194680244 -0.3014774756678077 0.5000000000000000
-0.1743251420314993 -0.3488258509330268 0.5000000000000000
-0.5000000000000000 -0.0911979662793611 -0.2726242706850263
-0.5000000000000000 -0.1372702975460706 -0.2246362714804309
-0.5000000000000000 -0.1272885516513305 -0.1704612757385607
-0.5000000000000000 -0.1820040969350843 -0.2986493082038467
-0.1378286556664281 0.0212107354063620 0.5000000000000000
-0.4623592394003996 -0.5000000000000000 -0.4780093161635987
-0.3618274821233697 -0.5000000000000000 -0.3287705530787948
0.5000000000000000 -0.2722133364905179 0.4926810127313066
-0.3488629771511872 -0.0382966404828277 0.5000000000000000
0.3001172032402208 0.5000000000000000 -0.3300530186501160
0.2675218703673583 0.5000000000000000 -0.0200348914853470
0.5000000000000000 0.2573877454934774 -0.0788694789543063
0.5000000000000000 0.2753347531871084 -0.1538940993104637
0.5000000000000000 0.2089518709072930 -0.2055907833649068
0.3663177364791496 0.0350264126312154 -0.5000000000000000
0.3781165125066551 -0.2083294030663406 0.5000000000000000
0.3908717595532440 -0.2427742580018329 0.5000000000000000
0.3506199803322063 -0.1917725025950630 0.5000000000000000
0.3100700375168591 -0.3322458880548873 -0.5000000000000000
0.2336656834176432 -0.2658859714818984 -0.5000000000000000
-0.5000000000000000 0.4603959506615365 0.3125224338226725
-0.4355426334165998 0.4989721294448629 0.3295090465120467
0.1871680543297280 -0.1616774110187895 -0.5000000000000000
0.3121444105059147 -0.1108486651503867 -0.5000000000000000
0.2400938384679331 -0.2299288292832515 -0.5000000000000000
0.3804405262555468 -0.1628107045983080 -0.5000000000000000
0.2629832585879416 -0.1423864054925734 -0.5000000000000000
0.3449507750617595 -0.0603280440070584 -0.5000000000000000
0.4214229464426552 -0.0404130285339484 -0.5000000000000000
-0.1517919335178665 -0.1802421282580254 -0.5000000000000000
-0.1469320334802333 -0.1826644679386658 -0.5000000000000000
-0.1370272478358060 -0.0587123387137961 -0.5000000000000000
-0.1474358733054475 -0.1807990092711262 -0.5000000000000000
-0.1500364526966864 -0.1859241936420948 -0.5000000000000000
-0.1134097616265655 0.5000000000000000 0.3515973407875892
-0.1013537097020770 0.3241079711936282 0.5000000000000000
-0.1160674198084760 0.3702074732348294 0.5000000000000000
-0.1039704019202731 0.3808617037061899 0.5000000000000000
-0.1529198716162740 0.3343869735265650 0.5000000000000000
-0.1274501425369167 0.5000000000000000 0.2197963275460839
-0.1002599352629612 0.5000000000000000 0.3346474397161281
-0.3672352973221711 0.0623890988444108 -0.5000000000000000
-0.3439531192783772 0.1202663846022089 -0.5000000000000000
-0.3767409098271762 0.1116461166719680 -0.5000000000000000
-0.3524602562986215 0.0530927171874962 -0.5000000000000000
-0.1722896775285138 0.0656728887488631 -0.5000000000000000
-0.2876753252631947 0.1285082117538533 -0.5000000000000000
-0.2717410039380589 -0.0408439695930783 -0.5000000000000000
-0.2420324740223474 0.2135343462296168 0.5000000000000000
0.3099075865339123 -0.5000000000000000 -0.1327063558710594
0.2065980082801434 -0.5000000000000000 -0.1493517388155237
-0.1195844429114479 0.0690392371370148 -0.5000000000000000
-0.0419987995705448 0.1215437811608658 -0.5000000000000000
-0.0562737200991570 -0.5000000000000000 -0.0917284295472700
-0.0003856162342014 -0.5000000000000000 -0.2324156236027690
0.2128896408196662 -0.4001100471377139 0.5000000000000000
0.1715499448154259 -0.5000000000000000 0.3862789076950567
0.2268105449533977 -0.4720086902018315 0.5000000000000000
-0.5000000000000000 -0.4833524942560812 -0.4455854238431470
-0.5000000000000000 -0.4152649353254095 -0.2381671899630568
0.5000000000000000 0.0302074110924488 -0.4456323554157220
0.3841414018959591 0.3364891636115471 0.5000000000000000
0.2807089488630365 0.2114293470289244 0.5000000000000000
-0.3150128705053706 0.5000000000000000 -0.0431193896363755
-0.3350999443553219 0.5000000000000000 -0.2064796149839096
-0.3336199667106920 0.5000000000000000 0.0121531268697092
-0.4134540425661244 0.0328745766304697 -0.5000000000000000
-0.1825819813827880 -0.2921793465439875 0.5000000000000000
-0.1211988297303189 -0.3419937580828165 0.5000000000000000
-0.4211947332800145 -0.5000000000000000 0.2303678865268229
-0.1223022026692387 0.0584149466717928 -0.5000000000000000
0.5000000000000000 0.1777022671415480 0.2335849123246675
0.3935292390132616 0.3377324878468764 0.5000000000000000
0.5000000000000000 0.1030538717217359 0.1651674577234525
0.5000000000000000 0.1978431843814965 0.1502803859410035
0.0604319968519613 -0.2280163335495476 -0.5000000000000000
-0.1606735144815584 0.5000000000000000 -0.3774840496404319
-0.3213725897673276 -0.4002795948153048 0.5000000000000000
-0.2390020584704741 -0.3932299780538879 0.5000000000000000
-0.2076096645168366 -0.4578420745904432 0.5000000000000000
0.5000000000000000 0.2848494734970095 -0.3700458398834523
0.5000000000000000 0.3408896833715964 -0.2783956635076119
-0.2588905075687219 0.0012224824034224 0.5000000000000000
-0.2061704508133688 0.5000000000000000 -0.1812871080946682
0.0989477336751539 0.4133066332985968 0.5000000000000000
0.1222989429864656 0.4031776091573014 0.5000000000000000
0.1258420104933558 0.3820163999378056 0.5000000000000000
0.1521908298222620 0.3714293111096200 0.5000000000000000
0.2344350083980554 0.5000000000000000 0.4848482475877190
0.0557410535114636 0.5000000000000000 0.3451112534893528
0.5000000000000000 0.1187621878998236 0.4215629581935597
0.5000000000000000 0.1721323386921710 0.3618523300591262
0.4770730478298876 0.0815131876981037 0.5000000000000000
0.4714786691613850 0.0829723441794372 0.5000000000000000
0.4055863634099977 0.1445692375330002 0.5000000000000000
0.5000000000000000 0.0861667260077812 0.3201678366094745
0.5000000000000000 0.0980716663566644 0.4499322481796501
0.4907142394078265 0.1139860007079290 0.5000000000000000
0.4732736314780432 0.1115694121751047 0.5000000000000000
0.5000000000000000 0.0938954238099389 0.4891682616024322
0.2776156091833414 0.4289638781578679 -0.5000000000000000
0.3886934788663987 0.5000000000000000 -0.4578489395424830
0.2848765438671180 0.4153082876793940 -0.5000000000000000
-0.2669895492024760 0.2526562745261881 -0.5000000000000000
-0.5000000000000000 0.1655811894374362 -0.1005442610413819
0.3062937499262924 -0.3100558202162100 -0.5000000000000000
0.4835328282330548 -0.2503963950699430 0.5000000000000000
0.2549201947031913 -0.2151241525694871 0.5000000000000000
-0.0755011206332468 -0.5000000000000000 -0.1813109066833471
0.0346445559393333 -0.5000000000000000 0.0323972183612939
-0.0376316106962403 -0.5000000000000000 -0.1189065927376993
-0.1038158376414739 -0.5000000000000000 -0.2864057953709554
0.0042454180877623 -0.5000000000000000 -0.0653897116236671
-0.4839027497153220 -0.0822537162807133 -0.5000000000000000
-0.4302398769880856 -0.0009042352655227 -0.5000000000000000
-0.3622041566539491 -0.1397530297389360 -0.5000000000000000
-0.3536415504038812 -0.0719990014385783 -0.5000000000000000
-0.5000000000000000 0.1593020671759790 0.2468276928742495
-0.4562074451743556 -0.5000000000000000 -0.3572324604169277
-0.5000000000000000 -0.4621980478254889 -0.4801403930657924
-0.4774050562261645 -0.4835130624755719 -0.5000000000000000
-0.5000000000000000 0.1685988956521021 0.2384585128667563
-0.5000000000000000 0.1886615591149706 0.1856260067261287
-0.5000000000000000 0.1471421640353921 0.3297420688810176
-0.5000000000000000 0.1670115649552933 0.1717007896653100
-0.5000000000000000 0.1846082389348354 0.2003626044623136
0.3894081603349968 0.3395055536591003 0.5000000000000000
0.3980580137240251 0.3288893777894673 0.5000000000000000
0.1087801395449998 0.2532134230098033 0.5000000000000000
0.5000000000000000 0.2390654066688188 -0.4219789198461650
0.5000000000000000 0.1931032806601842 -0.3393468615184324
0.5000000000000000 0.1557344659687598 -0.4402429431868235
0.3746012483694388 0.1682846085920927 -0.5000000000000000
0.1971135310051197 0.0762633731269697 0.5000000000000000
0.2675202373854127 0.1287144705274974 0.5000000000000000
0.2292959854660045 0.0123902663654819 0.5000000000000000
0.2446573481174858 -0.0475578067977491 0.5000000000000000
0.1785502844487898 0.2197099007351803 0.5000000000000000
-0.1228325454932502 0.0196798197511553 -0.5000000000000000
0.0475932461723013 -0.5000000000000000 0.0902561520836890
0.4713964897580725 -0.0427353083431825 0.5000000000000000
-0.0063486060230108 -0.5000000000000000 -0.4429604919953288
-0.0092152201402348 -0.5000000000000000 -0.3269879498605190
0.0544622440341426 -0.5000000000000000 -0.0392420292404230
0.0236343933013329 -0.5000000000000000 -0.4046723827324380
0.0205402945132739 -0.5000000000000000 -0.2682596312046810
-0.0594880432639419 -0.5000000000000000 -0.3677035335309732
0.0533132870882196 -0.5000000000000000 -0.4079977528541138
0.0451477072450698 -0.5000000000000000 -0.1891160232586330
0.0685728237108518 -0.2388965374942449 0.5000000000000000
0.0993129575949244 -0.2586245223391840 0.5000000000000000
-0.1838312312975413 -0.4607616975509194 -0.5000000000000000
-0.1556880563052950 -0.5000000000000000 -0.4061622615141347
0.5000000000000000 -0.2683763198140695 -0.1389623055669163
0.5000000000000000 -0.4277708728735054 -0.3236844807011727
0.4602490297190076 -0.5000000000000000 0.1017941508414940
0.5000000000000000 -0.4543135290545566 -0.0199294250622107
0.5000000000000000 -0.4032378525353509 -0.2553685343228594
0.5000000000000000 -0.4720735261262245 -0.1764785087708520
-0.4284013348132725 0.1287997029477861 -0.5000000000000000
-0.4139783647120395 0.0684056599564101 -0.5000000000000000
-0.3255920491382563 -0.0113408371068214 -0.5000000000000000
-0.4046752158456343 0.0272643210224571 -0.5000000000000000
0.4610374077035445 -0.0415457221129300 0.5000000000000000
0.4075385011137879 -0.0307014979200583 0.5000000000000000
-0.1846597889484689 0.3316552587190503 0.5000000000000000
-0.4339198376395308 -0.5000000000000000 -0.1135945412390070
-0.4280133579265588 -0.5000000000000000 0.0059019457122631
-0.3772140040868263 -0.5000000000000000 -0.1818254499949255
-0.4106084518174360 -0.5000000000000000 -0.0911726117132776
0.0828395041769187 0.0628898913357465 0.5000000000000000
0.1399032624117708 -0.0128321713626195 0.5000000000000000
-0.3350860186436941 0.3314854442370128 -0.5000000000000000
-0.3591465966589789 -0.5000000000000000 0.3082691380563146
0.1883276066103512 0.1145684411093408 0.5000000000000000
0.1452938353233681 0.0990465234726447 0.5000000000000000
0.1719140270857197 0.0478081678697462 0.5000000000000000
-0.5000000000000000 -0.1668571978458632 -0.4772833803435561
0.5000000000000000 -0.2490885532344185 -0.1281595519058869
0.5000000000000000 -0.1352193921614804 -0.2749399768335189
-0.4303309631288647 0.5000000000000000 0.3480084574665305
-0.5000000000000000 0.4560100557400308 0.4618674713266309
-0.5000000000000000 0.4773491838647208 0.0713004404909031
-0.5000000000000000 0.4800461614019604 0.2642986267543367
-0.4145056572012204 0.5000000000000000 0.3075551207651887
-0.1020052472687425 -0.3467758065208721 0.5000000000000000
-0.1922213138567093 -0.5000000000000000 -0.2767189149111364
-0.1771651947616238 -0.5000000000000000 -0.2793050844748888
-0.0449712819622906 0.4258678724069624 0.5000000000000000
-0.0899499920015656 0.1223919886850828 -0.5000000000000000
-0.0325125882274848 0.2213329847129173 -0.5000000000000000
-0.0612483158056027 0.2186551625333137 -0.5000000000000000
-0.0311164303685519 0.2012101718178385 -0.5000000000000000
0.0002824804196204 0.2161312229381059 -0.5000000000000000
-0.1277424868416445 0.0637073311391456 -0.5000000000000000
-0.1299277682060208 0.0639496417259512 -0.5000000000000000
-0.1327179138747657 0.0896356668682438 -0.5000000000000000
0.4969007169744064 -0.2585709316989502 0.4746925440005122
-0.5000000000000000 -0.2448380044280934 -0.3533077433909578
0.2264240936509373 -0.2495527591565636 -0.5000000000000000
-0.5000000000000000 -0.0757403039911773 0.0193042136014600
-0.5000000000000000 -0.0619600245289160 0.2590563242928260
-0.3714939969912101 -0.5000000000000000 0.3358190992227286
-0.3769559263951013 -0.5000000000000000 0.3087459017504630
-0.3677922894180122 -0.5000000000000000 0.3210341355646165
-0.3529272954398414 -0.5000000000000000 0.3317651302254447
0.1669534307746901 -0.0769618367840757 0.5000000000000000
0.3070534494953896 0.1916764304664829 0.5000000000000000
0.3167093600038886 0.1519857983332721 0.5000000000000000
0.3601144462904878 0.1902870489890415 0.5000000000000000
0.2881899031122835 0.1825870720855138 0.5000000000000000
0.1466883108672535 -0.1637520239618151 -0.5000000000000000
0.5000000000000000 -0.2549254231677750 -0.1277391918850669
0.4584887466758710 -0.5000000000000000 0.1076826646112461
0.3282835755586800 0.5000000000000000 0.3632381987391810
0.2869366452928708 0.4933877394582809 -0.5000000000000000
0.2678890622558358 0.4988653123885912 -0.5000000000000000
0.3671657676828295 0.5000000000000000 -0.4207059552574478
0.2978425202697597 0.4707444244824389 -0.5000000000000000
0.5000000000000000 -0.2499716487359909 -0.1397475597515329
0.5000000000000000 -0.2456416398033236 -0.0990778217659436
-0.3449001624545988 -0.3569592752276219 0.5000000000000000
0.4885101151356102 -0.2637737120600058 0.5000000000000000
0.3863421545108820 -0.2867620989868443 0.5000000000000000
-0.2766082150895320 -0.5000000000000000 0.4917946484627926
-0.3927979490634916 -0.4526166785496927 0.5000000000000000
-0.1405451007800544 0.2589916490361107 -0.5000000000000000
-0.5000000000000000 0.1623236773110127 -0.0765704399794602
-0.4893820657752534 -0.0919622748331679 -0.5000000000000000
-0.3561204408606443 -0.2062502965641602 -0.5000000000000000
-0.5000000000000000 -0.4076575421921089 -0.1443451691781809
-0.4790268341453497 0.5000000000000000 0.0875360629833849
0.5000000000000000 -0.0412542037036545 0.3587768399890210
0.5000000000000000 0.0745216702585879 0.1412556069506881
0.5000000000000000 0.0076998258673983 0.2848264243557604
0.5000000000000000 0.0442537681650935 0.1663994661292717
-0.5000000000000000 0.3539147548617292 0.0051261571912618
-0.5000000000000000 0.3950369835805163 -0.0645164815095203
-0.5000000000000000 0.3663302060891246 0.0268549113263484
-0.5000000000000000 0.3686581832947836 -0.1401189715190390
-0.1989537915786659 0.5000000000000000 -0.2479163035509677
-0.0867219121942994 0.5000000000000000 -0.2803247503350645
0.3530398829948314 0.5000000000000000 0.0644507857488803
0.1143407829462256 -0.1138077589007337 -0.5000000000000000
-0.2532407716879501 0.5000000000000000 0.0737609077502316
-0.2976037681453866 0.5000000000000000 0.4465402078367480
-0.1389322415783922 0.3917976885400866 0.5000000000000000
-0.1844145124990710 0.3431319574683791 0.5000000000000000
-0.2396331048824143 0.5000000000000000 0.1226514696010509
-0.2760783224066289 0.5000000000000000 0.1047884516006435
-0.4976447581715494 0.2685249902393209 0.0279983359918062
0.0549106282204283 0.5000000000000000 0.2410951990711608
-0.5000000000000000 -0.4255506054545735 0.1168853065302657
-0.4155768091098303 -0.4932172947341024 0.5000000000000000
-0.5000000000000000 -0.4588983374373909 0.2707991504684436
0.0346500774744778 0.3722636429860852 0.4982079647528746
0.1338228359204338 0.3026014455958271 0.5000000000000000
-0.4898025870868295 -0.1021054288037345 -0.5000000000000000
-0.4729504938436574 -0.0568908756897995 -0.5000000000000000
-0.5000000000000000 -0.1308774237862703 -0.0713419951584116
-0.2148323675142796 0.3783993943631966 -0.5000000000000000
0.5000000000000000 -0.1361723697595613 -0.2779732963548242
-0.1789043322378432 0.2405293980261680 -0.5000000000000000
-0.5000000000000000 -0.4001997264180399 0.0990227623246816
-0.5000000000000000 -0.4284371563009816 0.2154478636844208
0.1786735015541453 -0.0278356270637964 0.5000000000000000
-0.5000000000000000 -0.4307960367902026 -0.0234018366954465
0.0939970759778056 -0.5000000000000000 0.0914910232574563
0.0198049022675445 0.5000000000000000 0.3470260743039427
0.0206110163755410 0.5000000000000000 0.2183249119478267
-0.5000000000000000 -0.3067318136826819 -0.3572185015623532
-0.3176268404583960 0.3414581611838866 -0.5000000000000000
0.0572339335811099 -0.2416288867909301 -0.5000000000000000
0.1704445776371229 0.2938413241951482 0.5000000000000000
0.4971851088235413 0.1813937624617577 -0.2303073778601313
-0.2218177599790557 0.5000000000000000 -0.1564576845426386
-0.2589014694082145 0.5000000000000000 -0.2840781453381382
-0.1929425155294677 0.4320950917651872 -0.5000000000000000
-0.2282984873762758 0.5000000000000000 0.0462589980626112
-0.1583377513962472 0.5000000000000000 -0.1450272752045003
0.0504248403570678 -0.2311774927079702 -0.5000000000000000
0.5000000000000000 -0.1540298057864519 -0.2355847960944795
0.5000000000000000 -0.2226288966255597 -0.0392547044134351
0.5000000000000000 -0.1329800155220685 -0.2769486812066014
0.5000000000000000 -0.1239034837859892 -0.2839199791085484
-0.0608084460143325 0.0259721279998869 0.5000000000000000
0.2195424001713824 -0.1931731865306748 0.5000000000000000
0.1946522070701859 -0.0758348050679631 0.5000000000000000
0.4985802200952865 -0.1248180469221387 0.2070332631824998
-0.1922484680922751 -0.5000000000000000 0.4549075969060808
-0.3457188516048119 -0.2280072949492944 -0.5000000000000000
-0.2408402010744724 0.2540201226500005 -0.5000000000000000
-0.3027059364027844 0.3266124851552763 -0.4965350772358675
0.1585783938377602 -0.1495545434204468 -0.5000000000000000
-0.5000000000000000 -0.1570882727499189 -0.0417326503185861
-0.2432676151918971 0.2912773107035628 -0.5000000000000000
-0.2471533500396492 0.2725483437164711 -0.5000000000000000
0.2476158225642479 0.5000000000000000 0.3784884813305769
0.0806140046732372 -0.5000000000000000 0.0997757931986857
0.3537467463454857 0.0187430794686710 -0.5000000000000000
-0.4096199512783025 -0.2687499785229487 -0.5000000000000000
0.4049117718197753 0.0177539307698032 -0.5000000000000000
0.5000000000000000 -0.0138974972372906 0.4528773706678853
0.5000000000000000 0.0400496981118183 -0.3893368899563924
-0.1854332510977380 -0.3096790704539888 0.5000000000000000
-0.0633656684289008 0.5000000000000000 0.1912387764614892
-0.1115472373018553 0.5000000000000000 0.1182898480654988
-0.2219629680953611 0.5000000000000000 0.1237733297847951
-0.1062815239868297 0.5000000000000000 0.0754101423269075
-0.5000000000000000 0.2768212698564047 0.0067304785940744
0.4899388355343658 -0.2682779478730675 0.5000000000000000
-0.2516217491649661 -0.5000000000000000 -0.1739629336157899
-0.0130821363522871 0.5000000000000000 0.2885236695260819
0.0654588077575966 -0.0005483232990813 0.5000000000000000
0.1453943101274617 0.4991454369683636 -0.0639291060013979
-0.1064889089502905 0.3715599622463766 0.5000000000000000
0.0243570188477165 0.2387766179143527 -0.5000000000000000
0.2196408869900903 0.2475499596492286 -0.5000000000000000
-0.5000000000000000 0.0821122078960465 -0.2739408226581715
-0.3181183827386061 -0.5000000000000000 -0.3564220605154610
0.3169800516035362 0.2171656343161709 -0.5000000000000000
0.1636701992294744 -0.2196898408298513 0.5000000000000000
-0.3852068855070713 -0.2266774476022340 -0.5000000000000000
0.3944368388467452 -0.2961390321831877 0.5000000000000000
0.1339712970429177 -0.0702165436652683 0.5000000000000000
0.4563814267983056 0.1646470389247882 0.5000000000000000
-0.1192802223181293 -0.3710137454706885 0.5000000000000000
-0.0865444244487179 0.3850383439885547 0.5000000000000000
-0.3220039761792188 -0.0650469749018211 0.5000000000000000
0.4073010902050311 -0.3231457963917648 0.5000000000000000
-0.3197398184944811 -0.5000000000000000 -0.2588789573713604
0.0785883064068596 -0.1947059924486102 -0.5000000000000000
0.1401844413063211 -0.5000000000000000 0.1142381580379185
0.1878565571262019 -0.5000000000000000 0.3294506543660282
0.2351064397739524 -0.4883618740463211 0.5000000000000000
-0.2650180310047207 -0.0507601487561726 -0.5000000000000000
-0.2650040190856320 -0.0516440284854752 -0.5000000000000000
0.5000000000000000 -0.0155527556568739 -0.3550037600253748
-0.4598182954476036 0.0433229171364750 -0.5000000000000000
-0.4273434122617702 0.0286730114934846 -0.5000000000000000
0.0991345749246227 -0.5000000000000000 0.0640018573792731
0.1243372408933094 -0.5000000000000000 0.2068006703096412
-0.1724970810012630 0.3305549185026344 0.5000000000000000
-0.1709375100275795 0.3136497592016682 0.5000000000000000
-0.3188524558416643 -0.0758321224396691 -0.5000000000000000
-0.3887360611838578 -0.0095626723987185 -0.5000000000000000
0 12
0 21
0 25
0 28
0 34
0 44
0 60
0 69
0 86
0 89
0 95
0 99
0 107
0 108
0 109
0 132
0 164
0 185
0 194
0 206
0 216
0 241
1 11
1 26
1 32
1 35
1 38
1 39
1 50
1 94
1 102
1 121
1 134
1 143
1 152
1 156
1 165
1 200
1 201
1 212
1 218
243 97
244 127
245 223
2 25
2 246
2 247
2 248
2 93
2 100
2 249
2 128
2 130
2 250
2 196
2 251
2 207
2 252
2 237
3 37
3 62
3 253
3 123
3 146
3 158
3 161
3 175
3 190
3 205
3 235
254 43
255 49
257 215
258 127
259 223
4 260
4 105
4 261
4 951
4 141
4 170
4 184
4 203
4 262
4 214
4 228
4 233
4 263
4 264
4 242
265 118
266 581
267 77
268 127
269 197
270 223
5 14
5 44
5 52
5 66
5 79
5 80
5 100
5 116
5 117
5 149
5 160
5 164
5 173
5 177
5 1275
5 207
5 229
6 271
6 272
6 273
6 75
6 100
6 116
6 274
6 275
6 177
6 276
6 277
6 278
6 1275
6 279
6 196
6 202
6 280
6 229
6 240
7 18
7 38
7 51
7 53
7 73
7 281
7 282
7 283
7 138
7 145
7 215
7 284
8 285
8 41
8 286
8 54
8 59
8 287
8 288
8 81
8 85
8 106
8 122
8 126
8 289
8 290
8 159
8 1251
8 291
8 222
8 227
8 239
9 292
9 498
9 46
9 856
9 90
9 293
9 97
9 294
9 234
295 585
296 42
297 63
298 1198
299 217
300 87
301 123
302 84
10 303
10 49
10 51
10 304
10 53
10 305
10 644
10 85
10 951
10 306
10 573
10 133
10 141
10 159
10 182
10 215
11 13
11 15
11 307
11 35
11 38
11 50
11 308
11 78
11 86
11 107
11 309
11 156
11 185
11 201
11 206
11 211
11 310
11 218
12 29
12 34
12 69
12 98
12 107
12 109
12 132
12 147
12 311
12 153
12 167
12 179
12 232
12 242
13 15
13 312
13 38
13 51
13 313
13 314
13 315
13 316
13 98
13 317
13 107
13 318
13 319
13 320
13 321
13 206
13 322
13 323
14 20
14 324
14 52
14 325
14 66
14 79
14 585
14 116
14 326
14 173
14 327
14 328
329 87
330 139
331 178
15 16
15 38
15 45
15 332
15 333
15 334
15 335
15 336
15 337
15 156
15 201
15 338
16 23
16 38
16 45
16 70
16 72
16 73
16 72
16 339
16 102
16 110
16 156
16 157
16 212
340 135
17 341
17 91
17 96
17 500
17 144
17 176
17 179
17 183
17 198
17 203
17 342
17 224
17 231
17 234
343 56
344 78
345 136
346 206
347 208
348 211
18 23
18 38
18 45
18 73
18 349
18 138
18 215
18 350
351 46
352 97
353 120
354 130
355 237
19 35
19 56
19 62
19 78
19 86
19 115
19 150
19 152
19 158
19 165
19 169
19 175
19 185
19 190
19 205
19 208
19 211
19 216
19 220
19 241
20 356
20 31
20 52
20 357
20 66
20 80
20 585
20 140
20 358
20 168
20 359
20 193
21 25
21 27
21 44
21 46
21 360
21 361
21 99
21 108
21 109
21 130
21 132
21 147
21 362
21 236
363 573
364 119
365 213
366 23
367 72
368 157
22 29
22 48
22 67
22 74
22 104
22 106
22 115
22 126
22 131
22 369
22 153
22 155
22 167
22 370
22 222
22 238
23 45
23 371
23 72
23 92
23 372
23 373
23 110
23 142
23 374
23 215
23 256
23 375
376 127
24 30
24 47
24 377
24 81
24 91
24 96
24 114
24 378
24 379
24 176
24 380
24 182
24 183
24 381
24 224
24 382
25 27
25 44
25 48
25 383
25 384
25 69
25 385
25 386
25 387
25 109
25 115
25 130
25 158
25 164
25 169
25 196
25 207
25 216
25 388
25 237
25 241
389 71
390 81
391 227
392 49
393 1022
394 209
395 36
396 42
397 221
26 32
26 38
26 53
26 67
26 83
26 102
26 145
26 155
26 200
26 219
26 225
26 238
398 42
399 210
400 217
27 48
27 401
27 69
27 402
27 403
27 404
27 405
27 109
27 115
27 147
27 406
27 407
27 408
409 47
410 139
411 31
412 49
413 51
414 951
415 215
28 60
28 64
28 89
28 416
28 95
28 99
28 417
28 418
28 419
28 420
28 194
28 206
29 33
29 41
29 54
29 106
29 126
29 132
29 133
29 421
29 155
29 167
29 179
29 422
29 195
29 232
29 242
423 168
424 193
425 56
426 68
427 111
428 136
429 208
430 32
431 77
432 627
433 88
434 94
435 832
436 131
437 137
438 220
439 139
440 118
441 119
442 213
443 63
444 127
445 223
30 33
30 41
30 54
30 81
30 96
30 122
30 446
30 159
30 176
30 182
30 192
30 195
30 1293
30 224
447 162
448 188
449 191
450 209
31 40
31 451
31 52
31 80
31 452
31 453
31 117
31 120
31 454
31 455
31 154
31 168
31 456
31 457
31 458
31 459
31 460
31 461
32 39
32 57
32 462
32 70
32 77
32 83
32 88
32 94
32 832
32 102
32 104
32 137
32 143
32 463
32 187
32 200
32 204
32 212
32 223
32 230
464 36
465 42
466 111
467 210
468 217
469 221
33 41
33 54
33 500
33 470
33 176
33 179
33 471
33 192
33 195
33 472
33 224
473 87
474 123
34 51
34 475
34 89
34 476
34 95
34 98
34 107
34 132
34 477
34 206
34 232
34 242
35 38
35 50
35 78
35 86
35 107
35 115
35 121
35 153
35 165
35 200
478 65
36 479
36 42
36 480
36 63
36 481
36 482
36 483
36 484
36 485
36 151
36 486
36 487
36 217
36 221
36 488
36 489
37 87
37 490
37 491
37 123
37 146
37 151
37 158
37 161
37 178
37 190
37 196
37 235
38 45
38 51
38 53
38 67
38 73
38 102
38 492
38 107
38 121
38 145
38 153
38 155
38 156
38 167
38 200
38 212
493 199
494 42
39 50
39 88
39 94
39 112
39 121
39 124
39 134
39 135
39 143
39 152
39 165
39 189
39 205
39 226
39 235
40 52
40 79
40 80
40 495
40 117
40 120
40 154
40 160
40 496
40 497
41 54
41 106
41 122
41 126
41 133
41 159
41 179
41 195
41 232
499 46
501 147
502 236
503 80
504 97
505 120
506 140
507 154
508 160
509 168
510 1315
511 87
512 178
42 63
42 513
42 514
42 515
42 516
42 517
42 217
42 221
42 518
519 108
520 140
521 171
522 181
523 942
524 183
525 203
526 1315
527 231
528 234
529 52
530 79
531 585
532 116
533 213
534 124
535 137
537 204
538 223
539 147
540 236
541 49
542 644
543 573
544 1022
545 159
546 166
547 182
548 1251
549 63
550 101
551 950
552 186
553 1198
554 210
555 217
556 1289
557 117
558 120
559 128
560 149
561 237
562 82
563 56
564 111
565 208
566 210
567 644
568 55
569 87
570 139
571 151
572 85
574 227
498 46
498 90
498 500
498 236
43 49
43 59
43 85
43 575
43 110
43 576
43 138
43 145
43 148
43 174
43 577
43 256
43 578
43 215
43 579
43 256
580 240
582 188
583 197
584 209
44 60
44 66
44 80
44 99
44 108
44 113
44 130
44 140
44 149
44 160
44 164
44 173
44 193
44 207
44 237
45 73
45 586
45 587
45 110
45 138
45 215
45 588
589 240
46 590
46 90
46 591
46 97
46 108
46 130
46 132
46 140
46 592
46 234
46 236
46 237
593 139
47 594
47 595
47 596
47 597
47 81
47 114
47 598
47 166
47 599
47 600
47 601
47 602
603 68
604 82
605 84
606 49
607 573
48 67
48 608
48 609
48 610
48 104
48 115
48 121
48 131
48 611
48 150
48 165
48 169
48 612
48 200
48 220
49 613
49 644
49 85
49 951
49 573
49 159
49 614
49 182
49 215
615 101
616 103
617 129
618 186
619 199
620 202
621 1198
622 208
623 211
624 119
625 129
626 202
628 135
629 137
50 68
50 630
50 76
50 78
50 82
50 134
50 143
50 152
50 156
50 165
50 201
50 218
50 226
51 53
51 631
51 632
51 98
51 633
51 107
51 634
51 133
51 635
51 636
51 215
51 232
51 242
52 637
52 66
52 79
52 80
52 116
52 173
52 638
52 639
52 640
641 585
642 156
643 201
645 240
646 119
647 199
53 59
53 85
53 102
53 107
53 126
53 133
53 145
53 155
53 159
53 167
53 215
53 222
53 225
53 232
54 648
54 81
54 106
54 649
54 122
54 126
54 650
54 651
54 652
54 653
54 192
54 1293
55 654
55 655
55 656
55 657
55 658
55 87
55 659
55 660
55 661
55 662
55 663
55 664
55 123
55 665
55 135
55 151
55 161
55 666
55 189
55 667
55 235
668 150
669 158
670 169
671 190
672 196
673 139
674 240
675 72
676 72
677 92
678 157
679 256
680 256
681 71
682 125
683 162
684 227
685 239
686 856
687 97
688 234
689 130
690 237
56 62
56 68
56 76
56 78
56 86
56 111
56 691
56 136
56 152
56 208
56 211
56 221
56 692
693 120
694 237
57 695
57 74
57 696
57 77
57 83
57 832
57 104
57 697
57 125
57 162
57 187
57 698
57 699
57 700
57 238
57 701
58 61
58 64
58 95
58 99
58 118
58 171
58 1256
58 181
58 184
58 193
58 194
58 702
58 214
703 92
704 142
705 180
706 97
707 154
708 197
59 71
59 85
59 125
59 126
59 145
59 148
59 159
59 174
59 709
59 222
59 225
59 227
710 197
711 209
60 61
60 66
60 99
60 113
60 129
60 712
60 713
60 714
60 164
60 715
60 194
60 206
60 229
716 197
717 581
718 127
719 163
720 188
61 66
61 118
61 721
61 193
61 194
61 722
62 78
62 150
62 152
62 158
62 165
62 169
62 175
62 190
62 205
62 208
62 216
62 221
62 235
62 241
723 75
724 119
725 199
726 202
727 139
728 151
729 68
730 84
731 136
732 218
63 733
63 734
63 735
63 139
63 146
63 151
63 736
63 950
63 186
63 737
63 738
63 217
63 221
739 89
740 105
741 951
742 133
743 242
64 744
64 89
64 95
64 99
64 105
64 745
64 746
64 747
64 1256
64 194
64 214
65 748
65 749
65 750
65 751
65 143
65 752
65 157
65 172
65 180
65 753
65 204
65 212
65 223
65 230
65 754
66 80
66 99
66 108
66 113
66 755
66 756
66 757
66 758
66 173
66 759
66 193
66 194
67 74
67 83
67 104
67 115
67 131
67 153
67 155
67 167
67 200
67 238
68 760
68 76
68 78
68 82
68 84
68 761
68 111
68 136
68 762
68 763
68 218
68 764
68 765
68 766
767 77
768 77
769 627
770 88
771 137
772 536
773 204
774 223
644 951
644 141
644 1022
644 166
644 170
644 182
644 775
644 776
644 777
778 78
779 136
780 201
781 218
581 77
581 782
581 127
581 163
581 188
581 197
581 223
69 86
69 107
69 109
69 115
69 153
69 169
69 185
69 216
70 72
70 73
70 83
70 102
70 110
70 138
70 142
70 162
70 172
70 180
70 187
70 204
70 212
70 219
70 230
783 101
784 208
785 210
71 85
71 786
71 787
71 125
71 148
71 191
71 788
71 225
71 227
72 92
72 789
72 110
72 142
72 156
72 157
72 172
72 180
72 212
73 102
73 110
73 138
73 145
73 219
73 225
74 83
74 104
74 790
74 791
74 792
74 793
74 794
74 238
74 795
796 92
797 157
798 172
799 180
800 118
801 89
802 105
803 214
804 585
72 92
72 805
72 110
72 142
72 157
806 627
807 135
808 139
75 103
75 146
75 175
75 950
75 186
75 809
75 810
75 196
75 202
75 1289
75 229
75 240
811 142
812 162
813 163
814 180
815 187
816 188
817 191
818 209
819 147
76 78
76 82
76 111
76 134
76 136
76 152
76 820
76 221
76 226
76 821
76 822
823 84
824 143
825 536
826 204
827 218
828 223
829 77
830 197
831 77
833 104
77 88
77 832
77 127
77 834
77 835
77 187
77 197
77 204
77 836
77 223
77 837
838 104
839 131
840 150
841 169
627 842
627 88
627 94
627 112
627 131
627 135
627 137
627 843
627 844
627 845
627 220
846 112
847 135
848 161
849 220
850 235
851 114
852 1022
853 166
78 86
78 854
78 136
78 152
78 165
78 185
78 211
855 139
857 90
858 500
859 183
860 234
861 117
862 128
863 81
864 1251
79 80
79 865
79 116
79 117
79 866
79 177
79 867
79 1275
79 868
79 869
870 192
80 117
80 140
80 149
80 154
80 160
80 168
80 871
80 193
872 87
873 123
874 139
875 127
81 96
81 114
81 122
81 876
81 159
81 166
81 182
81 1251
81 1293
81 877
81 878
82 84
82 879
82 880
82 124
82 134
82 143
82 881
82 882
82 218
82 883
82 226
82 884
885 106
886 239
83 832
83 102
83 104
83 125
83 162
83 187
83 200
83 219
83 225
83 238
83 887
84 888
84 889
84 890
84 891
84 892
84 201
84 893
84 218
84 894
85 895
85 573
85 145
85 148
85 159
85 174
85 896
85 897
85 898
85 899
85 215
85 900
85 227
86 107
86 115
86 153
86 165
86 169
86 185
86 211
86 216
86 241
901 105
902 203
903 214
856 90
856 97
856 904
856 234
87 905
87 906
87 123
87 139
87 151
87 907
87 178
87 235
908 93
909 128
910 240
911 112
912 150
913 161
914 190
915 220
916 118
917 123
918 161
919 178
920 127
921 197
88 94
88 832
88 124
88 134
88 135
88 137
88 143
88 922
88 536
88 204
89 923
89 95
89 98
89 105
89 924
89 925
89 926
89 206
89 214
89 927
89 242
90 928
90 500
90 929
90 132
90 179
90 930
90 231
90 234
90 236
931 97
932 123
933 161
934 124
935 134
936 143
937 536
938 204
939 218
940 118
941 1256
943 92
944 142
945 148
946 174
947 256
948 191
949 139
952 135
953 151
954 189
955 221
956 226
957 199
91 96
91 114
91 144
91 170
91 176
91 182
91 183
91 198
91 203
91 958
91 224
92 110
92 142
92 157
92 172
92 180
92 256
92 256
959 139
960 178
961 832
962 104
963 131
964 150
965 220
966 98
967 206
93 100
93 968
93 128
93 1275
93 969
93 970
93 207
93 971
93 240
972 197
973 209
974 111
94 832
94 112
94 121
94 131
94 135
94 200
94 205
94 220
95 99
95 132
95 181
95 184
95 194
95 214
95 228
95 242
975 151
96 976
96 977
96 176
96 978
96 183
96 192
96 1293
96 979
96 980
832 104
832 131
832 200
981 156
982 157
983 201
984 101
985 186
986 199
97 120
97 130
97 140
97 154
97 160
97 987
97 988
97 989
97 1315
97 234
585 990
585 991
585 992
585 993
585 994
585 995
585 996
585 997
998 157
999 201
1000 218
1001 125
1002 162
1003 191
1004 209
98 107
98 153
98 167
98 1005
98 206
98 232
1006 127
1007 223
1008 1198
1009 215
99 108
99 113
99 132
99 164
99 171
99 181
99 184
99 193
99 194
1010 154
1011 168
1012 116
1013 117
1014 1275
100 117
100 128
100 177
100 1275
100 196
100 1015
100 207
100 229
100 240
101 1016
101 1017
101 175
101 186
101 1018
101 1198
101 208
101 210
101 217
1019 123
1020 161
102 143
102 145
102 156
102 212
102 219
102 225
103 129
103 158
103 164
103 175
103 185
103 186
103 196
103 202
103 208
103 211
103 229
103 241
1021 1022
1023 150
1024 158
1025 161
1026 178
1027 190
1028 196
1029 240
104 1030
104 131
104 1031
104 1032
104 1033
104 200
104 1034
105 1035
105 1036
105 1256
105 1037
105 214
105 1038
105 228
105 1039
105 242
1040 203
1041 214
106 1042
106 1043
106 125
106 126
106 1044
106 1045
106 1046
106 1047
106 1048
106 222
106 227
106 238
106 239
951 133
951 141
951 233
951 1049
951 242
107 153
107 167
107 185
107 206
107 232
108 113
108 130
108 132
108 140
108 171
108 181
108 184
108 193
108 234
1050 151
1051 189
109 115
109 132
109 147
109 1052
109 153
109 1053
1054 124
1055 135
110 138
110 142
110 174
110 212
110 215
110 219
110 256
111 136
111 152
111 1056
111 208
111 210
111 217
111 221
111 1057
111 1058
1059 127
1060 163
112 135
112 150
112 161
112 205
112 220
112 235
1061 240
113 1062
113 1063
113 164
113 173
113 177
113 194
113 213
113 229
114 1022
114 166
114 170
114 182
114 183
114 1064
114 1065
114 1066
1067 239
1068 201
1069 218
1070 172
115 121
115 1071
115 153
115 165
115 169
115 200
115 216
116 1072
116 119
116 1073
116 1074
116 173
116 177
116 1275
116 1075
116 213
1076 220
500 147
500 1077
500 176
500 179
500 183
500 231
500 234
500 236
1078 157
1079 201
1080 218
117 120
117 128
117 1081
117 149
117 160
117 1082
117 1275
117 207
117 237
1083 215
1084 183
118 1085
118 1086
118 171
118 1087
118 1256
118 942
118 1088
118 193
118 194
118 1089
118 1090
1091 119
1092 213
119 1093
119 1094
119 1095
119 1096
119 177
119 1097
119 1098
119 199
119 202
119 213
119 1099
119 1100
120 130
120 149
120 154
120 160
120 1101
120 1102
120 1103
120 237
1104 192
121 131
121 165
121 200
121 205
121 220
122 159
122 182
122 1251
122 1105
123 1106
123 161
123 178
123 235
1107 1198
1108 208
124 134
124 135
124 137
124 143
124 536
124 1109
124 189
124 1110
124 204
124 1111
124 1112
124 1113
124 226
125 162
125 1114
125 191
125 222
125 1115
125 225
125 227
125 1116
125 238
125 239
125 1117
126 133
126 155
126 159
126 222
126 232
1118 573
127 1119
127 163
127 1120
127 1121
127 223
127 230
573 1122
573 159
573 1123
573 1124
573 1251
573 1125
573 1126
1127 173
1128 213
1129 194
128 1130
128 1131
128 1275
128 1132
128 207
128 1133
128 237
129 1134
129 1135
129 164
129 1136
129 185
129 1137
129 202
129 206
129 208
129 211
129 229
129 241
1138 194
130 140
130 149
130 160
130 207
130 237
131 1139
131 200
131 220
132 147
132 179
132 181
132 184
132 195
132 228
132 231
132 234
132 236
132 242
133 141
133 144
133 159
133 182
133 195
133 198
133 232
133 233
133 242
134 143
134 152
134 1140
134 218
134 226
1141 199
135 137
135 1142
135 1143
135 189
135 1144
135 1145
135 1146
135 1147
135 1148
135 1149
135 226
135 235
1150 136
136 1151
137 1152
137 536
137 1153
137 204
137 223
138 142
138 145
138 174
138 215
138 219
138 225
139 151
139 1154
139 178
139 1155
139 1156
139 1157
139 1158
139 1159
1160 227
1161 239
1162 238
1163 239
140 160
140 168
140 171
140 181
140 193
140 1315
140 234
1164 199
1165 202
141 144
141 1022
141 170
141 182
141 198
141 203
141 233
141 1166
1167 163
1168 180
1169 223
1170 230
1171 206
1172 211
142 148
142 162
142 174
142 180
142 256
142 191
142 219
142 256
1173 1293
143 536
143 1174
143 157
143 201
143 204
143 212
143 218
144 195
144 198
144 203
144 224
144 228
144 231
144 233
144 242
1175 164
1176 206
1177 211
1178 209
145 155
145 174
145 215
145 222
145 225
146 151
146 1179
146 158
146 175
146 178
146 950
146 186
146 1180
146 196
146 217
146 221
146 235
1022 166
1022 170
1022 182
1022 1181
1022 1182
1022 1183
1022 1184
1022 1185
1186 218
536 204
536 1187
536 1188
536 223
1189 214
147 1190
147 1191
147 179
147 1192
147 1193
147 1194
147 236
1195 153
1196 167
1197 179
1199 209
1200 161
148 174
148 1201
148 191
148 219
148 1202
148 225
1203 157
1204 172
1205 212
1206 218
1207 211
1208 177
1209 202
1210 213
1211 229
149 160
149 207
149 237
150 161
150 169
150 190
150 205
150 220
150 1212
151 1213
151 175
151 178
151 950
151 1214
151 189
151 217
151 221
151 235
152 165
152 175
152 189
152 205
152 208
152 221
152 226
152 235
1215 193
153 155
153 167
153 200
154 160
154 1216
154 168
154 1217
154 1218
154 1219
1220 178
1221 950
1222 157
1223 1198
1224 210
155 167
155 222
155 225
155 232
155 238
156 157
156 201
156 212
157 172
157 1225
157 201
157 212
157 1226
157 218
1227 179
158 169
158 175
158 190
158 196
158 216
158 241
159 166
159 182
159 195
159 1251
159 1228
160 168
160 237
161 190
161 205
161 220
161 235
162 163
162 1229
162 180
162 187
162 188
162 191
162 209
162 219
162 225
162 1230
162 238
163 180
163 1231
163 187
163 188
163 197
163 209
163 223
163 230
1232 166
164 173
164 185
164 196
164 206
164 207
164 229
164 241
165 169
165 205
165 220
165 235
1233 199
1234 177
1235 199
1236 202
166 1237
166 182
166 1251
166 1238
166 1239
166 1240
1241 183
1242 234
167 232
168 942
168 1243
168 193
168 1315
169 190
169 196
169 216
169 220
169 1244
170 182
170 183
170 1245
170 1246
170 198
170 203
170 1247
170 233
170 1248
170 1249
170 1250
171 1256
171 181
171 942
171 193
171 1252
171 1315
172 180
172 1253
172 204
172 212
172 1254
172 230
172 1255
173 177
173 213
173 229
1257 194
1258 209
1259 239
174 256
174 191
174 215
174 219
174 256
174 225
1260 191
175 186
175 196
175 208
175 211
175 217
175 221
175 235
175 241
176 179
176 192
176 1293
176 1261
176 224
177 1275
177 202
177 213
177 229
178 950
178 1262
178 196
179 1263
179 195
179 224
179 231
179 236
180 1264
180 187
180 212
180 230
180 1265
1266 211
1267 230
1268 226
1256 194
1256 1269
1256 214
181 184
181 203
181 1270
181 214
181 1315
181 231
181 234
1271 188
1272 1293
182 195
182 198
182 224
942 193
942 1315
1273 220
1274 194
183 1276
183 203
183 1277
183 1278
183 231
183 234
183 1279
183 1280
184 203
184 214
184 228
184 231
185 206
185 211
185 216
185 241
1281 220
950 186
950 1282
950 1283
950 1289
186 199
186 202
186 1198
186 208
186 217
186 1289
1284 196
1285 240
1286 206
1275 240
1287 208
1288 211
1290 218
187 188
187 197
187 204
187 209
187 223
187 1291
187 230
188 197
188 209
1292 192
189 221
189 226
189 235
190 205
190 1294
191 1295
191 219
191 225
192 1293
192 1296
192 1297
193 194
193 1298
193 1315
1299 226
195 198
195 224
195 231
195 242
196 1300
196 207
196 216
196 229
196 240
196 241
197 209
197 223
197 1301
1302 240
198 203
198 224
198 233
198 242
199 202
199 1289
199 1303
1304 240
200 220
201 212
201 1305
201 218
202 1289
202 229
203 1306
203 214
203 1307
203 228
203 231
203 233
203 1308
203 1309
1251 1310
1198 210
1198 217
1198 1289
1198 1311
204 212
204 1312
204 223
204 230
205 220
205 235
1313 214
206 211
206 1314
1316 214
1317 236
1318 237
1319 227
1320 223
207 229
207 237
1321 237
208 210
208 211
208 217
208 221
208 1322
209 1323
210 217
210 1324
211 1325
211 241
212 218
212 230
213 1326
1327 218
214 1328
214 228
214 242
215 256
215 1329
216 241
217 221
217 1330
1331 223
219 225
220 1332
221 1333
221 226
221 235
221 1334
221 1335
1336 222
1337 238
1338 240
222 225
222 227
222 238
223 230
1339 227
1340 239
224 231
1315 234
225 238
1341 226
226 1342
227 239
228 231
228 233
228 242
231 234
231 236
231 242
232 242
233 1343
233 242
234 236
1344 242
238 239
238 1345
239 1346
