1349 2517 0
0.2851106050390478 0.3164357502496962 0.3613031966379344
0.0761474422610334 -0.0923808988973690 0.4615576920585974
0.2285526926427860 -0.4403624042877099 0.4685815617432727
-0.3233904326399502 -0.3023814186956774 -0.1322269323268720
0.0210317695286752 -0.4666138169820677 -0.3047736833057976
-0.0851182279736580 -0.3864828235238947 -0.1450037801410644
0.0933753341168789 -0.0461204646798613 -0.2269182374647917
-0.1665475879588504 0.2176357877403939 -0.3453749230165377
0.3927751974346597 0.4089929469728856 0.2011688330516875
-0.0545817307237460 -0.2472599899094213 -0.2251639681292391
0.1560200036321680 -0.3668238467181733 -0.1608433859087301
0.4667233539570869 -0.0071794094117030 -0.0006150298115935
0.0924481835045039 -0.1979868204476451 -0.2975550529941126
0.1739702449808369 -0.4491458126502008 -0.1181060985717912
0.2003198026549230 -0.2899485095086572 0.3928194679708574
-0.2558318154390237 0.3455509736428585 -0.2890750091003703
-0.3001282740779467 -0.0606440120754643 0.1393967575005177
0.4599417316339287 -0.0928937145936381 0.1742732214544431
0.1966535809514638 -0.0929859540761643 -0.4529212673772217
-0.1350426304777863 0.3455680998603006 0.1300910310853472
0.4636766335718217 -0.0694241705148267 -0.3124850825026299
-0.0677460979153959 0.0014197607683770 0.4722317196462637
0.2851588892763262 0.4062167952825059 0.2215589051191311
-0.0426393500940441 0.1280220641746597 -0.4201079842146251
0.2372978516112239 -0.1120373196800768 0.4306125940873434
-0.2711979655070895 0.1447164232797117 -0.0101078182718722
-0.1559770719048274 0.3441451090285711 0.4942607698415234
-0.2216722147127170 -0.2271490422629294 -0.0306402939291322
-0.2435298049714315 0.0004604382210263 -0.3677784557082433
-0.3034948135949424 -0.2797468108263462 0.1893630493431419
0.1989380703635743 0.4039268465230503 0.0844374765875981
0.4163285761646817 0.1416561883256753 0.1640127205851275
-0.3069245635929773 -0.4457365682300660 -0.1764323395876614
-0.0875167191198463 -0.3663216026851962 -0.4672832577433739
-0.4584704717806904 -0.1325217961058816 -0.2665269712495845
-0.1116502052781757 0.2139242263177774 0.1546249462770029
0.4527980738355276 -0.1345253371116619 0.0637956232048288
-0.1614866021483055 -0.3056947319298736 -0.1419676063859973
-0.4749440606384796 0.4337365834743530 0.2318615671739002
-0.1151674187188396 -0.1439914646606915 0.2254871483902455
0.4772878614820756 0.0732820718792073 0.0824419056709544
-0.2945398449231888 0.0358481397145797 0.2750676204498812
0.1234914240724272 0.4918557812372188 0.1548266431001527
-0.2126511499652525 -0.1056883842107088 -0.3269886077498074
-0.4964834078728038 -0.3271304366750767 -0.3730801711072790
-0.3434812780841560 0.3288406047074302 -0.1652771875411136
0.2293686154291708 0.0470498237770611 -0.0372064041900040
-0.1236583045445244 0.2154320092157779 0.2150427538290877
-0.1263399174274486 0.0040208940824570 -0.1991296295048992
0.3090890296670854 0.3735674065435106 -0.2683436161296109
0.1359961344885131 -0.3291306329447269 -0.0845852960416732
-0.0498586009304069 -0.2422859032032008 -0.3510929491377871
-0.4931217507146149 0.3079001505796883 -0.3943170260011998
-0.1522503387615940 0.0507920055172278 -0.1206792498880500
0.0180347253564672 0.1758154721644208 0.2541644151480917
-0.3641145989150463 -0.0955680773899910 0.3231115296944848
-0.4742461485297960 0.4147581329461571 0.0617506895698001
-0.3915824186951829 -0.1743811899083004 0.3024501539255262
0.4744083605800826 0.2323081188669611 -0.3751215054750981
-0.3460965274066407 -0.0225035339234426 0.2298994518992071
-0.4851033268104937 -0.4756388121253312 -0.1324116771483793
-0.4786287306523745 0.0162155606780208 0.0939221144384738
0.0592801578211482 -0.0695816162344387 0.2442133992353175
-0.0310680745309024 0.4619093410965089 -0.1220222334335904
0.3109139887993584 -0.3148323094916221 0.3068156463317973
0.0005519904827968 0.1130573401316806 0.1713112241024890
-0.4333740179374680 -0.3224943131867631 0.0430244164063706
0.3868227868630741 -0.4866936809369823 0.2457959123213422
0.1900585498844839 -0.3876576031680120 -0.3917455968922694
-0.4646297610262135 0.2666468781481980 -0.4829693577070808
0.0851135330907395 0.0268678276089072 -0.0030546397963162
0.0524434229006323 -0.2258154343506961 0.0087941055324519
0.4651787722033593 -0.1943954259571105 0.2023677529434106
0.1560531355893384 -0.0869350555199364 -0.0218876124470123
0.2202365926628686 -0.3076110282418977 0.0029569663852177
-0.4461440633705653 -0.0949600103851322 -0.4420859336686218
0.4426227722630151 0.3675283559867417 -0.2920047933319979
-0.0607630028562636 -0.3081376799929578 0.4835959666004197
-0.4022302388226313 0.1344184385431955 0.1503597588661478
-0.1865716660534394 0.2563289899376708 0.1988913589999831
-0.1458215495619181 -0.0443043562075537 0.0772366804896036
0.2347246206019936 -0.2697915381322986 -0.3424887930969331
-0.2031220275818519 0.0118189102360656 -0.1451978727783233
0.0774165034911361 0.4551969127574602 0.0716509310909683
-0.4006272791089680 0.1681274956750426 -0.0635009576467945
0.3112775862160124 -0.3865589795842342 -0.3190777768138578
-0.1057212377158537 -0.3403159092439485 0.0092033758626659
-0.1787005482544258 0.1263390345181521 0.2794311664348361
0.0346482578311109 0.0040463791429177 -0.3310391999388152
0.0910312563635726 0.1482649792889286 -0.1321620692383604
-0.0669225037419828 0.4305528593095638 0.4688616617432387
-0.2498691787517978 0.0303155235440710 0.0235956222734460
0.2888056201001278 -0.0440247785222683 0.4667586967917333
0.1236236617499530 0.2151638164276280 0.3897102693637959
0.2900137878361420 -0.4021531570597371 0.3850518231875180
0.3048537433649586 0.3388078243321090 -0.1567170854963354
-0.1798886192375879 0.4060578935240537 -0.1379924113576095
-0.1836615653281984 0.0328726895085283 0.3987698957948900
-0.3871088146638071 -0.1731458277305091 0.4754616633116087
0.0269119995402566 0.3549773827517698 -0.2154735330801150
0.2306934162773354 0.4776073584252363 -0.2179158228372268
0.4039579520675950 0.2947410982618252 0.0473566174562389
0.4721021820136477 0.2006008189353634 0.2890465663909737
-0.2056711822768318 -0.2689215490904378 -0.3631106779836128
0.2014179605987595 0.0219084831698355 -0.3720530672778019
0.4670096236297943 0.2762499188891859 0.1423705561831758
-0.3798937090504412 -0.4245377190131435 0.2729238093330142
0.3301477010343296 -0.4888517543715459 -0.2785211266596773
-0.3723548661841516 0.2805047164102735 0.2722346985649358
-0.4381117930024407 0.2559987280457084 -0.0297043003663813
0.0777664285353389 -0.3424072900328401 -0.4470448640387792
0.1258450258212873 0.1357241965605780 -0.1448926202787823
-0.1499942973411247 -0.0495874323946717 0.0354404473416899
-0.2974227712173799 0.3192088211180243 0.4389600592283713
0.1477666208233362 0.4239550652825302 0.0733162143480068
-0.0995072062757355 0.4064813396031533 -0.2285409210243185
-0.3495832941631642 0.4880421753794222 -0.3066281944254387
0.1801686108767557 0.1781294888390859 -0.4127676512584141
-0.1227087577606608 -0.1888562017152908 0.3712061749872293
-0.1896410115971881 0.2515774979670118 -0.0623524962010599
-0.1684387333160011 0.4331777479139385 -0.1603260883428753
-0.0936262519301672 -0.2885577211317567 -0.4322227125778338
-0.4448612654687705 0.1937034327159460 0.0816779116050875
-0.0714304786661921 0.3825920579007948 -0.2816964102394925
-0.0593528603560962 0.0234097742724032 -0.0503500440717427
-0.2471699851967507 -0.1562093055986760 0.1478473920055129
0.1212277414992680 0.2518578762072597 -0.4280523698250505
-0.4727922602849219 0.3336731693160319 -0.0388450177335685
-0.3262708109079695 -0.4730295658040238 0.3960587926581166
-0.1169331971316694 0.3444831872174711 -0.2200301640196026
-0.1552162246173676 -0.4678938554054182 -0.0560799814356834
-0.1350287224468865 -0.1662232236119322 0.4606154553919554
-0.3036614695262905 -0.1996455134779457 0.1877113179228953
-0.2826507628394249 -0.1736820872971043 -0.2530041619362949
-0.2087377329486016 -0.4403371772937757 -0.4444101312311893
-0.0272991106617454 -0.2736446811724422 -0.3740867253286911
-0.1734153479294206 -0.1867660149587114 -0.3892152349892167
-0.1437710279316299 -0.1867053842727963 -0.3466113233071552
-0.3383331757275386 -0.3194647297565540 0.2307658680905622
0.0599434881055045 -0.1443972939741592 -0.3037855144792012
0.3372242489098377 0.1948559313481771 0.2410755864410945
-0.4204637007612275 0.1457688086575935 -0.0293614720598778
0.2193969487136904 0.3842379931675677 0.3468620569083397
0.0442892127250071 0.3488040654014217 -0.4622235173535927
-0.0854161743274286 0.0838485917237709 -0.4652195529172919
0.4114446974558407 -0.0480730562081569 -0.2011291961515367
0.3219940053210854 -0.2108498499655926 -0.0802681193267895
0.4545628532958916 -0.0455341664100455 -0.4307767728229747
0.1276347048212706 0.2844286373023053 0.3500509879747307
0.2675840422793790 -0.4391176082034008 0.4464697574695930
0.4575565935006098 -0.4567591453297911 0.1584860635594012
-0.0888713382400426 0.2905131396572735 0.0548999402749987
0.3349675469653102 -0.0179657371316166 0.0827089688084466
0.3151850927557824 -0.3422721333365075 -0.1161291954611590
0.0078497615720730 0.1316827366227358 -0.2633067947700438
0.2928087858438236 0.4842870178832603 -0.2305387237319057
-0.3858122793782738 0.4456919322711074 0.0383981807404995
-0.2086725982835844 -0.0874795159412929 -0.2486062756565785
-0.3841071138542459 0.2476685146057813 -0.1255767342480806
0.4000707223723837 0.1735394433345146 0.3182418983701406
0.0331012907440113 -0.3834846634650678 -0.3380751045214807
-0.3591535866394859 0.2510274681441795 -0.4391744335667125
0.0038492166972376 -0.4014339255835248 -0.4316900807211482
-0.4644709769017079 -0.0828899843729001 -0.2299904975519853
-0.3018707769068449 0.3955487159200232 0.2749123638630114
-0.3944873025179301 0.3104345971072772 0.0100345858862425
0.2427696517550324 -0.3698092243661809 -0.1716631037541410
0.4093658310164137 -0.4054614403424439 -0.1510522395378559
0.2542014667870534 -0.1633637633101565 0.2959790018274132
-0.0568884876437511 -0.1760884652391835 0.4260584729192497
-0.4788749162578683 -0.4298442249866590 -0.1358685914755209
-0.3822418088922822 0.2947883143404321 0.0465550114374865
0.1429856930818825 -0.0659114574334882 -0.3781873465217854
0.0130147685019789 0.3121921403286430 0.2983369043924698
0.3617310450748850 -0.3559411577173421 0.0800408343266228
-0.1414403684306681 0.3782996533954125 0.1756247781152467
-0.1380461124813887 -0.1158317520635554 0.2368131235998119
0.2710480425848621 0.4805533107886711 -0.2996913540556315
-0.0388248642450173 -0.2149953593524850 -0.0362668012889941
-0.3161173661719969 -0.2696409559077733 -0.0878301341557903
0.0736659397626859 -0.2620145017036764 -0.0072025640647095
0.4084281068500731 -0.2123565972201738 0.1052421436150131
0.2726317604401775 -0.2044616877202070 0.2023577239940204
-0.4175004300989444 -0.3402908611406922 0.2161062412569161
0.0384789931710104 -0.1175942663653231 0.2981218505569637
-0.4796834026547998 -0.3278182658325716 -0.0578895853989535
-0.2729371504249051 -0.3695492630152751 -0.1449834608546345
-0.0592948441676159 0.0606459951774410 -0.3136156486364283
0.2526872022615003 -0.4352779377221631 0.2622415894161409
-0.4680687723410412 0.1882001827808831 -0.2785605155152797
0.0438554856789847 0.0426802180846531 -0.1920613198044539
-0.2293650318748125 0.2760697423581894 0.1752684365854732
-0.1040286119397301 -0.4281950633428731 -0.3550707163484076
-0.4023736929015101 0.2153830390825192 -0.3563887207684032
-0.0920752309214328 -0.3376321757662571 0.2399923165707976
-0.0747592953635178 -0.1591984399518213 0.2915937478904833
-0.0232759823175922 0.4229497549649192 -0.4189336814901256
-0.4734321725732954 -0.4740831699482342 0.4007162727465088
-0.2602299962245739 0.2047401282083448 -0.2140855240786854
0.4672724641586555 -0.2236118634086965 -0.4269004747924884
0.2246368395886286 -0.1457348014773954 0.1199145496413628
0.3222337403126673 0.1683736001967454 0.3510068807900605
-0.3124231415566021 0.3162052084632827 -0.3494831949798017
0.3106446912725682 0.1394600503205422 -0.4234532518805038
0.2915629424334601 -0.4774819701914782 0.2317097513745506
-0.2402118449515122 -0.3972751286707566 0.1963512032769671
-0.3284550317564404 -0.4345399740146620 0.4050212028978900
-0.1825087989968157 -0.3410908231323118 0.4164349233649480
0.4664578559015022 0.0138119317877799 -0.1542046968592075
-0.0116709675862808 -0.2951290868253811 0.3040693570629397
0.0863628919895363 -0.2005209774052159 -0.3147430811930519
-0.3650574919174255 0.2882919424523017 -0.1554231552512001
-0.1110914456219854 0.1585234958445421 0.4832053390582329
0.1473913481434210 0.1737596472521566 -0.3301150859582620
-0.0699364418719342 0.2440830441360491 -0.4541613941629856
-0.2963969318914727 0.2184541234665198 0.4420291918748155
-0.0291124706559210 -0.3491086088403743 0.4449014000787681
0.2164651784795535 -0.3634571653554203 -0.0071275820881437
-0.1243430445033571 0.2213296781093254 0.1991429923532254
-0.0092268463642984 -0.4138755927682877 -0.4764182162892852
0.1237488149761829 -0.1417227740680964 0.2800469191245817
-0.4207971351249932 -0.0007166126994684 0.3886249668032258
0.0756167917880193 -0.2642519999943647 0.3688319910870395
-0.2504609160747355 0.0976164991954472 0.1277899030635740
0.0406967155637724 -0.1993017738578073 0.0304061550520424
0.3985963731128366 -0.3812605256584757 -0.3111703089842626
-0.4095308537950572 -0.3805968439891630 -0.2210241787200682
0.4703408000837045 -0.0152624675002501 0.4572485412087897
-0.3087003463706885 -0.0569320974623570 0.3751963300438540
-0.2622474872120764 -0.3438930802118338 0.0246841752393285
0.4596706211012823 -0.4252160304005322 0.2547637388822543
0.4626938055361201 0.2879100859318983 -0.2269376844386446
-0.2411670724871420 0.3408335449853489 -0.1212890425837894
-0.1652126089914321 0.0245681916606328 0.4519181901117599
-0.2772508362583861 0.1065743255947300 0.3882426251461338
-0.4689975254825035 0.4802167067917447 0.2102355499508725
0.1683994161676064 0.4424549948770983 0.3172263238582745
-0.1404979568968075 0.4315517682226309 -0.2501649927762444
0.3917511982036932 0.0108438494486544 -0.2331928887901798
0.1010425333071232 0.2884732710307477 -0.0031227338396196
0.2427309472976582 0.0221794209027759 0.1436431722165347
0.3930401284655885 0.3010331293000706 0.2015312334550906
-0.4818638365491285 0.4481917355801371 0.3396214898264312
-0.0200388162884721 -0.0411366806561045 0.2627401470695942
0.4125771859745025 0.1772660085945384 -0.0241963460145008
-0.1561454594742366 0.3926534846168630 0.5000000000000000
0.0108142731362281 0.5000000000000000 0.2996420395401309
-0.1240085653749581 0.4824052549054282 0.5000000000000000
0.5000000000000000 0.3147298589328916 0.4198975874796005
0.1179448174914295 0.3952891181602530 0.5000000000000000
0.1915623722681210 0.3049418974010505 0.5000000000000000
0.2478733628590134 0.5000000000000000 0.4200311403719439
0.3750011434607894 0.3486703867897673 0.5000000000000000
0.2812138321225683 0.2196861497205694 0.5000000000000000
0.5000000000000000 -0.0743139214447586 -0.3283690925381049
0.5000000000000000 -0.0649163722213977 -0.2702798957123831
0.5000000000000000 -0.0045450347847205 -0.1952769596972853
-0.0603030733681866 0.4464349763995644 0.5000000000000000
0.0636951925677802 0.4171807513843732 0.5000000000000000
0.0139878110559962 0.4712147612782640 0.5000000000000000
0.0252476628549233 -0.0858390058374353 0.5000000000000000
0.0716818412375210 -0.0908134709876133 0.5000000000000000
0.0695900062964081 -0.0031039558188050 0.5000000000000000
0.0612122723202566 -0.0747216043700813 0.5000000000000000
0.0445523251660361 -0.1167876559803116 0.5000000000000000
0.0549406989326955 -0.0866020926956709 0.5000000000000000
0.0157546627776331 -0.0107575361820325 0.5000000000000000
0.0680884422907932 -0.0754819351304202 0.5000000000000000
0.1871187971806764 -0.4518798456533171 0.5000000000000000
0.1187297936342871 -0.4071798683112347 0.5000000000000000
0.2337087861877833 -0.5000000000000000 0.4252092025639397
0.2174518503946919 -0.4563084171122179 0.5000000000000000
0.1813534009601188 -0.3956925419175671 0.5000000000000000
0.2332830186159597 -0.3979157423777233 0.5000000000000000
0.2041700629271368 -0.5000000000000000 0.3800696684630800
0.2124848444564064 -0.4402372159044872 0.5000000000000000
0.2216774263585924 -0.4509449373370635 0.5000000000000000
0.2422267378677943 -0.4352492665488178 0.5000000000000000
-0.0154311314010082 -0.5000000000000000 -0.3184085387752255
-0.2400722369568845 -0.5000000000000000 -0.2416734808857460
-0.1466829230169353 -0.5000000000000000 -0.1313332794952215
0.2404287668023200 0.5000000000000000 0.0057270147680192
0.1369793232986354 0.5000000000000000 0.1346664009487621
0.1428767451231400 0.5000000000000000 0.0255668428408115
0.2403764007442420 0.5000000000000000 -0.1900173151640760
0.2072372117572837 0.5000000000000000 0.0086607108110837
0.2911811493736289 0.5000000000000000 -0.2079838384285025
-0.5000000000000000 0.2324955829986481 -0.4675755508526661
-0.5000000000000000 0.1836043286987497 -0.3355227131754015
-0.5000000000000000 0.1903177428339830 -0.4093780906267083
-0.5000000000000000 -0.2278154404293329 -0.0767257502108821
-0.1495165830455046 -0.1685091640762685 0.5000000000000000
-0.5000000000000000 0.4913536212895466 0.2294438600177700
0.1111357813838421 -0.5000000000000000 -0.3957736237935791
-0.1134085597502456 -0.5000000000000000 -0.3585094925844665
0.0257071566599741 -0.5000000000000000 -0.2468221781499332
0.1298682674258761 -0.3858253967751630 -0.5000000000000000
0.0315924435451686 -0.5000000000000000 -0.3537321140148472
0.0597378810395129 -0.5000000000000000 -0.3993841856420408
0.0473344041813862 -0.5000000000000000 -0.3065125213570660
0.0067604967794328 -0.5000000000000000 -0.2689083751375888
-0.2964207721892523 0.0481854323960507 0.5000000000000000
-0.2882619391685614 0.0474738658125348 0.5000000000000000
-0.2368703533398176 0.0839626002268573 0.5000000000000000
-0.2964764228829496 0.0691271686328512 0.5000000000000000
-0.3047795326516231 0.0453308711908045 0.5000000000000000
-0.2972196156947435 0.0422931496484064 0.5000000000000000
-0.2778407442445663 0.0452053792800599 0.5000000000000000
-0.2952082486609928 0.0524754615390544 0.5000000000000000
-0.0867254231357137 0.5000000000000000 -0.0571025100378379
-0.1715263579210616 0.5000000000000000 -0.0279485376744103
-0.1674589913935033 0.5000000000000000 -0.0523018874372179
-0.2766319530291244 0.5000000000000000 0.0372687162438941
-0.2131315545367752 0.5000000000000000 0.1182030387375933
-0.1588371965518923 0.5000000000000000 0.0793884929690241
-0.3886973336739735 0.5000000000000000 0.1639942354960975
-0.3285442100474399 0.5000000000000000 0.1920008517732540
-0.3858118626441697 -0.1967569994593741 0.5000000000000000
-0.3488160553186033 -0.3919900533982602 0.5000000000000000
-0.2562790852058658 -0.3369043567175675 0.5000000000000000
0.3698697823800690 -0.1719002577410040 -0.5000000000000000
-0.2285017211269330 0.2597742458742419 -0.5000000000000000
-0.1236822706576225 0.2227615218453200 -0.5000000000000000
-0.0861255920408233 0.2384294807541921 -0.5000000000000000
0.3009707206950315 0.5000000000000000 -0.2223201435421223
0.5000000000000000 0.4235923300297195 0.0427957779377615
0.5000000000000000 0.3148757869473029 0.4196015639048978
0.5000000000000000 0.4368406397661848 0.1113403739097465
0.5000000000000000 0.3939732931615297 0.1107636427542891
0.2880958749679614 0.5000000000000000 0.3596701282184279
0.3831537121913527 0.3536739231554670 0.5000000000000000
0.2862421800212874 0.5000000000000000 0.2984841948124901
0.4209126528711471 0.5000000000000000 -0.0496706668977566
0.4284623743012009 0.5000000000000000 0.1238008487357913
0.5000000000000000 0.4366750620270541 0.1751617804600686
0.1580357866112453 0.3855944198266495 -0.5000000000000000
0.1564380438371344 0.3304575805083195 -0.5000000000000000
0.1005127568230093 0.3660541120026468 -0.5000000000000000
0.0992317073702183 0.4044173879262378 -0.5000000000000000
-0.4289116180475588 -0.2914899850867599 -0.5000000000000000
-0.4913298243240665 -0.5000000000000000 0.4054700688202136
0.5000000000000000 0.0082408957580740 -0.0177651031925624
0.5000000000000000 -0.0265760926763921 -0.0177067255236085
0.5000000000000000 0.0315813049836598 -0.0418003618859749
0.5000000000000000 -0.0184132740170549 -0.0383314571117806
0.5000000000000000 -0.0353354331564382 -0.0049332135893687
0.5000000000000000 -0.0010393296580382 -0.0109947117351775
0.5000000000000000 -0.1496725543859055 -0.1683052262173781
-0.0757863795078646 -0.3065279850670876 0.5000000000000000
-0.1517282271248122 -0.1916579754463661 0.5000000000000000
-0.1087983154901702 -0.2134194360528417 0.5000000000000000
-0.1946904863236513 -0.3236334115486462 0.5000000000000000
-0.0785776388269472 -0.3339254924133242 0.5000000000000000
0.2325845462369934 -0.2426587898536102 -0.5000000000000000
0.2945292529842606 -0.5000000000000000 -0.3127451441335297
0.1510925251598642 -0.5000000000000000 -0.0519091641709314
0.1252470693319213 -0.5000000000000000 -0.1078187197875839
0.0658174984169286 -0.5000000000000000 -0.0644921280506368
0.1454212738948007 -0.5000000000000000 -0.1972121626762474
0.2382907378942119 -0.5000000000000000 -0.1548152317328855
0.5000000000000000 0.0649026763610381 0.0485963150972785
0.5000000000000000 0.0223858019443938 -0.1207493113478802
0.5000000000000000 -0.0038035303731489 0.0221553069328948
0.0857246847683087 -0.3812281906169917 0.5000000000000000
0.1201893446501493 -0.2845455152599465 0.5000000000000000
0.2246045790441262 -0.2675452912801874 0.5000000000000000
0.1156914509090275 -0.2642001717138668 0.5000000000000000
0.0584480244854841 -0.1663132368153256 0.5000000000000000
-0.0911638943105197 0.3730259713617624 -0.5000000000000000
-0.1993092057450206 0.3995455110842302 -0.5000000000000000
-0.0923435699211162 0.2524698359807028 -0.5000000000000000
-0.0434461312091233 0.5000000000000000 0.4923334637789584
0.3094990217765409 -0.1443809406849189 -0.5000000000000000
0.2983081042262203 -0.0319205090955970 -0.5000000000000000
0.3751459662285493 -0.2088549688419722 -0.5000000000000000
0.4296895015746952 -0.1353848544690757 -0.5000000000000000
0.4339179262916655 -0.2038021252506526 -0.5000000000000000
0.2789517254307883 -0.0379115136164330 0.5000000000000000
-0.5000000000000000 -0.1270235076038651 0.2397037811519169
-0.5000000000000000 -0.0800430046136916 0.2305578165935139
0.5000000000000000 -0.0883084535265680 0.1658950356431927
0.5000000000000000 -0.1005907743218132 0.1192294108577980
0.5000000000000000 -0.0639859283653078 0.1382119958618052
0.5000000000000000 -0.0812009549592855 0.1507516747551378
0.4347004047144051 -0.1627980340267652 0.5000000000000000
0.2136092276173789 -0.1086327382510587 -0.5000000000000000
0.2308337701599268 -0.1696949273854520 -0.5000000000000000
0.2476410484203400 -0.0792502471145196 -0.5000000000000000
0.1164981323763116 -0.1489999512870298 -0.5000000000000000
0.2158150728598225 -0.0624478706537825 -0.5000000000000000
0.2249497345205308 -0.1317122692725788 -0.5000000000000000
0.2169457315302114 -0.0798075876942385 -0.5000000000000000
0.1963991349496950 -0.1148284937945016 -0.5000000000000000
0.1895157027286473 -0.0954892615245762 -0.5000000000000000
0.2857086314916916 -0.0278129782090221 0.5000000000000000
0.5000000000000000 -0.0886658022838170 -0.3442813759948187
0.5000000000000000 -0.0350117403444830 -0.3206372487007577
0.5000000000000000 -0.0745123221068321 -0.3961185765751960
0.5000000000000000 -0.1619547886495907 -0.2216851881673342
0.5000000000000000 -0.0763575540121202 -0.3614848697070389
-0.0914722693814204 0.0112663835969615 0.5000000000000000
-0.0855997113958751 -0.0072618846727646 0.5000000000000000
-0.0229156240299326 -0.0665676819729861 0.5000000000000000
-0.0510259868094326 0.0266117930917605 0.5000000000000000
0.2535640682220811 0.5000000000000000 0.3675310860085194
0.2312565459024812 0.5000000000000000 0.3100692588357880
0.2104091628894939 0.5000000000000000 0.1785209838204652
0.3990946777411054 0.5000000000000000 -0.0470673661863813
0.3619562668958709 0.5000000000000000 0.1350571122281539
-0.0170854795743286 0.1339192346653407 -0.5000000000000000
0.0560728974039517 0.1088576455968440 -0.5000000000000000
-0.0006156430491803 0.1260101761006140 -0.5000000000000000
0.2496087114407978 0.1571930667701194 -0.5000000000000000
-0.0248517913885856 0.1777243923629176 -0.5000000000000000
-0.0662393903334163 0.2151232841692731 -0.5000000000000000
-0.0684412104556694 -0.3115533419642703 0.5000000000000000
-0.0572273861573121 -0.3521617717660270 0.5000000000000000
-0.4730895404346310 0.5000000000000000 0.3794764760666394
0.2236294485802871 -0.1175541354025173 0.5000000000000000
0.3015363437143447 -0.1356887003962603 0.5000000000000000
0.1960999997247527 -0.1053393313235432 0.5000000000000000
0.1553341520008830 -0.1897208379241990 0.5000000000000000
0.2422777295664463 -0.1618037778037393 0.5000000000000000
0.2045805333156405 -0.1181387840430093 0.5000000000000000
0.1571334148272463 -0.1594884943347075 0.5000000000000000
0.0832661914939055 -0.1279990690720578 0.5000000000000000
0.4063649205644601 -0.1577857997007174 0.5000000000000000
-0.4695980202400336 -0.5000000000000000 0.3991807961944401
-0.3861047423530843 -0.5000000000000000 0.4309558590631006
-0.4983650814613220 -0.5000000000000000 0.4335093757603868
-0.4620000633394800 0.2573091021071152 -0.5000000000000000
-0.3990396593010292 0.2350775494901380 -0.5000000000000000
-0.4332771267822803 0.2149392340924490 -0.5000000000000000
0.5000000000000000 0.2458151944876318 -0.3831331464771454
0.5000000000000000 0.3521476171019691 -0.3319482653078277
0.5000000000000000 0.2941139405995890 -0.2701609718064888
-0.5000000000000000 0.4375236030176725 0.2536659294671432
-0.5000000000000000 0.4807384650444670 0.2386606105463574
-0.5000000000000000 0.3220737108831436 -0.0514622561735826
-0.5000000000000000 0.3198924010890678 -0.0493440769003159
-0.5000000000000000 0.3241950267641093 -0.0534016286720407
-0.5000000000000000 0.3227967099837064 -0.0492147202406491
-0.5000000000000000 0.3207079745283207 -0.0512875526465562
-0.5000000000000000 0.3139968151039497 -0.0636371930868383
-0.5000000000000000 0.3198167106868108 -0.0562227547089263
-0.5000000000000000 0.3219242072802166 -0.0531908828609421
-0.5000000000000000 0.3214871769955687 -0.0515486529280060
-0.1415002621981324 0.5000000000000000 0.3323970551678423
-0.1751243213324258 0.3395253559055656 0.5000000000000000
-0.2178096198058730 0.5000000000000000 0.4317093438388131
-0.5000000000000000 -0.0401623350158008 -0.2461670164187008
-0.4917760308083478 -0.1028459631055987 -0.2628856546285656
-0.5000000000000000 -0.0729536796529824 -0.3343910025509503
-0.5000000000000000 -0.0701157612135364 -0.2257107596874157
-0.5000000000000000 0.1037072521595460 -0.2572823897231168
-0.5000000000000000 -0.1685591880440507 0.2115195320565953
0.4845398195713366 0.4225689012766959 -0.0402712603128632
-0.1014444178688409 -0.0593815658609217 -0.5000000000000000
-0.2041278751688091 0.0099287175593554 -0.5000000000000000
-0.1578699247781614 -0.0970251858743693 -0.5000000000000000
-0.5000000000000000 -0.0234661024733345 -0.0614227122007011
-0.2363188456202974 0.2341085589190040 -0.5000000000000000
-0.2200921582825084 0.0446437671676712 -0.5000000000000000
-0.5000000000000000 0.0671542176236279 -0.0852353826965450
-0.1380300812311858 -0.0266706176920108 -0.5000000000000000
-0.2825755606338057 0.0209743387826050 -0.5000000000000000
-0.5000000000000000 -0.2875307463115042 0.2895002352291634
0.1810228078820882 0.5000000000000000 0.1324044130773752
0.3823673775178962 0.5000000000000000 -0.0758715762842243
-0.3953670283881802 -0.1474131921894437 0.5000000000000000
-0.2073361651708765 -0.1302972307603771 0.5000000000000000
-0.4286872073848196 -0.0078607544579593 0.5000000000000000
-0.3729809540399290 -0.0364677517141245 0.5000000000000000
-0.2406967757791630 0.0133510940334195 0.5000000000000000
0.5000000000000000 0.2009868774025017 0.0051205896514067
0.5000000000000000 0.1318537223258266 0.0076053770100979
0.5000000000000000 0.1603123744114717 0.1392973348819398
0.5000000000000000 0.1011422620896779 0.2517355256134124
0.5000000000000000 0.1769848660807519 0.0719298839053804
-0.1689097369028688 -0.5000000000000000 -0.3457478440696754
-0.5000000000000000 -0.4880358987985252 0.1915039995880956
-0.5000000000000000 -0.4098864300614945 0.0835502817728366
-0.5000000000000000 -0.4395697885361196 -0.0568734522562097
-0.3562848065108783 -0.5000000000000000 -0.1301313747237651
0.2863813049734664 -0.0138429246029310 -0.4965708844983623
0.3460975750126892 0.1388019551172518 -0.5000000000000000
0.0361919734010078 0.3581233319357562 -0.5000000000000000
-0.0108542442158914 0.4100556680775655 -0.5000000000000000
-0.0491848804096114 0.2824815571620503 -0.5000000000000000
-0.0913786061406557 -0.0761701458092881 -0.5000000000000000
-0.0769204560716403 -0.0653616024065882 -0.5000000000000000
-0.0577616885916695 -0.0611750133086552 -0.5000000000000000
-0.0922357423811088 -0.0941058134954268 -0.5000000000000000
-0.0831434016552479 -0.0887734174129442 -0.5000000000000000
-0.0565074850006938 -0.0803651905599464 -0.5000000000000000
-0.0781351076759242 -0.0037356364386609 -0.5000000000000000
-0.0856758096789849 -0.0731133978514281 -0.5000000000000000
-0.0708285343860343 -0.0548767837901949 -0.5000000000000000
-0.0369795922735877 -0.3548132634882805 -0.5000000000000000
-0.0706242855972062 -0.3324362929830076 -0.5000000000000000
-0.0645146345977433 -0.4010375740427007 -0.5000000000000000
-0.1229636640815264 -0.3892611677870412 -0.5000000000000000
-0.0631641898980285 -0.3663634429240792 -0.5000000000000000
0.4388906141548706 -0.4406836176932190 0.5000000000000000
0.4382982920188906 -0.4663888216670510 0.5000000000000000
0.2899441040392100 -0.0511660961643435 0.5000000000000000
0.4362719740942770 -0.0296674313489185 0.5000000000000000
0.1548634392257570 -0.5000000000000000 -0.4303537806395091
0.5000000000000000 0.3140463019419540 0.4191608671912708
0.5000000000000000 0.3145338387902899 0.4185389120414567
0.5000000000000000 0.3147070792523657 0.4196012862369736
-0.5000000000000000 0.2520645640034898 0.0566693893819393
-0.5000000000000000 0.2040370653793470 0.1358239960730612
-0.1783299815529630 -0.1254707892483596 -0.5000000000000000
-0.5000000000000000 -0.1146308929737131 -0.2113323324513281
-0.5000000000000000 -0.1297511550529001 -0.2710619433480504
-0.4028079384798808 -0.2158607238660680 -0.5000000000000000
-0.5000000000000000 -0.1878302362541887 -0.1393645296151409
-0.3235452785646353 -0.1475710769344741 -0.5000000000000000
0.4866048062847772 0.1610291224151345 0.5000000000000000
0.4862710667798998 0.1609318259737799 0.5000000000000000
0.4863531323757455 0.1575479557172806 0.5000000000000000
0.5000000000000000 0.0251905840648248 -0.1872803026183543
0.5000000000000000 0.1270319746508099 -0.1441989495069522
0.5000000000000000 0.1968426518814632 0.2937111888105735
0.0457187360294426 0.5000000000000000 0.2003232259324362
-0.0667403603197597 0.5000000000000000 0.2294169082966325
-0.1216933268793203 0.5000000000000000 0.3483471196891221
-0.1231351238042474 0.5000000000000000 0.3079299395629285
-0.1398351272966921 0.5000000000000000 0.2881640118477639
-0.2634839069590652 -0.4903957724062428 0.4696532388300395
-0.3040800223501481 -0.5000000000000000 0.4112048031590413
-0.0066188119836292 0.5000000000000000 -0.4473558464688467
-0.0798368615808671 0.5000000000000000 -0.3416363960684166
0.4589873886367966 0.1957733488578749 -0.5000000000000000
0.3776779803679539 0.1552163601103136 -0.5000000000000000
-0.0787043228653280 0.0856158004617271 -0.5000000000000000
-0.5000000000000000 0.1871882876503526 0.1343489351800756
-0.3228035669908713 0.3074873354207464 0.5000000000000000
-0.3215815850621476 0.2543161786989535 0.5000000000000000
-0.1109736763970658 0.1537231156537118 0.5000000000000000
0.3988462973945321 0.5000000000000000 -0.4964658137374116
0.3995817460764922 0.5000000000000000 -0.4966502211704586
0.2291919561292241 0.5000000000000000 -0.2872104357054137
0.3947404818984902 0.5000000000000000 -0.4861852697836917
0.3948272216456195 0.5000000000000000 -0.4907651679643937
-0.0548154735665775 0.0825889774231841 -0.5000000000000000
0.5000000000000000 -0.1533640324395750 0.0111483610856568
0.5000000000000000 -0.1297848713231970 0.0375662170228339
0.5000000000000000 -0.0718101176565590 0.1131351606552325
0.5000000000000000 -0.1740611486369309 -0.1690568961263563
-0.5000000000000000 0.4294813069881107 0.2396143838256876
-0.5000000000000000 0.4321350374109396 0.2720107942805892
-0.5000000000000000 0.4320148989184110 0.1594395211809952
-0.5000000000000000 0.4228197391867817 0.2381266468012864
-0.2340413768414432 -0.5000000000000000 -0.3104890718460503
-0.1490475745223464 -0.5000000000000000 -0.3062770953278356
-0.1550289128165990 -0.5000000000000000 -0.3810732327945248
-0.1428567059063224 -0.5000000000000000 -0.3703125903024840
0.0599495916501464 -0.5000000000000000 -0.4643932512364243
-0.1350804480179251 -0.5000000000000000 -0.3814231056219615
0.5000000000000000 0.0844002520740430 0.0326994696757959
0.5000000000000000 0.0876829277491292 0.0829736374977901
0.5000000000000000 -0.0083540047278295 0.1106179844195399
0.5000000000000000 0.0754220689319687 0.1554395222710553
0.5000000000000000 0.0962301539548586 0.0595022885700609
0.5000000000000000 0.0646603801113090 0.0612656401001411
0.5000000000000000 0.0540463432409870 0.0822132859780157
-0.5000000000000000 -0.2079197889872493 0.4029305624617640
-0.4798957930317501 -0.2017976290999342 0.5000000000000000
-0.5000000000000000 -0.2868887730083761 0.3920139492084780
-0.4582615485426751 0.0849903338461620 0.5000000000000000
-0.5000000000000000 0.0819639968858623 0.3769690623047348
0.1040579820276086 0.5000000000000000 0.1530204856119777
0.1217585733908273 0.5000000000000000 0.1703599402169804
-0.1477597947361615 -0.1210587643761007 -0.5000000000000000
-0.1257550619781827 -0.0488341237546123 -0.5000000000000000
0.5000000000000000 0.3827833280898352 -0.0547076347659043
0.5000000000000000 0.2620547306898635 -0.0477565998200939
0.5000000000000000 0.2639485305768555 0.0527305063435680
0.5000000000000000 0.2700730486815087 -0.1794534131120962
0.5000000000000000 0.2162806183011462 -0.0729400214471608
-0.2557223072813890 -0.1128819808942906 -0.5000000000000000
-0.1532724799166205 -0.1307879700287290 -0.5000000000000000
-0.1437748005739803 -0.1399978055821386 -0.5000000000000000
-0.2451323993412575 -0.2564097444665405 -0.5000000000000000
0.3198978363313976 -0.5000000000000000 -0.3925196715972029
0.3389390133836035 -0.5000000000000000 -0.3812244587270361
0.3349569597802577 -0.5000000000000000 -0.3205561111471652
0.3521910325523754 -0.5000000000000000 -0.3804759747199263
-0.2844970568554139 -0.4746525700200747 0.5000000000000000
-0.3364548704634148 -0.4518162209200417 0.5000000000000000
-0.4030572494145847 -0.4527260810897163 0.5000000000000000
-0.3370621998220571 -0.4347692121011935 0.5000000000000000
-0.2640206649888963 -0.3883162578780945 0.5000000000000000
-0.3497460713254801 -0.3987911817484897 -0.5000000000000000
-0.5000000000000000 -0.2886197120270053 -0.3544696860040090
-0.4252666845413561 -0.2719009983969390 -0.5000000000000000
-0.4188313681282069 -0.3216914729431949 -0.5000000000000000
-0.5000000000000000 -0.4592533599326203 -0.3778775321167777
-0.5000000000000000 -0.3089867021169240 -0.3233572968231638
-0.4445028500774421 -0.3827928035047766 -0.5000000000000000
0.4993936708599905 -0.5000000000000000 -0.1108357024228356
-0.5000000000000000 0.3919651692981197 -0.2044711171405574
0.2348641053256829 -0.5000000000000000 0.0616196494388103
0.2900481931293895 -0.5000000000000000 0.0746896563848553
0.2815498857759223 -0.5000000000000000 0.1016456742326366
0.2713687188849045 -0.5000000000000000 0.1283675424103702
0.2806716012051041 -0.5000000000000000 0.1481502495583747
0.2701128828766357 -0.5000000000000000 0.0944878998218679
0.1057238078329757 0.5000000000000000 -0.0091014190268204
0.2166633571909970 0.5000000000000000 -0.2078059921685211
0.2729346716987214 0.5000000000000000 -0.2210789923056192
0.2662038387425157 0.1045631443909022 -0.5000000000000000
0.3347160875291249 0.0243491798727104 -0.5000000000000000
-0.5000000000000000 0.0030182231474959 0.0656817119336109
-0.5000000000000000 -0.0556209238657433 -0.0485896687415405
-0.5000000000000000 0.0393903440393121 -0.0120635608253109
-0.5000000000000000 -0.0369428908779309 -0.0376574917600505
-0.5000000000000000 -0.0603002682169593 -0.1354733600897079
0.4686816803710235 -0.5000000000000000 0.4180256065958472
0.3374916812567680 -0.2475166377465806 -0.5000000000000000
-0.2425352727719735 0.2451718408011176 0.5000000000000000
0.3101046153847409 0.2824633636810826 -0.5000000000000000
0.2958165396909485 0.3675313863424119 -0.5000000000000000
0.5000000000000000 0.3472906273433160 -0.4721766626473373
0.5000000000000000 0.2816689073807563 -0.4308711241053013
0.5000000000000000 0.3867560992556403 -0.3696092399463559
-0.5000000000000000 -0.0994917828404083 -0.2454051549195574
-0.2676109345916833 -0.4823736450591448 0.5000000000000000
-0.2391741250055806 -0.4196160816113673 0.5000000000000000
0.1965448770377694 -0.4893129588702060 0.0223405966705168
0.0541448619069839 -0.5000000000000000 0.1023843925882412
-0.1045745185697218 -0.5000000000000000 -0.0648164983174774
0.4334138398972899 -0.5000000000000000 -0.1192415391928742
0.0248892566252466 -0.2080069338550397 -0.5000000000000000
-0.1408295875381259 -0.4710269974366322 -0.5000000000000000
-0.2638541616917561 0.3834946749648694 -0.5000000000000000
-0.3880753193486548 0.2990629632134003 -0.5000000000000000
-0.5000000000000000 0.3249872682123391 -0.3642293658805185
-0.4616988689557241 0.3370714504868492 -0.5000000000000000
0.4056463754122112 -0.5000000000000000 0.2222038060652141
0.4794059841135679 -0.5000000000000000 0.1311172706720799
0.2385223941706537 -0.3753624646963498 -0.5000000000000000
0.5000000000000000 -0.1941646552523971 0.1243355876638346
0.5000000000000000 -0.2033684924612704 0.0069392217975498
0.3297443091558450 -0.0299388501055465 0.5000000000000000
0.4517192466175650 -0.0092408930526058 0.5000000000000000
-0.2306321980823500 -0.4412467339937302 -0.5000000000000000
-0.2929856238866646 -0.4291365857125423 -0.5000000000000000
-0.3688569428935544 0.5000000000000000 -0.2983921467821103
-0.0269048321922349 0.0679717455796111 0.5000000000000000
-0.4352877269786091 -0.0770847151446934 0.5000000000000000
-0.5000000000000000 -0.1319505695831902 0.2943316644099566
-0.5000000000000000 -0.0744287808303482 0.3814979204134920
-0.5000000000000000 -0.0792878557865980 0.3786987943751750
0.2756936060768722 -0.0546040536019865 0.5000000000000000
0.4854610360348397 -0.4260953181550136 -0.5000000000000000
0.5000000000000000 -0.4608096948969369 -0.4959907696327309
0.5000000000000000 -0.4182221767702605 -0.4712396365103552
-0.4994581242648692 0.5000000000000000 0.0248134877976890
-0.5000000000000000 0.4122930248581511 0.0867000311403384
-0.5000000000000000 0.4090600247316809 0.0579065584137465
-0.5000000000000000 0.4252751370652451 0.0359454830509812
-0.5000000000000000 0.4319771673919970 0.1590981715334588
-0.5000000000000000 0.4247763181734125 0.0714890106017672
-0.5000000000000000 0.4060685161453355 0.0904986117144577
-0.4414408572027325 -0.0902665977181212 0.5000000000000000
-0.5000000000000000 -0.1615235385728214 0.2881885977307827
-0.5000000000000000 -0.2515966873679791 0.3120132126583073
-0.5000000000000000 -0.1859528799316192 0.3590206006915200
-0.5000000000000000 -0.1231710973410981 0.3616499611225681
0.5000000000000000 0.2099867718034715 -0.4194398576667689
0.3909236243431606 0.0724373723796912 -0.5000000000000000
0.5000000000000000 0.1976024786674685 -0.3686877739314759
0.5000000000000000 0.2479252298731544 -0.4122908205173402
0.5000000000000000 0.2370112684423363 -0.4100660264096535
0.5000000000000000 0.2287560966065469 -0.3770385688754448
-0.5000000000000000 -0.1092837103528386 0.2621025491620305
-0.5000000000000000 -0.0410625684406469 0.3439085177092173
-0.5000000000000000 -0.0634237058553560 0.2576844769395962
-0.5000000000000000 0.0267843671877905 0.3043734348873833
-0.5000000000000000 0.0596243980338979 0.3543691065715772
-0.5000000000000000 -0.0456515653211333 0.3403145991797242
-0.5000000000000000 0.2597563148352293 0.2841331297884758
-0.5000000000000000 -0.4872213430903539 -0.1149486124589957
-0.5000000000000000 -0.4756164921168083 -0.1243528828338510
-0.5000000000000000 -0.4609602791905228 -0.1509185786788876
-0.4762807164802816 -0.5000000000000000 -0.1568467942970517
-0.5000000000000000 -0.4804425257276488 -0.1236271560318276
-0.4959400485101867 -0.5000000000000000 -0.2965915647855372
-0.5000000000000000 -0.4662186203069181 -0.1062866381654765
-0.4771869670253338 -0.5000000000000000 -0.1152592764612655
-0.5000000000000000 -0.4710130422916433 -0.1248755776967190
-0.4935103758187790 -0.5000000000000000 -0.1729634070556768
-0.4862078260088929 -0.5000000000000000 -0.1440684588699624
-0.4994901592307714 -0.5000000000000000 -0.0987964252425831
0.0113670643284880 -0.3544274602580894 0.5000000000000000
0.0943370786747803 -0.3938014388592530 0.5000000000000000
0.0810032984455059 -0.3951111754135351 0.5000000000000000
0.0513225188139206 -0.3841595610275076 0.5000000000000000
0.0715974926196719 -0.3807332252301099 0.5000000000000000
-0.5000000000000000 0.0164170900963683 0.0988893597350940
-0.5000000000000000 0.0238998936008108 0.0912099702051377
-0.5000000000000000 -0.0205957957795551 0.1341243393525755
-0.5000000000000000 0.0054171174145184 0.1449459948102077
-0.5000000000000000 -0.0026586028335647 0.1263029343944658
-0.5000000000000000 0.0275688017525187 0.1011965428278475
-0.5000000000000000 0.0322907928460591 0.0704870211739368
-0.5000000000000000 0.0236427375561480 0.1355852762483260
0.3144475460997969 -0.0782066962261637 0.5000000000000000
-0.5000000000000000 -0.0789397570997367 -0.1896646852241000
-0.0148580575733398 0.5000000000000000 -0.1315348020116300
-0.0771178135855817 0.5000000000000000 -0.1081622533935813
0.0786954531335422 0.5000000000000000 -0.3315586637181701
-0.0299152141793001 0.5000000000000000 -0.0771997491379409
0.2729220465132636 -0.2701108433712388 0.5000000000000000
0.5000000000000000 -0.3903329226771314 0.1172294989273013
0.5000000000000000 -0.2745843328810748 0.1555355634418303
0.5000000000000000 -0.3275304776387424 -0.0104372100668413
0.5000000000000000 -0.3607215173490280 0.2269649102502194
-0.4026826423281481 -0.1680334106638465 0.5000000000000000
-0.5000000000000000 -0.2951304286445119 0.0951358651131879
-0.5000000000000000 -0.2433615684903681 0.1524266281003472
-0.5000000000000000 -0.3814148253754687 0.0975882169637722
-0.5000000000000000 -0.3042648976213818 0.1949218698892290
-0.5000000000000000 -0.2447808470100383 -0.0408599297038932
0.3671243620097602 -0.5000000000000000 0.2601580691970764
0.2580837776477322 -0.5000000000000000 0.4108745986158446
0.2825647903292059 -0.5000000000000000 0.2537454399990369
0.3143758418497560 -0.5000000000000000 0.4633414641206497
0.4786204919258589 -0.5000000000000000 0.1620906352526332
0.4401380889219414 -0.5000000000000000 0.1158951688526343
0.2927732336740791 -0.5000000000000000 0.3006654575555222
0.2091773658844011 -0.5000000000000000 0.0114077119850157
0.1876178202253388 -0.5000000000000000 0.0450199173719659
0.1981588649917092 -0.5000000000000000 0.0543240287237940
0.2820886100612624 -0.5000000000000000 -0.0808267783555932
0.0399700141087339 -0.5000000000000000 0.2979437612964743
0.1859255223951954 -0.5000000000000000 0.0327325938222718
0.2239657569102372 -0.5000000000000000 -0.0644334951396544
-0.4521720647973763 -0.2334727110402388 0.5000000000000000
-0.5000000000000000 -0.3994385866173635 0.4238755632872102
-0.5000000000000000 -0.3541220827862133 0.4278894589274119
-0.5000000000000000 -0.3562989636850735 0.3650957381670233
-0.5000000000000000 -0.4547924453675625 0.4320726862046651
-0.5000000000000000 -0.3991515224552143 0.4994721608921779
0.5000000000000000 -0.4086926093706132 -0.2460871238391567
0.2430729288647460 -0.2973133905231329 -0.5000000000000000
0.2600951827265677 -0.2579739236013985 -0.5000000000000000
0.1741583093713531 -0.2977583784415285 -0.5000000000000000
0.1822424967519501 -0.2597879222175512 -0.5000000000000000
0.2286553053213855 -0.2423837931763867 -0.5000000000000000
0.1329482841696908 -0.3847275567451784 -0.5000000000000000
0.3077349740755918 -0.4040100410072470 -0.5000000000000000
0.2580680674295668 -0.4478354444574307 -0.5000000000000000
0.1381803097635751 -0.5000000000000000 -0.3422976366241179
-0.5000000000000000 0.2690445861430283 -0.4531802367786200
-0.4566146237930205 0.2622429159611013 -0.5000000000000000
-0.4434928720293751 0.2677981522094174 -0.5000000000000000
-0.5000000000000000 0.2882705539086294 -0.4845877136074939
-0.4600289964072616 0.2766765213751922 -0.5000000000000000
-0.5000000000000000 0.2033313456294883 -0.2635387381744830
0.5000000000000000 0.0464890482155988 -0.1495238353862265
0.5000000000000000 0.1484616921526574 -0.0845812422267319
-0.1230991921978981 0.1539147953697550 0.5000000000000000
-0.1862093210603174 0.0363085707360814 0.5000000000000000
-0.1457859439592405 -0.1451642718952268 0.5000000000000000
-0.0985468322594052 -0.1392423918762612 0.5000000000000000
-0.1709197822269401 0.0057047330397298 0.5000000000000000
0.1287194721394057 -0.3825015149374782 -0.5000000000000000
0.1297563579192983 -0.3846306367673167 -0.5000000000000000
0.1263598500996334 -0.3853203242182699 -0.5000000000000000
0.1307211587657185 -0.4273439413964361 -0.5000000000000000
0.1163363535901101 -0.3877906466319123 -0.5000000000000000
-0.5000000000000000 0.2063183077238590 -0.2925275125613130
0.5000000000000000 -0.1717263741720419 0.1897435119788039
0.5000000000000000 -0.1750886842072319 0.1453906451758031
0.3099941700269720 -0.2300190622510706 0.5000000000000000
0.5000000000000000 -0.1978930999597748 0.1906469052470466
0.5000000000000000 -0.2188579047240533 0.1676051440032942
0.5000000000000000 -0.2697937236507136 0.2043289873338908
0.4349709215749002 -0.1662814909451950 0.5000000000000000
0.4424075946634991 -0.0420006160020616 -0.5000000000000000
0.2608120902979963 -0.0481172440322858 0.5000000000000000
0.1049376896963964 0.4071841604927279 0.5000000000000000
0.0950972413870693 0.4156133539337251 0.5000000000000000
-0.0939684770238818 0.4736323541248825 -0.5000000000000000
0.0017286045368532 0.4431111386084873 -0.5000000000000000
-0.1424235338443403 0.4831435528575417 -0.5000000000000000
-0.4603547975305654 -0.0959470437141625 -0.5000000000000000
-0.5000000000000000 -0.0417001290201847 -0.4893538027058835
-0.4385825031763730 -0.0742057865538233 -0.5000000000000000
-0.4167668594589132 -0.1226528115762116 -0.5000000000000000
-0.5000000000000000 -0.1197675271163223 -0.3170745290593672
-0.4190164651342442 -0.1608448995379968 -0.5000000000000000
-0.5000000000000000 -0.0927030260454659 -0.4149041734988325
-0.5000000000000000 -0.1511519116788799 -0.4329540241000001
-0.5000000000000000 -0.0677756323139039 -0.4267481419372614
-0.2473908791838201 -0.0601476724453843 -0.5000000000000000
-0.4229431129330662 -0.0961789212414757 -0.5000000000000000
-0.4059730035278669 -0.0520714554381949 -0.5000000000000000
-0.3919539645240490 -0.1100564062560488 -0.5000000000000000
-0.5000000000000000 0.1872047891746433 -0.2430300952570270
0.5000000000000000 0.4349542929442023 -0.2832304144944692
0.5000000000000000 0.3553640603368750 -0.3943817206665871
0.5000000000000000 0.3020598856672652 -0.3993534080155651
0.5000000000000000 0.4538301729924475 -0.2988720966738271
0.4305550726896997 0.5000000000000000 -0.1431384039906609
0.5000000000000000 0.4168770721499335 -0.2480117246124800
0.5000000000000000 0.3794088321841588 -0.3469042562335048
-0.5000000000000000 -0.4192218310971726 -0.1589097451957894
-0.5000000000000000 -0.3755828056534776 -0.2423266422775588
0.2508503728644649 0.2639542550736559 -0.5000000000000000
-0.2169202919269066 -0.4813685914198541 -0.5000000000000000
0.5000000000000000 -0.0241138831665857 0.4053623264710913
0.0435574109798093 -0.1584713239660505 -0.5000000000000000
0.0598262880296060 -0.2617406628370099 -0.5000000000000000
-0.0072244434781079 -0.2326921686149513 -0.5000000000000000
0.0276229789391923 -0.2171015235367094 -0.5000000000000000
-0.0140338866246787 -0.1952563431505200 -0.5000000000000000
0.0053503128910087 -0.1959394075761553 -0.5000000000000000
0.0482293496009503 -0.1889958962214626 -0.5000000000000000
0.0704819322318630 -0.1647305584134018 -0.5000000000000000
0.0531895232725717 -0.1988220595156818 -0.5000000000000000
-0.1858124638027453 0.2047567205421231 -0.5000000000000000
-0.2626325730205146 0.2614980200314783 -0.5000000000000000
-0.2532178652292148 0.2592130663489339 -0.5000000000000000
-0.2432718251677981 0.2697537881426209 -0.5000000000000000
0.0331099954717834 0.5000000000000000 -0.4810958138355856
-0.2624003880290173 0.5000000000000000 0.3671463368624400
-0.2643386071393880 0.5000000000000000 0.3536725619667013
-0.2497202758376975 0.5000000000000000 0.3461031088216446
-0.3009922677348282 0.5000000000000000 0.3582820337448153
0.5000000000000000 0.4104161178082910 -0.0722754831026641
0.5000000000000000 0.4144539850846788 -0.0183334566809075
0.5000000000000000 0.4276100712416022 -0.0651847781710951
0.5000000000000000 0.4230800147923359 -0.0470251431158866
0.4414469920548469 0.5000000000000000 -0.0981336556697542
0.4855675364429416 0.5000000000000000 -0.0298647711448874
0.5000000000000000 0.4325759367636945 -0.0725686644189405
-0.1419303002375925 -0.1659990322438121 0.5000000000000000
-0.0854057270118128 -0.1735805326442500 0.5000000000000000
-0.5000000000000000 0.2742886789844138 0.3746549341932536
-0.5000000000000000 0.2658003118833068 0.2833068516232232
0.5000000000000000 -0.0001339754337011 -0.1729143107493631
-0.3837510068504345 0.5000000000000000 -0.2413490344570781
-0.4551484515107983 0.5000000000000000 0.0202962977621404
-0.3241761379134996 0.2415865121208833 -0.5000000000000000
0.0938592930104368 0.2186785026853494 -0.5000000000000000
-0.0639939592358127 0.0949668470890838 -0.5000000000000000
-0.0467051824418443 0.2219869211376577 -0.5000000000000000
-0.0816585849264423 0.4243233419330764 0.5000000000000000
0.0740535563284388 0.4015380204767623 0.5000000000000000
0.5000000000000000 -0.4830195482967552 -0.4520831459777660
0.5000000000000000 -0.4341542651618164 -0.4344051623945249
-0.0405032480440327 -0.3034787182278894 0.5000000000000000
-0.0751763732476473 -0.3277652573142374 0.5000000000000000
-0.0639071305567160 -0.3008945978824391 0.5000000000000000
-0.1680932892825190 -0.1693209767433624 0.5000000000000000
0.0895437645557314 -0.3348359782209583 -0.5000000000000000
-0.0088539348365432 -0.3020737911256896 -0.5000000000000000
0.0511832355238524 -0.3006403897196498 -0.5000000000000000
0.0484082099927091 -0.3679949908803422 -0.5000000000000000
0.0145099645574911 -0.3955427150607519 -0.5000000000000000
-0.5000000000000000 0.1019329230032054 0.2466631075556049
-0.5000000000000000 0.1135809306581618 0.3012749428541086
0.5000000000000000 0.2008547583436834 0.2632406451240367
0.5000000000000000 0.2640632297170931 0.1368272118634337
0.0162236258501773 0.1971521156493894 0.5000000000000000
-0.0024149938997637 0.2309663434913696 0.5000000000000000
0.0678318406706727 0.3855823409278418 0.5000000000000000
-0.1148655279391217 0.1594034334094853 0.5000000000000000
-0.0994155280284022 -0.2406098767957882 -0.5000000000000000
-0.0631835442802637 -0.2616607657970961 -0.5000000000000000
-0.0934190819083790 -0.2022321554514410 -0.5000000000000000
-0.0680865541380415 -0.2047009510455134 -0.5000000000000000
-0.2545335207569426 -0.2895834408396464 -0.5000000000000000
0.2180108276211978 0.4999683341737741 -0.2735414477278619
-0.2140053840014382 0.4201440979486504 -0.5000000000000000
-0.2507081687798985 0.3519411195257862 -0.5000000000000000
-0.1409621751481236 0.4125735835504445 -0.5000000000000000
-0.2126968770587721 0.3913028218119821 -0.5000000000000000
-0.2237563138261610 0.4321748888565741 -0.5000000000000000
-0.1842724541618534 0.4110192551431319 -0.5000000000000000
0.5000000000000000 0.2004787335388591 0.2615082707637872
0.5000000000000000 0.2642058486272951 0.1336754267307663
0.4368422132101855 -0.3086566011454325 -0.5000000000000000
0.3399242394139139 -0.3678170081056535 -0.5000000000000000
0.5000000000000000 -0.2179185488692414 -0.4387217978498335
-0.3618873294645005 0.2420000803008083 -0.5000000000000000
0.0072657353156311 -0.4189123457757497 -0.5000000000000000
-0.5000000000000000 0.1651154530960836 -0.0086660364507356
-0.5000000000000000 0.2326076150501913 0.0012767067892611
-0.5000000000000000 0.1860783588653799 0.0853905352355143
-0.5000000000000000 0.1496812049942651 0.0077869522564855
0.2056196442104584 0.0200050271390852 0.5000000000000000
0.0817742802694858 0.1610109970562023 0.5000000000000000
0.1335235597283330 0.1424991185105334 0.5000000000000000
-0.0729253498813316 0.1526767146706838 0.5000000000000000
0.0853947051592022 0.1168685242109802 0.5000000000000000
0.0266875824382948 0.5000000000000000 0.0916382377339272
0.1046979262198676 0.5000000000000000 0.0710850442186873
0.0304416111830512 0.5000000000000000 0.0347378041657853
-0.5000000000000000 0.1990706358809984 -0.0409973120425083
-0.5000000000000000 0.1199325395647963 -0.0306280245774010
0.4631941823781899 -0.3389517346758801 -0.5000000000000000
0.4487716040326389 -0.4173922763626715 -0.5000000000000000
0.3673952433839681 -0.4069536255287905 -0.5000000000000000
0.2721227310425329 -0.4511452001942184 -0.5000000000000000
-0.1044129883176801 0.5000000000000000 0.1508960338209142
-0.5000000000000000 0.2548054355438077 -0.0224861052308894
-0.5000000000000000 0.2492522001239731 -0.0755644724830667
-0.5000000000000000 0.1982908097154619 -0.2346443665622288
-0.1728306055788170 -0.1453389383622657 0.5000000000000000
-0.2049611427956119 0.0176027406938883 0.5000000000000000
-0.2586718575111490 -0.5000000000000000 -0.4199696233275169
0.5000000000000000 -0.4792728614843322 0.1286105353663572
0.5000000000000000 -0.4587604586090567 0.1900047393046076
0.4924630824677215 -0.0438228954473121 -0.5000000000000000
0.1559133823403758 0.0313991139349271 -0.5000000000000000
0.2546911851338907 0.1560399855944643 -0.5000000000000000
0.0949770712524230 -0.0480579640979081 -0.5000000000000000
-0.0558712943074870 0.4290875062811955 0.5000000000000000
0.0008570826574891 0.5000000000000000 0.4246383186827880
-0.1903174236555029 0.5000000000000000 0.4339475460915004
-0.0998490658131178 0.4343461107104137 0.5000000000000000
-0.3189951913943214 0.2579377071680869 -0.5000000000000000
-0.3990216755993661 0.2334110834522804 0.5000000000000000
-0.3631055049246180 0.2612371127753194 0.5000000000000000
-0.3614066563856644 0.2228362046969454 0.5000000000000000
-0.3717408699105286 0.1957743392151911 0.5000000000000000
-0.1196680404921941 -0.4525959548340658 -0.5000000000000000
-0.0459646369527662 -0.4548437929701228 -0.5000000000000000
-0.0126048593738941 -0.4283844270585048 -0.5000000000000000
0.2801606124038947 -0.0890505409619613 0.5000000000000000
0.5000000000000000 -0.0540710713703817 0.1461744194714098
0.5000000000000000 0.0581081911208950 0.3276442798370200
0.2654978874088595 -0.0548756622638917 0.5000000000000000
0.3971064736088810 -0.1345300969699647 0.5000000000000000
0.2837233094166604 0.1115482831544931 0.5000000000000000
0.2575795345598344 -0.0346404063279553 0.5000000000000000
0.1328700743703796 0.2641504997864760 0.5000000000000000
0.2564340959580558 0.2071248271301602 0.5000000000000000
0.0015039836695693 0.0895037981380444 0.5000000000000000
-0.0774073974230737 0.0789668356874158 -0.5000000000000000
0.1548782003393819 -0.3307824809627808 0.5000000000000000
0.2701744447523098 -0.3226458295193131 0.5000000000000000
0.2854300366755840 -0.4123687058900429 0.5000000000000000
-0.3093344650073652 -0.3210628927264884 -0.4995691106265854
-0.2033487436336815 -0.4388419336607692 -0.5000000000000000
-0.2674846651573957 -0.3170265453540503 -0.5000000000000000
0.4123028115425114 0.5000000000000000 -0.1213526703290472
-0.4113182736290572 -0.1355897858705449 0.5000000000000000
-0.3908565609633672 -0.1763760711779757 0.5000000000000000
-0.4117461116966710 -0.1688910218513946 0.5000000000000000
-0.4359649521858768 -0.2047226927742102 0.5000000000000000
-0.3936903701418749 -0.1786302271848366 0.5000000000000000
0.2648982996730744 0.3653667657694314 -0.5000000000000000
0.0879165950224843 0.5000000000000000 -0.3487276473786241
0.1566889277042860 0.5000000000000000 -0.1588770239104258
-0.5000000000000000 0.2932406382181513 0.4221300484363663
-0.5000000000000000 0.2692859210120397 0.2921064773428741
0.5000000000000000 0.3510740340315436 0.0557968956316494
0.5000000000000000 0.3932509654239023 -0.0337084627578454
0.5000000000000000 0.1539568459356045 0.2926349652332155
0.3875699207371888 0.3433465300980917 0.5000000000000000
0.2973104940803847 0.2052189032722000 0.5000000000000000
-0.5000000000000000 0.3280117027929888 0.4716339438843188
-0.3776372228360434 0.3339822337504228 0.5000000000000000
-0.4834409367561320 0.3897837445606006 0.5000000000000000
-0.5000000000000000 0.4413813500578717 0.3790292501053300
0.5000000000000000 0.2901204016685199 -0.2545529483459351
-0.1571443276769816 -0.2187297189693231 -0.5000000000000000
-0.5000000000000000 -0.2218373234455711 -0.0906635472068466
0.2838011773510504 0.3842952861470941 -0.5000000000000000
0.2377882196583220 0.3293629210052214 -0.5000000000000000
0.2904786482329834 0.3834077785011735 -0.5000000000000000
0.2384632556979549 0.0381448186160804 -0.5000000000000000
0.2565709626209626 0.1557243604827896 -0.5000000000000000
0.3802735985159046 0.0641382774358495 -0.5000000000000000
0.1668896964836076 0.2233741826920451 -0.5000000000000000
0.5000000000000000 0.3154862108633936 0.1131959904883688
0.5000000000000000 0.2682504302018796 0.0994509878998324
0.5000000000000000 0.3426327453194528 0.1499079339120158
-0.5000000000000000 -0.4814005142144545 0.2468749108371920
-0.5000000000000000 -0.4435034403634865 0.3423491301238790
-0.3555659595989714 -0.5000000000000000 0.3253087814383754
-0.5000000000000000 -0.4511155361835073 0.3820975318888703
-0.3272991354355723 -0.5000000000000000 0.2066083517641094
-0.5000000000000000 0.4521836959301569 0.3609089198281389
-0.4434506061400411 -0.0533933141527735 0.5000000000000000
-0.4163932644269814 -0.0688725281400992 0.5000000000000000
-0.5000000000000000 -0.2606612823840720 0.0817789568634907
-0.5000000000000000 -0.3151945050802633 -0.0178909931900089
0.3514660580312842 -0.5000000000000000 -0.2358976831982200
0.5000000000000000 -0.4002329161846551 -0.3570962143259556
0.2939044536758998 -0.5000000000000000 -0.2241523284516249
0.3698748733049336 -0.5000000000000000 -0.3335070674360531
-0.5000000000000000 0.3398675098248779 0.3902461204419956
-0.4765254694713993 0.1410726991887750 0.5000000000000000
-0.5000000000000000 0.1640827133139914 0.3619953131462161
-0.4820151032256759 0.2207170436195368 0.5000000000000000
0.5000000000000000 -0.0233518123481298 0.0297530626495284
-0.0961926196888962 0.0893569319491746 -0.5000000000000000
-0.3236158450591179 0.2276019530513936 -0.5000000000000000
-0.3203255446781890 0.1844423825001459 -0.5000000000000000
-0.0613836090238128 -0.3823116705508678 0.5000000000000000
-0.2499700326564775 -0.5000000000000000 0.4430746183669255
-0.0799923057632889 -0.5000000000000000 0.4143863874959948
-0.2711013974675950 -0.5000000000000000 0.4931637333453175
-0.5000000000000000 -0.1656855813657039 0.2527590814075865
-0.5000000000000000 -0.1579767256511438 0.1397852333518000
-0.5000000000000000 -0.1389274786240673 0.1685188282714114
-0.5000000000000000 -0.1868922867544222 0.1705574349156462
0.0859322743334687 0.4039336324185948 0.4874985111821435
-0.5000000000000000 0.2286858305496786 0.0166611696830314
-0.5000000000000000 0.1765342333252127 -0.0192081828296350
-0.5000000000000000 0.2806576499306349 0.0529969087599411
-0.1866970532966202 -0.1723157749938908 0.5000000000000000
-0.2562500379217867 -0.2417064894339709 0.4951573795094695
-0.3539287575998761 -0.1160842461497486 0.5000000000000000
0.0067875813833750 -0.3213265454187980 0.5000000000000000
0.0657143562194318 -0.2742698260496916 0.5000000000000000
-0.5000000000000000 -0.4919323021719894 0.2203052141300339
-0.5000000000000000 -0.4568835181670186 0.2351844156776444
-0.5000000000000000 -0.4840069248310964 0.3202385290214602
-0.5000000000000000 -0.4789339331320117 0.2198074662106940
-0.5000000000000000 0.4991830957292492 -0.1848931236930804
-0.2941474967714597 -0.2891886473906503 -0.5000000000000000
0.5000000000000000 0.2594957497137783 -0.2135820725081850
0.5000000000000000 0.1767140023586674 -0.0908224732105839
0.5000000000000000 -0.0183428238368950 0.4643734340171968
-0.0504098603427830 -0.3167699635731259 -0.5000000000000000
-0.2527750818908043 -0.3030184548175343 -0.5000000000000000
-0.0034555327125384 -0.4060707419153614 -0.5000000000000000
-0.2330456623705726 0.5000000000000000 0.4253808052039454
-0.3909253314634034 0.4748835361597024 0.5000000000000000
-0.2907752556598725 0.2934452341357506 0.5000000000000000
-0.2832087641009134 0.3590059056933701 0.5000000000000000
-0.1761361417807545 0.5000000000000000 -0.1241849329784535
-0.3111030832897788 0.5000000000000000 -0.0042041015532740
-0.1603319273158703 0.5000000000000000 -0.1748429037371206
0.3608577322038640 0.5000000000000000 -0.0705072890430262
-0.2788179945588915 -0.2965322702663902 -0.4904377846784361
0.5000000000000000 0.0111158064385732 -0.4800964818958331
0.4474055016863804 0.1339878244827257 -0.5000000000000000
0.5000000000000000 0.0736634232039332 -0.4200031633421207
-0.3772112781668490 -0.5000000000000000 0.4436141626057671
0.1489638120846202 0.5000000000000000 0.3292643586275973
0.0822119737507898 0.5000000000000000 -0.3474079729865133
0.3576247749953804 -0.3158477830806060 0.5000000000000000
-0.3421777561463396 0.5000000000000000 -0.2924820321754497
-0.5000000000000000 0.4272834921567495 -0.2359773995721843
-0.5000000000000000 0.4728892251384114 -0.1531773369765980
-0.4147223926130675 0.5000000000000000 -0.2769478432776079
-0.3367306984044274 0.5000000000000000 -0.3091399293256645
-0.4516719107077201 -0.5000000000000000 -0.3905462723157364
-0.4983994340590989 -0.5000000000000000 -0.3430492131449875
-0.4931964284396196 -0.5000000000000000 -0.3646128088232138
0.2157172621161328 0.1421436208300322 -0.5000000000000000
0.2556344890886294 0.1584671491366576 -0.5000000000000000
0.4925437959190351 -0.2786122853385304 -0.5000000000000000
0.4856825624072384 -0.3371855702549494 -0.5000000000000000
-0.4234127904012361 0.5000000000000000 0.1035982663832886
-0.4699994648185261 0.5000000000000000 0.2060640531469885
-0.4784541459819435 0.5000000000000000 0.2776272242659341
-0.0273862993715140 0.0806027235704157 -0.5000000000000000
0.2015669413127406 -0.0161491900768621 -0.5000000000000000
0.2942687393251928 0.2595610702172948 -0.4986234928046888
0.1228068121308281 0.2218770143345562 -0.5000000000000000
-0.0588496588994752 0.0883255907925015 -0.5000000000000000
-0.5000000000000000 -0.0224612154667787 0.4063592032831538
-0.2139727916042112 0.5000000000000000 0.3887877191475990
0.4878796657350999 -0.4157367236108394 -0.5000000000000000
-0.1961190090230745 0.5000000000000000 -0.1490816607757683
0.0757976608367887 0.5000000000000000 -0.3419843682326801
-0.5000000000000000 0.4977451926663766 0.2534566996456244
-0.5000000000000000 0.4620239736758496 0.3547580014249901
-0.0437929455360689 -0.2609968240580253 -0.5000000000000000
-0.5000000000000000 0.1818559973556135 0.1006041780409897
-0.5000000000000000 0.1516024022269434 0.1718216164997139
-0.5000000000000000 0.2315581692411431 0.1303377980898534
-0.5000000000000000 0.1523592129190720 0.2249977088381263
0.0845159214878975 0.5000000000000000 -0.3499909803305088
0.5000000000000000 0.3555894373015432 0.1109719793282551
0.0273091153551251 -0.5000000000000000 -0.4634883376079150
0.0397953281725957 -0.4665986392174416 -0.5000000000000000
0.0544630896282552 0.3577114912544298 -0.5000000000000000
0.0214286931330848 0.4075546374564130 -0.5000000000000000
-0.0260647551883528 0.2838199103600197 -0.5000000000000000
0.2535334923439411 0.1607139997110516 -0.5000000000000000
0.2766912652429621 0.2115909358273402 -0.5000000000000000
0.2589578095154721 0.1574731317956943 -0.5000000000000000
0.2561201436279861 0.1581787167551498 -0.5000000000000000
0.1153570789698686 0.2575897234284679 -0.5000000000000000
0.2027671245985656 0.2391863065030840 -0.5000000000000000
0.0710302466285994 0.2480505234198199 -0.5000000000000000
-0.5000000000000000 -0.4188250835241460 -0.0229050637565549
-0.5000000000000000 -0.3891783093620872 0.1429682303416872
-0.5000000000000000 -0.3612113920527089 0.0188607002154745
-0.5000000000000000 -0.4012329663731008 0.0916494927164639
-0.5000000000000000 -0.3988007657201718 0.1098480705873541
-0.3494025712041263 0.5000000000000000 -0.0070465965114786
-0.1777492432694817 0.5000000000000000 -0.2094212403454051
-0.5000000000000000 0.3437331092729467 -0.0229932806663536
-0.5000000000000000 0.3627894493122039 -0.1065510111824553
-0.5000000000000000 0.3629230225278623 -0.0431089390918101
-0.5000000000000000 0.3387523746549362 -0.0320419966271559
-0.5000000000000000 0.3357231130004813 0.0051509357504600
0.4571350742192099 -0.0239772158236145 -0.5000000000000000
-0.3946360977591467 -0.4798465115720195 0.5000000000000000
-0.3267712071517351 -0.5000000000000000 0.3931251257633326
0.1662301636266130 0.3273034193952953 0.5000000000000000
0.1353675348528969 0.2937279423068906 0.5000000000000000
0.0947434129625920 0.3869972589011144 0.5000000000000000
0.2018797139651266 0.2540310693414757 0.5000000000000000
0.5000000000000000 -0.0427419014274083 0.2267716847536554
0.5000000000000000 -0.0325190724843249 0.0797740396895712
0.0883996212195580 0.5000000000000000 -0.3548318964183867
0.0842631627404786 0.5000000000000000 -0.3552666324179153
0.0775562301905013 0.5000000000000000 -0.3468764260298026
-0.5000000000000000 -0.4791200513932334 0.4795157455795672
-0.1411022874837580 -0.5000000000000000 -0.0342670231590406
-0.2259564193821174 -0.5000000000000000 -0.0532020639564105
-0.1292324124089405 -0.5000000000000000 -0.0774831099360696
-0.1793245174192618 -0.5000000000000000 -0.0147548707908650
-0.1245188865083279 -0.1837385815759260 0.5000000000000000
-0.5000000000000000 -0.2703951831797874 0.2891287536624277
-0.5000000000000000 -0.2139653951364066 -0.0869755860993294
-0.5000000000000000 0.2045013653372409 -0.2471950598212369
0.4891889424599865 -0.5000000000000000 0.3336056829077669
0.3464664561559109 -0.5000000000000000 0.4576657252371404
-0.1839371430809375 -0.5000000000000000 -0.4524882692690270
0.3010469897569585 0.5000000000000000 -0.2710216435386976
0.2866626723518620 0.5000000000000000 -0.3282388787389694
0.3921266720051025 0.0581218670181016 -0.5000000000000000
0.3826312967927274 0.0704835081026314 -0.5000000000000000
0.3875591032051601 0.0647971406685400 -0.5000000000000000
-0.1437166888450135 -0.1763578061436562 -0.5000000000000000
0.3085262151451945 -0.5000000000000000 0.2300051126325456
0.3448870608699491 -0.5000000000000000 0.4505343654544421
0.5000000000000000 0.1085363980801364 0.3044787113718930
0.5000000000000000 0.0226989544347036 0.3936712613912844
-0.0638798739777650 0.5000000000000000 0.0475305417890275
-0.5000000000000000 -0.2970533613410783 0.2953744542778822
-0.5000000000000000 -0.3306109983803170 0.4275368767695561
0.4919862806764429 -0.5000000000000000 -0.2236680907469568
0.2339304407301274 0.5000000000000000 0.4103350846285075
0.2091758495682439 0.5000000000000000 0.3842006671301362
-0.5000000000000000 0.1434507172447965 0.0264576596007381
-0.5000000000000000 0.1139317782905129 -0.0176366874541810
0.3709112386050282 0.3538347116424641 0.5000000000000000
0.5000000000000000 -0.0125804524832521 -0.4036310481026495
0.5000000000000000 0.0254924091162985 -0.2013538258507851
0.5000000000000000 0.0366157946556785 -0.2901590136605287
0.5000000000000000 0.1231578644273639 -0.1722659718862125
0.2207826854488275 -0.5000000000000000 0.2014549314802173
0.2586285483132488 -0.5000000000000000 0.2072294572366768
0.0512464088755078 0.3390561089513349 -0.5000000000000000
0.0320625820428804 0.3205253404996459 -0.5000000000000000
-0.0851687149298871 0.1120152934749463 -0.5000000000000000
-0.0942983928950706 0.0295861500740430 -0.5000000000000000
-0.0465181963465954 0.0540201220938837 -0.5000000000000000
-0.0783775661655331 0.1766467465008394 -0.5000000000000000
0.5000000000000000 -0.1702249725833478 -0.2037741904735211
0.5000000000000000 -0.3117201039019556 -0.0660679900275073
0.5000000000000000 -0.1811721504214281 -0.1992528648541030
0.5000000000000000 -0.4410985294553027 0.1164384821533509
0.5000000000000000 -0.3970646574227178 0.0603749922562159
0.5000000000000000 -0.4219949442483040 0.1775265501020307
0.5000000000000000 -0.0618674724223764 -0.4739983556861433
0.2141362880648773 -0.2195206164684530 -0.5000000000000000
0.2121873025614688 -0.5000000000000000 0.3750832909790627
0.2728530531411430 -0.4322005779098021 0.5000000000000000
0.4873143865512678 -0.5000000000000000 0.0257250055544322
0.5000000000000000 -0.1733261656473633 -0.1921914787673217
0.5000000000000000 -0.3315007747397036 -0.0712321562132828
0.5000000000000000 -0.3545740376618207 -0.2317866777031527
0.5000000000000000 -0.3763350647647837 -0.3327187988740165
0.5000000000000000 -0.1859794256075014 -0.2007439824615223
0.1598475203965487 -0.4884227229571829 -0.5000000000000000
-0.5000000000000000 0.2816146025983568 -0.2519241151179290
-0.5000000000000000 0.3495034178116099 -0.2590501193744201
-0.5000000000000000 0.3919444520428839 -0.2407815476930991
-0.5000000000000000 0.4271819778587351 -0.2520770860599379
0.3623708441439212 -0.5000000000000000 -0.1901240764153040
0.3777123643078654 -0.5000000000000000 -0.1871821378252179
0.3759488550130602 -0.5000000000000000 -0.2030084136139618
0.4852987023959909 -0.5000000000000000 -0.0473174852849151
0.4844461213148810 -0.5000000000000000 -0.0163580028605515
0.4084212841406916 -0.5000000000000000 0.0856201540449818
-0.1781307170808462 -0.3923048122146594 0.5000000000000000
-0.0767437616881626 -0.3860120302962248 0.5000000000000000
0.3572236383480537 0.5000000000000000 -0.2485786136464524
0.3463211521818195 0.5000000000000000 -0.1853484784849617
0.5000000000000000 0.4096239596275396 -0.3636452389090217
-0.5000000000000000 0.4320175108668496 0.1592374510026726
-0.3456733619095228 0.5000000000000000 0.0517588064074760
0.2085419392196240 -0.5000000000000000 0.3376732824165701
0.2366489329804337 -0.5000000000000000 0.3045576169428136
0.2925449015607246 0.2024595576745647 0.5000000000000000
-0.1842126157701077 -0.4997780679399596 0.1972588813655204
-0.5000000000000000 -0.4323843813411615 -0.1024122893021549
-0.5000000000000000 -0.3609843251207226 -0.0487879926135341
-0.3461331975518572 0.1819791998289068 -0.5000000000000000
0.5000000000000000 -0.2904577345943878 0.0986400861768701
0.5000000000000000 -0.2419511111968429 0.1061954091296915
-0.2672096215873868 -0.2877401680714361 -0.5000000000000000
0.1076278031026592 -0.2106923505658529 0.5000000000000000
0.0491151267008287 -0.2496193827681185 0.5000000000000000
-0.5000000000000000 -0.0266195604570844 -0.1555726429764364
-0.5000000000000000 -0.1653081423624395 -0.1322654737226320
-0.3652674303057601 0.0013869779328382 -0.5000000000000000
-0.3912869762623460 0.4755831280636131 0.5000000000000000
-0.2864748048538412 0.5000000000000000 0.1735051319086175
0.5000000000000000 -0.3492770094615665 -0.0861933236365654
0.5000000000000000 -0.3345522644345523 -0.0367972290023186
0.5000000000000000 -0.2995261074639269 -0.0201882815458274
-0.5000000000000000 0.4319524456526649 0.1592192507878626
-0.5000000000000000 0.3250142301787421 0.1135455398608412
0.2537400542289018 -0.5000000000000000 -0.1649378704596204
0.3831643891247908 0.3495091849313877 0.5000000000000000
0.1295999037317277 -0.4973887957885553 -0.4959859631458559
0.5000000000000000 -0.3860707397179799 -0.2184978101939396
0.5000000000000000 -0.3888781200482826 -0.3120696250895911
0.5000000000000000 -0.3878755544849679 -0.1832944770369071
0.5000000000000000 -0.1963293693903961 -0.2001500785211619
0.2736319930095019 -0.5000000000000000 -0.1626556344475219
0.0495679299659146 -0.1378345428864236 0.5000000000000000
0.0003540307241690 -0.1457366684488248 0.5000000000000000
-0.0684946471166983 -0.1999206637470251 0.5000000000000000
-0.5000000000000000 -0.4288128858671433 -0.1255683763137206
-0.5000000000000000 -0.4104230695743459 -0.1339936255655052
-0.5000000000000000 -0.4228743164682923 -0.1061390244289620
-0.5000000000000000 0.4319517752799304 0.1592426354786200
-0.5000000000000000 0.3167619428265455 0.1422474970738058
0.1502516104553876 -0.0815347200323805 -0.5000000000000000
-0.1716789324454515 -0.5000000000000000 0.2120179396552617
-0.5000000000000000 0.4712778051478450 0.2617391042761567
-0.5000000000000000 0.2787379895329735 0.2877598931053413
-0.5000000000000000 0.4456293954472699 0.3595776717844875
-0.5000000000000000 -0.4278244889267814 0.3286920482009917
-0.5000000000000000 -0.4572467966893627 0.3714855247124211
0.4963399439735370 -0.4085259529535754 0.3522277388156238
0.4974789842756527 -0.4772425158821488 0.3448060976179809
0.5000000000000000 -0.4008146362421942 0.2327767382769123
-0.5000000000000000 -0.3095528138389537 0.2771768114414597
-0.5000000000000000 -0.2238654753638261 -0.0715766934360543
0.5000000000000000 -0.1823145660327176 -0.1817917936415078
-0.5000000000000000 0.4426931331628386 -0.3784112332707895
0.4890488611496491 -0.0112918239450452 0.0347777895838662
0.5000000000000000 0.2658354235574845 -0.4625180785454125
0.5000000000000000 0.2763596221559222 -0.3528535817863859
-0.4747176832222954 0.0618267695804121 0.5000000000000000
-0.4679531259967225 0.0994147847793488 0.5000000000000000
-0.4207264004929883 0.1023144880739676 0.5000000000000000
-0.4393629789119790 -0.5000000000000000 0.3967766875175484
0.0238052292788255 -0.1323458485880040 0.5000000000000000
-0.5000000000000000 -0.3328476122515432 -0.0743221183949812
-0.5000000000000000 -0.3381647345929204 -0.0421724601092990
-0.5000000000000000 -0.2761575205524280 -0.0633899223743614
0.5000000000000000 0.3317085655151427 -0.2285595114449069
0.0004391456099169 -0.5000000000000000 0.3868070636199679
-0.5000000000000000 0.1563145374452992 -0.1942462631381043
-0.5000000000000000 0.1752518930746535 -0.2540191107149098
-0.3729954780593949 0.0936250157403587 -0.5000000000000000
0.5000000000000000 -0.1725356851684332 -0.4638147437006326
0.5000000000000000 -0.0215119235370920 0.3820648053981816
-0.3579879893926280 0.1217163655422459 -0.5000000000000000
0.4802642579127650 -0.4412335587360896 0.5000000000000000
0.4804039356286767 -0.4690913841062799 0.5000000000000000
0.1721702599950750 0.5000000000000000 0.3479279514526324
-0.0168897419614572 -0.5000000000000000 0.3907653893489650
0.0344938721531538 -0.5000000000000000 0.1562928558996877
-0.0763540686429988 0.5000000000000000 -0.3919161240630051
-0.5000000000000000 -0.4801640889952166 0.4051611024381007
-0.5000000000000000 -0.4636112414725478 0.4006237135194611
-0.4779710748969240 -0.5000000000000000 0.3980990271471301
-0.5000000000000000 -0.4789381703624953 0.4304625098820957
-0.4294621945515463 -0.5000000000000000 0.3432825353841525
0.0331934280717600 -0.1351916580261483 0.5000000000000000
0.0311749995313855 -0.1570104104743983 0.5000000000000000
0.5000000000000000 -0.3014279302117144 -0.4003976119015052
0.5000000000000000 -0.2323457660562601 -0.4509312680757875
0.5000000000000000 -0.2363425363557474 -0.4720308654424581
0.5000000000000000 -0.1877501997345427 -0.2436345243163843
0.5000000000000000 -0.1996605073814977 -0.4494948353034917
0.5000000000000000 -0.1791329004681519 -0.1958659416573103
0.2855939138241789 0.2012253214616658 0.5000000000000000
-0.5000000000000000 0.0229785621156434 0.4558820451503634
0.4382242057275673 -0.1825640857598016 0.5000000000000000
0.3635134230713086 -0.4159737982832052 0.5000000000000000
0.4421210206242853 -0.3535562114922470 0.5000000000000000
-0.1067616442804701 0.2520951205871628 -0.5000000000000000
-0.0191352538357341 -0.5000000000000000 0.3949919514453107
-0.0149852209878329 -0.5000000000000000 0.3927357383750456
-0.0154103889852209 -0.5000000000000000 0.3957502101035525
-0.0085018201197689 -0.5000000000000000 0.3830981277495453
-0.5000000000000000 -0.3625594321445475 -0.1674567335097599
0.5000000000000000 0.2726913151801224 -0.2571347201438739
0.5000000000000000 0.1873220514525859 -0.1515210455585568
-0.5000000000000000 0.4320908216382011 0.1593755584055699
-0.5000000000000000 0.4314714549638772 0.1596321595132085
0.4414449738314479 -0.1339314812799618 0.5000000000000000
0.4881370414299552 -0.5000000000000000 0.3855360268760328
0.3468470593185233 -0.4904022635387411 0.5000000000000000
0.1703862105138742 0.5000000000000000 0.2296667009777812
0.5000000000000000 -0.3822845654877042 -0.3572295793473571
0.5000000000000000 -0.1462119471778762 -0.1953089103102874
-0.5000000000000000 -0.2255663002198887 -0.1087959268879981
-0.1364214939367282 0.1618031693295204 0.5000000000000000
-0.1373608200932488 0.1734182124825843 0.5000000000000000
-0.0833261839715589 0.1217597629034891 0.5000000000000000
-0.0490734342761144 0.2436107798459952 -0.5000000000000000
-0.0722251630483362 0.2425332081071776 -0.5000000000000000
-0.3540881196987729 0.1878447347408310 0.5000000000000000
-0.3220675752586576 0.2128065307684664 0.5000000000000000
-0.2903515342030003 0.2325094453206141 0.5000000000000000
-0.3472683895917047 0.4653777483994986 -0.5000000000000000
-0.3187376713251110 0.4999873657401719 -0.4039261052200352
-0.0064935690462792 -0.2534316716749315 0.5000000000000000
0.4888206086639905 -0.5000000000000000 0.3563889960076657
-0.5000000000000000 0.0255186955872782 0.3770026373851480
-0.5000000000000000 0.0510011684359121 0.4012695091046236
-0.3915930109672767 0.4756419090017999 0.5000000000000000
0.3413304454203921 0.1349873127243763 0.5000000000000000
-0.5000000000000000 0.0980546670869379 0.3488086778250883
-0.3692719278443974 0.1258924863245082 0.5000000000000000
-0.2343389515826870 0.4654760583984935 -0.5000000000000000
-0.5000000000000000 -0.2508775310017959 -0.1000460790119918
-0.5000000000000000 0.4828152795646628 0.2008676678779472
-0.3249137978307657 0.1414512996361399 0.5000000000000000
0.5000000000000000 -0.0419625661051760 0.4571687077906867
-0.4860544606715488 0.2662207418744929 0.2643666304310724
0.3319360339397344 -0.4751005365999585 0.4930538207627055
0.5000000000000000 0.4006049250164863 0.1753042398643616
-0.0106705037737002 0.0519257903213165 0.5000000000000000
0.5000000000000000 0.3555380313096396 -0.2165586728583764
0.5000000000000000 0.3301467854656137 -0.2973498158105318
0.3444029377428395 -0.5000000000000000 0.4842973674533638
-0.1960569524603758 0.0322217708063750 0.5000000000000000
-0.4364298513613380 0.5000000000000000 0.1881357864869667
-0.5000000000000000 0.2360152394079854 0.2905767760234638
-0.1523945241428625 0.5000000000000000 -0.2786698269116071
0.3314970480702997 -0.5000000000000000 0.4632237930191147
-0.5000000000000000 0.2435908505104537 0.3680938669429647
-0.5000000000000000 0.4628645590391990 0.3716202318144090
-0.4101727332256872 0.5000000000000000 0.2498100339721360
245 26
246 42
247 90
0 8
0 22
0 248
0 249
0 93
0 102
0 250
0 251
0 140
0 142
0 148
0 159
0 252
0 201
0 253
0 241
254 20
255 145
256 208
257 90
258 1015
259 236
1 21
1 24
1 62
1 260
1 261
1 262
1 92
1 263
1 152
1 168
1 169
1 184
1 264
1 220
1 265
1 266
1 267
1 240
2 14
2 268
2 269
2 270
2 94
2 271
2 272
2 273
2 149
2 274
2 188
2 204
2 275
2 276
2 277
2 1335
278 4
279 32
280 130
281 30
282 42
283 83
284 100
285 114
286 155
287 69
288 189
289 193
3 37
3 66
3 103
3 133
3 179
3 185
3 186
3 290
3 226
291 131
292 235
4 5
4 10
4 13
4 293
4 294
4 295
4 68
4 296
4 297
4 298
4 130
4 160
4 162
4 192
4 299
4 1223
4 300
301 41
302 97
303 212
304 215
305 221
306 228
307 233
308 234
309 63
310 96
311 120
312 156
313 164
314 175
315 235
316 242
317 98
318 206
319 207
5 9
5 10
5 13
5 37
5 68
5 86
5 130
5 160
5 186
5 192
5 229
6 12
6 320
6 18
6 484
6 48
6 70
6 73
6 80
6 81
6 88
6 104
6 112
6 124
6 139
6 147
6 172
6 178
6 190
6 224
6 238
7 15
7 23
7 28
7 321
7 119
7 126
7 129
7 144
7 154
7 193
7 198
7 202
7 211
7 214
7 322
7 232
7 323
324 155
8 22
8 325
8 326
8 327
8 456
8 101
8 328
8 329
8 142
8 330
8 331
8 332
8 333
8 334
8 241
335 99
336 126
337 143
338 196
9 10
9 12
9 27
9 37
9 51
9 81
9 86
9 110
9 135
9 137
9 139
9 157
9 160
9 178
9 210
10 12
10 13
10 50
10 68
10 81
10 85
10 86
10 160
10 166
10 178
339 44
340 197
11 341
11 342
11 36
11 40
11 343
11 344
11 345
11 145
11 152
11 346
11 208
11 1251
11 347
11 244
348 77
349 131
350 169
351 207
352 216
12 18
12 353
12 68
12 71
12 73
12 81
12 139
12 160
12 172
12 178
12 180
12 210
12 224
13 354
13 355
13 356
13 50
13 631
13 68
13 85
13 86
13 107
13 130
13 357
13 166
13 1202
13 358
13 194
13 217
13 359
360 40
361 208
362 1251
14 24
14 363
14 64
14 94
14 364
14 365
14 366
14 168
14 174
14 182
14 188
14 367
14 222
15 368
15 45
15 369
15 116
15 123
15 129
15 156
15 196
15 198
15 202
15 211
15 214
15 232
15 237
15 370
371 90
372 18
373 484
374 81
375 147
376 199
377 92
16 27
16 55
16 57
16 59
16 61
16 80
16 82
16 91
16 378
16 112
16 379
16 125
16 132
16 157
16 179
17 24
17 36
17 40
17 72
17 380
17 92
17 381
17 382
17 152
17 168
17 383
17 384
17 227
17 1251
18 385
18 484
18 386
18 387
18 388
18 81
18 88
18 389
18 139
18 147
18 390
18 391
18 172
18 392
18 210
18 393
394 92
19 63
19 79
19 83
19 96
19 99
19 119
19 151
19 164
19 175
19 191
19 218
19 239
20 73
20 395
20 396
20 145
20 146
20 147
20 397
20 199
20 208
20 238
20 398
20 399
21 54
21 62
21 65
21 400
21 401
21 131
21 169
21 184
21 402
21 212
21 403
21 233
21 240
21 243
22 30
22 456
22 101
22 404
22 142
22 148
22 405
22 406
22 407
22 408
22 236
22 241
23 409
23 88
23 117
23 410
23 411
23 412
23 126
23 144
23 154
23 187
23 198
23 214
23 413
23 414
415 77
416 216
417 242
24 418
24 419
24 64
24 72
24 420
24 92
24 421
24 422
24 152
24 423
24 424
24 168
24 425
24 426
24 240
427 197
428 128
429 197
430 69
431 161
432 193
433 58
434 76
435 231
436 38
437 235
25 53
25 61
25 78
25 82
25 84
25 91
25 108
25 119
25 122
25 141
25 154
25 171
25 187
25 191
25 198
25 223
438 45
439 109
440 116
441 127
442 158
443 189
444 193
445 202
446 211
26 447
26 448
26 47
26 90
26 113
26 449
26 148
26 173
26 175
26 1015
26 212
26 215
450 28
452 75
453 163
454 189
27 29
27 37
27 48
27 51
27 66
27 86
27 455
27 112
27 125
27 132
27 133
27 137
27 139
27 157
27 178
27 179
27 183
27 229
28 457
28 34
28 458
28 43
28 459
28 460
28 48
28 61
28 75
28 461
28 82
28 84
28 462
28 141
28 144
28 157
28 163
28 187
28 189
28 193
28 198
28 463
28 464
28 465
29 39
29 57
29 86
29 98
29 125
29 132
29 138
29 466
29 178
29 183
29 194
29 205
29 207
29 1020
29 229
30 42
30 456
30 95
30 101
30 114
30 148
30 155
30 173
30 467
30 468
30 236
30 239
469 98
470 131
471 221
472 228
473 233
31 40
31 474
31 475
31 476
31 92
31 101
31 102
31 105
31 477
31 140
31 159
31 478
31 201
31 240
31 244
32 33
32 479
32 60
32 66
32 480
32 481
32 130
32 134
32 482
32 483
32 170
32 185
32 186
32 192
32 226
32 229
485 203
486 143
487 196
488 214
489 43
490 48
491 88
492 136
493 137
494 139
495 144
496 157
497 187
33 498
33 499
33 500
33 501
33 103
33 502
33 121
33 134
33 162
33 186
33 192
33 1044
33 219
503 1244
504 1245
505 92
506 227
507 68
508 102
509 105
510 241
511 109
512 122
34 43
34 513
34 44
34 451
34 514
34 75
34 515
34 516
34 133
34 136
34 163
34 1044
34 517
34 518
519 102
520 159
521 227
522 208
523 244
524 102
525 42
526 83
527 90
528 173
529 175
35 47
35 65
35 79
35 87
35 89
35 119
35 124
35 151
35 191
35 218
35 223
35 239
531 128
532 196
533 237
534 58
535 203
536 144
537 122
538 113
539 215
540 212
541 49
542 76
543 878
544 155
545 177
546 144
36 547
36 72
36 548
36 549
36 145
36 146
36 152
36 168
36 181
36 182
36 200
36 1251
36 550
37 51
37 86
37 103
37 121
37 135
37 137
37 160
37 179
37 186
37 192
37 229
38 108
38 551
38 156
38 164
38 171
38 552
38 553
38 554
38 235
38 1334
38 242
555 60
556 130
557 134
558 192
559 1223
560 219
39 71
39 73
39 80
39 98
39 118
39 125
39 132
39 176
39 178
39 194
39 195
39 1020
39 224
39 243
40 561
40 562
40 92
40 102
40 563
40 564
40 152
40 159
40 565
40 566
40 567
40 201
40 1251
40 240
40 244
568 57
569 98
570 138
41 59
41 78
41 80
41 87
41 91
41 97
41 124
41 176
41 571
41 221
41 223
41 228
41 234
41 572
42 83
42 573
42 90
42 114
42 574
42 173
42 236
43 575
43 133
43 136
43 137
43 157
43 163
43 576
577 456
578 101
579 105
580 231
581 244
582 75
583 133
584 136
585 1044
586 68
587 85
588 107
589 225
590 530
591 128
592 197
593 206
594 207
44 595
44 596
44 949
44 597
44 598
44 599
44 1044
44 600
44 226
44 601
602 167
45 56
45 116
45 127
45 603
45 156
45 165
45 198
45 202
45 211
45 232
45 237
604 631
605 167
606 174
607 188
608 204
609 217
610 83
611 100
612 155
484 88
484 104
484 613
484 614
484 147
484 172
615 61
616 133
617 141
618 157
619 163
620 1245
621 81
46 54
46 58
46 62
46 65
46 70
46 73
46 95
46 104
46 111
46 145
46 152
46 208
46 231
46 238
46 239
46 240
46 243
46 244
47 54
47 65
47 79
47 87
47 113
47 173
47 175
47 212
47 215
47 218
47 622
47 239
48 53
48 82
48 88
48 91
48 112
48 124
48 139
48 157
48 187
48 190
49 58
49 76
49 623
49 83
49 95
49 99
49 100
49 624
49 111
49 114
49 155
49 625
49 177
49 626
49 1069
49 203
49 213
49 239
49 627
451 628
451 75
451 163
629 530
630 207
632 194
633 130
634 167
50 74
50 81
50 86
50 146
50 153
50 166
50 178
50 180
50 194
50 217
51 635
51 103
51 121
51 135
51 137
51 139
51 179
51 210
636 134
52 69
52 637
52 638
52 639
52 161
52 189
52 193
52 202
52 640
52 1320
641 67
642 150
643 68
644 72
645 181
53 82
53 88
53 91
53 112
53 124
53 154
53 187
53 190
53 198
53 223
646 92
647 227
648 134
649 226
650 116
54 65
54 87
54 93
54 101
54 148
54 173
54 212
54 651
54 233
54 239
54 240
54 244
55 57
55 59
55 80
55 98
55 652
55 653
55 654
55 125
55 176
55 221
55 228
55 655
656 92
657 85
658 107
659 225
56 660
56 661
56 116
56 127
56 662
56 156
56 663
56 165
56 664
56 665
56 666
57 59
57 98
57 667
57 668
57 125
57 132
57 138
57 669
57 670
57 671
58 76
58 95
58 111
58 672
58 673
58 674
58 675
58 1069
58 676
58 203
58 677
58 231
58 238
58 244
59 61
59 78
59 80
59 91
59 678
59 679
59 680
59 221
59 223
59 681
59 228
59 682
59 683
684 1334
60 685
60 686
60 687
60 688
60 689
60 690
60 134
60 691
60 692
60 170
60 693
60 694
60 226
60 695
60 696
697 77
698 94
699 188
700 216
701 222
61 702
61 703
61 78
61 82
61 91
61 704
61 705
61 706
61 122
61 133
61 141
61 157
61 707
61 708
61 709
62 70
62 73
62 184
62 195
62 200
62 220
62 240
62 243
710 92
711 163
63 712
63 83
63 96
63 99
63 100
63 713
63 115
63 878
63 120
63 714
63 715
63 164
63 175
63 239
64 72
64 94
64 716
64 717
64 150
64 718
64 719
64 168
64 174
64 720
64 181
64 182
64 188
64 1244
64 230
65 70
65 80
65 87
65 89
65 97
65 111
65 124
65 212
65 233
65 239
65 240
65 243
721 98
66 722
66 723
66 724
66 132
66 725
66 179
66 183
66 185
66 186
66 726
66 229
727 67
728 149
729 204
730 1335
67 731
67 94
67 149
67 150
67 732
67 733
67 188
67 204
67 1245
67 230
67 1335
631 734
631 735
631 736
631 737
631 166
631 167
631 188
631 194
631 738
631 209
631 217
631 739
631 740
741 98
742 106
743 138
744 183
745 197
746 206
747 167
748 68
749 81
750 110
751 135
752 210
68 753
68 81
68 85
68 110
68 754
68 755
68 160
68 756
68 210
69 757
69 758
69 759
69 161
69 189
69 193
69 760
69 761
762 189
70 73
70 80
70 87
70 89
70 97
70 104
70 111
70 124
70 176
70 190
70 238
70 243
763 208
764 244
765 212
766 233
767 131
768 169
769 233
71 73
71 74
71 81
71 86
71 146
71 178
71 180
71 194
71 209
71 224
770 110
771 160
772 162
773 1223
774 219
775 189
72 776
72 92
72 777
72 778
72 779
72 780
72 168
72 781
72 181
72 782
783 147
784 92
73 80
73 81
73 145
73 146
73 147
73 152
73 176
73 184
73 195
73 199
73 200
73 224
73 238
73 240
73 243
785 142
786 236
787 116
788 196
789 1320
790 75
74 146
74 153
74 166
74 174
74 180
74 182
74 194
74 200
74 209
74 217
74 222
74 224
75 791
75 792
75 793
75 794
75 795
75 796
75 797
75 163
75 798
75 799
75 800
75 801
75 802
803 189
76 456
76 804
76 95
76 155
76 805
76 806
76 807
76 808
76 231
76 809
76 810
811 170
812 226
813 126
814 134
815 227
816 88
817 110
818 121
819 135
820 136
821 137
822 139
823 172
824 210
825 144
826 161
827 193
828 202
829 196
830 113
831 164
832 175
833 242
456 95
456 101
456 834
456 835
456 836
456 837
456 838
456 839
456 231
456 840
841 131
842 169
843 108
844 1334
845 208
846 116
847 156
848 161
849 126
850 144
851 214
852 90
853 1015
854 107
855 225
77 856
77 118
77 131
77 857
77 169
77 207
77 209
77 1020
77 216
77 858
77 222
859 131
860 110
861 121
862 135
863 162
864 219
78 91
78 108
78 119
78 122
78 141
78 171
78 191
78 221
78 223
78 865
78 866
78 1334
867 102
868 105
869 93
870 148
871 1015
872 212
873 103
874 121
875 136
876 137
877 1044
879 116
880 161
881 196
882 202
883 1320
884 237
885 102
886 105
79 87
79 108
79 113
79 151
79 164
79 175
79 191
79 215
79 218
79 223
79 234
80 87
80 91
80 97
80 112
80 124
80 125
80 176
80 178
80 223
80 224
80 228
80 243
81 85
81 887
81 146
81 888
81 147
81 160
81 166
81 178
81 180
81 199
81 210
889 199
890 161
891 219
82 84
82 91
82 112
82 141
82 144
82 157
82 187
82 198
892 84
893 109
894 122
895 141
896 92
897 93
898 201
899 212
900 240
83 901
83 90
83 95
83 99
83 100
83 114
83 902
83 903
83 155
83 173
83 175
83 239
84 904
84 109
84 122
84 141
84 158
84 171
84 189
84 198
84 905
85 107
85 906
85 907
85 908
85 909
85 166
85 199
85 225
910 175
911 109
912 158
913 189
86 130
86 1202
86 178
86 180
86 194
86 205
86 229
914 131
915 233
87 97
87 124
87 212
87 215
87 218
87 223
87 234
916 134
917 150
918 230
919 147
88 104
88 117
88 920
88 124
88 921
88 139
88 144
88 154
88 157
88 172
88 187
88 190
88 922
89 99
89 111
89 119
89 124
89 151
89 154
89 190
89 213
89 223
89 239
90 923
90 924
90 925
90 148
90 173
90 1015
90 926
90 236
927 161
928 108
929 113
930 215
931 234
91 112
91 124
91 223
932 134
933 192
934 219
92 935
92 936
92 937
92 152
92 159
92 938
92 201
92 939
92 940
92 227
92 941
92 240
93 942
93 140
93 148
93 173
93 201
93 212
93 943
93 944
93 240
93 244
945 144
94 946
94 947
94 149
94 150
94 188
94 1244
94 204
94 230
94 948
94 1335
950 134
951 1044
95 100
95 101
95 111
95 114
95 155
95 203
95 952
95 231
95 239
95 244
96 99
96 115
96 119
96 120
96 129
96 151
96 156
96 164
96 171
96 191
96 232
96 237
97 131
97 176
97 212
97 228
97 233
97 234
97 243
98 953
98 954
98 118
98 125
98 131
98 132
98 138
98 955
98 176
98 956
98 206
98 1020
98 228
98 957
99 100
99 958
99 115
99 119
99 878
99 123
99 126
99 129
99 959
99 143
99 151
99 154
99 177
99 1069
99 213
99 239
100 114
100 878
100 960
100 155
100 177
100 239
961 108
962 1334
949 134
949 1044
949 226
101 105
101 963
101 140
101 148
101 964
101 231
101 239
101 241
101 244
102 105
102 965
102 159
102 966
102 967
102 241
968 108
969 113
970 164
971 242
972 231
103 121
103 133
103 134
103 136
103 137
103 973
103 179
103 186
103 1044
103 974
103 226
975 878
976 126
977 177
104 111
104 117
104 978
104 979
104 980
104 147
104 154
104 172
104 190
104 203
104 213
104 238
981 126
105 982
105 140
105 159
105 983
105 984
105 241
105 244
106 985
106 128
106 130
106 138
106 1202
106 986
106 183
106 987
106 197
106 205
106 206
106 229
106 988
106 989
990 242
991 221
992 228
993 179
994 185
107 995
107 166
107 167
107 996
107 225
107 997
107 998
108 113
108 119
108 164
108 171
108 999
108 1000
108 191
108 215
108 223
108 234
108 1001
108 1334
108 242
108 1002
1003 1251
1004 144
1005 161
1006 193
1007 216
530 1008
530 128
530 1202
530 194
530 1009
530 206
530 1010
530 207
1011 132
1012 133
1013 157
1014 179
109 122
109 127
109 141
109 158
109 165
109 171
109 1016
109 1017
109 211
109 1018
1019 131
1021 228
1022 216
1023 222
1024 130
1025 183
1026 197
1027 229
110 121
110 135
110 160
110 162
110 210
1028 116
111 190
111 203
111 213
111 238
111 239
1029 1044
1030 231
1031 244
1032 227
1033 121
1034 1044
1035 219
112 124
112 125
112 139
112 157
112 178
113 1036
113 164
113 173
113 175
113 191
113 215
113 218
113 1037
113 1038
113 1039
1040 120
1041 156
1042 237
114 155
114 173
114 1043
114 239
1045 147
1046 203
1047 238
1048 128
1049 236
115 120
115 123
115 129
115 1050
115 196
115 237
1051 1244
116 1052
116 127
116 1053
116 156
116 1054
116 1055
116 196
116 202
116 1320
116 237
116 1056
1057 134
1058 170
1059 226
117 1060
117 1061
117 126
117 154
117 1069
117 203
117 213
1062 199
1063 225
1064 156
1065 235
1066 242
1067 144
1068 172
118 131
118 169
118 176
118 194
118 195
118 207
118 209
118 1020
118 228
1070 126
1071 144
1072 221
119 126
119 129
119 151
119 154
119 171
119 191
119 198
119 223
119 232
1073 175
878 155
878 177
1074 225
120 1075
120 1076
120 156
120 232
120 237
1077 235
1078 242
121 135
121 136
121 137
121 162
121 186
121 192
121 1044
121 1079
122 141
122 165
122 171
122 1080
122 198
122 1081
122 1082
122 1083
122 1334
123 129
123 1084
123 143
123 196
123 214
123 237
1085 241
1086 192
1087 219
124 154
124 190
124 223
1088 143
1089 196
1090 214
1091 126
1092 1069
1093 203
1094 213
125 132
125 176
125 178
126 129
126 143
126 1095
126 154
126 1069
126 213
126 214
126 1096
126 1097
1098 170
1099 183
1100 185
1101 186
1102 229
1103 156
1104 237
127 1105
127 1106
127 1107
127 165
127 211
127 1108
127 1109
1110 147
128 1111
128 1202
128 1112
128 197
128 205
128 206
1113 142
1114 148
1115 1015
1116 201
129 143
129 154
129 198
129 214
129 232
129 237
1117 227
1118 1251
1119 143
1120 196
1121 237
1122 197
130 1123
130 1124
130 1202
130 186
130 192
130 205
130 229
130 1125
130 1126
131 169
131 176
131 184
131 195
131 1020
131 1127
131 228
131 233
131 243
132 1128
132 178
132 179
132 183
133 136
133 137
133 157
133 163
133 179
133 1044
133 1129
1130 189
1131 1245
1132 1335
134 186
134 192
134 1044
134 1133
134 226
1134 155
1135 177
1136 147
1137 203
1138 238
135 160
135 162
135 192
135 210
136 137
136 1139
136 1044
1140 204
1141 1335
1142 159
1143 227
137 139
137 157
137 179
1144 175
138 1145
138 183
138 1146
138 194
138 205
138 206
138 207
138 1020
138 229
139 157
139 172
139 178
139 210
1147 167
1148 142
1149 236
140 148
140 159
140 201
140 240
140 241
140 244
141 1150
141 1151
142 148
142 1152
142 1015
142 236
142 241
1153 147
1154 208
1155 238
1156 244
1157 188
1158 204
143 1159
143 196
143 214
143 1160
144 157
144 187
144 193
144 198
144 1161
144 1162
144 1163
144 1164
145 146
145 152
145 200
145 208
145 238
145 1165
146 153
146 1166
146 166
146 174
146 180
146 181
146 182
146 199
146 200
146 224
146 1167
1168 150
1169 174
1170 230
147 1171
147 199
147 238
148 173
148 1015
148 212
148 236
148 239
148 241
148 244
1172 210
149 1173
149 204
149 230
149 1174
149 1335
150 1175
150 174
150 188
150 204
150 230
151 154
151 191
151 218
151 239
152 168
152 200
152 208
152 220
152 1251
152 240
152 1176
152 244
153 1177
153 166
153 167
153 174
153 1178
153 199
153 1179
153 217
153 225
153 1180
1181 1223
1182 189
1183 193
1184 202
1185 1320
1186 166
1187 167
1188 225
1189 167
1190 174
1191 204
154 187
154 190
154 198
154 213
154 214
154 223
1192 207
1193 216
155 177
155 1194
155 1195
155 1196
156 164
156 165
156 171
156 1197
156 232
156 235
156 237
156 1198
1199 188
1200 204
157 163
157 179
157 187
158 165
158 171
158 189
158 193
158 198
158 202
158 211
158 232
159 201
159 1201
159 227
159 241
160 162
160 192
160 210
1203 170
1204 185
161 193
161 202
161 1205
1206 174
1207 181
1208 1044
162 192
162 1223
162 219
1209 168
1210 222
163 1211
163 1212
163 1213
164 171
164 175
164 191
164 1214
164 232
164 235
164 242
164 1215
1216 167
1217 174
1218 181
165 171
165 198
165 1219
165 211
165 1220
165 232
165 1334
166 167
166 199
166 217
166 225
166 1221
1222 241
167 174
167 1224
167 1225
167 1226
167 217
167 225
167 1227
167 1228
168 181
168 182
168 1229
168 200
168 220
168 222
168 240
169 184
169 195
169 1230
169 209
169 1231
169 220
169 222
170 1232
170 185
170 1233
170 1234
170 226
171 191
171 198
171 1235
171 1236
171 232
171 1334
172 1237
1202 194
1202 1238
1202 205
1202 206
173 175
173 1015
173 212
173 218
173 236
173 239
1239 235
1240 1334
1241 242
174 181
174 182
174 188
174 204
174 217
174 222
1242 183
1243 197
175 191
175 218
175 239
176 195
176 224
176 228
176 233
176 243
1246 230
1247 183
178 180
178 194
178 224
179 185
179 186
179 1248
179 229
180 194
180 209
180 217
180 224
181 182
181 200
181 1249
1250 1320
1252 1069
1253 231
1069 203
1069 213
182 200
182 220
182 222
183 229
1254 221
1255 223
1256 234
1257 197
184 195
184 1258
184 200
184 209
184 220
184 224
184 243
185 186
185 1259
185 1260
185 1261
185 226
186 192
186 226
186 229
187 198
1262 231
188 1263
188 204
188 209
188 216
188 217
188 222
189 193
189 198
189 1264
189 211
189 1265
189 1266
1267 199
190 213
191 223
191 232
192 1223
192 219
1268 227
193 198
193 202
193 211
193 1269
1270 1244
1271 1245
1272 236
1223 219
194 195
194 1273
194 205
194 206
194 207
194 209
194 1020
194 216
194 217
194 224
194 1274
195 200
195 209
195 224
195 233
195 243
196 214
196 237
196 1275
197 206
197 1276
197 1277
197 1278
197 1279
197 1280
1015 236
1281 220
1282 222
198 202
198 211
198 232
199 1283
199 1284
199 225
199 1285
199 1286
199 1287
200 209
200 220
200 222
200 224
200 240
200 1288
201 1289
201 240
201 241
1290 221
1244 1291
1244 1245
1244 230
1244 1292
1244 1335
1244 1293
202 211
202 1320
202 1294
1295 207
1296 209
1297 216
1298 217
1299 226
203 213
203 238
1300 231
1301 244
205 206
205 207
205 229
206 207
206 1020
1302 235
1303 1334
1304 227
207 209
207 1020
207 216
1305 1245
1306 1335
1307 236
1308 225
208 238
208 240
208 1309
208 244
209 1020
209 216
209 217
209 220
209 222
209 224
1044 1310
1044 226
211 232
212 215
212 1311
212 1312
212 1313
212 233
212 234
213 239
214 1314
214 1315
215 1316
215 1317
215 1318
215 234
216 217
216 222
217 222
1319 1320
218 239
1321 222
1245 230
1245 1322
1245 1335
220 222
220 240
221 1323
221 228
221 234
221 1324
1325 242
1326 227
223 234
223 1327
1328 234
1320 1329
1330 226
1331 235
1332 234
227 1333
228 233
228 234
230 1335
1336 241
1337 240
231 1338
231 1339
231 244
232 237
1340 1335
233 1341
233 243
235 242
235 1342
1343 1334
237 1344
238 244
1335 1345
239 244
240 243
240 244
1334 242
1334 1346
1347 242
242 1348
