1241 2137 0
-0.2759025021865805 -0.4515889461442554 0.1055842357220410
-0.0989583582537883 0.0085221212618234 0.1311209863540256
-0.4536759074149099 0.4724394336669591 0.1963660676790495
-0.3670778952242003 0.3743222181473287 0.1536487219703336
-0.4689463957217364 0.3574613682606754 -0.0475200472312661
-0.4609723682390618 -0.1035983971766247 -0.4183978915705621
0.2955697630442530 0.3895916794724856 -0.0670719618746540
0.3406677646855680 -0.1128475453446702 -0.4067090807160993
-0.3041729048064299 0.0164238094792430 0.1234726875873094
0.2371176520016413 -0.1717657161962693 -0.0114046307358624
0.3842390382982722 0.0316623397441223 0.1506369076886777
-0.2030962293372989 0.4004446633972330 -0.1878834500689336
-0.2377563162028395 0.0847447297822668 0.4651606083071369
-0.0874173316086883 0.1246162756930973 0.0383262180135028
0.2038941169317668 -0.3910099040598800 -0.3861497594245939
-0.0618417516199271 0.4620820069717445 -0.2462843743320678
-0.0276540630545424 -0.1127468598112097 0.1796257762196704
-0.1774874724463906 0.4439117946166193 -0.0750356434881314
0.3603269887211482 0.3161633942317302 -0.1175796256117606
0.3184401776444266 0.4790972022658424 0.0979734062612604
-0.2126868700057288 0.2897577913062724 -0.3980778538368299
-0.0526392163495272 0.1319781201011096 0.4469953963991688
-0.4484766265772779 0.4106239448310725 -0.0781914783694058
-0.3438222958482516 0.3687477225787743 0.4263634713555056
-0.2692051106407875 0.3303828728574610 -0.3195381105769422
0.4404660725415513 -0.1201190263781622 0.0090480884828616
0.4290582028229660 0.3321682627180989 0.3776945536506424
-0.2306817278474656 -0.3717405161505737 0.0320749730423379
-0.3617006256210069 0.3648425347930351 0.2879235888773857
0.4435191112557534 -0.4994801510329140 0.0419002317473274
0.2631301798591924 0.0589759783321597 -0.0799994856559467
-0.2690506246985705 -0.1065067327249302 -0.3061692455532971
0.3270379967749466 0.2270228640684859 -0.1123546846181980
0.3203548838156048 0.3604054314838567 0.1391992806899274
-0.3578241958053420 -0.3021831293659427 -0.1304096922891471
-0.3679123712016845 -0.1505771264917077 0.3279558124162213
-0.3559863840261883 0.4711302734029886 -0.2504189405130490
-0.3206275425529843 -0.4146104149818300 0.0577331855941841
0.0502839284876618 0.2725161358463614 -0.0663069962070304
-0.2504748374384362 0.3926097516602329 0.4385766408439174
-0.4269073879443593 0.0820651337995028 0.2254084688296217
-0.1861180725025085 -0.1041841914157991 0.0387711990239347
0.1513637866263045 -0.0072265004027769 -0.1072836766366887
0.1278637412885303 -0.4755822602273791 -0.1551106953009953
-0.0104855238778652 0.3214737939867114 -0.0871201796497217
0.0426401058689165 0.1820932078693491 -0.1088506900520244
-0.1190637722694758 -0.0772281763891993 -0.4021813871261580
0.3994097083099920 0.1605510027972672 0.2439845810930901
0.4646860671106541 0.1762819875351589 -0.1210711019423509
0.3726878775525519 -0.2161990588131487 -0.4790155497392694
0.2869017414920195 -0.1396544989386294 0.2966053470474849
-0.3542253171160575 -0.4348782343003422 0.4735916290289416
-0.3554313466731813 0.4301217092454518 0.3302647347803104
-0.4774594129219249 -0.4263987733526053 -0.1048553611838833
0.1675126775788616 -0.4554763850438859 -0.2663247059329989
-0.3685122131050926 -0.3804701911386880 -0.1636187288415646
0.0524086553514757 0.1297809163597484 0.2905239939404681
0.3226684106986266 0.0865176921323494 -0.0558305281214429
-0.3041769642039923 -0.1020094816266424 0.0991242751019157
-0.3284879831385835 -0.1681980554309442 -0.3930810477961184
0.1832953834184619 -0.3043966988015823 0.3678974616341604
-0.3605634007470349 -0.1732086338354099 -0.1187350772908185
0.1066436160868197 0.3641428584989098 -0.4150047789348815
0.1716542740320589 -0.1770022501236543 0.4240422057091896
-0.3690867399999747 -0.2761219207270769 -0.0477751985240145
0.4852745783290270 -0.3828297811785348 -0.3265557444315517
0.3839691360824270 -0.2971581470726122 -0.0245638255967879
-0.2296154428339966 0.3365321035996448 0.1400383164012746
0.0604959148586502 0.1564794789729510 0.3375013521771993
-0.0243485783497397 -0.3213607857610680 0.3407618068285787
0.0692656692534933 -0.3702710066339193 -0.2026119943906606
0.2507941765507768 -0.1394160483687894 0.1206951270729129
0.0462498773806832 0.4680972982520171 0.0943119638319395
-0.4249756545187219 0.2529700022984682 -0.4237273556184886
-0.0680623539451639 0.4193345389931912 0.0452600416134325
-0.1107740114514764 -0.3571376144843185 0.0393373292415440
-0.4470820347551408 0.4126203524546958 -0.2026647600159791
-0.0464736886853739 0.2343854586883689 0.2824988725256753
-0.3065017394250062 0.3270212007585298 -0.0911590313402081
-0.3097898684810154 0.4634000287284512 -0.2335759470536020
0.3414753720190254 -0.4314101842847818 -0.0792693466430168
0.0260555717266045 0.3084104498327397 -0.4636915876330251
0.1613998625698862 0.4582187583887423 0.4603311589076493
-0.2214765634097500 -0.2155322878604916 0.1715558664633182
-0.1547706012336671 0.1148583413490950 -0.0809375467006781
0.2619851701872465 0.3411389357498174 0.1686945540791483
-0.2893113386279786 -0.3866274730304087 0.0219551748231390
0.1227895694810582 0.3641461416820919 -0.3996665066193596
0.2047651770825656 0.0324898380996773 0.3817905565719870
0.1008833010151620 -0.4566174709888136 -0.3985929564593880
0.0840478121442772 -0.2018258930313830 0.0772811541872698
-0.3723768194246081 0.4149375641805040 -0.1657071353478751
-0.0785182640841285 0.4330114433111967 0.4462698690073861
0.4628079362752702 -0.1038608846363688 0.4337955668570059
0.2329919883723846 0.3224855411617416 0.2841885856300455
-0.1467133879787962 -0.0590957059344294 0.2624719407750022
-0.2697022887730540 0.2647210962810568 0.3997754241515945
0.1556254553060846 -0.1894607618263128 -0.4014922478446907
-0.1770727898307597 0.0041512940536094 0.3323160414847097
-0.4477340394525438 -0.2249828022643584 0.1299995491310301
0.2348470056490673 -0.4502925493642471 0.0993214761872710
0.3288425858670822 0.4203401786317753 -0.0417961858019669
-0.4397488251325998 0.2707421654823191 0.3293133501947936
0.3717831045938583 0.0414704826010494 -0.0844668074689593
-0.1068718037526627 0.2739977494468183 -0.2302644879319199
-0.0193940896450633 -0.4846300414854820 0.2435670759949994
0.0705459662344585 -0.3751686136144114 0.4680147669116976
-0.0110343477663216 -0.2150419991852431 -0.2018245606765845
0.1535261507307444 0.1755527731517857 0.0177564172012509
-0.0844620772833496 -0.4400060933019433 -0.4435036910739759
0.4183032651854596 0.1408414920128878 -0.3424619346483416
0.3467698374965219 -0.1257116172983783 0.2415517142538097
0.4105449079787732 -0.2575608759244273 0.3229668288882347
-0.3544699080927768 -0.2155674426513724 -0.0777361888813981
0.3689287183011298 0.1609913335588682 0.4319291722974112
-0.0737695196168828 -0.4237829702022875 -0.2605124898946555
-0.3240498161290925 0.0023525278063514 0.1103953339323787
0.4588097870803947 0.3874714742033636 0.4521756719471611
0.1073863090878809 0.0815818652914337 -0.4671420913934374
-0.2021477830901630 -0.0054973289268750 0.2919473082204244
0.1903883347752826 0.4311348749864878 0.3402215933176123
0.3148478177263140 -0.3888622879001318 -0.3993953347543218
0.0698315265681173 -0.4035595627476943 0.1863791748698473
-0.1978054237533203 -0.0222060263005777 0.1020298411948436
0.4835126463377983 0.0331760526477905 -0.3982248502749600
0.4575720547638333 -0.2918892127874168 -0.0016539918117695
0.2122092777402008 -0.3872426516665881 -0.2870248684031467
-0.4527258072973098 0.1483183781193400 0.0120875514296898
-0.1889899569023709 0.2777188564010406 0.4099236920326256
0.2193958765390983 -0.0404745420000968 -0.4762102001642362
0.1910544543829009 -0.2354884103715126 0.1433373392140467
-0.3751690486278791 -0.1319101642989691 -0.3539793982854139
0.4680311913250449 0.0467749581925282 -0.0997318038795708
0.4850140191232947 -0.1239672144204018 0.3138443618197867
0.3970614706181274 0.0811156225612673 0.0438597492271195
0.1581967957883336 -0.3902829727844286 0.0981407368665946
0.1685916934338557 -0.4143269965728931 0.4535610019500440
-0.4339199079640094 -0.4578490116290410 -0.0289925904599644
-0.2596086295009435 -0.1476524909862264 0.3495632789710550
-0.3931545255569097 -0.2659571334326239 0.0217941489362869
0.2807184563665565 -0.1671901052486090 -0.3674842337835013
0.0896862870737839 0.4676285018047103 -0.3986651339878033
-0.4718414654917994 0.3537604080291125 -0.4764890916954042
-0.3435761804365663 0.3745448991281879 -0.4149036844446807
-0.4519727595410146 0.1151578535290724 -0.2721844720304993
0.4110017585759683 0.0896204708265540 -0.0027802936179611
-0.3558875513032393 -0.1499983265434554 -0.3449532300647404
-0.1147691203491811 -0.0570344511849850 -0.1944494330604296
-0.4153708201430648 0.1493095674477284 -0.0225111585514946
0.1677839556429642 -0.0393006199023446 0.3580815569162421
-0.0171569947807200 -0.4055205356744782 0.3034724607685406
0.3290783903983660 -0.2947800454306421 0.0112324711570113
0.2455872039029455 0.2486756590978728 -0.1623092448156596
-0.3967712599875325 -0.2742138816694427 0.0925892607691119
0.3305034046521971 0.1210498802997994 -0.0158697998811499
0.3910363543561468 -0.2228525461675434 0.2396811740340525
0.0232379008161333 -0.3718097072800044 -0.1105381098896461
0.2931111978545314 -0.0073910579967376 0.0105365206821207
0.3776178530255873 -0.0843834127678113 0.1094236119715204
-0.4224409372083411 -0.1340764901564523 0.0260835716062453
-0.0422358315580210 0.1880809801122592 0.4735392066503188
0.3162708850419270 -0.1515304172873758 -0.3025191585283059
-0.2348417740929664 -0.1628501734855043 -0.3152653400640865
-0.2278109517146641 -0.3227589891996382 0.3259603165046957
-0.4164442033251088 -0.0741206419506272 0.0379088904946994
-0.2564517955800882 -0.1281417628321485 0.1503599709560921
0.2801608592587685 0.1947617090334577 0.1891751162329640
-0.1235981333621609 -0.4569299673851159 -0.1311702159853638
0.0326167015418222 -0.4418398810675300 -0.2715638997275030
-0.1451442009690087 0.0746589048589692 -0.3733292483326163
-0.4060049360062089 -0.1624193071242213 -0.1324971016463934
0.1887385268130741 -0.0705215852949535 0.0903440932290284
-0.1899026752401261 0.3140873876835789 0.3098270649993824
0.3494143675597560 0.2646419299370270 -0.0949102277745291
0.4585094487613365 0.2168257505836657 0.0175145019570563
-0.4738777410350618 0.2606077045445891 -0.2698939197211689
-0.2518667052368424 -0.2482886015249947 -0.2963598600629243
-0.2435034039206115 0.2081366877216260 0.3001183778544037
-0.1763585062596277 -0.2153790821275442 0.1560055502769537
-0.2037701627011328 0.4549368467902875 -0.0166338251861597
0.1978457926679348 0.1718654197131202 0.4050635699401569
0.1077895145892568 0.3979285398150178 0.2588280851706350
0.1168715983660592 0.2619916343894582 0.0851731289011863
-0.4413869981648615 0.4492036874304743 -0.4619288492110978
-0.4035834136884519 -0.1477957622893236 0.3502342111339738
0.0682323579630790 0.4508817283686303 0.0222962051539458
0.3234987275030128 0.0443211228384476 -0.0390983949573992
-0.3971115616619198 0.3057117547663246 0.0934960520880536
-0.1533826787836806 -0.3301266242062474 -0.4263950708923486
0.1754845496752562 -0.1072377215017160 0.0962971213855969
-0.0770572439497186 0.4026019748062625 -0.3200519044490535
-0.2847402370851940 0.3867365975119490 0.4747693337917848
-0.4745406482624406 0.2786657122438745 0.1375465813155174
-0.2204973183139101 0.0576144532763183 -0.2656986481389154
0.1459760920364660 0.1202798916212534 -0.0196661118476381
-0.1189706425185564 0.3555537229629671 -0.3793027778773567
-0.4732803332154780 -0.0667114260190790 0.0981519606564565
0.0588995157541823 0.3694350757411545 -0.3671089910651061
-0.3581215715557901 -0.2085923735038760 0.0334691439060534
-0.1855663694252448 0.1959945416661786 -0.0569536265966482
-0.2658409355116077 -0.5000000000000000 0.1640522020475356
-0.1453633009425503 -0.4419804862248764 0.5000000000000000
-0.2299715598986348 -0.5000000000000000 -0.1470924033170977
-0.3488617206736422 -0.5000000000000000 -0.1145979110731526
-0.2637499873875107 -0.5000000000000000 0.0769907492334571
-0.1835256764994287 -0.5000000000000000 0.2989074007442637
-0.1892570317202233 -0.3879119405325726 0.5000000000000000
-0.0599207881325359 -0.4027550223123316 0.5000000000000000
-0.2881222020591559 -0.5000000000000000 0.1838137070905955
-0.1688819776621772 -0.5000000000000000 0.2097836810505143
-0.2831396863069410 -0.5000000000000000 0.0307388540231252
-0.2856073982350105 -0.5000000000000000 0.1657568236225491
-0.0117181658568469 0.0306721628135870 0.5000000000000000
0.4998984991414277 0.3844398837714310 -0.1332052224914742
0.5000000000000000 0.3223634919184182 -0.1298247134462077
0.5000000000000000 0.2591897724506600 -0.1273514926661016
0.5000000000000000 0.2776515795181622 -0.1850687164195626
0.5000000000000000 0.3261323095377595 -0.2264893047961824
0.5000000000000000 0.2810958397774347 -0.0726360511807732
-0.3404874791277928 0.3573049723261491 0.5000000000000000
-0.2883043859538246 0.2823750048332296 0.5000000000000000
-0.2893108005750568 0.3802539303765216 0.5000000000000000
-0.4453770462631526 0.5000000000000000 0.2403813030911633
-0.5000000000000000 0.4331009969141936 0.1606541985744337
-0.4340892701619261 0.5000000000000000 0.1985820042966640
-0.5000000000000000 0.4518618466101719 0.2414065091671950
-0.5000000000000000 0.4790380769563169 0.0794462144100284
-0.5000000000000000 0.4740767720038476 0.1990049863098774
-0.4595980660472058 0.5000000000000000 0.2604316878735055
-0.3956305059652648 0.4455419794938365 0.5000000000000000
-0.4229820816645370 0.5000000000000000 0.1961074151719022
-0.3471769943427033 0.5000000000000000 0.0723866737412376
-0.5000000000000000 0.3509350285840900 -0.0263058539855592
-0.5000000000000000 0.3445940789507950 -0.1001492887792301
-0.5000000000000000 0.3537087552658930 -0.1112628463699754
-0.5000000000000000 0.4148675082020211 -0.0330307845910888
-0.0959738086262976 0.5000000000000000 0.4112447312139537
0.5000000000000000 -0.0083934752069364 0.1749903741267595
0.5000000000000000 -0.0803656020577526 0.0915462061718287
0.5000000000000000 -0.0794865929039453 0.3499590680253080
0.5000000000000000 -0.0064340626052308 0.0921382751257170
0.5000000000000000 0.0220185761707334 -0.0097969728169401
0.5000000000000000 -0.1072247149760582 0.2913521473730502
0.5000000000000000 0.0136029954104519 0.1303058015005301
0.5000000000000000 0.0214339039328443 0.1044151461066228
0.5000000000000000 -0.0518386810069790 0.1603710597736305
-0.5000000000000000 -0.0793767441784751 -0.4253358129656019
-0.5000000000000000 -0.1389688809935068 -0.3423451058817916
-0.4502135440246881 -0.1808755157153222 -0.5000000000000000
-0.4570199980420185 -0.1010948714277610 -0.5000000000000000
-0.4885269997554866 -0.1005779214701213 -0.5000000000000000
-0.3874132906647022 -0.1101155211615124 -0.5000000000000000
-0.5000000000000000 -0.0544118298803800 -0.2884929186628776
-0.5000000000000000 -0.1518082527438540 -0.4011605585916367
-0.3271324267791179 0.2256153873460414 -0.5000000000000000
-0.3539016325251150 0.2239871042605833 -0.5000000000000000
-0.3912416150160438 0.2184018840106134 -0.5000000000000000
-0.3851415748540189 0.1869330653199946 -0.5000000000000000
-0.3504137616461194 0.1786743934001276 -0.5000000000000000
-0.3572529281301835 0.1995126936315891 -0.5000000000000000
0.0888564702273851 -0.4002786675122271 0.5000000000000000
0.0860011780761385 -0.3791197081221294 0.5000000000000000
0.1386987498182999 -0.3996628454233196 0.5000000000000000
-0.4271425420577027 0.0498125538593593 0.5000000000000000
-0.4182122724732439 -0.0322069148701535 0.5000000000000000
-0.4358196730956460 0.0192490226152723 0.5000000000000000
0.1667596391490261 -0.3431957893760105 -0.5000000000000000
0.1430361927179324 -0.2362122513440894 -0.5000000000000000
0.2293666273762109 -0.3450506222480845 -0.5000000000000000
0.1581232939468908 -0.3268708702570433 -0.5000000000000000
0.4330636419813853 0.5000000000000000 -0.2394429781940927
0.3371287184366180 0.4280971349273605 -0.5000000000000000
0.4685112827416245 0.5000000000000000 0.0344067004069216
0.2127792223682955 0.5000000000000000 0.4888943178308039
0.2348159980448621 0.5000000000000000 0.4529550642283841
-0.3904553192942491 0.5000000000000000 0.3400841379844896
-0.5000000000000000 0.0693336023120100 -0.3294751826168603
-0.5000000000000000 0.0017180431168725 -0.4689767099759999
-0.5000000000000000 0.0285415454295645 -0.4753987274716757
-0.2091197075507604 -0.1694576413148399 0.5000000000000000
-0.1896364128724602 -0.2570300633407154 0.5000000000000000
0.3292337773767385 -0.1262517119717324 -0.5000000000000000
0.3267359644055297 -0.0916761999441944 -0.5000000000000000
0.2678444803436811 -0.1721613305749075 -0.5000000000000000
0.5000000000000000 -0.1667180346013647 0.0042170449587177
0.5000000000000000 -0.1326560307021662 -0.3525662509335293
0.3149779943835077 -0.0368294074959016 -0.5000000000000000
0.3299768158184528 -0.0634887124898398 -0.5000000000000000
0.5000000000000000 -0.2114099167874237 -0.2591945558130549
0.3559939828184712 -0.1087140938526429 -0.5000000000000000
0.5000000000000000 -0.0987718325770186 -0.1150462838409170
0.3801086458477687 -0.2019257489304188 -0.5000000000000000
0.0674509324279798 0.5000000000000000 -0.3808112519287756
0.1772366258328787 -0.3355233120254917 -0.5000000000000000
0.1518907509118767 -0.2254219966903083 -0.5000000000000000
0.2413521454222448 -0.3379449267562460 -0.5000000000000000
-0.4007104504308732 0.1116018400191766 0.5000000000000000
-0.4126197295652916 0.2045030200112528 0.5000000000000000
-0.3442550084113535 -0.4403483064122324 0.5000000000000000
-0.5000000000000000 0.2877076879615142 0.2438701667665621
-0.5000000000000000 0.2861441474927377 0.1249828163668986
-0.0567964380948919 -0.0920531369986012 -0.5000000000000000
-0.3371923913787955 0.0940606658221840 -0.5000000000000000
-0.4360090441559353 -0.4674525570637823 0.5000000000000000
0.3668834989196095 -0.2118637925176582 -0.5000000000000000
0.2264814530745115 -0.0511979894657400 -0.5000000000000000
-0.3559548257348146 -0.4483360725278988 0.5000000000000000
-0.3009639221962025 -0.4066505590698161 0.5000000000000000
-0.1952856855680813 -0.3394009442583563 0.5000000000000000
0.5000000000000000 0.0660357112900836 0.4078264036748659
0.4288363119514209 0.1042172112362264 0.5000000000000000
0.5000000000000000 0.0886045803169915 0.2740257241273291
-0.1837074581547284 0.5000000000000000 -0.4375904683097803
-0.1567161038653218 0.1503811263325319 0.5000000000000000
-0.2409991847813423 0.0751227927548277 0.5000000000000000
-0.2278473585875975 0.0911344771425139 0.5000000000000000
-0.2472674919433342 0.0900220929930210 0.5000000000000000
-0.1986865277119397 0.0756620638201426 0.5000000000000000
-0.2074071593200830 0.1120524468296265 0.5000000000000000
-0.2192269739604617 0.0736194200307769 0.5000000000000000
-0.2241654030045988 0.0671369839486322 0.5000000000000000
-0.1970377094887496 0.0970853870648295 0.5000000000000000
-0.1291238780306220 0.3715675232334132 0.4923107326744875
-0.0382715842423750 0.4298385657178473 0.5000000000000000
0.1373685379759423 -0.4723287391995166 -0.5000000000000000
0.1152377029301923 -0.3885189363345403 -0.5000000000000000
0.2064069339237793 -0.2892429885358688 -0.5000000000000000
0.2038228823717589 -0.4186686327313844 -0.5000000000000000
0.0073341080704552 0.2233367710764262 -0.5000000000000000
0.0679942400464736 0.3224767610732227 -0.5000000000000000
0.0200124983506440 0.2963179963873713 -0.5000000000000000
0.0737161645510936 0.3177876807346676 -0.5000000000000000
0.0884138158973352 0.1078464415126630 -0.5000000000000000
0.0759299808099524 0.2434579327147296 -0.5000000000000000
-0.5000000000000000 0.0911277417802713 0.2055306352102077
-0.5000000000000000 0.2189330826855680 0.2788980466405206
-0.1212024264254606 0.3160565740957506 0.5000000000000000
-0.0845669543130790 0.1762286639654922 0.5000000000000000
-0.1186471339053415 0.2141765829855648 0.5000000000000000
-0.0718417775372761 0.1925944432597369 0.5000000000000000
-0.1097865148793756 0.2102492316374794 0.5000000000000000
-0.1152194791079653 0.1980412064301764 0.5000000000000000
0.1369633640508353 -0.4035273823631516 -0.4892960331181853
0.0840471318667527 -0.4428142305805722 -0.5000000000000000
-0.2379751327228964 -0.1600183615327430 -0.5000000000000000
-0.2276749015969891 -0.1557492346388476 -0.5000000000000000
-0.2431458724266028 -0.1626750213162932 -0.5000000000000000
-0.2307035598442407 -0.1636533424400220 -0.5000000000000000
-0.2335249327573913 -0.1595368991730562 -0.5000000000000000
-0.2365984346210604 -0.1622812479591644 -0.5000000000000000
-0.2372570784877037 -0.1655498391679555 -0.5000000000000000
-0.2284123673636982 -0.1789100301700146 -0.5000000000000000
0.4084449655333344 0.0581394926288177 -0.5000000000000000
0.3863676474836332 0.0941475281002000 -0.5000000000000000
0.4105302725306215 0.0653667185262864 -0.5000000000000000
0.3864225203511307 0.0767111413183350 -0.5000000000000000
-0.5000000000000000 -0.1555964929608731 -0.2102455278847905
-0.5000000000000000 -0.1415837837502739 -0.2117953699828684
-0.5000000000000000 -0.1628204665996087 -0.2560578112345634
-0.1584567085052976 0.4981966371202705 -0.5000000000000000
-0.1563669917988425 0.5000000000000000 -0.4172413306543746
-0.0591969524447479 0.5000000000000000 -0.1116772178628413
-0.0127321598366393 0.5000000000000000 -0.2902397042588182
-0.0941077441540605 0.4635219498815835 -0.5000000000000000
-0.0248640015579355 0.5000000000000000 -0.1581872883972750
-0.0484755796005188 0.5000000000000000 -0.2106217373302195
-0.1195971285279596 0.5000000000000000 -0.3525401162509617
0.3795564443570855 -0.4927451179598218 0.3420835575439247
0.2035870746387492 0.4621037093583500 0.5000000000000000
0.2777727503735659 0.4548514375935719 0.5000000000000000
-0.3428793013235734 0.4754141347376665 0.5000000000000000
0.0520910795157205 0.0512552690992073 -0.5000000000000000
0.0421388728212786 0.0686269003175325 -0.5000000000000000
0.0777632726797254 0.0704972462397343 -0.5000000000000000
0.1528227996651481 -0.0038205608086971 -0.5000000000000000
-0.0024791820455194 0.0613161666008638 -0.5000000000000000
0.0499952595715058 0.0619530874477788 -0.5000000000000000
0.0350954730475258 -0.0893420537442478 0.5000000000000000
0.0229146453142325 -0.1434716798960193 0.5000000000000000
0.1149187574980487 -0.1770947459437834 0.5000000000000000
-0.0074223099200296 0.0217562274634634 0.5000000000000000
0.0917907667171886 0.0908612203018355 -0.5000000000000000
-0.1810755305740235 0.5000000000000000 -0.4035275148017005
-0.1176831614338334 0.5000000000000000 0.0088722694120892
-0.2192742080615037 0.5000000000000000 -0.1714236525991792
-0.2610534452587520 0.5000000000000000 -0.1813709515371247
-0.1785450565200211 0.5000000000000000 -0.1448719464074531
-0.1129618001031821 0.5000000000000000 -0.0994432165749984
-0.1819103693691501 0.5000000000000000 -0.3002227395744787
0.5000000000000000 0.2856784366811648 0.3676188660447128
0.5000000000000000 0.3468648108128915 0.2024949085168683
0.2659204904488630 0.3183388990242770 -0.5000000000000000
0.5000000000000000 0.4516912427610509 0.1832444860467284
0.3034317005495206 0.4128427328971228 -0.5000000000000000
0.3328358263375617 0.3581804533669510 -0.5000000000000000
0.5000000000000000 0.2389830919048434 0.0113239959847250
0.3908765542221484 -0.1227983020638716 0.5000000000000000
0.4732578239769102 -0.1037759698819982 0.5000000000000000
0.4534950183043233 -0.1910574121547524 0.5000000000000000
0.3079237179113216 0.5000000000000000 0.0252395088795116
0.1952070473829017 0.5000000000000000 0.1522675097641587
0.3249833748923882 0.5000000000000000 0.1191077502431385
0.5000000000000000 0.4669725928657766 0.2061966481130461
0.3889056955529753 0.4399258800402281 0.5000000000000000
0.3134395850964770 0.5000000000000000 0.1838362396806635
0.2883144436141037 0.5000000000000000 0.1054090315653001
0.5000000000000000 0.4779235989889449 0.3604271441866593
0.3570659546606686 0.5000000000000000 0.1016112269398311
0.3314667571819472 0.5000000000000000 0.0970294189405688
0.5000000000000000 0.2920905284833458 0.4206663065756847
0.5000000000000000 0.2628344599701863 0.4026885302033629
0.5000000000000000 0.3144366288681102 0.4381622769686437
0.5000000000000000 0.2797819738919159 0.3742454617047943
0.5000000000000000 0.2616566960776429 0.3041103201131053
0.0983913923227463 -0.5000000000000000 -0.1119089574286699
-0.0042291094580128 -0.5000000000000000 0.1761253242817627
-0.0134468606408987 -0.5000000000000000 -0.2106834433388817
-0.0020763449528807 -0.5000000000000000 -0.1171402941949529
0.0510416863710413 -0.5000000000000000 0.0412540677479107
0.0766826724384376 -0.5000000000000000 0.0089056830147795
0.0369304935370557 -0.5000000000000000 -0.0509038955456430
-0.0442530007332968 -0.5000000000000000 -0.0822625170098872
0.0377768314697051 -0.5000000000000000 -0.1372085544216693
-0.2688545507625164 0.2937665978098848 -0.5000000000000000
-0.2566124486903143 0.2135506932129210 -0.5000000000000000
-0.1785769038572097 0.2529679361337913 -0.5000000000000000
-0.2258250630153795 0.3205848706928491 -0.5000000000000000
-0.1878141979444377 0.2403868571908580 -0.5000000000000000
-0.0447184657799054 0.1075047381970133 0.5000000000000000
-0.0047615286677542 0.1261854905507636 0.5000000000000000
-0.0207612988156409 0.0639605712783055 0.5000000000000000
-0.0477726301058144 0.1359068823509794 0.5000000000000000
0.0121124687060593 -0.3909431065736967 0.5000000000000000
0.0135142008684837 -0.4015421522715776 0.5000000000000000
0.0320603114252737 -0.3903977016233916 0.5000000000000000
0.0131534754751507 -0.3975912164885648 0.5000000000000000
0.4816139058846877 -0.0964164508352358 0.5000000000000000
0.1866814029224999 0.5000000000000000 -0.2660641505661935
0.0821143204156279 0.5000000000000000 -0.4588456181759911
-0.3766090299274100 -0.5000000000000000 0.4704332011270934
-0.4293183997714334 0.5000000000000000 0.1724031983736689
-0.5000000000000000 0.3783435415970012 -0.1465896940766407
-0.3542296232957028 0.5000000000000000 0.0555238998994311
-0.5000000000000000 0.4532670557937217 -0.0419427306120991
-0.4309025274962013 0.5000000000000000 -0.1352153888235699
-0.5000000000000000 0.4540117314598597 -0.3114732515111949
0.3600317913519104 -0.2318545998253307 -0.5000000000000000
0.3487475381426158 -0.2498885563855755 -0.5000000000000000
0.3415137353532084 -0.2724493721709290 -0.5000000000000000
0.3516988793350869 -0.2495788044947764 -0.5000000000000000
0.3379545694932924 -0.2365961774781465 -0.5000000000000000
0.3919290403918325 -0.3189328690769580 -0.5000000000000000
0.2987555074822006 0.5000000000000000 -0.1394821262677754
-0.5000000000000000 0.3961976914189707 0.3643530095129623
-0.3191137903019532 0.3768308854093986 0.5000000000000000
-0.3539366463348473 0.3467282325939115 0.5000000000000000
-0.3500139060427409 0.3878559935513169 0.5000000000000000
-0.5000000000000000 0.3594250130647622 0.3619080651990919
0.5000000000000000 0.1479121139602678 -0.1225925529518069
0.5000000000000000 0.0371691860428865 -0.3084750467699587
0.5000000000000000 0.1279297813978096 -0.1839910707031859
0.5000000000000000 0.0643978540126291 -0.3029199660264685
0.5000000000000000 0.0855135608321182 -0.1120221575368534
-0.3824971115833695 -0.5000000000000000 -0.3885076223807672
0.1327746702437609 -0.4411046389922783 -0.5000000000000000
0.1303346631226507 -0.4822485757896056 -0.5000000000000000
0.1357896788806238 -0.4821488866076700 -0.5000000000000000
0.1239415984633629 -0.4802833532801847 -0.5000000000000000
0.1541285778481508 -0.4706895786887560 -0.5000000000000000
0.1216088124319905 -0.3974507503528538 -0.5000000000000000
0.0973106466772535 -0.3869200362475463 -0.5000000000000000
0.0995226755577589 -0.3996129161685540 -0.5000000000000000
0.1089723300956515 -0.3538098994469270 -0.5000000000000000
0.0502745820991470 -0.4019146886793332 -0.5000000000000000
0.1091809429273158 -0.3879969262475067 -0.5000000000000000
0.0937515967143818 -0.3925045206424035 -0.5000000000000000
-0.3160877322302594 0.3144555363697406 -0.5000000000000000
0.5000000000000000 -0.1575578701984510 0.0590220312217408
0.5000000000000000 -0.1085293963318806 0.0263166460976655
0.5000000000000000 -0.2014939868503222 0.0235479399136018
-0.1556338783108830 -0.3909453366691796 0.5000000000000000
-0.3220529328006781 -0.0798170089979280 0.5000000000000000
-0.3363248701567580 0.0440664755831035 0.5000000000000000
-0.3470509270694181 -0.0836508790609126 0.5000000000000000
0.2498560536965587 0.0780830469814698 0.5000000000000000
0.3560855396076487 0.1580367370937307 0.5000000000000000
0.2393911944551788 0.1644679401515799 0.5000000000000000
0.2237071285558772 -0.0390895283985161 -0.5000000000000000
0.3877890114330282 0.2614759847289430 0.5000000000000000
0.5000000000000000 0.3472856654098559 0.3609497484170239
0.5000000000000000 0.3389104956060919 0.4289710191370393
0.5000000000000000 0.4429741555774713 0.2429633591577210
0.4006339451577985 0.4171368164761462 0.5000000000000000
0.4655966207699498 0.2832973844157057 0.5000000000000000
-0.2112733409711727 -0.5000000000000000 -0.2228676417756488
-0.3642175532416952 -0.5000000000000000 -0.2038652577936449
-0.0481650924418079 -0.3905213279950369 0.5000000000000000
-0.5000000000000000 0.2202835871236934 -0.0816538580175168
-0.5000000000000000 0.2772075437996245 -0.2522615880449094
-0.5000000000000000 0.3132772894565684 -0.0927455231997775
-0.5000000000000000 0.2898355768076290 0.0391481693176359
0.5000000000000000 -0.3974773941039302 -0.2168845446075368
0.5000000000000000 -0.4449541165372020 0.1585948192224089
0.5000000000000000 -0.4842435811396443 -0.0901165328775377
-0.3595464514723806 -0.1112442560862252 -0.5000000000000000
-0.2629921835221995 -0.0571240872287010 -0.5000000000000000
0.2510329963712738 0.2799733499228301 -0.5000000000000000
0.5000000000000000 -0.4051538705545412 -0.3071667390628361
0.0562447267034238 0.5000000000000000 0.0781455815776639
0.5000000000000000 0.3605826010921969 0.2926164388382804
0.5000000000000000 0.4579850407032544 0.2092351961971998
0.3885134828483057 0.4314575395000426 0.5000000000000000
-0.5000000000000000 -0.2813701688178979 -0.1808959128995109
-0.5000000000000000 -0.2319853605205318 -0.3191279313044866
0.1460111470943129 0.5000000000000000 0.1559035286966067
0.1628696602787607 0.5000000000000000 0.2003573008793255
0.1663441247802044 0.5000000000000000 0.1665053597408046
0.1650663864690257 0.5000000000000000 0.1791809304385744
0.1535864656070558 0.5000000000000000 0.1520288348096785
0.2458589413436685 -0.2801252846909526 0.5000000000000000
0.2170497765117938 -0.1919002955579546 0.5000000000000000
-0.4878004831727489 0.3579223951751090 -0.5000000000000000
-0.4701612968584665 0.4419727242437039 -0.5000000000000000
-0.4807283635085045 -0.2763775384208338 -0.5000000000000000
-0.2932948932244419 -0.1171080326934652 0.5000000000000000
-0.2869379671227108 -0.1936819859043263 0.5000000000000000
-0.2663807289079368 -0.1006974889858718 0.5000000000000000
-0.4158635387733087 0.5000000000000000 -0.4048961751343986
-0.3422184432956513 0.5000000000000000 -0.2542014465618925
-0.3675940993055580 0.5000000000000000 -0.2320042086280850
-0.3429416867645143 0.5000000000000000 -0.1503086116672699
-0.4107080100491287 0.5000000000000000 -0.1686979425232972
-0.5000000000000000 0.4703210360354261 -0.3811209841791467
0.5000000000000000 -0.0201892148652950 -0.4787519099869932
0.4988935555644186 -0.0039181281337406 -0.5000000000000000
-0.4116405555222507 -0.5000000000000000 0.3021425703005086
-0.4486473482850097 -0.5000000000000000 0.0269003307237386
-0.4819807251788754 -0.5000000000000000 0.0192513954367964
-0.1469871157736786 -0.3566706476054882 0.5000000000000000
-0.3913905817579297 -0.2192361238459322 -0.5000000000000000
-0.4581219100125427 -0.2867364966830654 -0.4924016425486959
-0.4163878443462375 -0.2129146108707956 -0.5000000000000000
-0.4106141118819501 -0.2208834150182684 -0.5000000000000000
-0.3857457561026988 -0.2553813290000943 -0.5000000000000000
-0.2889759061257692 -0.2960458455550765 -0.5000000000000000
-0.5000000000000000 0.4006003331920545 -0.2716049013639980
-0.5000000000000000 0.3568885548240535 -0.4699554219387028
-0.5000000000000000 0.2792106693011730 -0.2984908579400253
-0.3768359882924264 -0.5000000000000000 -0.1747589422888043
-0.1923923450916001 -0.3838152410777718 0.5000000000000000
-0.3095461307080176 -0.5000000000000000 0.1885313882529188
-0.3054440254345730 -0.5000000000000000 0.1650383062015042
0.4889142451451384 0.0025515665986099 -0.3811732760017518
-0.5000000000000000 -0.3749968342108687 -0.1359507695262319
-0.5000000000000000 -0.3013480950049575 -0.1882548795801807
-0.5000000000000000 -0.2752423797746746 -0.1591499361349774
-0.5000000000000000 -0.2521461223111965 -0.0474880903993253
-0.5000000000000000 -0.2808370348360488 -0.3457522484743386
-0.5000000000000000 -0.2723305472015371 -0.1329384136788187
-0.5000000000000000 -0.2747287805494393 -0.1102615941638101
-0.5000000000000000 -0.4116890423938199 -0.0860405637170309
0.5000000000000000 0.3331263452795859 -0.4148979594925175
-0.3394131137552893 0.5000000000000000 0.0926487998088237
-0.2358065253005973 0.5000000000000000 0.4747473403814232
-0.2142246780992247 0.3977089770066559 0.5000000000000000
-0.5000000000000000 0.1648907858473966 -0.0448666075677195
-0.5000000000000000 -0.0429857022958132 0.2766320220556924
-0.3560882564341582 0.1043991052320373 0.5000000000000000
-0.5000000000000000 0.0626700663587813 0.1261186518710777
-0.5000000000000000 0.0743678461936218 0.1355431672505334
-0.5000000000000000 0.0323795784408675 -0.0153446453399742
-0.5000000000000000 0.1901943953267684 0.1255610512429860
0.1934035645527208 0.4947753942932223 -0.2429672140336020
-0.4185722422251742 0.5000000000000000 0.2151852294774689
0.3372728593244849 -0.2171945458603964 -0.5000000000000000
0.1851531444633113 -0.2071111579213679 -0.5000000000000000
0.2542214142112774 -0.2934307701510949 -0.5000000000000000
0.2167165890189512 -0.0832382528774064 -0.5000000000000000
0.2346851015782498 -0.2011882838928652 -0.5000000000000000
-0.4122080180636909 -0.1143663232721819 -0.5000000000000000
-0.0582429198625956 -0.0843824589427725 -0.5000000000000000
0.0313664831749943 -0.0410145568975398 -0.5000000000000000
-0.4880941449457515 -0.0782855255418707 0.5000000000000000
0.5000000000000000 0.1463203035096401 0.4463231488436498
0.5000000000000000 -0.0660014904499832 0.4980936330634861
0.1611207930093402 -0.5000000000000000 -0.1187211929845044
0.3624933352447751 -0.5000000000000000 0.2955996233892117
0.2003151307559769 -0.5000000000000000 -0.1662283446347832
0.2918503699152041 -0.5000000000000000 -0.0510722644709034
0.2399997260968629 -0.5000000000000000 0.0442042165652504
0.5000000000000000 -0.1237740491911506 0.3367258975967924
0.1411603152595685 -0.5000000000000000 -0.1185385864348010
0.0998807121377240 -0.5000000000000000 -0.2044635255455260
0.1276400115025086 -0.5000000000000000 -0.0560979138873189
0.3679458427825728 -0.4308001289217685 0.5000000000000000
0.3243272631955283 -0.3948954471449279 0.5000000000000000
0.1145507501347527 -0.1748472991681621 -0.5000000000000000
0.2034208034265717 -0.0457423603561658 -0.5000000000000000
0.3082089570615792 -0.3958528330411951 0.5000000000000000
0.4021541821983744 -0.4575292422475152 0.5000000000000000
0.5000000000000000 -0.4358343377824495 0.2148760045399430
0.3868772073053330 -0.5000000000000000 0.3985654213200198
0.3958684412724726 -0.3873224317297606 0.5000000000000000
0.5000000000000000 -0.4360247190427653 0.4909552360937127
0.3236531244871514 -0.4600379347964217 0.5000000000000000
0.3438808774242139 -0.5000000000000000 0.3173056577889251
0.3855369619813868 -0.5000000000000000 0.2996038299874645
-0.4821856559177452 0.3527057045984313 -0.5000000000000000
-0.0086268971282530 -0.2648529933922723 -0.5000000000000000
0.0605132544241771 -0.2097653677614607 -0.5000000000000000
-0.0285818735643078 -0.2263074061480831 -0.5000000000000000
-0.0794505192051823 0.1932694042150363 -0.5000000000000000
-0.0971652222547519 0.1714727506475431 -0.5000000000000000
-0.1385707766806827 -0.0389368754361279 -0.5000000000000000
-0.1278813885083242 -0.1248763999619606 -0.5000000000000000
-0.1571590243743968 -0.0785499701882117 -0.5000000000000000
-0.1629459245348704 -0.0538451452527493 -0.5000000000000000
-0.0784778388771514 -0.0865421641855028 -0.5000000000000000
0.4303222518650295 0.1542130453471372 0.5000000000000000
0.4670486442286787 0.2515627982029853 0.5000000000000000
0.5000000000000000 0.1613798011363686 0.3202809428989491
-0.2340934713405920 -0.5000000000000000 -0.2521147601439747
-0.1730875340500023 -0.5000000000000000 -0.3183778151951657
-0.1762101797163824 -0.5000000000000000 -0.2673661157772771
-0.1780702909451786 -0.5000000000000000 -0.2207220681135376
-0.2011341143761174 -0.5000000000000000 -0.2885071907037984
-0.1060203834924539 0.5000000000000000 0.3595902290134839
-0.1973873386462616 0.5000000000000000 0.0180689923409778
-0.0232326322161210 -0.0688199404453576 0.5000000000000000
0.1248365561938442 -0.0555620343339136 0.5000000000000000
0.5000000000000000 0.1721610523574931 -0.0546060668694837
0.5000000000000000 0.1775368230954712 -0.1385061834798213
0.5000000000000000 0.2077066907435423 -0.0266437382984531
-0.4690543544244885 -0.5000000000000000 -0.1717105088653975
-0.4415212863593714 -0.5000000000000000 -0.0997346813966265
-0.4777868398054689 -0.5000000000000000 -0.1310139595469014
-0.1568090108589197 0.4892409363977643 -0.5000000000000000
-0.1596191819897012 0.4756736218767712 -0.5000000000000000
0.5000000000000000 -0.1850719977645034 -0.0265075656721319
0.5000000000000000 -0.2374120804154043 -0.2909259052462332
0.3806922909112160 -0.2157275905566335 -0.5000000000000000
0.5000000000000000 -0.2404577837196357 -0.0738091776283950
-0.5000000000000000 -0.1080313884471302 0.3106712325288890
-0.5000000000000000 -0.0800751987670181 0.1913023100517418
0.1416676323233061 -0.2106183720400384 -0.5000000000000000
-0.5000000000000000 -0.1898208877419201 -0.2284085380932597
-0.5000000000000000 -0.1794779875434414 -0.2357953410555336
-0.5000000000000000 -0.1909072110521468 -0.2088251040457309
-0.5000000000000000 -0.1636506880240707 -0.1922957011483696
-0.5000000000000000 -0.1709565935966148 -0.2355397301437306
-0.5000000000000000 -0.1215873184562329 -0.0879433527829764
-0.5000000000000000 -0.1785640605226589 -0.2184532020588917
-0.5000000000000000 0.1426859759771245 -0.0031668593576584
0.3289352267282865 0.2449979553552826 0.5000000000000000
0.3658252335401077 0.1880540837557022 0.5000000000000000
0.3463639944034851 0.2134502553142507 0.5000000000000000
0.2896311091641545 0.1975856474778484 0.5000000000000000
0.3681061391992912 -0.2486843998169914 0.5000000000000000
0.2949422472406218 -0.1166580814976455 0.5000000000000000
0.3266846720570482 -0.1087449400440651 0.5000000000000000
0.3447765508348992 -0.1707812565158449 0.5000000000000000
0.2822498413216588 -0.0675711750234215 0.5000000000000000
-0.3569148073424112 -0.4350214155277141 0.5000000000000000
-0.5000000000000000 -0.4864772476011245 0.2461850091308339
-0.4082132321611392 -0.4019793496672034 0.5000000000000000
-0.5000000000000000 -0.4487432188432787 0.1343584778892000
-0.2892443929409334 -0.4147374711969770 0.5000000000000000
-0.5000000000000000 -0.2834915789856186 0.1397361230885333
-0.3263049124200531 -0.5000000000000000 0.3665424644435278
-0.3376487792680705 -0.4548860558414679 0.5000000000000000
-0.3451622608860154 -0.4174497568577504 0.5000000000000000
-0.3468924788192816 0.5000000000000000 0.0939163598008435
-0.2533489305237023 0.5000000000000000 0.4554732812104091
-0.3022652278008046 0.4463616514510745 0.5000000000000000
-0.4194881386691901 0.5000000000000000 0.3649308478441906
-0.3597409398768316 0.4304958131193168 0.5000000000000000
-0.4229416492608004 -0.5000000000000000 -0.2151181126756598
-0.5000000000000000 -0.4068585668491477 -0.1091450091328694
-0.5000000000000000 -0.3397060372571588 0.0003914656045966
-0.5000000000000000 -0.4223685876624318 -0.1407061761370262
-0.5000000000000000 -0.4601904487338635 -0.1715303462752693
-0.5000000000000000 -0.4025100765048595 -0.1462102129466161
-0.5000000000000000 -0.4308025376284136 -0.1080188971544993
-0.5000000000000000 -0.4237273427659063 -0.1189824766197322
-0.5000000000000000 -0.4333343481981693 -0.1967907924504009
-0.5000000000000000 -0.4374059109519876 -0.2845501570268015
0.1535742644880163 -0.2122292174941335 -0.5000000000000000
0.1809029855100713 -0.5000000000000000 -0.2526606466640559
0.1062271004607901 -0.5000000000000000 -0.2624926393444306
0.1644364157498450 -0.5000000000000000 -0.2686429805993491
0.1270680315621938 -0.5000000000000000 -0.3899869948372396
-0.3920423167329606 -0.5000000000000000 -0.2426895212051298
-0.5000000000000000 -0.3310258944477106 -0.2607710681025869
-0.4138751402813451 -0.3938037544866361 -0.5000000000000000
-0.5000000000000000 -0.4390546333151168 -0.4947572803368299
0.0017668064055437 0.4751753905408664 -0.5000000000000000
0.0295595276011174 0.1234974076580929 0.5000000000000000
0.0003064166330510 0.0424871888576726 0.5000000000000000
0.1367190892538208 0.1084415015014893 0.5000000000000000
-0.2310121750952694 -0.1179131202217117 0.5000000000000000
-0.3218817222264097 -0.1180871037896605 0.5000000000000000
0.2989766339398965 0.0309162178661302 -0.5000000000000000
-0.4036180831435526 0.2680612643279997 -0.5000000000000000
-0.3486139000755806 0.3489380614902469 -0.5000000000000000
0.3082265085419467 -0.3060506705360450 0.5000000000000000
0.4113533697612626 -0.2883595622239941 0.5000000000000000
0.3599613194665378 -0.2905165617868432 0.5000000000000000
0.5000000000000000 -0.3732549077123100 -0.3016408266434498
-0.2381721447053887 0.2396098425025656 0.5000000000000000
-0.2807108741237958 0.2175470285410694 0.5000000000000000
-0.3777167243219122 0.2027362274712127 0.5000000000000000
-0.1123357792353817 -0.3219366617889779 -0.5000000000000000
-0.1256984378173597 -0.2962377250467890 -0.5000000000000000
-0.1157234254624744 -0.3776065068140556 -0.5000000000000000
-0.1506331684323099 -0.3202563533912823 -0.5000000000000000
-0.4607853899265819 -0.5000000000000000 -0.0763802163391797
-0.5000000000000000 -0.4832969379775311 -0.0916255216650481
-0.2717047445576328 0.3906715851291573 0.5000000000000000
-0.3625640721143583 -0.1207750916515236 -0.5000000000000000
0.2165408511372654 0.5000000000000000 -0.2481079492951886
0.3733955890465668 0.5000000000000000 -0.1899557848767476
0.4080108964092631 0.5000000000000000 -0.3348486438832606
-0.0713237455938006 -0.0030263245059976 0.5000000000000000
-0.0968400961674058 0.0196884027350441 0.5000000000000000
-0.3739314713333980 -0.5000000000000000 -0.1999766573760753
-0.4140588443201300 -0.5000000000000000 -0.1611559694556273
0.2960631504444711 -0.5000000000000000 -0.1290855293802841
-0.5000000000000000 0.3788816708217456 -0.2071409369778860
-0.5000000000000000 0.3515851218248788 -0.3793390242876914
-0.5000000000000000 0.2910495100107244 -0.2494285138336714
0.1953668312246314 -0.3486161844373903 0.5000000000000000
0.1399357316379740 -0.2073585128643066 0.5000000000000000
0.2443555701230639 -0.3365888959793694 0.5000000000000000
0.3172604313672348 -0.3202744182142275 0.5000000000000000
0.2811715194425404 -0.2497570895218355 0.5000000000000000
0.2013011774577021 -0.2477788908690066 0.5000000000000000
0.0550024929185418 -0.4903271390854790 -0.5000000000000000
-0.0703248300729659 -0.4663739494293925 -0.5000000000000000
0.4436456698428944 0.0457738824143958 -0.5000000000000000
-0.2339980947703079 -0.4409436914819683 -0.5000000000000000
-0.2744734339230593 -0.4535332157226891 -0.5000000000000000
-0.3007708823359735 -0.3637943201975432 -0.5000000000000000
-0.2126981331149725 -0.3692814807211365 -0.5000000000000000
0.1101525417044501 -0.3746625571742718 0.5000000000000000
0.1815014334056107 -0.3986189782100028 0.5000000000000000
-0.5000000000000000 -0.2001351200142732 -0.3153069315589274
0.4461348371728037 0.1797423487810016 -0.5000000000000000
0.0729394157696912 0.3835907489251943 -0.5000000000000000
0.0191400676071462 0.3248831787767932 -0.5000000000000000
0.0560561386328211 0.4608328146935430 -0.5000000000000000
0.0287145854926041 0.3943601018568476 -0.5000000000000000
0.3250789924630065 0.0928326934427576 -0.5000000000000000
0.1183159728643287 0.0742922143127485 -0.5000000000000000
0.2168312068161391 -0.0342120104179094 -0.5000000000000000
-0.4788678895749695 0.3654539573225813 -0.5000000000000000
-0.4563296388670930 0.4541157881567890 -0.5000000000000000
-0.0095095737548368 0.3774488970289999 -0.5000000000000000
0.0775159857439565 0.3528713815948846 -0.5000000000000000
0.5000000000000000 -0.2029485487271624 0.0619715268150550
0.5000000000000000 -0.2261686297213172 0.0483429665198454
0.5000000000000000 -0.1418387691855826 0.2373401889906362
0.5000000000000000 -0.1875703624751349 0.1200538028858422
0.5000000000000000 -0.1735874272113822 0.0286771493473532
0.1419630880553464 -0.1816242667757495 0.5000000000000000
0.2083635675949532 -0.1539110225199372 0.5000000000000000
0.2467123384157723 -0.1823316289984885 0.5000000000000000
0.1892903301127657 -0.1834524284423136 0.5000000000000000
0.0107248052490987 -0.2498765360734481 0.5000000000000000
-0.0367081971102003 -0.1156779709463803 0.5000000000000000
-0.0295876652976178 -0.1814597146788970 0.5000000000000000
0.0318400566717194 0.1283492995372110 0.5000000000000000
-0.0123846360771851 0.1593243101959196 0.5000000000000000
-0.5000000000000000 -0.2266231528910211 -0.2936033551859708
0.5000000000000000 0.3766475195407312 0.2421524480898785
0.5000000000000000 0.3768340036322397 0.4101354866487256
0.5000000000000000 0.2741029937174232 0.1483980718669636
-0.0092288829611028 -0.5000000000000000 0.2567053247432539
0.0306990627767671 -0.5000000000000000 0.2600906818658982
0.0620477701893047 -0.5000000000000000 0.3388056143939303
0.4881411472283717 -0.3271096807455708 -0.5000000000000000
0.5000000000000000 -0.3693176391973748 -0.3308057755762668
0.5000000000000000 -0.3917057648876688 -0.2417191254241630
0.4089390004608836 -0.3864050454995486 -0.5000000000000000
0.5000000000000000 -0.4050005464940738 -0.2939138902400814
0.5000000000000000 -0.3551477440780853 -0.3019729529405969
0.4281549205829446 -0.5000000000000000 -0.4496860182747244
0.4276537414825003 -0.3217816660858344 -0.5000000000000000
0.4699756268947295 -0.4260038760719611 -0.5000000000000000
0.5000000000000000 -0.4099888141043748 0.1661828383427951
-0.5000000000000000 0.1024331228703975 -0.3600134359659442
0.0047223204906162 0.4832743129844639 0.5000000000000000
0.1092144506729607 0.4707899928458109 0.5000000000000000
-0.0377173015126577 0.4589911377369482 0.5000000000000000
-0.3405881910554146 0.5000000000000000 0.0706391793943508
-0.2095790763005678 0.5000000000000000 -0.4131849215264509
-0.1938657327405408 0.5000000000000000 -0.4594904241665225
-0.1718280265888718 0.5000000000000000 -0.4495775736631650
-0.1775974826935849 0.5000000000000000 -0.4575922341789113
-0.4298200848720237 0.4647807998179656 -0.5000000000000000
0.5000000000000000 -0.0831388953396103 0.4422392581634548
0.5000000000000000 -0.1130508054989897 0.3253673278331533
-0.5000000000000000 -0.0523040150701058 0.0697383665235945
-0.5000000000000000 0.0999205276984439 0.0352913305816598
-0.5000000000000000 -0.0257175090488182 0.0844978896117359
0.0810758293405554 0.1467945467202654 0.5000000000000000
0.0494241228566692 0.1881825046469917 0.5000000000000000
0.0976384959338775 0.1968853048339815 0.5000000000000000
0.0885657636237113 0.2642251461747106 0.5000000000000000
0.1325848683860265 0.1204709665148557 0.5000000000000000
0.1033678204064867 -0.2068571727481856 0.5000000000000000
0.1260981840606757 -0.1848892131055142 0.5000000000000000
0.0997632160119448 -0.2799285448372376 0.5000000000000000
0.1364579388064634 -0.1568053843639666 0.5000000000000000
0.1030388398661969 -0.1863254809258609 0.5000000000000000
-0.0029594231626016 -0.3157941559758267 0.5000000000000000
-0.0207472766583730 -0.3704930161417868 0.5000000000000000
0.2705431041698866 -0.3680906434867708 0.5000000000000000
0.2591623482213239 -0.3591323704039613 0.5000000000000000
0.2116784187368325 -0.3901822044172501 0.5000000000000000
-0.2188946416728512 0.2841460183742422 0.5000000000000000
-0.1609721346975426 0.2926011613602795 0.5000000000000000
-0.2677786071261251 0.3831764332600249 0.5000000000000000
0.2136115420713950 -0.5000000000000000 0.0568437801910418
0.0105583979573502 0.5000000000000000 0.0951439434805441
0.0604799646530351 0.5000000000000000 0.1825275257133604
0.0302021990192913 0.5000000000000000 0.0177547151664738
0.0438875979393224 0.5000000000000000 0.1103897296710850
-0.5000000000000000 0.3274594222072408 0.3290685436044348
-0.4139371472740934 0.2755213022655774 -0.5000000000000000
-0.5000000000000000 0.2067159841727153 -0.4966308139064017
-0.4476798910212645 0.2782580891688770 -0.5000000000000000
-0.0605610630877976 0.5000000000000000 0.0750208609283709
-0.0147855809430465 0.5000000000000000 0.2588844134879477
-0.0136595310447998 0.5000000000000000 -0.0347085820353573
0.0524389559491839 0.4167470288128515 0.5000000000000000
0.1330068791107130 0.4302078969475207 0.5000000000000000
0.2700914191610033 0.0779398369420458 0.5000000000000000
0.3717239967432426 0.1592902525370993 0.5000000000000000
-0.4639353878616318 -0.2654016998455517 -0.5000000000000000
-0.4663167354694648 -0.1095684479484192 -0.5000000000000000
-0.0191645481265505 0.0235389225080258 0.5000000000000000
-0.0279026180712060 0.0285538498494065 0.5000000000000000
0.0199558958232307 0.0215369472108308 0.5000000000000000
-0.4308028452001558 0.5000000000000000 -0.1474712443559238
-0.5000000000000000 0.4548571524712590 -0.3463448372081421
0.0046196641077410 0.2240515920916852 0.5000000000000000
0.0449332992439054 0.2480187585181744 0.5000000000000000
0.0399530423305271 0.3612101421333120 0.5000000000000000
0.0500928437852843 0.3093716845085809 0.5000000000000000
-0.0744208177690511 0.4277278245986322 0.5000000000000000
0.5000000000000000 0.0127222190184549 -0.3628074293820192
0.5000000000000000 0.0080015988573706 -0.3405988436339257
0.4756329873774661 -0.0177395140684738 -0.5000000000000000
0.5000000000000000 -0.0137190935824640 -0.3752486978209614
0.3682360372248049 0.0146469379716698 -0.5000000000000000
0.4127371382092782 0.0103249223041925 -0.5000000000000000
0.4577804040381429 -0.0299954204419461 -0.5000000000000000
0.5000000000000000 -0.0083079544247105 -0.3305420028787305
0.5000000000000000 0.0416908745649016 -0.3709490093728863
0.5000000000000000 0.0581398923726586 -0.1240680630974991
-0.3157818672237886 0.5000000000000000 -0.2458119109842631
-0.3164080591069113 0.5000000000000000 -0.1270005844527544
-0.3039209789924420 0.4725970655492085 -0.5000000000000000
-0.0198520268659356 -0.5000000000000000 0.1967241305176581
-0.0569979450724023 -0.5000000000000000 -0.2637407017428560
-0.0479402534918611 -0.5000000000000000 -0.1479644595824512
-0.0869490217096636 -0.5000000000000000 -0.0966049949162499
-0.5000000000000000 -0.4538366038871015 0.0294098153847104
-0.5000000000000000 -0.4091330151267210 0.0665438341290371
-0.5000000000000000 -0.4474293915151201 -0.0290179173304394
0.5000000000000000 -0.3937239585728070 -0.2256677871705832
0.5000000000000000 -0.4279700105523724 0.1677345388287016
0.2385928849879954 -0.4477607181285262 -0.5000000000000000
0.3878788482537671 -0.5000000000000000 -0.0292667082649649
-0.0033149504378707 0.2871955927938322 -0.5000000000000000
-0.0172176271201826 0.3427000639908085 -0.5000000000000000
0.0195319302315204 0.3081597510979158 -0.5000000000000000
-0.3481703674183601 0.5000000000000000 0.0475661775788599
-0.3178175756547786 0.5000000000000000 0.1071395803830384
-0.3247948324038288 0.5000000000000000 0.0548193491996388
-0.2569646628763237 0.3011606189828147 0.5000000000000000
-0.2796166817423985 0.3885172181565325 0.5000000000000000
0.0713677107191894 0.5000000000000000 0.3091056376761415
0.1181038401000569 0.5000000000000000 0.4624078997467417
0.1441160309832764 0.5000000000000000 0.4576864354027984
0.1594850329180232 0.4786395960338911 0.5000000000000000
0.1631452861470477 0.5000000000000000 0.4781701510612656
0.1819432377826541 0.4475322708769903 0.5000000000000000
0.1555955299892498 0.4444493436921856 0.5000000000000000
-0.1545875750681917 -0.1490958367163230 0.5000000000000000
-0.1465622228110038 -0.2098897329903922 0.5000000000000000
-0.2614551726791377 0.1882172072837020 -0.5000000000000000
0.3834048282665483 0.4294541603660388 0.5000000000000000
-0.1944024084604826 0.2322758450196437 0.5000000000000000
-0.1544597040962606 0.2411745585728707 0.5000000000000000
-0.1588308798938853 0.2010073031127298 0.5000000000000000
-0.0660378203444142 0.5000000000000000 0.2599323628318305
-0.1392004355853484 0.5000000000000000 0.0325787891540600
-0.2845217099482793 -0.2161280869695706 0.5000000000000000
-0.2523786493904521 -0.1907455364367715 0.5000000000000000
-0.2732435760990042 -0.2242083908436958 0.5000000000000000
-0.2418511908571601 -0.2488835779456859 0.5000000000000000
-0.3032397949833525 -0.1907282588987415 0.5000000000000000
0.2596524998934894 -0.0007325390153250 0.5000000000000000
0.2374292532002609 0.0117732027997013 0.5000000000000000
0.1898433444145805 0.0680119388136398 0.5000000000000000
0.0650387578969282 -0.4503517827522439 -0.5000000000000000
0.0809653426937293 -0.5000000000000000 -0.3138894454748586
0.1054328349247244 -0.5000000000000000 -0.4325691017795099
0.5000000000000000 0.0489131817206779 -0.0672692075766268
-0.1893224903093683 -0.3688835027890165 0.5000000000000000
-0.3399696430132868 0.5000000000000000 -0.0579880879590464
-0.4232333716749795 0.5000000000000000 -0.1438539311983730
-0.0252900777770083 0.5000000000000000 0.4555042566961742
-0.2083276436221288 0.5000000000000000 0.4737708274985267
-0.0692466367465742 0.4199599607299659 0.5000000000000000
-0.2294801564983291 0.5000000000000000 0.1688214332170760
-0.0219218701148444 0.4269141650571973 0.5000000000000000
-0.0258827743727537 0.4124779391876695 0.5000000000000000
-0.1373916025795806 0.4159575914028186 0.5000000000000000
0.4444904112833361 -0.0969345051822540 0.5000000000000000
0.4932873091683686 -0.1003012925185101 0.5000000000000000
0.4612749092991280 -0.0443763299366748 0.5000000000000000
0.4880513862261318 -0.1305635272465678 0.5000000000000000
0.5000000000000000 -0.1292612402114862 0.4886884832739662
0.4375683761319052 -0.1322808820676968 0.5000000000000000
0.3750158768402244 0.4236388194858269 0.5000000000000000
0.2512126834792573 0.3695948376916345 0.5000000000000000
0.2835109676340009 0.2607378108003339 0.5000000000000000
-0.5000000000000000 0.1445253805472169 -0.0164432026137221
0.4737856809309706 0.0069629718832224 -0.5000000000000000
-0.5000000000000000 0.1203132811397518 0.0145860012343779
-0.5000000000000000 0.0103908488776881 -0.0820327582157012
-0.5000000000000000 0.0651197298022631 -0.0654606891286709
-0.5000000000000000 0.0517764200819057 -0.1759296267735603
-0.5000000000000000 0.0480444757943577 -0.0907438910199184
-0.5000000000000000 -0.0110895041607963 -0.0744300407524602
-0.5000000000000000 -0.0299388983068317 -0.0017986804991749
-0.1414002542623106 -0.1167307636144756 0.5000000000000000
0.5000000000000000 -0.3930981867314528 -0.2300810935819751
0.5000000000000000 -0.3877291050095841 -0.2157676348561537
0.5000000000000000 -0.3918788629537348 -0.2345334731704163
0.5000000000000000 -0.3783627685337290 -0.1617053319696098
-0.2821663886137449 0.2382054272443443 0.5000000000000000
-0.3105823071148370 0.2778359869963784 0.5000000000000000
-0.2130769304743687 0.3587400966803902 0.5000000000000000
0.3427256237569282 -0.3885732744871360 -0.5000000000000000
-0.0295342253158660 -0.1065304420004676 -0.5000000000000000
0.0828910891928566 -0.1268831361161924 -0.5000000000000000
-0.1434093422585115 0.0026059254034203 0.5000000000000000
-0.1510584390946333 -0.0924672809392089 0.5000000000000000
-0.1614740193318261 -0.0151833788879879 0.5000000000000000
0.5000000000000000 0.3725768485797611 0.4629588790303084
-0.0298506289599888 0.1924751373153256 0.5000000000000000
-0.2535184559498012 0.2005035813451758 -0.5000000000000000
-0.2464810222120976 0.1719390144170918 -0.5000000000000000
-0.2634155131408829 0.1788208593793981 -0.5000000000000000
-0.2636084194999707 0.1931965793330650 -0.5000000000000000
0.3397348611193576 0.2034787789031085 -0.5000000000000000
0.1160746197451079 0.1056177788339461 -0.5000000000000000
0.1559186689417362 0.3756964575146962 -0.4915451190327769
0.2177390053520603 0.2868635296754410 -0.5000000000000000
0.2589903746817424 0.2967653491454304 -0.5000000000000000
-0.0809062061970051 -0.4966674134393275 -0.5000000000000000
0.0649607062779059 -0.3666513581754497 0.5000000000000000
-0.1154119783691877 -0.3162857591712183 0.5000000000000000
-0.0525533038769715 -0.2719525205774190 0.5000000000000000
-0.5000000000000000 -0.2522518974063401 0.1038847106062901
-0.5000000000000000 -0.2220977144596366 0.0357512554560632
-0.5000000000000000 -0.2021458497089394 0.2455682816129556
-0.3378801405791271 -0.2871757474085426 0.5000000000000000
-0.5000000000000000 -0.2645690655149585 0.0936706922967890
-0.5000000000000000 -0.3810050296754901 -0.0044206232956794
0.4682750196039990 0.0727800390130534 -0.5000000000000000
0.1530709247892707 0.5000000000000000 -0.2597388084450970
0.1896824031641567 0.5000000000000000 -0.2698516990580771
0.1983929579105752 0.5000000000000000 -0.1961462853149384
0.2580074168344303 0.4577136897508663 -0.5000000000000000
-0.0185360931734070 -0.3968197909168995 0.5000000000000000
-0.0817028069968354 -0.3722830635672796 0.5000000000000000
-0.1198902450434139 0.2253109337747704 -0.5000000000000000
0.0659555157083538 0.1020730214203781 -0.5000000000000000
-0.1226346136931035 0.2859845698373915 -0.5000000000000000
0.5000000000000000 -0.1824887812350677 -0.4162149505544726
0.3747943260125198 -0.3519222877599338 0.5000000000000000
0.2539349827596850 -0.5000000000000000 0.1554954616894887
0.2639396853752722 -0.4370731329955300 0.5000000000000000
0.1838373108063534 -0.5000000000000000 0.1318277437176587
0.5000000000000000 0.4623703055668558 0.1946263819326887
0.2949010857657414 0.4374486026972604 -0.4999999999999999
0.4043825713213173 0.5000000000000000 0.0500927144073378
0.4455801703243695 -0.2157785168811870 -0.5000000000000000
0.5000000000000000 -0.3989824827610141 0.2172858568297750
0.5000000000000000 -0.4148692206556054 0.1782437592900489
0.5000000000000000 -0.3603482532333546 0.0862632332819651
0.1167058021450439 -0.4635039047246087 0.5000000000000000
0.1740846775756244 -0.4237663100077478 0.5000000000000000
-0.5000000000000000 0.2505939974541180 0.1687914477429959
-0.5000000000000000 0.2017908673249695 0.0519738312020747
-0.5000000000000000 0.2616780332927919 0.1126437014102967
-0.5000000000000000 0.2573570532393929 0.3407227729299834
-0.5000000000000000 0.2661030398620000 0.3150331046312989
-0.5000000000000000 0.3671046718285483 0.2701091752532135
-0.3879390940335046 0.2307398745262659 0.5000000000000000
-0.4068435640961394 0.2852165287850245 0.5000000000000000
-0.5000000000000000 0.3023768130987756 0.3263851923642943
-0.3774154926037476 -0.5000000000000000 0.1012241156715295
0.3064615479711260 0.0247880557753772 -0.5000000000000000
0.4013405565598838 0.5000000000000000 0.3209381517767682
0.4732029994713223 0.4155371496444648 0.5000000000000000
-0.5000000000000000 -0.1745451722630278 0.3714978609996789
0.4068344919409739 -0.3066697232974049 0.5000000000000000
0.3632414791064335 -0.3120894997838310 0.5000000000000000
0.3612856464859401 -0.3412377454388641 0.5000000000000000
0.2245772931802195 -0.0625863618237110 0.5000000000000000
0.5000000000000000 -0.2925273911005859 0.4326362220406913
-0.1352036945891490 0.2055986889348498 -0.5000000000000000
-0.0620551945452395 -0.4399751815615716 -0.5000000000000000
0.0168448861612870 -0.4407160586684060 -0.5000000000000000
-0.0302181804237947 -0.5000000000000000 0.2603208079336709
0.0124940013389052 -0.5000000000000000 0.2271136388172169
0.0425848436051162 -0.4890595316567173 0.5000000000000000
-0.1029330245433126 -0.1901554515986903 -0.5000000000000000
-0.0657159610294046 -0.0970162767148115 -0.5000000000000000
0.5000000000000000 0.4453015161252823 0.2774742070709150
0.3337927904330854 0.0592291691819455 -0.5000000000000000
0.1661800227111645 0.0628905422021550 -0.5000000000000000
0.3732266149907365 0.0265714851366205 -0.5000000000000000
0.2381921776286422 -0.0249957588654058 -0.5000000000000000
0.3215128975430988 0.0256909011569599 -0.5000000000000000
-0.1038465553444039 -0.4424741052777422 -0.5000000000000000
0.0202556673425272 -0.5000000000000000 -0.3178148645221159
-0.1053932563506009 -0.5000000000000000 -0.4847536248191823
-0.1217025086153002 -0.4458987790111307 -0.5000000000000000
-0.1314252271070456 -0.4700100734333084 -0.5000000000000000
-0.1059701677990956 -0.4744249285936939 -0.5000000000000000
-0.3584063784012222 0.3589310028412898 -0.5000000000000000
-0.4319399320080998 0.4272719117003155 -0.5000000000000000
0.3584322241403276 0.1326316027150694 -0.5000000000000000
0.1182990334229350 0.0845544602575701 -0.5000000000000000
0.3855122494855352 0.1223132900423908 -0.5000000000000000
0.5000000000000000 0.1444909693344779 -0.3242375723312925
0.5000000000000000 0.1642666303548416 -0.2344387479516158
0.3712389262265211 -0.1688481898251885 0.5000000000000000
-0.5000000000000000 -0.2880323064807725 -0.4462634121457669
-0.4653266285643607 -0.3028542943985212 -0.5000000000000000
-0.5000000000000000 -0.2495173501219254 -0.4378652742095672
-0.5000000000000000 0.2496313923032896 -0.4990203364964571
-0.5000000000000000 0.1794779303288338 -0.4566673054240923
-0.5000000000000000 0.2198562797674426 -0.4266106584200666
-0.4580317992781031 0.0942018542075470 -0.5000000000000000
0.4812577919038332 -0.2652881982321115 0.5000000000000000
0.5000000000000000 -0.4241519920916327 0.4878427897884772
0.5000000000000000 -0.2529708078780664 0.2897411246727731
0.5000000000000000 -0.2568683231698418 0.4659877958110221
0.3959357053660669 -0.2209404869849197 0.5000000000000000
0.5000000000000000 -0.2478300745429094 0.3699840449502402
-0.5000000000000000 -0.2106551459615341 -0.3074756553359122
0.3703320146958795 0.1112901719050202 0.5000000000000000
0.3899305111543409 0.1580818260927339 0.5000000000000000
0.4364582597975019 0.2262261834137956 0.5000000000000000
0.3407770937169020 0.1061684959299324 0.5000000000000000
0.4714486237696049 0.3782534664331615 0.5000000000000000
-0.0481261507005706 -0.5000000000000000 0.3092601958993332
-0.0951452815864225 -0.5000000000000000 0.0794951855039710
-0.4552824321215610 0.4718109717322837 -0.5000000000000000
0.0306092775958232 -0.5000000000000000 -0.2602260181930620
-0.1581857193300772 -0.4468490340124907 -0.5000000000000000
-0.5000000000000000 -0.0763076514682678 0.0822605164100845
0.4228917040126788 0.0731136880136678 -0.5000000000000000
0.4168262664632947 0.3034990359021295 -0.5000000000000000
-0.5000000000000000 -0.0130340429184954 -0.1422230053928905
0.4183102301241335 0.4184737231311477 0.5000000000000000
0.4905131832377028 0.4017249901922546 0.5000000000000000
0.4691049889957724 0.3230860874331917 0.5000000000000000
0.5000000000000000 0.4170797255779239 0.4618964624451337
0.0935469959924378 0.0780208937117220 -0.5000000000000000
-0.1559319541110898 -0.1009926882008669 0.5000000000000000
-0.1722095326048041 -0.0223857961694377 0.5000000000000000
-0.4163388690511173 0.0213484015945624 -0.4947952242025670
-0.2008821001478901 0.0953666736796302 -0.5000000000000000
-0.2460065796910394 0.0955691749107180 -0.5000000000000000
0.2688754083317412 -0.4155230626240417 -0.5000000000000000
-0.2393104425713493 0.5000000000000000 0.4787441958749048
-0.1577490285909182 0.0593705882954568 -0.5000000000000000
0.5000000000000000 0.0802123221998684 -0.0438931262434659
0.5000000000000000 0.1284377656043440 0.0485928034958228
0.5000000000000000 0.1982809806130457 0.0439172729711033
0.3628891042223630 0.4362092103256404 0.5000000000000000
0.2464428732720100 0.5000000000000000 0.3947593787538643
0.2275429617509756 0.4178088883900036 0.5000000000000000
0.1578064592969881 0.4311274901464281 0.5000000000000000
0.5000000000000000 -0.4561158389247704 -0.2345625608685565
0.2913992798926253 -0.3389029693863739 -0.5000000000000000
0.3598246645423525 -0.5000000000000000 -0.4768165184654771
0.3886424169239509 -0.5000000000000000 -0.1315799932072538
0.3070818110260141 -0.5000000000000000 -0.4248969122196223
0.1062611862974257 -0.5000000000000000 0.1746708305801249
0.5000000000000000 -0.1202988174736604 0.3613832895776260
0.5000000000000000 0.0586343717222964 -0.3788280204347069
0.5000000000000000 0.2274506092356338 -0.3865098694313082
-0.2657649865169271 0.5000000000000000 -0.1434624225448083
-0.3758119414991453 0.5000000000000000 -0.3502982678677846
0.5000000000000000 -0.3526662904024520 0.0081205245084031
0.4233765050776905 0.3327261417231575 -0.4892479626487903
-0.1464807829814968 0.2983112585762877 0.5000000000000000
0.4164064901156839 0.0282044252813419 -0.5000000000000000
0.0445581732745614 0.5000000000000000 -0.3481677232444416
0.0310054827414862 0.5000000000000000 -0.2129178376265672
-0.0016371331662237 0.5000000000000000 -0.3158536534563134
0.0210371858203303 0.5000000000000000 -0.3222541394000444
0.1280401115942962 -0.0058364779607366 0.5000000000000000
0.4577343269408175 -0.0054496033209938 -0.5000000000000000
0.4859806544070130 0.0569376286381802 -0.5000000000000000
0.5000000000000000 0.0317622147840745 -0.3776349989032666
0.5000000000000000 -0.2728347628139262 -0.0883610200284786
0.5000000000000000 -0.2779586617206674 0.0808453747639137
0.5000000000000000 -0.2665508828485389 0.0170293219835935
-0.0440382196305987 0.4648935095172819 -0.5000000000000000
-0.0952115247486049 0.4521896145442993 -0.5000000000000000
-0.1044864163356860 0.4358325661877101 -0.5000000000000000
-0.0614284642658491 0.4411127850217610 -0.5000000000000000
0.0457298328534424 0.4906075876800028 -0.5000000000000000
-0.3698032234143991 -0.1142106180918517 -0.5000000000000000
-0.4039408977528878 -0.0132993228276515 -0.5000000000000000
-0.3675260898637486 -0.1161836676865366 -0.5000000000000000
-0.3557279359267067 -0.1168168939698605 -0.5000000000000000
-0.3571746657388251 -0.0981985550134122 -0.5000000000000000
-0.3211211004893865 0.3795879941204583 -0.5000000000000000
-0.1648585677836643 0.3683148162240608 -0.5000000000000000
0.4928238127209714 0.5000000000000000 -0.4485234527069671
0.4088242238301744 0.3456268430482935 -0.5000000000000000
0.5000000000000000 0.2428112612199169 -0.2967955179436551
0.5000000000000000 0.3724116975175193 -0.4196580970018272
-0.2660394347575857 0.5000000000000000 -0.0105451141384034
0.4065639387592208 -0.3424274631189828 -0.4949327734211374
-0.1788323048503282 -0.1387071074933677 0.5000000000000000
-0.1657236962078304 -0.1899089084560277 0.5000000000000000
-0.1598676334026501 -0.1333069583049504 0.5000000000000000
-0.1461592355040283 -0.1485200407879845 0.5000000000000000
0.1538892629865855 0.3943677775990025 -0.5000000000000000
0.1011440508835456 0.5000000000000000 -0.4607981929565380
-0.5000000000000000 0.1707792916018552 -0.1298929974547504
-0.1878865197406694 0.3599085377024179 0.5000000000000000
0.1794727983073084 -0.0117956171116658 -0.5000000000000000
0.2099127259817047 -0.0427170248867546 -0.5000000000000000
0.1820209429294906 -0.0422703841077462 -0.5000000000000000
-0.2729210149544462 0.3874972791597465 0.5000000000000000
0.3300996904355952 -0.2042984455164626 0.5000000000000000
-0.5000000000000000 -0.1881851482241030 -0.3734476562373016
-0.4801966804372631 0.3567343050996082 -0.5000000000000000
0.1535146686202178 0.5000000000000000 0.0749892218485600
0.5000000000000000 0.0112652344690315 -0.0602881178737490
0.5000000000000000 -0.1425547918853989 0.3054184016736554
0.5000000000000000 -0.1343192946603392 0.3495886081357281
0.5000000000000000 -0.1320288033437426 0.3262039296976007
0.5000000000000000 0.1142239279376807 0.2025078521595332
-0.4855100095891431 -0.5000000000000000 -0.1623397019352278
-0.5000000000000000 -0.4621357628989688 -0.1011072428631670
0.0359483306298129 0.5000000000000000 -0.0311240935259076
0.5000000000000000 -0.2329161812511852 -0.3267574715465028
0.5000000000000000 -0.2833528143244605 -0.3153856610681375
-0.5000000000000000 0.1512314028659522 -0.3006448658821412
-0.5000000000000000 0.1793172012797082 -0.1967721011334593
-0.5000000000000000 0.2454718482424803 -0.2894882856535595
-0.5000000000000000 -0.2357775555643508 -0.0387084660259443
-0.5000000000000000 -0.1817640022215255 -0.0295874259931362
-0.5000000000000000 -0.1134595921496324 0.0455987124915886
0.1375379742622309 -0.5000000000000000 0.1445764197242493
0.4188606485517007 -0.2135461315077542 -0.4972114271747821
0.1947189619521187 -0.4188014345955208 0.5000000000000000
0.1433887247425205 -0.5000000000000000 0.2799410547362525
-0.3725133800581081 -0.5000000000000000 0.0868365068565839
-0.4231711111982255 -0.5000000000000000 -0.0008727549226562
-0.2105961781638848 -0.1026473505910137 0.5000000000000000
-0.0214235944826133 0.4096073971204611 -0.5000000000000000
-0.3306632048036183 0.4052722482116826 -0.5000000000000000
-0.4192504939554639 0.4539596747819494 -0.5000000000000000
-0.1855899092541098 0.4014020271998924 -0.5000000000000000
0.1882566757332899 0.1958345011722989 0.5000000000000000
-0.5000000000000000 -0.0717059833200299 0.1140876754909907
-0.4736780347768825 0.3477564160379653 -0.5000000000000000
-0.5000000000000000 0.4229439225771392 -0.4302049471396731
-0.4018455870365898 0.3506990801209565 -0.5000000000000000
-0.4514935666554698 0.4171654606909485 -0.5000000000000000
-0.5000000000000000 0.1155739449329157 -0.3757441713376849
-0.5000000000000000 0.0353184625798367 -0.2197932321427286
-0.1474367857901986 -0.2715918324471332 -0.5000000000000000
-0.4909493307418810 -0.4456114584703756 -0.0593537477176980
0.5000000000000000 -0.4296508138533965 0.4831400074463425
0.4545696709791106 0.2579584359378236 0.5000000000000000
0.5000000000000000 0.1167506505408726 0.1597017502915607
-0.5000000000000000 -0.1947045999950176 -0.3719823658506560
0.2218030515638142 -0.0272260022726884 0.5000000000000000
0.1732733148054593 0.0412066703896264 0.5000000000000000
0.0568486870578394 -0.5000000000000000 -0.2637990364373128
-0.3205884747384762 -0.3026425134033707 0.5000000000000000
0.5000000000000000 -0.2367981278418416 0.2487395739512125
0.4943604412820350 -0.3314217198476079 0.0419589782312988
-0.1478339245573271 0.1170010264030977 -0.5000000000000000
-0.3569080511292725 -0.4122164716185768 -0.5000000000000000
-0.3654627200639577 -0.3443490052055203 -0.5000000000000000
-0.2613766222043511 -0.3568245657762527 -0.5000000000000000
-0.0410834079668322 0.1813639468813688 0.5000000000000000
-0.5000000000000000 -0.0492836719779032 -0.1260720611045165
0.5000000000000000 -0.2322219102901545 -0.0194224543408257
-0.1689935900227449 -0.2692064227869574 0.5000000000000000
-0.2610881018782381 -0.3179593158675580 0.5000000000000000
-0.3750364817779988 -0.1141659634026120 0.5000000000000000
-0.5000000000000000 -0.0314116463710534 -0.1260556954046232
-0.1284363371060950 -0.2097331663399339 0.5000000000000000
-0.1872209543952213 0.0449278075889212 -0.5000000000000000
-0.0805113220293585 -0.0650477169042237 -0.5000000000000000
-0.1645616967516547 0.0720247063637895 -0.5000000000000000
-0.5000000000000000 -0.0518378117540984 -0.1730548662526459
-0.5000000000000000 -0.1936717833063587 -0.2986899566486919
-0.2395351268498128 0.0250076373122134 -0.5000000000000000
0.5000000000000000 0.2051095139021456 0.1076230899194802
0.5000000000000000 0.2235089550429629 0.0265914510982161
0.0859682429305919 0.4110704360516146 0.5000000000000000
-0.4401091780526533 0.0608988202410467 -0.4977731327547378
0.2227621863698016 0.2585532838483692 0.5000000000000000
0.1638533064860085 0.2466062835278476 0.5000000000000000
0.2403337318453859 0.1817661478038984 0.5000000000000000
0.1877960974503228 0.1360800281347500 0.5000000000000000
0.2021666185152402 0.4018689716088576 0.5000000000000000
0.1111125789665539 0.3729582592012526 0.5000000000000000
0.1441862624740736 0.4265675712652697 0.5000000000000000
0.0641681492241532 0.5000000000000000 -0.0362054406130582
-0.5000000000000000 -0.0429831083160798 -0.0342127047891633
-0.5000000000000000 0.4650210546109630 -0.4142362795640944
-0.2792134052052463 0.3944968008263864 0.5000000000000000
-0.5000000000000000 -0.1880727567309745 0.2919338282776397
-0.3487603251954778 -0.2286668539221536 0.5000000000000000
-0.0712159069379234 0.3879459590074038 -0.5000000000000000
-0.0829478618235123 0.3766460197488727 -0.5000000000000000
-0.0377173989096034 0.3806361261655684 -0.5000000000000000
-0.1712464483043445 -0.3791209149281320 -0.5000000000000000
-0.2952058528108072 0.3925666514445594 0.5000000000000000
-0.5000000000000000 -0.1460554930835400 0.2118877033542484
-0.2500283325480519 0.3919947102468357 0.5000000000000000
0 200
0 201
0 27
0 37
0 202
0 51
0 55
0 203
0 204
0 205
0 86
0 206
0 207
0 208
0 105
0 209
0 210
0 137
0 150
0 163
0 167
0 211
1 13
1 16
1 21
1 41
1 56
1 212
1 84
1 95
1 98
1 123
1 147
1 149
1 193
214 18
215 48
216 110
217 1104
218 174
219 23
220 96
221 191
2 3
2 4
2 222
2 223
2 22
2 23
2 28
2 224
2 52
2 225
2 226
2 102
2 227
2 228
2 229
2 192
3 4
3 22
3 28
3 39
3 230
3 52
3 67
3 78
3 231
3 91
3 96
3 172
3 187
3 192
4 232
4 22
4 233
4 28
4 234
4 76
4 78
4 235
4 175
4 187
4 192
236 92
237 10
238 25
239 93
240 103
241 132
242 133
243 134
244 145
245 158
5 246
5 247
5 248
5 249
5 58
5 250
5 540
5 116
5 251
5 131
5 144
5 1079
5 164
5 170
5 252
5 253
254 20
255 24
256 73
257 144
258 193
259 199
6 18
6 19
6 33
6 85
6 87
6 572
6 101
6 960
6 152
6 173
6 197
260 105
261 106
262 136
263 40
264 184
265 196
266 14
267 97
268 121
269 126
213 18
213 270
213 101
213 1104
213 271
213 272
273 82
274 120
275 52
276 144
277 1079
278 1220
279 138
280 163
7 281
7 25
7 282
7 283
7 49
7 284
7 552
7 285
7 103
7 286
7 287
7 129
7 132
7 288
7 289
7 140
7 1169
7 290
7 291
7 161
292 141
293 14
294 97
295 121
8 12
8 40
8 58
8 84
8 98
8 116
8 119
8 123
8 144
8 1079
8 148
8 177
8 193
8 199
296 40
297 102
298 51
299 102
300 192
9 25
9 42
9 70
9 71
9 90
9 97
9 107
9 111
9 130
9 140
9 151
9 155
9 157
9 158
9 161
9 171
9 301
9 189
302 193
303 51
304 49
305 129
306 51
307 51
308 163
10 30
10 309
10 47
10 57
10 88
10 93
10 103
10 111
10 114
10 310
10 133
10 134
10 154
10 157
10 158
10 166
10 171
10 186
10 311
10 194
11 15
11 17
11 20
11 24
11 44
11 67
11 312
11 74
11 78
11 79
11 104
11 143
11 179
11 190
11 195
11 199
12 313
12 21
12 314
12 35
12 40
12 315
12 316
12 317
12 318
12 96
12 98
12 116
12 319
12 119
12 138
12 148
12 320
12 321
12 177
13 21
13 38
13 44
13 45
13 56
13 68
13 77
13 84
13 104
13 147
13 149
13 169
13 182
13 194
13 199
323 92
14 324
14 325
14 342
14 326
14 54
14 66
14 80
14 97
14 327
14 121
14 126
14 140
328 45
329 62
330 81
331 87
332 118
333 152
334 40
335 102
336 322
337 21
338 128
339 160
340 172
341 177
343 89
344 31
345 46
346 59
347 107
348 147
349 162
350 176
351 188
352 552
353 110
354 124
355 132
356 159
357 164
358 170
15 17
15 44
15 359
15 360
15 72
15 74
15 361
15 362
15 363
15 364
15 185
15 365
15 190
15 366
15 197
368 82
369 120
370 52
371 42
372 45
373 118
374 129
375 169
376 194
16 41
16 377
16 63
16 378
16 379
16 69
16 75
16 380
16 90
16 95
16 107
16 147
16 149
16 162
16 176
16 178
16 189
381 118
17 67
17 382
17 74
17 79
17 383
17 384
17 385
17 386
17 179
17 387
17 388
18 389
18 26
18 33
18 48
18 390
18 87
18 391
18 101
18 392
18 110
18 1104
18 960
18 152
18 173
18 174
18 393
18 394
18 395
322 39
322 67
322 77
322 92
322 128
322 160
322 172
396 50
397 93
398 112
19 399
19 33
19 400
19 85
19 572
19 101
19 401
19 402
19 117
19 120
19 403
19 404
19 405
19 406
19 185
19 407
19 408
409 26
410 47
411 117
412 173
413 174
414 43
415 105
416 109
417 115
418 122
419 135
420 156
421 167
422 168
20 24
20 423
20 424
20 425
20 104
20 426
20 143
20 427
20 195
20 199
21 56
21 428
21 429
21 68
21 430
21 77
21 84
21 98
21 123
21 431
21 160
21 177
21 199
432 69
433 105
434 106
435 150
436 93
437 572
438 141
439 51
22 440
22 441
22 76
22 78
22 442
22 91
22 443
22 444
22 445
22 187
446 49
447 66
448 121
449 125
450 140
451 1135
452 101
23 28
23 52
23 453
23 454
23 96
23 102
23 455
23 456
23 191
23 457
458 48
459 552
460 110
461 124
462 132
463 55
464 342
465 54
466 80
467 89
468 121
469 342
470 70
471 89
472 97
473 109
474 126
475 168
24 476
24 73
24 78
24 104
24 143
24 195
24 199
25 477
25 66
25 103
25 125
25 132
25 133
25 478
25 151
25 155
25 158
25 161
25 479
480 163
481 35
482 40
483 184
484 88
485 114
486 180
487 129
26 33
26 47
26 488
26 489
26 85
26 94
26 490
26 491
26 117
26 492
26 493
26 166
26 173
27 34
27 494
27 55
27 495
27 64
27 69
27 75
27 83
27 86
27 496
27 105
27 150
27 163
27 167
27 176
27 178
497 127
498 175
499 187
500 192
28 39
28 52
28 96
28 102
28 172
28 187
28 191
28 192
29 367
29 80
29 501
29 502
29 121
29 503
29 1198
30 42
30 57
30 103
30 118
30 129
30 152
30 154
30 157
30 166
30 186
30 194
31 41
31 46
31 59
31 123
31 504
31 131
31 1079
31 146
31 147
31 162
31 505
31 193
32 47
32 48
32 57
32 506
32 110
32 118
32 960
32 145
32 152
32 154
32 166
32 173
32 174
507 65
508 72
33 47
33 509
33 85
33 101
33 510
33 117
33 511
33 152
33 166
33 173
34 512
34 55
34 64
34 83
34 86
34 540
34 113
34 146
34 176
34 178
34 513
514 72
515 82
516 85
517 120
518 185
519 60
520 63
521 142
522 183
523 540
35 40
35 524
35 525
35 99
35 116
35 138
35 153
35 526
35 159
35 164
35 184
35 196
35 198
36 76
36 79
36 91
36 527
36 528
36 529
36 530
36 143
36 531
36 179
36 183
36 532
533 552
534 124
535 51
536 137
537 1188
538 163
539 59
541 131
542 146
543 176
544 188
545 76
546 142
547 175
37 51
37 53
37 55
37 548
37 64
37 86
37 549
37 550
37 137
37 139
37 153
37 163
37 551
553 53
554 55
555 64
556 99
557 540
558 139
559 153
560 1188
342 54
342 89
342 126
38 44
38 45
38 68
38 77
38 81
38 85
38 104
38 108
38 152
38 182
38 185
38 195
38 197
561 1104
39 52
39 67
39 562
39 92
39 96
39 563
39 128
39 172
39 191
39 564
565 127
40 566
40 567
40 568
40 569
40 570
40 96
40 571
40 102
40 116
40 127
40 148
40 164
40 177
40 184
40 196
41 58
41 61
41 95
41 123
41 131
41 146
41 147
41 162
41 165
41 176
41 178
41 193
573 52
574 49
575 97
576 121
577 129
578 140
579 131
42 46
42 97
42 107
42 118
42 129
42 147
42 149
42 157
42 169
42 171
42 580
42 189
42 194
42 581
582 184
583 47
584 93
585 43
586 367
587 54
588 80
589 100
590 133
43 54
43 70
43 591
43 89
43 100
43 135
43 592
43 156
43 593
43 168
44 72
44 74
44 77
44 104
44 181
44 182
44 185
44 190
44 195
44 197
594 367
595 100
596 97
597 129
367 598
367 80
367 599
367 100
367 600
367 601
367 602
367 112
367 603
367 151
367 604
367 605
367 606
607 142
608 70
609 97
610 107
45 56
45 81
45 84
45 611
45 104
45 108
45 118
45 147
45 152
45 612
45 169
45 182
45 194
46 107
46 613
46 614
46 147
46 615
46 162
46 169
46 616
46 617
46 189
46 193
47 114
47 618
47 134
47 619
47 145
47 154
47 166
47 173
47 174
47 620
621 55
622 109
623 115
624 167
625 188
626 92
627 179
628 95
629 149
48 110
48 630
48 1104
48 132
48 145
48 173
48 174
48 631
48 632
633 53
634 137
635 1188
636 190
637 195
49 638
49 125
49 639
49 140
49 1169
49 1135
49 640
49 161
49 641
642 184
643 196
644 97
645 64
646 113
647 139
648 159
649 170
650 196
651 198
652 127
653 94
654 114
655 166
656 180
50 657
50 60
50 63
50 71
50 88
50 93
50 658
50 111
50 112
50 659
50 130
50 149
50 155
50 660
50 171
50 661
50 189
51 662
51 663
51 664
51 665
51 666
51 99
51 667
51 668
51 137
51 669
51 153
51 163
51 1188
51 670
52 671
52 672
52 673
52 674
52 675
52 191
53 55
53 676
53 64
53 677
53 678
53 679
53 680
53 137
53 139
53 681
53 682
53 153
53 683
53 684
53 685
53 1188
686 97
54 687
54 70
54 80
54 89
54 100
54 126
54 688
54 168
54 689
54 690
55 691
55 64
55 86
55 540
55 137
55 692
55 693
55 167
55 176
55 694
695 141
56 696
56 68
56 697
56 77
56 88
56 108
56 147
56 149
56 180
56 182
56 194
56 698
699 138
700 184
57 103
57 701
57 110
57 118
57 134
57 145
57 152
57 154
57 186
702 73
703 143
704 60
705 112
706 130
707 65
58 61
58 95
58 116
58 119
58 123
58 131
58 138
58 159
58 164
58 165
58 170
58 198
708 96
709 96
710 102
711 70
712 107
713 109
714 188
715 137
716 1188
717 191
59 540
59 718
59 146
59 162
59 176
719 572
720 101
721 1104
722 95
723 98
724 86
725 137
726 80
727 76
728 142
729 175
60 730
60 63
60 731
60 69
60 732
60 90
60 733
60 106
60 122
60 130
60 135
60 136
60 734
60 735
736 89
737 109
738 124
739 115
740 167
741 176
742 188
743 106
744 136
61 83
61 540
61 113
61 131
61 146
61 165
61 170
61 176
61 178
61 745
61 198
746 110
747 62
748 81
749 141
750 197
751 110
752 118
753 129
754 142
755 183
62 81
62 87
62 960
62 141
62 756
62 757
62 197
758 66
759 125
760 133
761 155
762 161
63 763
63 69
63 90
63 764
63 130
63 149
63 765
63 766
63 189
767 69
768 95
769 178
770 68
771 160
64 83
64 86
64 113
64 139
64 153
64 163
64 170
64 772
64 198
773 101
774 117
775 174
776 105
777 122
778 136
65 779
65 780
65 781
65 782
65 121
65 783
65 125
65 784
65 1135
65 785
65 786
65 787
66 80
66 97
66 788
66 112
66 121
66 125
66 126
66 140
66 151
66 155
66 161
66 1198
789 144
790 74
791 82
792 92
67 74
67 77
67 78
67 793
67 91
67 92
67 172
67 177
67 179
67 187
67 199
794 79
795 143
796 190
797 195
798 183
799 93
800 133
801 196
802 127
803 196
804 68
68 77
68 805
68 806
68 160
68 180
68 181
68 182
68 807
68 808
809 69
810 90
811 106
812 149
813 178
69 75
69 90
69 814
69 815
69 106
69 122
69 150
69 163
69 178
70 89
70 97
70 100
70 107
70 109
70 115
70 126
70 130
70 135
70 151
70 156
70 168
70 188
71 111
71 130
71 155
71 157
71 158
71 171
71 189
816 100
817 135
818 136
819 96
820 128
821 191
822 100
72 74
72 82
72 823
72 824
72 120
72 825
72 826
72 181
72 185
827 102
73 78
73 828
73 829
73 142
73 143
73 830
73 144
73 175
73 199
74 77
74 82
74 831
74 92
74 832
74 104
74 833
74 834
74 179
74 181
74 835
74 185
74 190
74 199
836 88
837 114
75 90
75 105
75 107
75 115
75 122
75 150
75 156
75 167
75 176
75 178
75 188
838 540
839 131
840 95
841 98
842 149
76 78
76 91
76 142
76 843
76 175
76 183
76 844
77 92
77 845
77 104
77 846
77 160
77 172
77 847
77 177
77 181
77 182
77 848
77 199
849 92
78 79
78 91
78 142
78 143
78 148
78 175
78 177
78 179
78 187
78 199
552 850
552 851
552 852
552 853
552 854
552 855
552 124
552 132
552 856
552 1169
552 857
858 124
859 132
79 91
79 860
79 861
79 862
79 143
79 179
79 183
863 105
864 109
865 115
866 167
867 137
868 153
869 1188
80 870
80 100
80 871
80 872
80 121
80 126
80 151
80 873
80 1198
81 87
81 874
81 104
81 108
81 118
81 152
81 875
81 876
81 195
81 197
877 91
878 92
879 179
880 96
881 191
82 882
82 883
82 884
82 120
82 885
82 886
82 181
82 887
82 888
83 95
83 113
83 889
83 138
83 139
83 163
83 165
83 890
83 178
83 198
84 98
84 891
84 104
84 123
84 144
84 147
84 169
84 193
84 199
85 94
85 572
85 108
85 120
85 892
85 152
85 166
85 182
85 185
85 197
893 96
894 128
895 177
896 92
897 179
898 99
899 138
900 153
901 163
902 184
86 153
86 163
87 572
87 960
87 141
87 152
87 197
88 93
88 111
88 114
88 903
88 149
88 157
88 166
88 171
88 180
88 904
88 194
88 905
89 906
89 109
89 126
89 907
89 168
89 908
909 132
90 107
90 122
90 130
90 135
90 147
90 149
90 156
90 189
910 163
91 911
91 142
91 143
91 912
91 175
91 179
91 183
92 913
92 914
92 915
92 916
92 172
92 917
92 179
92 918
92 919
93 111
93 112
93 114
93 920
93 921
93 922
93 133
93 923
93 155
93 158
93 924
93 925
94 120
94 926
94 166
94 180
94 181
94 182
94 927
94 185
94 928
929 127
930 124
931 127
932 116
933 127
934 144
935 148
936 164
937 196
95 98
95 119
95 123
95 938
95 138
95 165
95 178
939 121
940 125
941 1135
942 1198
96 102
96 127
96 128
96 172
96 943
96 944
96 177
96 187
96 191
96 192
96 945
946 121
97 107
97 126
97 129
97 140
97 151
97 157
97 161
97 947
97 948
98 949
98 119
98 123
98 950
98 951
98 177
98 199
952 117
953 160
954 104
955 169
956 193
957 199
958 110
959 118
961 152
962 173
963 109
964 106
965 163
966 178
99 967
99 968
99 139
99 153
99 159
99 184
99 969
99 196
99 198
99 970
971 153
972 1188
973 124
572 101
572 974
572 975
572 960
572 976
572 141
572 977
572 185
572 197
978 150
979 163
980 104
981 118
982 195
983 1169
100 984
100 112
100 985
100 126
100 135
100 136
100 151
100 986
100 987
101 988
101 960
101 989
101 990
991 1169
992 112
993 151
994 1198
995 105
996 136
997 102
998 127
999 192
102 1000
102 127
102 1001
102 1002
102 1003
102 1004
102 187
102 192
102 1005
1006 137
103 1007
103 110
103 118
103 129
103 132
103 134
103 145
103 157
103 158
103 161
103 186
1008 117
1009 117
1010 184
1011 112
1012 130
1013 135
1014 149
1015 112
104 1016
104 169
104 195
104 199
1017 109
1018 168
105 106
105 1019
105 122
105 136
105 150
105 1020
105 167
105 1021
106 122
106 136
106 150
107 130
107 1022
107 147
107 156
107 162
107 176
107 188
107 1023
107 189
108 118
108 152
108 154
108 166
108 180
108 182
108 194
1024 117
1025 110
1026 118
1027 124
1028 129
1029 132
109 115
109 1030
109 1031
109 168
109 1032
109 188
109 1033
109 1034
109 1035
1036 143
1037 183
1038 110
1039 118
110 1040
110 118
110 1041
110 124
110 1104
110 132
110 145
110 173
110 1042
111 112
111 133
111 155
111 157
111 158
111 1043
111 171
540 113
540 131
540 1044
540 146
540 176
540 1045
540 1046
1047 142
1048 144
1049 175
1050 1220
112 125
112 130
112 133
112 135
112 1051
112 1052
112 151
112 1053
112 155
112 1054
112 1055
112 1056
112 1198
113 139
113 146
113 165
113 170
113 176
113 178
113 1057
113 198
114 1058
114 1059
114 1060
114 166
114 180
114 1061
114 194
1062 117
1063 150
1064 167
1065 183
115 122
115 1066
115 156
115 167
115 168
115 188
115 1067
1068 196
1069 124
1070 1104
116 119
116 123
116 127
116 131
116 138
116 144
116 1079
116 148
116 164
116 1071
116 196
117 1072
117 1073
117 1074
117 1075
118 129
118 1076
118 152
118 154
118 194
119 123
119 1077
119 138
119 1078
119 165
1080 169
1081 193
1082 121
1083 191
1084 169
1085 132
1086 145
1087 174
120 1088
120 1089
120 181
120 1090
120 1091
120 185
121 1092
121 125
121 126
121 1093
121 140
121 1135
121 1094
121 1095
121 1198
121 1096
122 135
122 136
122 150
122 156
122 1097
122 167
123 131
123 1079
123 165
123 193
123 199
1098 133
1099 124
1100 1104
1101 179
1102 183
1103 1198
1105 128
1106 124
1107 141
1108 185
1109 190
1110 197
1111 149
124 132
124 1112
124 1113
124 1114
125 1115
125 140
125 1116
125 155
125 1135
125 161
125 1117
125 1198
1118 141
1119 190
1120 195
1121 197
1122 141
1123 131
1124 1079
1125 146
1126 162
1127 193
1128 143
1129 195
1104 1130
1104 1131
1104 1132
1104 1133
1134 179
126 140
126 151
1136 138
1137 163
1138 165
1139 178
1140 960
1141 141
127 1142
127 144
127 148
127 175
127 177
127 187
127 192
128 160
128 172
128 177
128 1143
129 140
129 1144
129 157
129 161
129 1145
129 186
129 1146
1147 191
130 135
130 151
130 155
130 156
130 1148
130 189
960 141
960 152
960 173
131 1079
131 146
131 170
131 1149
1150 142
1151 185
132 1152
132 145
133 1153
133 155
133 158
133 1154
133 1155
134 145
134 154
134 186
134 1156
1157 137
1158 1188
1159 185
1160 1169
1161 1135
1162 144
1163 148
1164 175
1165 139
1166 159
1167 196
135 136
135 151
135 156
135 1168
136 150
136 1170
136 1171
137 153
137 1172
137 1173
137 1188
138 153
138 1174
138 159
138 163
138 164
138 165
138 198
139 153
139 159
139 163
139 170
139 198
140 151
140 161
141 1175
141 185
141 197
1169 1135
1176 143
1177 183
1178 195
1179 180
1180 196
142 143
142 1181
142 175
142 183
142 1182
143 1183
143 183
143 195
1184 183
144 1079
144 148
144 175
144 1185
144 1186
144 193
144 199
144 1220
1187 188
1189 151
1190 166
1079 193
1079 1220
145 154
145 174
145 1191
146 162
146 176
146 1192
147 149
147 162
147 169
147 171
147 189
147 193
147 194
148 175
148 177
148 187
148 199
149 171
149 1193
149 189
149 194
149 1194
150 163
151 155
151 161
152 154
152 166
152 173
152 182
152 194
152 197
1195 168
153 163
153 1188
153 198
153 1196
1197 155
1199 169
154 166
154 174
154 194
155 158
156 167
156 168
156 188
1200 167
1201 176
1202 188
157 158
157 161
157 171
157 186
157 194
1203 160
158 161
158 186
159 164
159 170
159 1204
159 184
159 196
159 198
160 172
160 177
161 1205
162 176
162 178
163 1206
163 178
163 198
163 1207
1208 184
164 170
164 1209
164 196
165 178
165 198
166 173
166 180
166 182
166 194
1210 178
167 176
167 188
169 1211
169 1212
169 1213
169 193
169 194
170 1214
170 1215
170 198
171 189
171 194
172 177
172 187
172 199
173 174
1216 193
174 1217
174 1218
1219 181
175 187
175 199
176 178
176 188
177 187
177 199
180 181
180 182
180 1221
180 1222
180 1223
180 194
180 1224
181 182
181 1225
181 1226
181 1227
181 185
182 185
1228 185
1229 196
183 1230
1231 191
184 1232
184 196
184 1233
1234 190
1235 195
1236 197
185 190
185 197
187 192
188 1237
1238 191
190 195
190 197
1239 196
191 1240
193 199
193 1220
195 197
