1370 2589 0
-0.0625053214238002 -0.3014861752797153 -0.0308179615933086
-0.4944681083226930 -0.1045455397787131 0.4304674221554531
0.4794091082132819 -0.2691728047027995 0.2074368176290154
0.3366656280792174 -0.2576453428715825 -0.4567935842019633
0.0967462803093843 0.4867560251512087 -0.1346372029232803
-0.1319061176112090 0.2586901288984597 -0.4222722952666397
-0.1687243768444322 -0.0459075941746282 -0.3481743774244515
0.0645405061436350 0.2437117064642591 0.2773105995607409
0.3753164510398405 0.2908476282343267 0.2371229422153879
0.4210111278280604 0.3072496038705163 -0.3956526612064520
0.0461727721192822 -0.3370076675569773 -0.1969449495568907
-0.1834777400513884 -0.2076030033241922 0.3351947555095504
0.2483991781371695 -0.3539742530971264 -0.0159777818638466
0.2610320450718271 -0.4477561315820512 0.2888953095604175
0.3946376197990722 -0.2840619124978886 0.2368390511282709
-0.4392694369727332 -0.1105607026320865 0.0991399711627175
-0.3065601834826193 0.1490935227302530 0.4775607452262039
-0.2513969931902724 0.0896666328728817 0.2797562620714239
-0.4537800379771504 -0.3577380537391845 0.4370065682750046
-0.2881903489032408 -0.0172179295984647 0.3124317488794099
-0.2548528839955461 0.0706846892856196 0.2828485123914308
0.4206747238315570 0.1359685590536688 0.0430321193590970
0.0855233249129243 0.2404654350537287 -0.0897442904933423
-0.3684059154790883 -0.2683561889065186 -0.3197702126520093
0.2315370386992764 -0.4836630727220148 0.2928033524966885
-0.1059724698105948 -0.4767269091592518 -0.3354376642210537
0.1511095145065567 0.4255963401323137 0.2136313622826440
-0.4650568265347570 -0.0963220359666696 -0.2501364935919877
-0.0665036248758837 0.0587388352934318 -0.0556419562909950
0.3330040531378004 -0.0637615208087564 0.0202120898573219
0.1842334097548103 -0.3122253608037939 0.3950580863440914
-0.0751295409992857 0.2318170261659701 -0.0616496578384052
0.2245135118491248 -0.3952367320421590 0.3385392783811507
-0.0104677486636388 0.4097335999823999 -0.2586955883264800
0.3700002137708125 0.1658737136545790 0.1176527372672703
0.4118618386342412 -0.0384912987001192 -0.3729723989707092
-0.4031183630304110 -0.4643232949262720 0.0269293296558086
-0.1975013778558841 -0.1384016606034033 0.2449641320428548
-0.1336309639701858 -0.4188094503889160 -0.3686090343932845
0.1086001339822043 -0.0419028971548505 0.4097690593141091
-0.3893300348788564 -0.2114623468326069 0.4315399523865464
0.4164383028062079 -0.0560060151981618 0.1160612337108596
-0.2670255864089507 -0.1625460382292934 -0.2484313938159926
0.0473483642944253 0.0727949530767388 -0.3753768786242201
-0.2560026350716362 0.1206913834000535 0.1763267470192248
-0.4732936733216999 0.4282897021957095 -0.4835678114035474
-0.4626068732193219 0.1576257546543688 0.4689627588781904
0.2623551905776549 -0.0244814990039236 -0.4309750210968225
0.0593321759490963 -0.2431992969260157 0.0150802818092260
-0.4134729371752524 -0.3390230069704944 0.2390309147920592
-0.4068782931187858 0.2798356633138062 -0.1796739812829557
0.1555481812030940 0.4562594625848567 0.2559928248579457
0.0420403275898406 -0.0266669140398965 0.3543151928128972
0.4587595828467076 0.4533323309885953 0.4005886331586299
0.0616163155521141 0.4020884465619965 0.3641769442929985
-0.4625890354787348 -0.0445017183009825 0.4794114582704085
-0.3324157960653988 0.3734995511102753 0.0575624060873767
-0.1913472346688878 -0.3392902911213519 0.0750257336245083
0.3795168905998705 0.1350996585786771 -0.2051861858141868
-0.1107735565541176 0.2563761997473268 -0.3000483923797852
-0.3884155085405342 -0.2282549437782899 0.1345799671150652
0.3427029590195811 0.3129845512279091 0.2070964638975442
-0.4504837209428595 -0.4737447480409407 -0.1312944317783129
0.0379365746453117 -0.3826329261979126 -0.0358801706902781
-0.0159873963419565 -0.2730542718238848 0.2851596810829942
-0.2879318105641420 0.4532842136795241 0.2557610858438417
-0.0140293720138483 0.1126480690019349 -0.0716543051312135
-0.2996477628264364 -0.1057429203593008 0.3946830451081686
0.4929136754638286 -0.0537945570078225 0.0225208140179160
0.4915478071387329 0.4155979220241192 0.0776535613817327
0.1307988748922136 -0.3057113744889849 -0.3575812316258702
-0.4437081637698673 -0.0954979404397156 -0.3398642348632155
-0.3103865434146897 -0.4632439692180816 0.0461471930474030
-0.4537109207290572 0.2379941326261736 0.3450224260589867
-0.0409827200613367 -0.1484657581136505 0.2447796930718557
0.3659056236582321 -0.3323805027664048 0.0269876518364005
-0.3511460437417104 0.0052892372789155 0.3647977764170324
-0.0286239050797628 -0.2965768247450018 -0.4585072928520846
-0.0159205267028294 -0.4044941066730853 0.1955329583428814
-0.4210931629095248 -0.0656456930478078 0.4946964179981982
-0.1318424606776515 0.2454697637502027 -0.0832357294503410
-0.0020141654034852 0.2016484703292761 -0.0546639220472293
-0.0127483472954751 -0.0764012736459740 0.1343796771091398
-0.2882962926271047 -0.3029489887339257 -0.4552055917745076
-0.3779258580240248 0.3937768919818315 0.1405457982948814
-0.0773500843146363 0.2394698317604569 0.3266845604394291
-0.2484716325355650 0.3917862183044736 0.3355285863013611
0.2714603323322661 0.2359827477985964 -0.4353402479798622
-0.4172574626042775 -0.3371787866231343 -0.0603572407783537
0.3246403933875375 -0.2124709999643979 0.3279397630474863
0.0955199020172025 -0.1102359344202770 0.2968426219843375
-0.4717550414184563 0.4008434256639448 0.0248713706882067
-0.2667367019750967 -0.3365196446416616 0.2242458476612335
0.2688372560372728 0.0412778447139310 -0.2601837558374019
-0.2064057922176372 -0.4497157491651104 0.3435866074920229
0.3457430264827093 -0.4023507264514681 -0.1762887764021023
-0.1203957345888425 0.4018821663781076 -0.1255725717193138
-0.1611059085112631 0.3881555546108003 -0.3290632200794937
-0.2954053094126970 -0.2942264979402153 0.2422738167194132
0.0478130619337965 -0.0401908911902886 0.4729771468858812
0.0944703460133341 -0.4006843942234696 0.3761431477822179
0.3238606732957068 0.3724571239818450 -0.0905778476230942
0.1917032312722144 0.0160132651809032 0.3646067514926833
-0.1601695973020379 -0.2023483535823223 -0.2089823765882641
0.4152519743408145 0.1615580242740786 0.1503134385821965
-0.2251533505651664 0.4793788528856457 0.1032020435810398
-0.0483232987733710 -0.2150361715794006 0.0018964841849425
-0.1094299620066921 0.2770786915584681 0.3453444023318114
-0.2442201895860949 -0.2168748494520290 0.2288914284662776
-0.0356276682573475 0.1837096877560684 -0.3835358136367236
-0.1404689681086090 -0.0208232053854760 -0.1881617219139210
-0.3258481078728135 0.4892203218955625 0.2473354207955673
-0.2430745006168472 -0.0422556881949527 0.0423832950613054
0.2688346257588162 0.1769203273518118 0.0433067475280197
0.0275029189504845 0.2124298233560055 -0.4063441894715303
0.2710708166876961 0.3020584976709370 0.3048039691616836
0.2269124201167964 -0.3334285870092946 -0.0347448716016436
0.0760539008916108 0.2499738977467422 0.4747756175880509
0.3460835323054746 -0.1415299038056659 0.1956483001573670
-0.0064912703495357 0.0561048053353215 -0.4637986447847555
-0.2175644433670055 -0.3345603582230735 0.4225068962404344
-0.0181294235607033 -0.1762244203437715 0.1204156469007144
-0.4326450290652185 -0.2788068228604496 0.1668823435052282
-0.0148778698900863 -0.1722399068187210 -0.0267606157307347
-0.1614510360573583 -0.1936451781349225 -0.3206529199374204
-0.4833192549466627 -0.4536649622799367 0.3046873612541476
0.3252900996852143 -0.0387272961597364 0.1205129233586291
0.3752109993729857 -0.2719614613515438 -0.2034309119550062
0.3170341379312428 0.1880103439620351 -0.1232358761729080
0.3576005509749308 -0.4173625108893846 -0.4540341649085468
-0.0169042786132109 -0.2543955744607194 0.0756470244992872
0.0614499364008612 -0.4338140969741655 0.3883427835574344
0.0184828685393969 -0.4483273600660083 0.0416787624314515
-0.0188777907397461 -0.0269632739702420 0.3887069885991620
0.0700197262967064 -0.2376296530663145 0.3243956849235933
-0.3534589400533530 -0.1332449826933164 0.2675567903155845
0.3972053606367379 0.1726390423431166 -0.3874309327659644
-0.3183725244087315 0.3529527806941015 -0.0275371635313387
-0.2663458789133957 0.3444840026488218 -0.1761398542950252
0.4554389639745374 -0.1244710513404594 -0.2862681718273095
0.1786104369774835 -0.4604914725611949 0.3268565121195793
0.2322427849289245 0.3591311716115050 0.4722979455661712
0.3187397306995844 -0.0934960203867676 -0.3256709643469312
0.0339183173941107 -0.3662261939443606 -0.1702285004105122
0.4168232710503582 0.3993163793829946 -0.0204490254558928
-0.3812042046352425 0.3014700462154943 0.4267129978445185
0.3260231082771378 -0.0692697857027975 -0.3804731535238155
-0.3654926242374748 -0.3668627569334247 0.3524363393377553
-0.0637263206658856 0.2396164459209591 0.4217678529558720
-0.1338740450274610 0.1178178936508684 -0.4639177989358128
-0.2123002995269365 -0.3363485134397473 -0.3792198145621737
0.1794322091941576 0.3744778110476629 -0.0821040477042335
0.0211543322543752 -0.2345427249006753 0.1973848263371890
-0.1900476177705260 -0.4829425883478047 0.3232278342998769
0.4269469708721159 -0.1254283605555445 0.2514970693616982
-0.3859745240043686 0.2784375093639465 0.0344058454771165
0.3832719119821981 0.0282752637053097 -0.1475087367127585
-0.4682222060517851 0.2199114684553218 0.4068498711186130
0.1654275261063939 -0.4086150221560393 -0.0410609131191221
-0.3217637624506357 0.2131592049570992 -0.4697743844939318
0.3695564393545434 -0.1133162033780027 -0.2024749061486565
-0.4583357663316412 -0.4308459071862674 0.4615481817413895
-0.1975512369211525 0.1021772579792588 -0.2683426065511079
-0.4597672967501928 -0.0553910176624833 0.2228462872876971
-0.4816382714262096 0.2295630293854440 0.0362565495941515
0.3826282387166918 -0.0332657111312230 -0.3091309544132281
-0.3506436032473624 -0.4153120790263891 0.1762245759415444
0.1922399360555418 0.4493467732199085 -0.0163118584225220
0.4308652536606513 0.1742432369432920 0.1371834289074716
0.3062587878163979 -0.1768973931931382 0.0113898137251091
-0.3301291442257763 -0.1521982023274592 0.4115489177409413
0.0102170164706905 0.2363120114534740 -0.1918929572100136
0.0567908599056193 -0.0391000616397279 -0.4431947452340366
0.2964834738805680 -0.0137378093623952 0.4237045992315526
0.1579422683730102 0.3219182197392679 -0.1574388181632420
0.3609816600505015 -0.3345066069906516 -0.3855409899437293
0.2730428108269725 0.3549069331124553 0.4599614248646926
-0.3420261223891237 0.0116805357946044 0.2574618434387140
-0.0932561519202054 0.1074196445125070 -0.4291360890833927
-0.3317069997429779 0.0656548447559397 -0.4789338544255052
-0.1059151224690405 -0.0362550785797534 -0.2184669019986510
-0.2579847070332240 0.0964793590924143 0.2278515480028157
-0.1634653302945920 -0.0689183729565789 -0.3859058462712660
-0.1274228131917068 0.1274134729018352 -0.2665994291945161
0.2482513454746073 0.1395896818456859 0.2834983435434016
0.4462666261752851 -0.2712119841205701 0.4200091455346893
-0.1035535322104986 -0.4043349772585260 0.2163918596590357
-0.3630912056481455 0.1435291411244426 -0.3560818581920937
-0.1041416928971205 0.4648858893647113 -0.0604955587980173
0.1108527325274213 -0.0866031038467769 0.3193256044502529
-0.3027426387184047 -0.2639806047450899 -0.1215703077475316
0.0346204857882779 0.0887783729003083 0.0434394983510697
0.2664403422435270 -0.0058511502798185 -0.0863357459695346
-0.3801289271340306 -0.3104958878172403 0.3653183921129667
0.2900282000952154 -0.2178857876900396 0.2790362779622140
-0.1344295802433441 0.2053515494271726 -0.2963762304778921
-0.1512759782919576 -0.1817018631332921 -0.3566993103445658
0.0130498868636292 0.0254000872170744 -0.4484430273220307
0.1954039094377964 0.3019006343613899 -0.0699187468890735
0.2323780978390789 -0.0066190312563095 -0.4222302537888570
0.2198790555061546 -0.2347707862753548 -0.1970183479221130
-0.4501963959615595 0.3990782446282840 -0.1779987033356157
0.1183751919527195 0.3526957748125176 0.2209926761595932
-0.4573726641675672 0.0272482290275349 0.4873296917113552
-0.3185482230025259 0.2271755342026168 -0.3317232206014804
-0.2090075670812330 -0.1972305585610341 -0.3896501606979737
-0.4819399972008446 -0.1676750166721701 0.2681706648213037
-0.2950053519760545 0.4808315498103403 -0.0245692420077484
-0.3469569049566584 -0.4627709834626935 -0.4200925722346572
0.2767976322296961 -0.4109325550941038 0.2000960543767275
0.3189749171204838 -0.0544323973868881 0.0100716895673013
-0.0599834481603242 -0.4170109458115545 0.1792221071090100
0.0878342847111522 0.3282372396697129 0.2066639455515275
-0.2084857899923929 0.0411392534388667 0.0393294842508693
0.4661224910585736 -0.3015274738370400 -0.2987832171512994
0.4769168059652764 -0.0985226883454614 0.4043986646179957
-0.1800014623268593 0.3957044553457647 0.4329576802729191
-0.0487973676575276 0.4629220379030447 -0.1357233122433937
-0.2552437421532940 -0.3916141126881540 0.3835690712672380
0.2283889852897446 0.0262353319338284 -0.1773841654954030
-0.3996043645272871 -0.1354900800046163 0.0814886077916353
-0.4281641932140876 0.0237812649008569 0.3423389184174726
0.3355308407319683 -0.0775004173411344 -0.4546602055263212
-0.2443512887604964 -0.0930588705293376 -0.3185034229801301
-0.0663259124907273 0.2397307700522014 -0.2822001030846807
0.2439626163515081 -0.2181394320834213 -0.4363380981647524
-0.4694034528370328 0.3871271236223032 0.0907325729091426
-0.0666224782250049 -0.1392566298547815 -0.1967536125213314
0.0735604295736626 0.2244453593984759 -0.1933095868134420
0.3668301661834900 -0.2919914432691917 -0.1466692472436107
-0.0205093502559919 -0.1883411079552284 0.2276895215526014
0.1808841391106486 -0.4729501433902551 0.1594601969690984
-0.0135085029150000 -0.0071475927152602 -0.2328686605289791
0.3053454568382817 -0.4246463381639264 0.3674269271961978
0.1665078919690599 -0.2451587036006870 -0.3405476857331010
-0.0433725833819858 0.0434852340430533 0.2750015109182267
0.2795342609455369 0.0137472660385589 0.1393850555992446
-0.2484033329526637 0.1493621100780577 0.4161215805284388
-0.4067162698447457 -0.3276710949940388 -0.1515991066829519
0.0498598010401016 -0.1738152386800324 0.2944537083324178
-0.0259546741894683 -0.1394160079467901 0.1451666248811398
0.3200892739105831 -0.1398738606922196 -0.3318950050465351
-0.2671458378166655 0.2406292647757228 -0.4282114024415858
0.3886348303229049 0.4049617065839162 -0.2210687823701538
0.2808594900616208 0.1808589371234676 0.1149015006242245
0.4445578319581987 0.2198867434207920 0.2792836652461863
0.4847858272598831 0.3078653138518024 0.0943389036946123
0.1418001427117884 -0.4424953288996237 -0.4078189684159929
0.3315272230674001 0.3436587687907109 -0.1105744627724823
-0.5000000000000000 -0.0984415595190646 0.4065550158213302
-0.4488502647215313 -0.1571044734474953 0.5000000000000000
-0.5000000000000000 -0.1069318590954375 0.4062352416584024
-0.4692388107987992 -0.1673272395181415 0.5000000000000000
-0.3007316840415086 -0.0540757208772749 0.5000000000000000
-0.5000000000000000 0.3281654233569791 -0.4889650038337526
-0.5000000000000000 0.2457483195197145 -0.4287315697006558
-0.5000000000000000 0.2339841850538526 -0.4909887532111424
-0.5000000000000000 0.2227362894665256 -0.4730710484384520
-0.5000000000000000 0.2356877509715709 -0.4746931191943958
-0.5000000000000000 0.2371903945658025 -0.4876678860731214
-0.2612127260196018 0.1530192318139082 0.5000000000000000
0.0872573846802120 0.2440025337069782 0.5000000000000000
0.0014093785471946 0.2270850494046123 0.5000000000000000
0.0051771642837183 0.0812245422584593 0.5000000000000000
0.5000000000000000 -0.3524975007758284 0.2334889149288993
0.5000000000000000 -0.2655430919634194 0.2217167669824752
0.5000000000000000 -0.3008842063011751 0.2254777068785893
0.5000000000000000 -0.2914595640259400 0.1918727122598545
0.5000000000000000 -0.2476534782162732 0.2112377920816420
0.5000000000000000 -0.2585480089063403 0.2155380520032871
0.5000000000000000 -0.2702605403419108 0.2087319530710876
0.4207892044635362 -0.5000000000000000 0.1034018535770420
0.4490009559820099 -0.5000000000000000 0.1153611392255388
0.3749640187465026 -0.5000000000000000 0.0817276544746303
0.3264601845798602 -0.2367581416860669 -0.5000000000000000
0.5000000000000000 -0.3516364771911814 -0.4096800927069730
0.3297180113414859 -0.2780119427009823 -0.5000000000000000
0.2517751516465925 -0.2870784641668604 -0.5000000000000000
0.2966999846044602 -0.2456864402396282 -0.5000000000000000
0.5000000000000000 -0.2176791656829296 -0.4452132625989579
0.3757373893045014 -0.3110995154001675 -0.5000000000000000
-0.4891729045384908 0.4479957476956563 -0.5000000000000000
0.5000000000000000 -0.2356674198540922 0.4649713627915337
0.5000000000000000 -0.1075575187827574 0.4302928946113963
0.5000000000000000 -0.4116893920746169 -0.0199203452964500
0.5000000000000000 -0.4432098218671354 -0.1008735388994472
-0.0162797747781356 -0.2603116660596865 -0.5000000000000000
0.0418723523744413 -0.0852416885248577 -0.5000000000000000
0.1567814342401020 -0.1996783198109818 -0.5000000000000000
0.0565615460723322 0.5000000000000000 -0.1659394083541622
0.1085373189869945 0.5000000000000000 -0.1151558750785518
0.2025197725594634 0.5000000000000000 -0.0787965041206039
0.0868216487736227 0.5000000000000000 -0.1438591064155215
0.0913518795217912 0.5000000000000000 -0.1756927220662123
0.0784412879696351 0.5000000000000000 -0.1463712621463263
0.1161598514667812 0.5000000000000000 -0.1224894540136652
0.1250624320268430 0.5000000000000000 -0.1617845564630071
-0.1505663615312642 0.2071859807389043 -0.5000000000000000
-0.1755701907042044 0.3395122786217581 -0.5000000000000000
-0.2169523285089540 0.2150015657153698 -0.5000000000000000
-0.1330369787851148 0.3715873710590883 -0.5000000000000000
-0.0122198403724821 -0.5000000000000000 -0.0059169520646730
-0.1567619422419071 -0.5000000000000000 0.0223803353113306
-0.0089630260894278 -0.5000000000000000 0.0170482580023697
0.0852720818991248 -0.5000000000000000 0.0866014236354278
-0.2231819489716570 -0.5000000000000000 -0.0905627366392567
0.2670406172163665 0.2565492092372943 0.5000000000000000
0.1671774338737928 0.0790186658738681 0.5000000000000000
-0.1992198595128277 -0.5000000000000000 0.3091096187923842
0.2496949222637443 0.4260325503032111 -0.5000000000000000
-0.3607941839554141 0.0756756741466547 -0.5000000000000000
-0.4540720307990188 0.1389303130766591 -0.5000000000000000
0.5000000000000000 0.2940574865333073 0.2456767478037304
0.5000000000000000 0.2808154854021799 0.2848718661155762
0.5000000000000000 0.3632931964239242 0.2475379492984025
0.5000000000000000 0.2820706662053299 0.3042308606815513
0.5000000000000000 0.3647331832925726 0.3069129915739813
0.5000000000000000 0.3070567264693375 0.3112398963216419
0.5000000000000000 0.3028349052339605 0.2303052940518064
0.3111929739854772 0.2989285087567701 -0.5000000000000000
0.5000000000000000 0.4122403334104875 -0.4492832261293908
0.5000000000000000 0.3664502377864137 -0.3668367815368294
0.5000000000000000 0.3130207490913549 -0.3222180999265171
0.5000000000000000 0.3470746220225890 -0.1982319086190225
0.5000000000000000 0.3086266184568668 -0.3968314563875250
0.5000000000000000 0.2986901404608424 -0.4126864207422348
0.5000000000000000 0.2363384845546227 -0.3531475333769363
0.5000000000000000 0.3673817939240465 -0.3266924518755744
0.4481836079206960 0.2830191590785530 -0.5000000000000000
0.2623581072806004 0.2680723472363986 -0.5000000000000000
0.3007273987054541 0.2553147771121274 -0.5000000000000000
-0.5000000000000000 -0.4298658095449482 -0.4879664784021732
0.5000000000000000 0.2126183315645786 0.1740930306161644
0.5000000000000000 0.2405837917864287 0.2731771875117632
-0.0282258884822824 -0.1486431875321179 0.5000000000000000
-0.0770919886780575 -0.2033003231433806 0.5000000000000000
0.0093375657929667 -0.2632506374665364 0.5000000000000000
0.3703043640712852 -0.5000000000000000 -0.1219218428472501
0.3527163016341909 -0.5000000000000000 0.1456464669862266
0.3607362898066145 -0.5000000000000000 -0.0322892211170249
0.5000000000000000 -0.4689897649962729 0.2727209794550755
0.5000000000000000 -0.4352683759843676 0.2966738887962355
0.5000000000000000 -0.4955432964074094 0.3667580866580896
0.3488432661762213 -0.5000000000000000 0.1599718519322404
0.5000000000000000 -0.4208094098723137 0.3717602193373957
0.5000000000000000 -0.2656330970090764 0.4304370426238169
0.5000000000000000 -0.2655183471607392 0.2619762160392672
0.5000000000000000 -0.3655702688531758 0.2715875708645643
0.5000000000000000 -0.3385647219288759 0.3173178346488292
-0.5000000000000000 -0.1015348735580439 0.0823846846786824
-0.5000000000000000 -0.2097846573283760 0.1547171176044817
-0.5000000000000000 -0.1072675586053846 0.0321968609164431
-0.5000000000000000 -0.1176335345253404 0.1756698061425236
-0.5000000000000000 -0.0719719014840531 0.0784938619993583
-0.5000000000000000 -0.1247311436952859 0.0665540989110792
-0.5000000000000000 -0.1685805101169534 0.1163150881416238
-0.2570490275760910 0.1363038874840673 0.5000000000000000
-0.2928261721352537 0.0805764698566886 0.5000000000000000
-0.2417529768454461 0.2133588400662244 0.5000000000000000
-0.3148725940520678 0.1487307215820317 0.5000000000000000
-0.2548981888798808 0.1626938453645067 0.5000000000000000
-0.2759737417637608 0.1596752402124482 0.5000000000000000
-0.2915412716679072 0.1440581113548473 0.5000000000000000
-0.2945043598461098 -0.0300774321089657 0.5000000000000000
-0.2813434186255762 0.1576357982464042 0.5000000000000000
-0.5000000000000000 0.0987209382888952 0.2347949771302138
-0.5000000000000000 -0.3607663785166023 0.3797209492212009
-0.5000000000000000 -0.3276363458843783 0.3962212075750151
-0.3633340347259873 -0.3818933207099560 0.5000000000000000
-0.3259731216736833 -0.3490796791291338 0.5000000000000000
-0.5000000000000000 -0.4242243943583500 0.4302704041548084
-0.5000000000000000 -0.3618521066594709 0.4177797593063167
-0.1302065895327251 -0.5000000000000000 -0.3429405805204183
-0.3173447051252692 -0.5000000000000000 -0.4082362492437839
0.2807218128090937 0.3452076408218994 0.5000000000000000
0.3293157325005605 0.3370879370684780 0.5000000000000000
0.1721798593178843 0.2340315497195602 0.5000000000000000
0.3340701396207781 0.1185815324996187 0.5000000000000000
0.3543528393151848 0.2146458734854386 0.4935512764799636
0.4612418528891835 0.4757445633505074 0.5000000000000000
0.2694536242244273 0.3830306018784272 0.5000000000000000
0.5000000000000000 0.1249911938323067 0.0668419966261866
0.5000000000000000 0.1800870418085450 0.0836287849530756
0.5000000000000000 0.1674295705440669 0.0164061955033761
-0.2107527713530344 -0.0973852849649502 -0.5000000000000000
-0.2330533665809438 -0.1619586112216582 -0.5000000000000000
0.5000000000000000 0.1662598925050984 0.4945922388467907
-0.5000000000000000 -0.2790931381315079 -0.2623349173895936
-0.5000000000000000 -0.2956025520156499 -0.4064125284704613
-0.5000000000000000 -0.3507178393196027 -0.4103510872922499
-0.5000000000000000 -0.1770235066094119 -0.3211661857538016
-0.5000000000000000 -0.3382753590303045 -0.3711334950798446
-0.5000000000000000 -0.3654998136979058 -0.2521459190833872
-0.5000000000000000 -0.3122159083497303 -0.2872066964055355
0.2576966686166334 0.5000000000000000 0.2166965003895794
0.2474281007981315 0.5000000000000000 0.2273838409808080
0.3240795645287628 0.5000000000000000 0.2627365952606394
0.2845014405201587 0.5000000000000000 0.2165525148585727
0.2593512279033495 0.5000000000000000 0.1629338881575712
0.0851290895038503 0.5000000000000000 0.1252374321958606
0.3068616681117478 0.5000000000000000 0.2074968366803892
0.5000000000000000 -0.4727964689772292 0.2729098635404864
0.2525667082305296 -0.5000000000000000 0.3468628392966421
0.2002383862418564 -0.5000000000000000 0.2854531347894121
0.4051635946165740 -0.5000000000000000 0.3434313066572591
0.2527371327667789 -0.5000000000000000 0.2958115115034636
0.2410236530555851 -0.5000000000000000 0.2690845083710340
0.3311445268951166 -0.5000000000000000 0.1781964018619164
0.2292061689404099 -0.5000000000000000 0.2885357739818876
0.2530397462374133 -0.5000000000000000 0.3079280849587718
0.1440947495953898 -0.5000000000000000 0.2497714574583770
0.2361122630463121 0.4313741529515384 -0.5000000000000000
-0.0953761157872331 -0.5000000000000000 -0.3234570994362029
-0.1185778173399428 -0.5000000000000000 -0.3311424651624338
-0.1039319761278688 -0.5000000000000000 -0.3440336298584416
-0.0178933860245746 -0.5000000000000000 -0.3311902264303077
0.3472191409184389 -0.5000000000000000 -0.1335643466470333
-0.0773925537063354 -0.5000000000000000 -0.3185464149830248
-0.0624876134515176 -0.5000000000000000 -0.2668386795443702
-0.0908401201377159 -0.5000000000000000 -0.2988651771207501
-0.1697481683646796 -0.5000000000000000 -0.3020320626036367
-0.1349383083141608 -0.4947393281933457 -0.5000000000000000
-0.0129195520965838 -0.5000000000000000 -0.3384399740479750
0.0862169114817410 0.5000000000000000 0.2049579343889736
-0.1182778067124970 0.1698231028558621 -0.5000000000000000
-0.0846986645292541 0.1831332414402107 -0.5000000000000000
-0.0618768277549427 0.0924990810124407 -0.5000000000000000
-0.1452999731614216 0.1328944228415584 -0.5000000000000000
0.5000000000000000 -0.0608797649445043 -0.0180293031740456
0.5000000000000000 -0.1283061400458991 -0.1740098200907762
0.5000000000000000 -0.1039727046534830 -0.2189190163017981
0.5000000000000000 -0.0608863815175145 -0.1614920694207006
0.5000000000000000 -0.0932055823204905 -0.1735233011612909
0.5000000000000000 -0.0751997694762992 -0.1988025117665901
-0.5000000000000000 -0.0580528471836120 0.1903000779205346
-0.5000000000000000 -0.0247545106862153 0.1562438083585570
-0.0536912666522329 0.5000000000000000 -0.2647503153288626
-0.0808739761691654 0.4989684518705401 -0.3851945555778263
-0.1910701094694935 0.4966969861398122 -0.2762962644049913
-0.0608451530366128 0.5000000000000000 -0.1943610364601298
0.0607255560026069 -0.0444907581305666 0.5000000000000000
0.0061794837651658 0.0584324745228331 0.5000000000000000
-0.5000000000000000 -0.1468101378603231 -0.2421530498181876
-0.5000000000000000 -0.0986091322948521 -0.1841577807138712
-0.5000000000000000 -0.1070610305472554 -0.2740646748877996
-0.5000000000000000 -0.1025210554484092 -0.2564913302125449
-0.5000000000000000 -0.0152479760988744 -0.3014778153029888
-0.5000000000000000 0.1481383294812699 -0.2825998787522289
-0.5000000000000000 0.1938394567055989 -0.2661937444656952
-0.5000000000000000 0.1652912431297972 -0.2819450212304809
-0.5000000000000000 0.1500746025995125 -0.2995989002231090
-0.5000000000000000 0.1535269311048547 -0.3157089554094318
-0.5000000000000000 0.1693688178391084 -0.3088737481366315
-0.5000000000000000 0.1424254536664870 -0.2619680850877627
-0.5000000000000000 -0.0115712303264386 -0.3028095279590960
0.5000000000000000 -0.4465460057626145 0.2268577469574345
0.5000000000000000 -0.4645364126563765 0.2624997094096736
0.5000000000000000 -0.4654371674635360 0.2834298755453175
0.0417559903349577 -0.0210125651776265 0.5000000000000000
0.0655232586891762 0.2186920102751713 0.5000000000000000
-0.0334211675636166 0.1721898806138526 0.5000000000000000
-0.0078451934216401 0.0731249056676538 0.4846809783774160
-0.1418975022116116 0.1156478209964782 0.5000000000000000
-0.4074182206133861 -0.5000000000000000 0.3456832217621693
-0.3698509623808979 -0.5000000000000000 0.4523374771012505
-0.5000000000000000 0.4523479046043867 0.2051437585934324
-0.5000000000000000 0.4228814896210514 0.2387558501826120
-0.5000000000000000 0.4725053002481088 0.2057015876118735
-0.5000000000000000 0.3524916778075657 0.3325768921640892
-0.5000000000000000 0.3946615111762636 0.0977127430306040
0.2485557943581052 0.3594059298378006 0.5000000000000000
0.3095920801742491 -0.3531535585674323 0.5000000000000000
0.2076623152982956 -0.3794277696573088 0.5000000000000000
0.0978462957855862 -0.2883484052511074 0.5000000000000000
0.3238374862728528 -0.2660329881799340 0.5000000000000000
0.3357347154778199 -0.3786315266340835 0.5000000000000000
0.2463212775514110 0.3434372434032872 0.5000000000000000
0.5000000000000000 -0.1817344388067139 0.2657832432093687
0.5000000000000000 -0.2631767817110416 0.3682817026056358
-0.3649950756943460 0.5000000000000000 0.4442630543396306
-0.3035487629039910 0.5000000000000000 0.4626893978531457
-0.2932179364226168 0.5000000000000000 0.4620084881456518
-0.5000000000000000 0.1282339122223208 -0.3483725050755006
0.0458950013321311 0.5000000000000000 0.2997179962434622
-0.2022674650877362 0.5000000000000000 0.1162965892537053
-0.2610249157405337 0.5000000000000000 0.0104853918900323
-0.2780481133403759 -0.1843210467492710 0.5000000000000000
-0.2337903199800784 -0.1487204572753753 0.5000000000000000
-0.3926968737267462 -0.0791189904566854 0.5000000000000000
-0.2102794767385482 -0.2277618727704604 0.5000000000000000
-0.2474713839915928 -0.1619162214553462 0.5000000000000000
-0.0004427778771281 0.4157108395488558 0.5000000000000000
0.0420376243105615 0.3090007421715843 0.5000000000000000
0.1386880415261289 0.3816905742647041 0.5000000000000000
-0.0379246553428627 0.3520297609498457 0.5000000000000000
-0.0877613538348217 0.4101930164229053 0.5000000000000000
0.0345923840601851 0.5000000000000000 -0.3169231126144365
0.1422230131868442 0.5000000000000000 -0.2692004645535775
-0.1297271101001972 0.3823915329014817 -0.5000000000000000
0.3955825509506596 -0.4827672928532463 -0.5000000000000000
-0.5000000000000000 -0.1782869257935055 -0.4510688803752811
-0.3658789212382355 -0.3050723925257368 -0.5000000000000000
-0.3843801560442448 -0.2496460986131107 -0.5000000000000000
0.5000000000000000 -0.0712827190985190 -0.3194319287416643
0.3352204103424994 -0.0001823288942038 -0.5000000000000000
0.5000000000000000 0.0179465531537552 -0.3044458705410585
0.5000000000000000 -0.0142901226182779 -0.3144713027592714
0.5000000000000000 -0.0195806906138244 -0.4080110480799000
0.2885782693309442 0.0633548004064768 -0.5000000000000000
0.5000000000000000 0.0418782281633978 -0.4017162459644859
-0.5000000000000000 -0.4593470397681577 -0.0697110413228375
-0.5000000000000000 -0.4398035008059974 0.0365316943302701
-0.3971738602921921 -0.5000000000000000 0.0267673600785464
-0.4248182631712829 -0.5000000000000000 -0.0107485741968388
-0.2721100590279127 -0.4338498221223544 -0.5000000000000000
-0.1995810266933841 -0.4070433409392936 -0.5000000000000000
-0.1355388100881559 -0.4930454571110479 -0.5000000000000000
0.5000000000000000 0.4641096298541870 -0.4824659059979478
0.2469531849259820 -0.5000000000000000 0.4132765893444947
0.2255814471733363 -0.5000000000000000 0.4132288606132941
0.2441550506185087 -0.5000000000000000 0.3871854649041060
0.2871554465460751 -0.5000000000000000 0.4091947305520950
0.5000000000000000 0.4223276175818382 -0.3741057832649792
0.5000000000000000 0.4166389981011790 -0.2901428355104575
-0.5000000000000000 0.2133908103216766 0.3176544289350546
-0.5000000000000000 0.2044312407174018 0.3784871599458317
-0.5000000000000000 0.2192689354459890 0.0497628631674679
-0.5000000000000000 0.0531159210621510 0.2314828233022795
-0.5000000000000000 0.1017104076489806 0.2117293286185757
-0.5000000000000000 0.0453767630767878 0.3045345415169368
-0.5000000000000000 0.4501191619719673 -0.0150419402580735
-0.5000000000000000 0.4725337910182417 -0.1609482206044435
-0.3433267239960186 0.5000000000000000 -0.0426701029284315
-0.5000000000000000 0.1824507193955311 0.4625916646341449
-0.5000000000000000 0.3104587189158329 0.4262895228089694
-0.5000000000000000 0.2335470559114753 0.4092280195981602
-0.1847976108526956 0.3651245389176966 -0.5000000000000000
-0.1471541105354227 0.3339035077575083 -0.5000000000000000
-0.2439547806908413 0.2997302845282451 -0.5000000000000000
-0.2063016196959238 0.3338655723810531 -0.5000000000000000
-0.5000000000000000 -0.0627798642235620 0.2542996218526815
-0.5000000000000000 -0.0368150842223873 0.2559092793521093
-0.5000000000000000 -0.0537340101038213 0.2206133195007804
-0.5000000000000000 -0.0358682310475696 0.2275888372959706
-0.5000000000000000 -0.0198623339586291 0.2701698286264593
0.0276606359945778 -0.1136185580787929 0.5000000000000000
0.2090932067825101 -0.0341706362234826 0.5000000000000000
0.3581552435725981 -0.0633460315466170 0.5000000000000000
0.1636931771577928 0.0405355935236054 0.5000000000000000
0.2694416968444788 -0.1152800391714530 0.5000000000000000
-0.4059132976596351 -0.2012920531450462 0.5000000000000000
-0.5000000000000000 -0.2244673016617334 0.3620570615628775
-0.1163496179222837 -0.2042339532178639 0.5000000000000000
-0.2848327226521375 -0.2690074192894589 0.5000000000000000
-0.3080760350429509 -0.2433550137609575 0.5000000000000000
-0.4273019715515813 -0.2104360712133295 0.5000000000000000
-0.4444882002556494 0.4151556968952507 -0.5000000000000000
-0.3106371171056210 0.3775905723933654 -0.5000000000000000
-0.3342140611012123 0.2732221807500398 -0.5000000000000000
-0.3186507103292368 0.3189033557699960 -0.5000000000000000
0.5000000000000000 -0.0109100958759430 0.1192802868397274
0.5000000000000000 0.0143564132861687 0.2135085605654853
0.5000000000000000 -0.0810773812005498 0.2159454613354271
0.5000000000000000 -0.0678048363074122 0.1279079120780926
0.5000000000000000 -0.1249923673300750 0.1600232918185936
0.2744052237078866 0.2084113732778680 -0.5000000000000000
0.3457826128932012 0.1616701357381955 -0.5000000000000000
-0.5000000000000000 0.2458269303442523 0.3211478123313975
-0.5000000000000000 0.2967887510219125 0.3509488621976006
-0.5000000000000000 0.2276529560746954 0.3824810591758414
-0.0742472033108244 0.5000000000000000 -0.0687543992822568
-0.0287025534196950 0.5000000000000000 -0.1292153793209045
0.5000000000000000 -0.1192042022977681 -0.2780593051946753
0.5000000000000000 -0.0738503540735861 -0.2823532921962307
0.5000000000000000 -0.2516290192501964 -0.2888148807881386
0.5000000000000000 -0.0964111412434778 -0.3325985028649937
-0.2871559107522380 -0.0327124903451918 0.5000000000000000
-0.3993157411364232 -0.0629447093829511 0.5000000000000000
-0.0778260354503828 -0.0417860154700028 0.5000000000000000
-0.0814973463533544 0.0399565472831696 0.5000000000000000
-0.4125085724210229 0.0103384130704433 0.5000000000000000
-0.2614563903691550 0.0192092092148686 0.5000000000000000
-0.5000000000000000 -0.3925838367119835 0.4949219760332137
0.1317823327723461 0.2478593600504006 0.5000000000000000
0.2413207329578067 0.3216806725069273 0.5000000000000000
-0.5000000000000000 -0.1363798199402416 -0.3049562012318612
-0.0667889876451553 -0.1305993199339311 0.5000000000000000
0.0254969231946571 -0.0861208141969469 0.5000000000000000
-0.0037338532550008 -0.1140047469710515 0.5000000000000000
0.0106715329645780 -0.1525028615596496 0.5000000000000000
0.0067715306310595 -0.1424139759845373 0.5000000000000000
0.0997703883686709 0.0750069012938964 -0.5000000000000000
0.1139472424466814 -0.5000000000000000 0.4581827870683907
-0.3512410248719785 0.5000000000000000 0.2493827633327151
-0.4993368197565391 0.5000000000000000 0.3772218348089810
0.3254461021490412 -0.1246399133296584 -0.5000000000000000
-0.5000000000000000 -0.0521075458297656 0.0036488285973945
-0.5000000000000000 0.1059032078770592 0.0861075923584601
-0.5000000000000000 0.1030581821110080 0.0296366151266614
0.5000000000000000 -0.2407821576462964 -0.1180933823180971
-0.3108495641184305 -0.3569947765632789 -0.5000000000000000
-0.2969557891506939 -0.4030437871330619 -0.5000000000000000
-0.3465985214272098 -0.4516767527171932 -0.5000000000000000
-0.5000000000000000 -0.1429506945913604 -0.4995680416229871
-0.3320096668403420 -0.2010308065538508 -0.5000000000000000
-0.4979847610441743 0.4189001026778909 -0.5000000000000000
0.4980299766408705 0.5000000000000000 0.2124086475711820
0.4515833707536643 0.5000000000000000 0.1723795339651550
0.5000000000000000 0.4099393480258655 0.1496219136347358
-0.5000000000000000 0.4413618993750733 -0.4627336846011359
-0.5000000000000000 0.4279261970633344 -0.4714540231458484
-0.3911102027988078 0.5000000000000000 -0.4908198587555515
-0.4965024919135823 0.5000000000000000 -0.4717762544194250
-0.5000000000000000 0.4949240489618164 -0.4231622842124780
-0.4128361411695566 0.5000000000000000 -0.3064533862795333
-0.5000000000000000 0.4311325481908460 -0.4999131386511990
-0.3071759070986665 0.5000000000000000 -0.4224809031556374
-0.5000000000000000 0.4330636131372375 -0.4629615284935892
-0.5000000000000000 0.1585398533420575 0.4466291050901355
-0.5000000000000000 0.1400011093138959 0.4349365488249061
-0.5000000000000000 0.1330929988518290 0.4716313182568012
-0.4175720357142569 0.1541440825428062 0.5000000000000000
-0.4878844277182102 0.1447366145015699 0.5000000000000000
-0.4945548837490914 0.1051574480083907 0.5000000000000000
-0.5000000000000000 0.1482577156890319 0.4623096771003637
-0.4659363655914798 0.2437865051236159 0.5000000000000000
-0.5000000000000000 0.1660024123398426 0.4497819026247473
0.0164531075848962 0.5000000000000000 0.4035666368242149
0.5000000000000000 -0.3850436317871500 -0.4104219448906485
0.5000000000000000 -0.3661253130804243 -0.3948754928626415
0.5000000000000000 -0.3347571912697884 -0.3431485962128834
0.1623376939388959 0.0429221754954027 -0.5000000000000000
0.2054743051136560 -0.0614785382066104 -0.5000000000000000
0.2937307924825495 -0.0014441524043381 -0.5000000000000000
0.2726872155796766 -0.0596018981587275 -0.5000000000000000
0.2766278835123527 0.0591888541857506 -0.5000000000000000
0.1788239382975725 -0.0185696811782745 -0.5000000000000000
-0.4073792115297190 -0.3786642770565263 -0.5000000000000000
-0.4453851510628835 -0.4334638479343346 -0.5000000000000000
0.5000000000000000 -0.4253912033864601 0.2721694064467958
0.5000000000000000 -0.3018100226396292 -0.2892452747254223
-0.5000000000000000 -0.2750647572900802 0.1941584110045367
-0.5000000000000000 -0.3508104937320980 0.2261580452618384
-0.5000000000000000 -0.4020006824655941 0.2193488630812175
-0.5000000000000000 -0.3875736340398011 0.1263952942752821
-0.4643587571186171 -0.5000000000000000 0.2701329913790119
-0.5000000000000000 -0.3070393772966076 0.2139895116888008
-0.5000000000000000 -0.2988604119594329 0.1920751588883673
0.1676001256718613 0.1302980958532928 -0.5000000000000000
0.1328265229292614 0.0713978298177347 -0.5000000000000000
0.0911168552082274 0.1116213640387706 -0.5000000000000000
0.0560414994552056 0.0662357593227225 -0.5000000000000000
0.1787807952942028 0.0978378919955362 -0.5000000000000000
0.0926953360821731 0.0330791371854672 -0.5000000000000000
0.0741731161618520 0.0558417287663766 -0.5000000000000000
0.1495070136256711 0.0508651293147371 -0.5000000000000000
0.5000000000000000 0.4915969415020681 -0.1378026885350072
-0.5000000000000000 0.3348783079030634 -0.2633648119779419
-0.5000000000000000 0.3221625321022069 -0.2107054988922568
-0.5000000000000000 0.2571715753549620 -0.2193355059700044
-0.5000000000000000 0.2665157667981186 -0.1352573699248945
-0.5000000000000000 0.2958000963721270 -0.2202593600873773
0.1962574928299119 0.5000000000000000 0.0036325420172734
-0.0338663237505787 0.5000000000000000 -0.0352625181642040
0.0113925482814442 0.5000000000000000 -0.0916247560664132
-0.0661316730698560 0.0528342985954714 -0.5000000000000000
-0.1682757238930054 0.1024050135035396 -0.5000000000000000
-0.3288129907786191 0.0623846634874596 -0.5000000000000000
0.0925373677598753 0.5000000000000000 0.2142689189218534
0.1266331561143291 0.5000000000000000 0.2568946138535453
0.1125130295297159 0.5000000000000000 0.3164286236618020
0.1785578582254694 0.5000000000000000 0.2349488711045307
0.2721675717883349 0.5000000000000000 0.2923680834668646
0.1591879955108698 0.0496147061083754 0.5000000000000000
-0.5000000000000000 -0.3140885384430677 -0.1338259521361196
-0.5000000000000000 -0.2794169150566367 -0.1875349839547266
-0.5000000000000000 -0.3077412301997546 -0.1851178095182228
0.1244013662373952 -0.5000000000000000 0.3038654319421751
0.5000000000000000 0.3422922550792911 -0.1889291194634261
0.5000000000000000 0.3471445950916108 -0.1925775857598490
0.5000000000000000 0.3456680663120902 -0.1870264760529113
0.5000000000000000 0.3425547601928076 -0.1957354332581377
0.5000000000000000 0.3513283095390261 -0.1808125751429715
0.5000000000000000 0.3509659887287793 -0.1895130817173811
0.5000000000000000 0.3489351136528832 -0.1866222169135177
-0.5000000000000000 -0.2494943624276633 0.1709305067432099
-0.5000000000000000 -0.2594117367308248 0.1872857559096664
-0.5000000000000000 -0.2617123926203184 0.1761194892117687
-0.5000000000000000 -0.2355292913719304 0.1937479307972027
-0.5000000000000000 -0.2651395194916598 0.2145030364856956
-0.5000000000000000 -0.2021767573952773 0.2331842636065276
0.5000000000000000 0.4444493889693564 0.3589453264614936
0.4834903573657547 0.5000000000000000 0.4242641652002274
0.3069401914708469 0.5000000000000000 0.4324322609337661
0.4694044235719289 0.4164790469127530 0.5000000000000000
0.5000000000000000 0.4233778511311128 0.4037362870249226
0.5000000000000000 0.4504981475127887 0.4282615744573781
0.5000000000000000 0.4550002319698995 0.4001521619590990
0.2389854928442940 0.5000000000000000 0.3790224337362048
0.5000000000000000 0.4891564049076266 0.4218406550987475
0.5000000000000000 0.4372636475952343 0.4090118749095715
0.5000000000000000 0.4763480282641472 0.3702789409405614
0.4333931269172269 0.5000000000000000 0.3685861287431803
-0.0753057651949086 0.5000000000000000 0.3908387325593427
0.0818788564124398 0.4732326885796236 0.5000000000000000
0.1101721530600347 0.5000000000000000 0.4319278263518358
0.0746079585163521 0.5000000000000000 0.3635512142168355
0.0024443120923711 0.5000000000000000 0.3832468596278629
0.0647086369631111 0.4151564130703707 0.5000000000000000
0.0297948505260536 0.5000000000000000 0.3925386419600504
0.3770412995938352 0.5000000000000000 -0.2253490204476064
0.5000000000000000 0.1962109726636516 0.1934183725754125
0.5000000000000000 0.2289581513962873 0.2972783400685601
-0.4888757384535777 -0.0432639713490428 0.5000000000000000
-0.5000000000000000 -0.0521186305779526 0.4672519208721788
-0.5000000000000000 -0.0338494905414120 0.4392534051438401
-0.3130200049834051 -0.0511630300644062 0.5000000000000000
-0.3263862802250552 0.5000000000000000 0.0525237942588202
0.5000000000000000 0.1496236667702219 -0.2650270772556484
0.5000000000000000 0.0902285669221705 -0.2326729271483195
0.5000000000000000 0.1171356340202876 -0.1620234733457886
0.5000000000000000 0.1851605773126654 -0.1648291435968393
0.5000000000000000 0.0502721009476564 -0.1652513283952114
0.5000000000000000 0.1741964237438844 -0.0983258904737019
-0.1847470526674072 -0.5000000000000000 0.3174024892786929
-0.5000000000000000 -0.1524767690670958 0.0240877077888252
-0.5000000000000000 -0.2178763634732796 0.0724159842745812
-0.5000000000000000 -0.2436218644024146 0.1387997113003224
-0.5000000000000000 -0.2382374517278369 0.0799430422787597
0.5000000000000000 0.3794458380033128 0.2368044280463758
0.5000000000000000 0.4581215843916170 0.3030463870543282
0.5000000000000000 0.3141543917805421 0.2160577450080158
-0.5000000000000000 -0.4670524199328928 -0.1418462254081978
-0.4115105698872606 -0.5000000000000000 -0.0981611078278587
-0.4585723411466346 -0.5000000000000000 -0.1495198252600340
-0.4409803689959877 -0.5000000000000000 -0.1148354245895725
-0.5000000000000000 -0.4926028196891089 -0.1653573713257259
-0.4205895130456108 -0.5000000000000000 -0.1537934298207601
-0.5000000000000000 -0.4796147439364640 -0.2170925895926393
-0.4609061059862070 -0.5000000000000000 -0.1392678088892184
-0.5000000000000000 -0.4336016046229556 -0.1833391123233948
0.0583966082400180 -0.5000000000000000 -0.0487140243840239
0.0058592868304806 -0.5000000000000000 -0.0879068174840268
-0.5000000000000000 -0.4448021169410630 0.2941506012785647
-0.5000000000000000 -0.3683914261993613 0.2805062689206161
-0.5000000000000000 -0.3378552638045513 0.2916921761387358
-0.2072434205540900 0.5000000000000000 0.3327592606686541
-0.1663634387358546 0.5000000000000000 0.3835868317040110
-0.2850746717912117 0.5000000000000000 0.2807427147212822
-0.1474924948104987 0.5000000000000000 0.4111565945249648
0.0116656534666902 0.4956980656608720 0.0901631029078595
-0.0920179301566545 0.5000000000000000 -0.0334988446965350
-0.2696220806361387 0.5000000000000000 -0.0120936017506322
0.0480542191151960 -0.2773557106900312 0.5000000000000000
-0.5000000000000000 0.4298167272477901 0.0248043665423913
-0.5000000000000000 0.4213408957211627 0.0741831284212312
0.5000000000000000 -0.3131489045838128 -0.2859281805365342
-0.1710092627040759 0.5000000000000000 0.2718585625254381
-0.5000000000000000 0.4896591528333477 0.1578357330911079
-0.3445711797783692 0.5000000000000000 0.2128588743863604
-0.1752570921921132 0.5000000000000000 0.3172173635617848
-0.2847192458939606 0.5000000000000000 0.2918282909043280
0.2160160548105962 -0.0958303100990355 -0.5000000000000000
0.0767645678429577 -0.0667909116100146 -0.5000000000000000
0.2710216320877202 -0.0899930480730636 -0.5000000000000000
0.1966390372862428 -0.1821122055290724 -0.5000000000000000
-0.5000000000000000 -0.1198013579364793 0.2649917426938678
-0.0926027629470349 -0.1932348030766730 0.5000000000000000
-0.2931943111774119 -0.0534208557266491 0.5000000000000000
-0.5000000000000000 -0.4747996984031831 -0.0380814808370687
-0.5000000000000000 -0.3928026592473037 -0.1082331351768351
0.5000000000000000 -0.4573079826052168 -0.1842653803929838
0.5000000000000000 -0.4583828027989698 -0.2118781726111930
0.5000000000000000 -0.4498477308502423 -0.2054899975155952
0.5000000000000000 -0.4116825053746088 -0.2211787680942151
0.5000000000000000 -0.4620614835800191 -0.1944663825398721
0.4268007029155602 -0.5000000000000000 -0.2522709745658101
0.4266373728281999 -0.5000000000000000 -0.3242654915335674
0.4379840774085563 -0.5000000000000000 -0.2932255741866279
0.3442959881034438 -0.5000000000000000 -0.3219189347056729
0.5000000000000000 -0.0229629134535648 -0.0394319735376260
0.5000000000000000 -0.0720159365313669 0.0487458585471038
0.5000000000000000 -0.0674547775752229 0.0334851592575828
0.0618222514193074 0.4920335393124460 0.3137810768227802
-0.1729027248294778 0.5000000000000000 0.1510714635789030
-0.2773467277181334 0.5000000000000000 0.2547948218239732
0.5000000000000000 0.4189592840666991 0.0617821974079507
0.5000000000000000 0.4311503232210460 0.0679093568070326
0.3518256161133747 0.5000000000000000 0.0010625978631971
-0.5000000000000000 0.3935311319384107 -0.3121112799215238
-0.5000000000000000 0.4056199976050345 -0.2326875002429405
-0.5000000000000000 0.3346719306862800 -0.3695656472136833
0.0970400423269973 -0.0373349502209782 0.5000000000000000
0.3253949740480318 -0.0159720395171993 0.5000000000000000
-0.5000000000000000 -0.2124256092759599 -0.0535256082028808
-0.5000000000000000 -0.0899220114090008 -0.0277915455418531
-0.5000000000000000 -0.1464508367375470 -0.0674148050348084
-0.5000000000000000 -0.0746162247566583 -0.0302771911279756
-0.5000000000000000 -0.1168075992672546 0.0064923405755104
-0.2439552382239031 -0.5000000000000000 0.1429264401008062
-0.3647630263162424 -0.5000000000000000 0.1048001171073353
-0.1972639444434454 -0.5000000000000000 0.2670232536831938
-0.2347642681804231 -0.5000000000000000 0.1937207996059612
-0.1877056823056389 -0.5000000000000000 0.2013394914216519
-0.1766829669520100 -0.5000000000000000 0.1942539115633304
-0.5000000000000000 -0.0898601556989048 -0.4326857738830037
-0.5000000000000000 -0.1804712269757253 -0.3883987055781626
-0.5000000000000000 -0.1102381417424385 -0.3318518604686204
-0.5000000000000000 -0.0811937272793257 -0.3857048544127550
-0.5000000000000000 -0.0693321710969692 -0.3581668395302675
-0.5000000000000000 -0.1058577425509004 -0.3755272630142123
-0.5000000000000000 -0.0139569646446904 -0.3045823722631423
-0.2843477786305461 -0.5000000000000000 0.0575968149765485
-0.3173459678704685 -0.5000000000000000 0.0432747650349783
-0.1695588625155807 -0.5000000000000000 0.1050662220053563
0.5000000000000000 0.4179349787989379 -0.0491207090051723
0.5000000000000000 0.4237119059988404 -0.1507589362927710
0.5000000000000000 0.4039677124340741 -0.0947789165523003
0.5000000000000000 -0.4829579720558246 0.3919879546891024
-0.5000000000000000 0.2664060602430010 0.2681027602101028
-0.5000000000000000 0.1979277513592409 0.3345319670602944
-0.5000000000000000 0.2528253233111319 0.3053307188698979
-0.4202869322958653 -0.0814186340693885 0.5000000000000000
-0.4686143301219653 -0.2785500167021788 0.5000000000000000
0.5000000000000000 -0.2492314387635572 0.0233476974922642
0.3712985327268032 -0.5000000000000000 -0.1217215996624241
0.5000000000000000 -0.3664001709348171 0.0846357224008141
0.3558203667232175 -0.5000000000000000 0.1472078303288121
0.3910906202247874 -0.5000000000000000 -0.0231109903690868
0.5000000000000000 -0.2450955498542208 0.2038753068858412
0.5000000000000000 -0.2533646371213917 0.0989040943489181
0.5000000000000000 -0.2894922491225381 0.1605690687582899
0.3226767139540283 -0.0297010845388615 -0.5000000000000000
0.2898129767641556 -0.3813745217610217 0.5000000000000000
0.2732742067608906 -0.3924607673461344 0.5000000000000000
0.4007561490679815 -0.3332331473305986 0.5000000000000000
0.3528289653581285 -0.3877156325498515 0.5000000000000000
-0.2941851962291713 -0.0509094919748532 0.5000000000000000
-0.3772672806336779 0.4574857148731891 0.5000000000000000
-0.3237853948489501 0.3504886960353926 0.5000000000000000
-0.2009972841781264 0.4068179357818822 0.5000000000000000
0.5000000000000000 0.2374030543555701 -0.4113068840377163
-0.2714649623772438 -0.5000000000000000 -0.4067880978605435
0.0465992714523471 -0.5000000000000000 -0.3950712008242490
0.2650519656251111 -0.5000000000000000 -0.2645355473043186
0.1768946826803476 -0.5000000000000000 -0.3653307982008840
-0.5000000000000000 0.3919582540108552 0.0280676865881500
-0.5000000000000000 0.2438903374887654 0.0371071355730348
-0.5000000000000000 0.3801693230481463 0.0819946000939628
-0.1155459905056793 -0.2862901659706145 -0.5000000000000000
-0.0303753187810376 -0.3165188815499249 -0.5000000000000000
-0.0823565738392438 -0.2444866752236556 -0.5000000000000000
-0.0876769747345250 -0.3219343054508904 -0.5000000000000000
-0.1267952344272684 -0.4788151428275366 -0.5000000000000000
-0.0460564563005365 -0.2927597083726294 -0.5000000000000000
-0.3507795761380390 0.2047947981352011 -0.5000000000000000
-0.3516590736730992 0.0939616356054014 -0.5000000000000000
-0.3992529765589439 0.1722280603877786 -0.5000000000000000
-0.5000000000000000 0.2160512315565167 0.3922542387641724
-0.4164269240572777 -0.4954221087251068 0.0744272448100802
-0.2845313261393271 -0.5000000000000000 -0.1084442995143735
-0.3322277273832211 0.5000000000000000 0.0630551461531263
-0.3451547124283736 0.5000000000000000 0.0483065911333620
-0.2828983049476844 0.5000000000000000 0.0737355344360858
-0.3120668942608403 0.5000000000000000 0.0180022753910696
0.5000000000000000 0.1656659636846604 -0.3436183287885344
-0.0631172201225752 -0.5000000000000000 0.3196751417654322
-0.0327037998433387 -0.5000000000000000 0.1692212588375021
0.2580769838428840 0.3754090597174125 0.5000000000000000
-0.5000000000000000 -0.0689394720850993 0.4674354970100372
-0.3304659783926657 -0.0561408220988711 0.5000000000000000
-0.5000000000000000 -0.2773474324157473 0.3240278757645751
-0.5000000000000000 -0.1762819225100115 0.2693131172845800
0.4998833730867634 -0.3841383642895839 -0.1595941071419519
0.5000000000000000 -0.3210841466113820 -0.1637023339122679
0.5000000000000000 -0.3159302169373099 -0.2666789136700567
0.5000000000000000 0.4239708839629363 -0.2328780099641191
0.5000000000000000 -0.2226292858521181 -0.0886930175239943
0.5000000000000000 -0.1460952702211915 -0.0857649084419535
0.5000000000000000 -0.1762398700014692 0.0168183752711543
0.5000000000000000 -0.2304956088636106 -0.0583570111609563
-0.5000000000000000 0.4018204256414834 -0.0138527387780673
-0.5000000000000000 0.4010129665569790 -0.1979453234957340
-0.5000000000000000 -0.1255470585937860 0.2426413428213386
-0.5000000000000000 -0.0866751311388138 0.2283147478894466
-0.5000000000000000 -0.1293779246297772 0.2729001690935750
-0.5000000000000000 -0.1552649641886670 0.2588491498335189
-0.5000000000000000 -0.0651292711644888 0.2771646003273313
-0.3033341225429711 -0.2902021967147880 -0.5000000000000000
-0.5000000000000000 -0.3106775903783562 -0.4618415130095950
-0.1811951855080751 -0.2453206748368568 -0.5000000000000000
-0.5000000000000000 -0.3724118566837361 -0.4591451452083932
-0.3786014691442171 -0.3184299039138899 -0.5000000000000000
-0.2808206479005705 -0.3280637995069261 -0.5000000000000000
0.1944575767344373 0.4006625234178725 0.5000000000000000
-0.2346782105535079 0.3630901252175104 0.5000000000000000
-0.1327882992278257 0.4111331418280909 0.5000000000000000
-0.5000000000000000 0.4583522830703996 0.1270653271644389
-0.3624319153478390 0.5000000000000000 0.1941474546047119
-0.5000000000000000 0.3691554490145321 0.1312467177065716
-0.5000000000000000 -0.4819149181232186 0.1335333491099318
-0.5000000000000000 -0.4537195300025707 0.0566749877704545
-0.4503010649890458 -0.5000000000000000 0.2112535680710443
-0.4550440177514442 -0.5000000000000000 0.0679950146462012
-0.2702355690534758 -0.3755121454951511 0.5000000000000000
-0.3151584808184635 -0.3914390846264572 0.5000000000000000
-0.3845709569696825 -0.4158879041330713 0.5000000000000000
-0.4273100191469760 -0.3451777547039884 0.5000000000000000
-0.2878303539222460 -0.3968060697652744 0.5000000000000000
0.1476822005904357 0.0828400310902712 0.5000000000000000
0.3726969445433431 -0.5000000000000000 -0.1232095997226009
-0.2692873428250403 0.5000000000000000 0.3367745359899303
-0.3700325257500767 0.5000000000000000 0.4047734724323495
-0.5000000000000000 0.3559556870651097 0.2182042180894399
0.3710177903465375 -0.5000000000000000 -0.1234901908838643
0.3682428673119020 -0.5000000000000000 -0.1232554018743821
0.3685848299440794 -0.5000000000000000 -0.1217271433542419
0.5000000000000000 -0.4589546200021870 -0.4000773859850679
0.2613429050637170 -0.4674020874995204 -0.5000000000000000
0.1422621435331010 -0.4961432249845112 -0.5000000000000000
-0.0889981263959923 -0.2203122915991718 0.5000000000000000
-0.0607604612255106 -0.2051653337639789 0.5000000000000000
-0.1000636069172681 -0.1970384747858203 0.5000000000000000
0.5000000000000000 -0.0594342227109500 0.4727373042034210
0.5000000000000000 0.1009195718476472 0.4044005408489495
0.5000000000000000 -0.0837126871542954 0.4383102352572432
0.5000000000000000 0.0583706296414132 -0.2516043082070301
0.5000000000000000 0.1083113440568959 -0.3057011652798526
0.5000000000000000 0.0270010590558647 -0.2717101897166568
0.5000000000000000 0.1659617877732195 0.1488000280258521
0.2777408430621975 0.0938120045755667 -0.5000000000000000
0.2052339663162770 0.1639513077829473 -0.5000000000000000
0.1615033213708224 0.2101428714023388 -0.5000000000000000
0.1756724729738315 0.2384236903071380 -0.5000000000000000
-0.0941239773336385 0.3675675799012041 -0.5000000000000000
-0.1755326461439184 0.4449717813810465 -0.5000000000000000
-0.1301378456956170 0.3882385802287278 -0.5000000000000000
-0.1895064519644946 -0.3361485121793208 0.5000000000000000
-0.2431386559094055 -0.3274935867854313 0.5000000000000000
-0.4206563482914008 -0.3221071074879017 0.5000000000000000
-0.1992422275441159 -0.3600334409776543 0.5000000000000000
-0.5000000000000000 -0.3440252967705489 -0.1146311406949888
-0.5000000000000000 -0.3858408835793260 -0.0021992898945217
-0.5000000000000000 -0.3043999061596690 -0.0662534470654035
-0.5000000000000000 -0.3768673243467037 -0.1708423927275610
-0.5000000000000000 -0.3485892645856005 -0.0915942782519165
-0.5000000000000000 -0.3210100297825890 -0.0607942616489843
0.2334455558245394 0.4134334066334777 -0.4967914270900625
0.5000000000000000 -0.1697803793914332 0.3709803151339170
0.4401873641792771 -0.0985828292420322 0.5000000000000000
0.4183409987542734 -0.2128357606119942 0.5000000000000000
-0.5000000000000000 0.3889783860984105 0.0137193546704606
-0.4598784300633055 0.5000000000000000 0.0034593501954203
-0.3735386788970564 0.5000000000000000 0.1801860919167433
-0.5000000000000000 0.3849134606069570 0.0165116467754309
-0.5000000000000000 0.3655584241130658 -0.0032886109100339
-0.5000000000000000 0.4153784740950811 0.0231913081809549
-0.5000000000000000 0.4060057083597182 0.0216402167891955
0.0447365687862960 0.2931892104923602 0.5000000000000000
-0.2066382929751640 0.3582728381905615 0.5000000000000000
-0.0518900783009231 0.3310035363641289 0.5000000000000000
-0.1118821103814199 0.4037338237060543 0.5000000000000000
0.5000000000000000 0.1424486134935027 0.1433856016979161
0.5000000000000000 0.0536630741614207 -0.0464762490959859
0.5000000000000000 0.1544980886133509 0.1345720361331448
0.3381197265198672 -0.3440317999159317 -0.5000000000000000
0.3325236814090681 -0.3021111428828955 -0.5000000000000000
0.2976446346528893 -0.2680337718557347 -0.5000000000000000
-0.5000000000000000 -0.0355591743906373 0.1913948104441908
-0.5000000000000000 0.2202355368918594 0.0332639603271766
-0.5000000000000000 0.0417574530854494 0.1559052115016332
-0.5000000000000000 0.0935293257554833 0.1129477552920647
0.5000000000000000 0.0375289987890802 -0.1666100317783085
-0.5000000000000000 0.3001462418480251 0.0000758595022174
-0.5000000000000000 0.3809162331666622 -0.1437635737165929
-0.4509964488125690 -0.5000000000000000 0.2747241637587212
-0.0820964325066900 -0.5000000000000000 0.3297521616840974
-0.0577111129820166 -0.4242051103851255 0.5000000000000000
-0.1370873064548019 -0.5000000000000000 0.4472158168367334
-0.2122473893261715 -0.5000000000000000 0.3675434296182998
0.5000000000000000 -0.3941509496692778 0.0127105559618794
0.2587582145074985 -0.5000000000000000 -0.2842004325235932
0.0688840920017455 0.5000000000000000 0.2624508707609197
0.0487872653791840 0.5000000000000000 0.3250355035268702
-0.3463054758995759 0.5000000000000000 -0.2314004344510446
-0.2621318151414163 0.5000000000000000 -0.1955031710878323
-0.1978377837583088 0.4210736968531024 -0.5000000000000000
-0.2303527127659347 0.5000000000000000 -0.3867023328790247
-0.1342225649720590 0.3818636615822534 -0.5000000000000000
0.0711492488965400 -0.0307661755249152 0.5000000000000000
0.1177024138365955 0.0146029457627895 0.5000000000000000
-0.2615201590219723 -0.0509569882293892 0.5000000000000000
0.1278047179555655 -0.0719102750214360 0.5000000000000000
-0.3830467738415722 -0.5000000000000000 0.4892096488127772
0.3742638395352162 0.2141369337983051 0.5000000000000000
0.5000000000000000 -0.3499702194812830 0.0142405900143206
0.1707756905915538 -0.4227962910282448 0.5000000000000000
0.0700476212999900 -0.3105579148078759 0.5000000000000000
0.5000000000000000 0.2030007283987621 0.1461262044357959
0.5000000000000000 0.3047238736532374 0.1005498553209085
0.4783341049502598 0.5000000000000000 -0.3305519135068255
0.5000000000000000 0.4892997540685396 -0.2666171380577518
0.5000000000000000 0.1606838032173491 0.2373665550288469
0.5000000000000000 -0.0405500875573659 0.2999189323547904
0.5000000000000000 0.1698419844251806 0.2165725485264165
0.5000000000000000 0.0953611949630017 0.2936138299488479
0.5000000000000000 0.2050021785941034 0.3120989472993760
-0.4764004642484426 0.0147522599033744 0.5000000000000000
0.3246265808434312 0.5000000000000000 -0.0226557761185858
0.2696710979351455 0.5000000000000000 -0.2166733954740864
0.1799302537436448 0.0550855571821087 0.5000000000000000
-0.3078077759670293 0.5000000000000000 0.1627872437934006
-0.2322325343716174 0.5000000000000000 0.1166923264917644
-0.0291670709943711 0.5000000000000000 0.1684673621205934
0.5000000000000000 0.1787884529491174 0.1698417558128079
-0.5000000000000000 -0.0118484352326266 -0.3031801996161255
-0.5000000000000000 0.4992614530434102 0.1610187385351305
-0.3421734494528801 0.5000000000000000 0.2257710852937676
-0.2782933498476745 0.5000000000000000 0.2716428479185544
-0.3187282635657197 0.5000000000000000 0.2622532425191367
-0.3576312138556053 0.5000000000000000 0.3448108748920475
-0.5000000000000000 -0.0032753571711866 -0.1332640861928389
-0.5000000000000000 -0.4560699907118759 0.2884504447857008
-0.5000000000000000 -0.4487109153539645 0.1898348263391945
-0.5000000000000000 0.4175622354217612 0.0976352377354963
0.5000000000000000 -0.1268563833823330 0.3008273406273617
0.5000000000000000 -0.2362481189939328 0.4177875530094556
0.4922451643806252 -0.2445851867663021 0.2557269703065164
0.5000000000000000 -0.1024287170293494 0.4052215108182182
-0.3211536177972496 0.5000000000000000 -0.0232350710002144
0.5000000000000000 -0.2904286778150920 0.4505337565925745
0.0009614774697595 0.1909059976675398 -0.5000000000000000
-0.0163563055602062 0.2233924873724018 -0.5000000000000000
-0.1221141935089933 0.3700005146587383 -0.5000000000000000
-0.0063446368057220 0.1548573555414325 -0.5000000000000000
0.4483291236291063 0.3942931148122673 0.5000000000000000
0.5000000000000000 0.2839481297713650 0.3642443160517179
0.5000000000000000 0.4133292990054139 0.4350892308259521
-0.3718756892488022 0.5000000000000000 0.1892999564968095
0.0888146399645668 0.2533151854973327 0.5000000000000000
0.0740968094909123 0.2869655790727789 0.5000000000000000
0.1919881199854119 0.2542620345987545 0.5000000000000000
0.1290237906293450 0.1521127074112577 0.5000000000000000
0.5000000000000000 -0.1588177295802321 0.1874876204162532
0.5000000000000000 -0.2368524341253277 0.2117565523330406
-0.0773337380397044 0.0313026180112169 -0.5000000000000000
-0.0334838113946202 0.0560250777764206 -0.5000000000000000
0.0192205419350635 0.0356067765413245 -0.5000000000000000
-0.0158847140761553 0.0675999251658833 -0.5000000000000000
-0.4423699233665318 -0.3157423292986062 0.5000000000000000
-0.5000000000000000 -0.3529518678084008 0.1033747457645308
-0.5000000000000000 -0.4210874291818665 0.0829511368559988
0.5000000000000000 -0.3457871093171134 0.4994223097472740
0.4781603272169060 -0.3891295351668502 0.5000000000000000
-0.4998067594037968 0.4854233502000260 0.4030341423397833
-0.0900397157962394 -0.3858374954934866 0.5000000000000000
-0.0402923333213636 -0.2987598499083677 0.5000000000000000
-0.1032656201042722 -0.3459412150781093 0.5000000000000000
0.5000000000000000 -0.0065211140544296 -0.2656710145158548
0.0297942639756006 -0.0547292630535936 -0.5000000000000000
-0.4202041619422954 0.5000000000000000 0.4073678877474846
-0.5000000000000000 -0.2774205811207573 0.1768610793192410
-0.5000000000000000 -0.2692639639215411 0.1564649756122921
-0.5000000000000000 -0.2760639274925598 0.1237478338404187
-0.1730355379857655 0.0778137051674104 -0.5000000000000000
-0.0622003295393119 -0.0407457383713961 -0.5000000000000000
-0.1712925297751747 0.0480569481269945 -0.5000000000000000
-0.3253494901281416 0.0480156568749143 -0.5000000000000000
-0.2290715873796207 -0.0561832448714603 -0.5000000000000000
-0.0844844979640420 0.0032493728447204 -0.5000000000000000
-0.2507125087412532 -0.1203890693383196 -0.5000000000000000
0.1622697099759592 0.5000000000000000 0.4693447943946287
0.1725503416042395 0.5000000000000000 0.4660442286763691
0.0426905893292974 -0.5000000000000000 -0.2116134793877285
0.1109951710242829 -0.5000000000000000 -0.1361183054112326
0.3553238194064712 0.3835414201064744 0.5000000000000000
0.3932381688473514 0.3861770003335808 0.5000000000000000
0.3801887884565071 0.2575828079473625 0.5000000000000000
0.5000000000000000 -0.0231827491177338 -0.4258420546339828
-0.3623555502018175 0.0530334661219919 -0.5000000000000000
-0.3410265095507218 -0.0703520409552388 -0.5000000000000000
-0.3670761065610618 -0.1544826877155518 -0.5000000000000000
-0.4407581910280436 -0.0837658128082460 -0.5000000000000000
-0.5000000000000000 0.2947469365872479 0.0081414061988887
-0.5000000000000000 0.2400628163761808 0.0290208983977451
-0.5000000000000000 0.3727815431925333 0.0690677032272999
0.2066057085895381 -0.5000000000000000 0.1537461466696168
-0.5000000000000000 -0.4925021015600460 0.2942614412249621
-0.4663626742667684 -0.5000000000000000 0.2727271840087608
-0.5000000000000000 -0.4585624213427447 0.3480075287975096
-0.3757815780679438 -0.5000000000000000 0.3434199499116696
-0.5000000000000000 -0.4487991427491613 0.3059187098173101
-0.5000000000000000 -0.4529056030356091 0.3016459345139256
-0.4997991434529721 -0.5000000000000000 0.3262152000153992
0.0338069747580645 0.5000000000000000 0.1292932366909200
0.0794564014406705 0.5000000000000000 0.2048781346871121
0.5000000000000000 -0.2614028392378737 -0.2054452674175906
0.5000000000000000 -0.2862922435189891 -0.1447939386575249
-0.5000000000000000 0.1933875265193620 0.3880694331834345
-0.5000000000000000 0.0370297113682339 0.4454813873389828
-0.5000000000000000 0.0392027006762366 0.3288410825881637
0.5000000000000000 0.4714472775476878 -0.0115705142805980
0.5000000000000000 0.4843795497133479 -0.0964999590259019
-0.5000000000000000 -0.0489936699020860 0.1984648796387343
0.0404714972916818 -0.5000000000000000 0.0004357676525247
0.0579937418425701 -0.5000000000000000 -0.0960715657923426
0.1123101757017042 -0.5000000000000000 -0.0497398648967040
0.1506334500436517 -0.5000000000000000 0.1000915069991516
0.5000000000000000 0.1990079855334825 -0.0517554388854300
0.5000000000000000 0.2559690141988636 -0.0251818483351241
0.3210875570483210 -0.4123860015730595 -0.5000000000000000
0.4860082980481366 -0.4160133491801940 -0.5000000000000000
0.3097175777921585 -0.4854155130755157 -0.5000000000000000
0.3851375546474289 -0.3765472663540527 -0.5000000000000000
0.2689023406082717 -0.5000000000000000 -0.3892030215524668
-0.5000000000000000 0.0365405498850975 0.4851536055852748
0.3048262867271553 -0.0785112557824472 -0.5000000000000000
0.2654105592038593 -0.1319801585548934 -0.5000000000000000
-0.1887975239989275 0.1391464093464724 -0.5000000000000000
-0.3114249302218823 0.2020989934807921 -0.5000000000000000
-0.0550198323905809 -0.5000000000000000 0.3333117483736305
0.0085497787897954 -0.4216753390623376 0.5000000000000000
0.1522582084482453 -0.4369354142942508 0.5000000000000000
0.0613364548565758 -0.3225106114715950 0.5000000000000000
0.4989939006148560 0.3914000607292050 0.1380755886589896
-0.0159483490967472 -0.5000000000000000 0.1128030453252442
0.0021262447050572 -0.5000000000000000 -0.1500870817957800
-0.2667365901310773 -0.5000000000000000 -0.1240661940246829
-0.5000000000000000 -0.0023959409898167 0.4716290951480043
0.1438667322151033 0.0464484786872882 0.5000000000000000
0.3941830783797297 -0.1027434847789144 0.5000000000000000
0.0630530444148217 -0.2700471273093714 0.5000000000000000
0.3156214057850693 -0.2230658920071508 0.5000000000000000
-0.2751686337166995 -0.2290473438729465 -0.5000000000000000
0.5000000000000000 0.1687196393788502 -0.3752727260322334
0.2885266476503675 0.0798594179585324 -0.5000000000000000
0.5000000000000000 0.1738008674935738 -0.3858377917662766
0.5000000000000000 0.1323646482942770 -0.4094705788083457
0.4421981005244152 0.2453017551101487 -0.5000000000000000
0.5000000000000000 0.2357456181895506 0.4631920528362618
0.5000000000000000 0.2295108102099735 0.3081225168620312
-0.5000000000000000 0.2864779140698362 -0.0710853493545686
-0.3555198672541741 0.2146300321267170 0.5000000000000000
-0.3857063539209254 0.1750025172267983 0.5000000000000000
-0.4350586247322474 0.0493710162076455 0.5000000000000000
-0.3796009098465168 0.5000000000000000 -0.2448662883252823
-0.5000000000000000 0.4170017001726611 -0.3026921638571671
0.5000000000000000 -0.1459859674202353 -0.2723336929340236
0.5000000000000000 -0.1630100353022733 -0.3600921188771418
-0.0321476032860338 -0.5000000000000000 0.3278336051577655
0.0620521481438762 -0.5000000000000000 0.2372616234332334
0.2468869756981560 0.4434074464291312 -0.5000000000000000
0.1088491417399646 0.5000000000000000 0.3844941446448092
0.2263446896673117 0.3489536603092803 0.5000000000000000
0.1944534296114151 0.3739874393342550 0.5000000000000000
0.2629711132541183 0.3006778850137728 0.5000000000000000
0.3376500291691521 0.5000000000000000 -0.0148214523875633
0.3079029509506696 0.5000000000000000 -0.0217992555195819
0.2922677152444446 0.5000000000000000 -0.0144929732378726
0.3475877076611423 0.5000000000000000 0.0060585616516716
0.3341483546960316 0.5000000000000000 -0.0444481345591958
-0.1324675309735768 0.1040133594710214 -0.5000000000000000
-0.0004421438385751 -0.0096524305946026 -0.5000000000000000
-0.0277396273235392 0.0342041285802673 -0.5000000000000000
-0.3924605064013296 -0.5000000000000000 -0.4367076982815239
0.3475906287084366 -0.5000000000000000 0.1420519131894352
0.3521870722569919 -0.5000000000000000 0.1522356623372257
0.3330368318351257 -0.5000000000000000 0.1512922992566245
0.1867841173116923 -0.3575312292779890 -0.5000000000000000
0.1590883447942900 -0.2692437495911579 -0.5000000000000000
0.0729861847252454 -0.4211061183749673 -0.5000000000000000
-0.4248451476253711 -0.5000000000000000 0.2784187192731165
-0.4614435686114884 -0.5000000000000000 0.2675329359352038
0.5000000000000000 -0.3105425769418208 0.4191390254880354
0.5000000000000000 -0.2557439793524232 0.2664555502581963
0.5000000000000000 -0.4078768385023507 0.3369742056920213
0.5000000000000000 -0.4135386349381819 0.3971157401191349
0.5000000000000000 0.3510900101676905 0.0017363384660893
-0.5000000000000000 -0.2867202567834257 -0.4471465636586815
-0.4546630353546811 0.2820824285918072 0.5000000000000000
-0.3787492198287213 0.5000000000000000 0.4103185183029673
-0.5000000000000000 0.3331454631708887 0.4860083865891646
-0.5000000000000000 0.3093798924055617 0.3180612098564471
-0.2951727886095536 0.2933296163039905 0.5000000000000000
-0.4782102222341180 0.0379047401307035 0.5000000000000000
0.0086345366594293 0.2509474156102164 0.5000000000000000
-0.0298423400427112 0.2498533191090342 0.5000000000000000
-0.2296740837222175 0.1287218466704970 -0.5000000000000000
-0.5000000000000000 -0.3841994248740575 -0.4440766621865634
0.5000000000000000 -0.1139626554568003 0.2189115767213722
-0.0613249709567854 -0.1557554885246376 -0.5000000000000000
-0.1259085982948041 -0.1838184741580988 -0.5000000000000000
-0.1224717730761837 -0.2062326328735585 -0.5000000000000000
-0.1350528292469820 -0.2081656950284073 -0.5000000000000000
-0.0100775077528987 -0.2129913579410015 -0.5000000000000000
-0.0762562402854978 -0.2157659126098635 -0.5000000000000000
-0.5000000000000000 -0.4177496702744602 -0.4474685130340875
-0.1575485564970894 -0.5000000000000000 0.3578904966155178
-0.1000407771814675 -0.5000000000000000 0.3266923114730104
-0.0502712242809504 -0.4304354628667492 0.5000000000000000
-0.1593917003633886 -0.5000000000000000 0.3799264979942699
-0.1961269464098906 -0.5000000000000000 0.3386891011993691
-0.5000000000000000 0.4292169291813580 -0.2161144435461926
-0.5000000000000000 0.4832916266835363 -0.2054457039912234
0.5000000000000000 -0.0789614323809338 0.3431654468883203
0.5000000000000000 -0.1489043882486960 0.2111593270720636
0.5000000000000000 -0.2314530548884014 0.2156225153149494
0.5000000000000000 -0.0010905767256624 0.4775334589056128
0.4947190066019747 0.1417306688578157 0.3868197423435978
0.4555071341964241 0.1397326288495113 0.5000000000000000
0.5000000000000000 -0.0831308028555289 0.4202496573509566
-0.2921811533051150 -0.4898977350097158 -0.1226001765317220
-0.5000000000000000 0.2645856726081522 -0.0367111310997539
0.5000000000000000 0.0360021975300831 -0.1575215712129132
0.5000000000000000 0.0483066421237041 -0.0593026554540939
0.5000000000000000 0.1260458776966293 -0.0741055315853736
0.3487443380409471 0.5000000000000000 -0.4326763228462638
0.1372689922080856 0.5000000000000000 -0.4161624516150821
0.2400298574704716 0.5000000000000000 -0.3666003916519316
0.0967748388330313 0.4018047243971962 -0.5000000000000000
-0.4673988057435029 0.2717424180482676 0.5000000000000000
-0.5000000000000000 0.2224600207198151 0.3949851447825006
0.3170842099675493 -0.5000000000000000 -0.0389168702212641
0.2174187034675240 -0.5000000000000000 -0.0036743339971798
0.2196913601865798 -0.5000000000000000 -0.0541758530439272
-0.3338023779589383 0.1852579164406225 -0.5000000000000000
-0.5000000000000000 -0.4520814723045190 0.4408204513426152
-0.4590163703649554 -0.4506757513898284 0.5000000000000000
-0.3373962785633413 -0.5000000000000000 0.4300640162375103
-0.5000000000000000 -0.4233374246285472 0.4401376431639393
-0.5000000000000000 -0.0112559584519913 -0.3034819535191267
-0.0414997469887900 -0.0758753705056051 -0.5000000000000000
-0.1917092295681151 -0.1073423067751551 -0.5000000000000000
-0.2130634959278141 -0.1681529027058833 -0.5000000000000000
-0.5000000000000000 0.2199059690531765 0.0255116306587371
-0.5000000000000000 0.2003952462795304 0.0024167575700829
-0.5000000000000000 0.2336722586957745 0.0143356311779716
-0.5000000000000000 0.2370356740020911 0.0296241840986908
-0.5000000000000000 0.2367693434105553 0.0421963387321556
0.5000000000000000 0.0276184972725243 -0.1795620774342485
0.1158836517751425 0.5000000000000000 0.3816557728518520
-0.5000000000000000 0.0641307616387457 -0.0480268510990807
0.0118347810976323 0.0689032219052052 0.5000000000000000
-0.4946099029138620 -0.3178783118614484 0.4767293642703987
0.2384551211748451 0.5000000000000000 0.0480688226750632
0.5000000000000000 0.2237407959856826 0.1674540826478911
0.5000000000000000 -0.1666521907189150 0.1508388489067234
0.5000000000000000 -0.2387980441438691 0.2059198475668388
0.5000000000000000 -0.1925669768293178 0.1041318239895407
0.1790709399364776 -0.5000000000000000 0.1476575392669036
-0.1602609883136678 0.4644244298626210 0.5000000000000000
-0.2941453443535159 -0.0550756076703833 0.5000000000000000
0.5000000000000000 -0.3185133230712836 -0.2712655725993506
-0.5000000000000000 -0.1639592972745753 -0.2695090850344275
0.0655026317125924 -0.0278747860356665 -0.5000000000000000
-0.3905565503950569 0.0584942661152398 -0.5000000000000000
0.2733757063300397 0.0624749478491126 -0.5000000000000000
0.4088182907145620 -0.0526677247093801 0.5000000000000000
0.2056267354176847 0.0441434742587316 0.5000000000000000
0.3775566550558396 -0.0072544627019982 0.5000000000000000
0.0293598956662103 0.5000000000000000 0.1009065959644896
-0.4978682577768273 -0.0379406992052173 -0.1953267187565194
-0.5000000000000000 0.0221179270383171 -0.1409128989712590
0.3102082330886946 -0.3931393095675561 -0.5000000000000000
0.3945541083386437 -0.3460855723181792 -0.5000000000000000
0.2813357511529794 0.2904799774577809 0.5000000000000000
-0.5000000000000000 -0.4359179877931512 -0.4885184425963486
-0.4415433318653619 0.0278658464665329 0.5000000000000000
0.4048253753382154 0.5000000000000000 -0.1989278620701809
0.4251805618507732 0.1900126671280848 0.5000000000000000
-0.5000000000000000 0.3471184900743093 -0.1474573466789702
-0.5000000000000000 0.2037624748376437 -0.0615646489767842
-0.5000000000000000 -0.0203990759122005 -0.2686586981859587
0.5000000000000000 -0.2315201416196692 0.2438943282680994
-0.0686157874279528 -0.5000000000000000 0.3209957350805931
-0.0658284487563257 -0.5000000000000000 0.3173430451720983
-0.5000000000000000 0.0552529472279180 -0.4607066285318738
-0.3381242594272342 0.0897940144542026 -0.5000000000000000
-0.5000000000000000 -0.0111356284969757 -0.3051832184449609
-0.3810971334810530 -0.5000000000000000 -0.4484463346170523
0.2950004573613490 -0.1468607940318257 -0.5000000000000000
0.2451120866401572 -0.2248118790803183 -0.5000000000000000
-0.3060383400547608 0.5000000000000000 -0.0340492487588629
-0.0825038107840703 -0.4094801697869606 0.5000000000000000
0.4598440279682229 -0.1379251981672831 0.5000000000000000
0.4612746882982010 -0.2479971872752064 0.5000000000000000
-0.0557658393994605 -0.5000000000000000 0.1746973307324576
0.3351620311451279 0.2262908677860842 0.5000000000000000
0.5000000000000000 -0.2933415211900110 -0.2859257275346814
-0.5000000000000000 0.1629053743413515 -0.4850008316316661
-0.5000000000000000 0.1058089971175162 -0.3850424797896232
-0.3548287852935256 0.1428751215893224 -0.5000000000000000
-0.5000000000000000 -0.0101488957995290 -0.3042151575619705
-0.2856641703584972 0.5000000000000000 -0.1813916906302705
-0.0969700964220342 0.5000000000000000 -0.0667812216486814
-0.0778884074511427 0.5000000000000000 -0.1071804721126326
-0.2028603923192544 0.5000000000000000 -0.1347315262738919
0.4171811877260445 0.5000000000000000 -0.3168673721307033
-0.4045670737492623 0.5000000000000000 -0.2410080640814737
-0.3425462715476145 0.5000000000000000 -0.1337454887481374
-0.2258790282533020 0.5000000000000000 -0.2729476509896363
-0.3469575768567183 -0.5000000000000000 -0.3430443737570655
-0.3002532805736448 -0.5000000000000000 -0.1355057118618328
-0.5000000000000000 -0.1724896782006456 -0.2212147511549558
0.4031261647440564 -0.0751402139177460 0.5000000000000000
0.3347745003311602 -0.1625393173586821 0.5000000000000000
0.0380111543119155 0.0112914265827454 -0.5000000000000000
0.1578710278682733 -0.0089551096127019 -0.5000000000000000
-0.2442497807581247 0.5000000000000000 0.3719973195543577
-0.5000000000000000 0.4054657186827078 0.0752839970152637
-0.5000000000000000 -0.2901070069090410 0.2623331688350690
-0.1267869683210759 -0.5000000000000000 0.4998501190897609
0.5000000000000000 -0.2624529885855078 -0.3570200774325641
0.5000000000000000 -0.1760881155630279 -0.4447029290599414
0.2575142156449212 -0.4174538407777431 -0.5000000000000000
-0.5000000000000000 -0.4800869378290302 -0.3872784050537701
-0.5000000000000000 -0.4896926869900583 -0.2958068214663340
-0.4795008825483215 -0.2825398826445290 0.5000000000000000
0.0680954035601097 0.0685153586048052 0.5000000000000000
-0.2514662657926414 -0.0337971552842823 0.5000000000000000
-0.5000000000000000 -0.1866274057201760 0.2543531531766958
0.1836222162926567 -0.5000000000000000 0.1696068626600160
-0.5000000000000000 0.4152502097108133 -0.2332935794421822
-0.3624690690964311 0.5000000000000000 -0.2118601934024852
-0.5000000000000000 0.0242286973162137 0.4410923162415089
-0.3223545669956527 -0.0379015458412673 0.5000000000000000
0.4695225443730072 -0.0801733684527488 0.5000000000000000
-0.2335029789074531 -0.5000000000000000 0.3934166329698991
-0.5000000000000000 0.0203837420644686 0.3183857040787850
0.5000000000000000 0.2934660324552945 0.0790725659915513
0.5000000000000000 0.2543795532088287 -0.0492514367730859
0.5000000000000000 -0.2425143745151108 0.2300436214916197
-0.5000000000000000 -0.4093812957659688 -0.4086863948398593
-0.5000000000000000 -0.4113945901724302 -0.3243409212490737
-0.5000000000000000 -0.1822408061363884 0.2474694558984532
-0.3066011672159694 -0.5000000000000000 -0.1271071371712419
-0.5000000000000000 -0.4138673532951755 -0.2109332910668978
-0.5000000000000000 -0.3754413261730845 -0.2045800984784195
-0.2737644757725077 0.5000000000000000 -0.0314618471698802
-0.3041304416726391 0.5000000000000000 -0.0864401911459537
-0.5000000000000000 -0.4712368882486343 -0.4497210484025150
-0.1449909175976068 -0.4937067846725733 -0.5000000000000000
0.3104514591244971 0.1770240216687226 0.5000000000000000
0.1571595032275750 0.0600857249257489 0.5000000000000000
0.2301919805657011 -0.5000000000000000 -0.4877587164062184
-0.0449090731447062 -0.5000000000000000 0.1654711957920814
0.5000000000000000 -0.2953141222460524 -0.3082851071070258
-0.3650374696575505 0.5000000000000000 0.4112799776274726
-0.1991634687060550 0.5000000000000000 -0.2942577972248125
-0.0397024084332066 0.5000000000000000 -0.1594989579960130
-0.1760019524406479 0.5000000000000000 -0.1775230684951110
0.3990293562492475 -0.4693907239225877 0.5000000000000000
0.5000000000000000 -0.3005478631478861 -0.1035737519746466
0.1949199617956691 0.5000000000000000 -0.3031265738006058
-0.2953442826005934 -0.0507523874323944 0.5000000000000000
-0.5000000000000000 -0.3360495856390074 -0.2059500478971107
-0.5000000000000000 -0.0122794725997076 -0.3037395745806126
0.5000000000000000 0.3059169301083303 0.0856324838142796
0.5000000000000000 0.3119385193444276 -0.0233588392300458
-0.1248373334451203 -0.4931048669836917 -0.5000000000000000
0.1415870892485389 -0.2354010293956760 -0.5000000000000000
-0.5000000000000000 0.3795312354891989 0.0935749157810282
-0.5000000000000000 0.3948304244246839 0.0768098221760227
0.1010385804367111 -0.5000000000000000 -0.4783727770293728
0.0838316018444938 -0.5000000000000000 0.1596157906407623
0.3001511554517404 0.5000000000000000 -0.2548217932178317
-0.1205414113867490 0.3821734126433519 -0.5000000000000000
0.5000000000000000 0.2487257865158001 0.2623358290432972
0.5000000000000000 0.3086363517961929 0.1080793760003342
0.1761071290217668 -0.5000000000000000 -0.3761809883182795
0 10
0 23
0 48
0 57
0 63
0 103
0 106
0 123
0 130
0 132
0 143
0 190
0 1211
0 238
1 249
1 40
1 55
1 67
1 250
1 76
1 79
1 251
1 170
1 252
1 206
1 221
1 253
254 45
255 50
256 159
257 187
258 204
259 242
260 16
261 117
262 148
263 461
2 14
2 264
2 265
2 266
2 75
2 267
2 118
2 169
2 1027
2 209
2 268
2 269
2 270
271 12
272 75
273 158
3 274
3 275
3 276
3 139
3 277
3 175
3 278
3 279
3 214
3 280
3 222
3 225
3 241
281 45
282 185
283 215
284 75
285 95
286 77
287 172
288 225
4 289
4 33
4 290
4 101
4 291
4 151
4 167
4 292
4 217
4 293
4 294
4 295
4 296
5 297
5 33
5 298
5 59
5 97
5 109
5 114
5 299
5 149
5 159
5 174
5 195
5 224
5 242
5 300
301 63
302 72
303 132
304 231
305 1211
6 43
6 110
6 162
6 178
6 179
6 180
6 182
6 183
6 196
6 223
6 227
6 232
7 31
7 44
7 54
7 56
7 80
7 85
7 102
7 107
7 115
7 117
7 141
7 155
7 176
7 184
7 306
7 191
7 202
7 307
7 378
7 212
7 213
7 235
308 153
309 947
310 179
311 187
8 312
8 53
8 313
8 61
8 314
8 104
8 115
8 315
8 316
8 168
8 184
8 317
8 244
8 245
8 246
8 318
9 319
9 320
9 321
9 322
9 323
9 324
9 325
9 326
9 327
9 87
9 136
9 947
9 328
9 243
329 87
330 136
331 208
10 25
10 38
10 48
10 70
10 95
10 103
10 116
10 124
10 143
10 150
10 169
10 196
10 200
10 227
10 229
10 234
10 247
332 168
333 245
11 37
11 334
11 64
11 67
11 74
11 335
11 92
11 98
11 108
11 120
11 133
11 134
11 135
11 170
11 193
11 206
11 336
11 239
12 14
12 48
12 63
12 75
12 337
12 95
12 116
12 338
12 158
12 339
12 209
12 229
13 24
13 340
13 32
13 341
13 342
13 78
13 140
13 343
13 344
13 209
13 231
13 233
345 185
14 32
14 346
14 48
14 347
14 75
14 89
14 116
14 118
14 130
14 348
14 169
14 185
14 194
14 1027
14 209
14 233
15 349
15 37
15 44
15 350
15 60
15 351
15 352
15 353
15 112
15 135
15 163
15 177
15 181
15 354
15 206
15 220
15 355
16 356
16 357
16 46
16 73
16 76
16 358
16 359
16 145
16 148
16 157
16 360
16 361
16 203
16 362
16 221
16 363
16 237
16 364
17 20
17 365
17 73
17 85
17 107
17 148
17 177
17 181
17 461
17 221
17 235
17 237
18 40
18 366
18 367
18 368
18 369
18 120
18 125
18 147
18 161
18 370
18 193
18 1243
18 371
372 25
373 208
374 141
375 176
376 117
377 173
19 20
19 37
19 67
19 76
19 99
19 133
19 135
19 163
19 177
19 461
19 235
20 76
20 133
20 177
20 181
20 461
20 221
20 235
20 237
379 53
380 141
21 34
21 41
21 68
21 381
21 382
21 104
21 113
21 126
21 128
21 156
21 168
21 192
21 383
21 210
21 236
21 246
22 31
22 61
22 66
22 80
22 81
22 96
22 113
22 128
22 151
22 171
22 174
22 198
22 228
22 244
384 182
385 205
386 1208
23 27
23 42
23 387
23 71
23 83
23 103
23 124
23 143
23 388
23 150
23 389
23 390
23 190
23 205
23 391
23 392
23 208
23 393
23 1211
23 238
394 26
395 51
396 53
397 61
398 167
399 750
400 1124
24 401
24 402
24 403
24 404
24 78
24 405
24 406
24 140
24 407
24 408
24 409
24 410
24 231
24 233
411 947
25 38
25 412
25 413
25 414
25 415
25 416
25 95
25 417
25 418
25 419
25 143
25 150
25 420
25 208
25 421
25 1211
25 247
25 422
26 51
26 53
26 61
26 105
26 115
26 423
26 167
26 750
26 202
26 212
424 109
425 114
426 119
427 149
428 68
429 127
430 139
431 156
432 160
433 165
434 163
435 177
436 33
439 217
440 99
441 461
27 42
27 442
27 443
27 71
27 110
27 112
27 123
27 444
27 1261
27 445
27 190
27 446
447 28
448 50
449 80
450 162
451 187
452 204
453 213
28 31
28 66
28 80
28 82
28 110
28 112
28 123
28 126
28 162
28 1261
28 191
28 192
28 210
28 213
28 232
28 454
28 236
455 75
456 209
457 233
458 99
459 117
460 148
462 237
29 41
29 68
29 123
29 126
29 160
29 169
29 192
29 210
463 125
464 161
465 65
466 86
467 111
468 145
469 226
470 141
30 32
30 64
30 471
30 78
30 89
30 100
30 134
30 152
30 185
30 194
30 472
30 473
30 233
30 474
31 44
31 61
31 66
31 80
31 81
31 96
31 151
31 155
31 167
31 171
31 191
31 198
31 212
31 213
32 64
32 475
32 78
32 89
32 100
32 140
32 152
32 185
32 194
32 209
32 233
476 141
477 154
478 185
479 1054
480 145
481 216
482 187
483 783
484 105
485 207
486 40
487 67
488 79
489 120
490 170
491 54
492 117
493 141
494 148
495 216
33 59
33 437
33 96
33 97
33 101
33 114
33 151
33 171
33 174
33 438
33 217
33 496
33 224
33 497
33 243
33 498
499 129
500 71
501 83
502 205
34 104
34 113
34 168
34 236
34 244
34 246
35 503
35 47
35 504
35 505
35 506
35 507
35 136
35 139
35 146
35 165
35 508
35 199
35 509
35 222
36 57
36 62
36 510
36 72
36 859
36 88
36 511
36 512
36 166
36 513
37 52
37 60
37 67
37 74
37 108
37 112
37 133
37 135
37 177
37 220
37 230
37 235
37 239
37 240
38 514
38 70
38 77
38 83
38 143
38 150
38 208
38 515
38 516
38 247
517 947
518 100
519 131
520 140
521 233
522 947
523 243
524 73
525 157
526 164
527 177
528 181
529 221
530 91
531 201
532 207
533 46
534 145
535 157
536 97
537 114
538 159
539 242
540 67
541 76
542 163
543 177
544 221
39 545
39 52
39 546
39 99
39 102
39 133
39 134
39 173
39 189
39 547
39 548
39 549
39 239
40 550
40 79
40 551
40 552
40 553
40 554
40 120
40 170
40 193
40 555
40 1243
40 206
556 45
557 97
558 159
559 242
41 68
41 560
41 561
41 104
41 562
41 118
41 126
41 563
41 154
41 169
41 1208
41 564
41 210
41 236
565 87
566 136
567 73
568 145
569 157
570 188
571 217
572 139
573 165
574 214
575 222
576 76
577 79
578 99
579 461
580 203
581 237
582 161
583 117
584 141
42 71
42 103
42 110
42 112
42 123
42 124
42 585
42 180
42 190
42 205
42 223
42 227
586 67
587 99
588 133
589 134
590 239
43 591
43 58
43 87
43 93
43 109
43 114
43 119
43 128
43 136
43 172
43 178
43 182
43 183
43 197
43 199
43 219
43 228
43 232
592 131
593 111
594 1054
595 222
44 596
44 73
44 80
44 85
44 597
44 107
44 112
44 155
44 164
44 598
44 177
44 181
44 213
44 235
599 127
600 83
601 150
602 208
603 71
604 205
605 45
606 61
607 167
608 1124
45 609
45 610
45 611
45 612
45 97
45 613
45 138
45 614
45 615
45 204
45 438
45 616
45 617
45 242
46 618
46 619
46 620
46 621
46 622
46 623
46 157
46 624
46 625
46 203
46 221
46 626
627 54
628 129
629 175
630 214
47 631
47 632
47 633
47 634
47 146
47 165
47 172
47 635
47 636
47 199
47 222
47 225
637 83
638 208
48 63
48 75
48 103
48 106
48 116
48 118
48 121
48 123
48 130
48 143
48 169
48 194
48 209
48 227
639 209
640 214
49 641
49 642
49 92
49 94
49 98
49 643
49 644
49 122
49 125
49 645
49 147
49 166
49 193
49 646
49 218
49 647
648 87
649 93
650 114
651 119
652 136
653 172
654 197
655 199
656 243
50 657
50 80
50 658
50 659
50 137
50 138
50 155
50 660
50 201
50 204
50 661
50 213
662 167
663 188
664 217
665 119
666 149
667 179
51 53
51 54
51 783
51 115
51 668
51 669
51 670
51 176
51 671
51 202
51 672
52 74
52 102
52 133
52 189
52 461
52 673
52 235
52 239
674 88
675 190
676 238
677 140
678 58
679 87
680 128
681 136
682 144
683 243
684 248
685 60
686 98
687 122
688 135
689 193
690 206
53 61
53 691
53 692
53 783
53 115
53 693
53 694
53 695
53 696
53 697
53 698
53 176
53 699
53 700
53 701
53 702
54 56
54 703
54 65
54 704
54 84
54 85
54 86
54 783
54 105
54 107
54 115
54 117
54 705
54 141
54 706
54 176
54 707
54 708
54 202
54 212
54 216
54 709
710 243
711 168
712 245
55 76
55 79
55 713
55 714
55 203
55 715
55 221
55 716
56 717
56 84
56 85
56 91
56 105
56 107
56 137
56 155
56 207
56 212
56 226
57 60
57 64
57 72
57 78
57 88
57 92
57 108
57 121
57 130
57 132
57 152
57 166
57 186
57 190
57 211
57 220
57 230
57 1211
57 238
58 718
58 719
58 87
58 93
58 109
58 114
58 720
58 721
58 128
58 136
58 156
58 722
58 723
58 219
58 243
59 80
59 96
59 97
59 138
59 171
59 195
59 204
59 224
59 242
724 153
60 725
60 88
60 92
60 98
60 108
60 121
60 122
60 135
60 726
60 220
60 727
60 230
60 728
61 81
61 729
61 113
61 115
61 167
61 168
61 1124
61 198
61 730
61 202
61 212
61 244
61 246
61 731
62 732
62 72
62 733
62 859
62 88
62 734
62 735
62 736
62 737
62 738
62 739
62 740
62 1211
62 238
63 116
63 741
63 130
63 132
63 742
63 143
63 158
63 209
63 231
63 1211
743 125
744 147
745 193
746 65
747 86
748 111
749 216
751 188
752 207
64 74
64 78
64 92
64 98
64 100
64 108
64 120
64 131
64 134
64 152
64 186
64 753
64 230
64 239
754 91
755 226
756 214
65 757
65 84
65 86
65 783
65 105
65 107
65 111
65 758
65 759
65 760
65 761
65 226
762 146
763 172
764 222
765 225
66 80
66 81
66 110
66 113
66 128
66 162
66 171
66 183
66 191
66 192
66 219
66 228
66 232
66 236
67 76
67 766
67 767
67 99
67 133
67 135
67 163
67 170
67 206
67 221
67 768
769 859
770 88
771 95
772 129
773 175
774 214
775 247
776 95
777 129
778 175
779 247
68 156
68 160
68 169
68 780
68 781
68 192
68 210
68 782
784 105
785 111
69 786
69 787
69 788
69 144
69 151
69 167
69 1124
69 246
789 138
790 201
791 204
70 77
70 95
70 127
70 150
70 175
70 196
70 200
70 225
70 229
70 234
70 247
792 99
793 173
794 88
795 112
796 190
797 213
798 220
799 72
800 859
801 153
802 166
803 186
804 211
71 110
71 805
71 806
71 807
71 808
71 179
71 182
71 809
71 810
71 205
71 223
71 811
72 812
72 859
72 88
72 132
72 813
72 166
72 186
72 211
72 814
72 1211
815 144
816 243
817 248
818 233
73 819
73 84
73 86
73 107
73 820
73 145
73 148
73 157
73 164
73 181
73 221
73 226
73 237
73 821
74 82
74 90
74 108
74 112
74 133
74 189
74 220
74 230
74 235
74 239
74 240
822 79
823 1243
75 824
75 873
75 825
75 95
75 826
75 116
75 827
75 169
75 828
75 209
75 829
75 229
75 830
75 831
832 222
833 100
834 131
835 185
836 233
76 79
76 99
76 163
76 177
76 461
76 203
76 221
76 837
76 237
838 1054
839 145
840 216
841 136
842 208
843 247
844 95
845 247
846 91
847 164
848 226
77 83
77 849
77 850
77 150
77 851
77 175
77 196
77 205
77 852
77 853
77 225
77 234
77 854
77 247
855 159
856 179
857 187
858 157
860 1211
861 84
862 91
863 105
864 207
865 136
78 100
78 130
78 131
78 132
78 140
78 152
78 866
78 186
78 209
78 211
78 867
78 231
868 141
79 869
79 170
79 203
79 221
79 870
871 193
872 206
874 127
875 214
80 81
80 96
80 137
80 138
80 155
80 162
80 171
80 183
80 187
80 188
80 195
80 204
80 212
80 213
876 243
877 127
878 160
879 169
880 229
81 113
81 162
81 171
81 183
81 191
81 212
81 244
82 90
82 102
82 112
82 118
82 121
82 123
82 126
82 184
82 189
82 191
82 213
82 235
82 236
82 240
881 91
882 201
883 135
884 163
885 170
886 206
887 221
83 888
83 889
83 150
83 890
83 891
83 205
83 208
83 892
83 893
894 141
895 145
896 216
84 86
84 91
84 105
84 107
84 111
84 897
84 898
84 155
84 164
84 226
84 899
859 900
859 901
859 902
859 903
859 166
904 120
905 147
906 161
907 1243
908 218
85 107
85 117
85 148
85 155
85 181
85 461
85 909
85 212
85 235
85 237
873 910
873 95
873 127
873 175
873 214
873 229
86 107
86 111
86 1054
86 145
86 911
86 216
86 912
86 226
86 913
914 95
915 143
916 158
917 129
918 129
919 247
920 120
921 134
922 170
923 173
924 1208
925 215
926 93
927 136
928 165
929 168
87 114
87 136
87 947
87 930
87 931
87 932
87 933
87 243
87 934
437 97
437 935
437 947
437 438
437 243
437 936
937 120
938 193
939 1243
940 218
88 941
88 92
88 942
88 122
88 166
88 943
88 190
88 944
88 945
88 220
88 1211
88 238
88 946
89 90
89 948
89 118
89 134
89 154
89 173
89 185
89 189
89 194
89 949
89 1027
89 215
89 950
89 239
90 118
90 152
90 154
90 189
90 194
90 215
90 230
90 236
90 239
90 240
91 951
91 952
91 953
91 954
91 137
91 155
91 955
91 956
91 201
91 207
91 226
91 957
958 117
959 145
960 148
961 216
962 104
963 156
964 168
965 129
966 175
967 225
92 94
92 98
92 100
92 108
92 120
92 122
92 131
92 166
92 186
92 218
968 163
969 164
970 177
971 181
93 128
93 136
93 142
93 156
93 160
93 165
93 972
93 172
93 197
93 199
93 219
973 155
974 201
94 120
94 125
94 131
94 975
94 147
94 153
94 166
94 976
94 977
94 186
94 978
94 979
94 218
95 980
95 116
95 127
95 143
95 158
95 175
95 200
95 214
95 229
95 247
95 981
783 105
783 982
783 141
783 176
783 983
783 202
96 97
96 137
96 138
96 151
96 167
96 171
96 174
96 188
96 984
96 201
96 212
96 438
96 217
96 985
97 986
97 138
97 204
97 438
97 217
97 987
97 242
97 988
98 108
98 120
98 122
98 135
98 147
98 193
98 206
98 218
99 133
99 989
99 461
99 990
99 991
99 992
99 239
993 161
994 378
995 229
100 120
100 131
100 140
100 186
100 996
100 997
100 233
998 168
999 246
1000 947
1001 243
1002 104
1003 154
1004 168
1005 236
1006 245
1007 203
101 1008
101 144
101 151
101 167
101 174
101 198
101 1009
101 243
101 246
101 248
102 154
102 173
102 184
102 189
102 1010
102 378
102 215
102 235
102 236
103 106
103 123
103 124
103 143
103 150
103 190
103 227
104 168
104 1208
104 184
104 236
104 244
104 245
105 1011
105 1012
105 1013
105 137
105 750
105 202
105 207
105 212
106 112
106 121
106 123
106 130
106 190
107 117
107 145
107 148
107 155
107 164
107 181
107 212
107 216
107 237
1014 168
108 122
108 135
108 220
108 230
109 114
109 128
109 149
109 178
109 183
109 195
109 224
109 228
109 242
110 112
110 123
110 162
110 1261
110 180
110 183
110 192
110 210
110 213
110 223
110 227
110 232
110 1015
111 1016
111 1017
111 1054
111 1018
111 1019
111 1020
111 226
112 121
112 123
112 1021
112 177
112 1261
112 181
112 190
112 213
112 220
112 235
112 240
113 128
113 168
113 191
113 192
113 198
113 219
113 228
113 236
113 244
113 246
1022 125
1023 166
1024 226
1025 154
1026 185
1028 215
1029 207
1030 185
114 119
114 128
114 149
114 947
114 174
114 178
114 1031
114 224
114 228
114 1032
114 243
114 1033
114 1034
114 248
115 1035
115 1036
115 1037
115 176
115 1208
115 184
115 202
115 378
115 212
115 244
115 245
1038 226
116 143
116 158
116 169
116 200
116 227
116 229
117 141
117 148
117 1039
117 1040
117 1041
117 461
117 1042
117 378
117 216
118 121
118 123
118 126
118 154
118 169
118 1043
118 189
118 194
118 1027
118 1044
118 236
118 240
119 1045
119 1046
119 149
119 178
119 1047
119 197
119 199
119 1048
1049 1243
1050 122
1051 166
1052 185
1053 233
120 131
120 147
120 170
120 1055
120 193
120 1056
120 1057
120 218
1058 165
121 123
121 130
121 152
121 190
121 194
121 220
121 230
121 240
1059 172
1054 145
1054 1060
122 135
122 166
122 1061
122 206
122 1062
122 1063
1064 149
1065 172
1066 178
1067 179
1068 182
1069 197
1070 205
1071 141
1072 176
123 126
123 169
123 180
123 190
123 210
123 227
123 236
1073 143
1074 158
1075 141
1076 176
1077 378
124 150
124 196
124 200
124 205
124 223
124 227
1078 222
1079 179
1080 182
1081 205
1082 223
1083 155
1084 164
1085 226
1086 231
125 1087
125 1088
125 147
125 161
125 1089
125 1090
125 218
125 1091
125 1092
126 154
126 169
126 210
126 236
1093 161
1094 750
1095 202
127 139
127 160
127 175
127 1096
127 200
127 214
127 1097
127 225
127 229
127 234
127 241
1098 157
1099 203
1100 221
1101 144
1102 243
1103 163
1104 132
1105 143
1106 158
1107 231
128 156
128 174
128 192
128 198
128 1108
128 219
128 1109
128 228
128 243
128 246
128 248
129 175
129 1110
129 1111
129 1112
129 1113
129 247
129 1114
1115 203
1116 222
1117 225
130 132
130 152
130 190
130 194
130 209
1118 149
1119 159
131 140
131 153
131 1120
131 1121
131 186
131 1122
131 1123
132 158
132 209
132 211
132 1125
132 231
132 1211
1126 143
1127 1211
1128 203
133 461
133 1129
133 235
133 239
134 152
134 189
134 194
134 1130
134 1131
134 230
134 1132
134 239
135 163
135 170
135 177
135 206
1133 205
136 1134
136 165
136 1135
136 199
136 1136
136 1137
136 1138
1139 378
1140 245
137 138
137 155
137 750
137 1141
137 188
137 201
137 207
137 212
1142 145
1143 157
1144 203
138 171
138 188
138 1145
138 201
138 204
138 207
138 438
138 1146
139 142
139 146
139 160
139 165
139 1147
139 1148
139 214
139 222
139 225
139 241
140 1149
140 186
140 211
140 1150
140 233
1151 947
141 1152
141 176
141 1153
141 1154
141 1155
1156 144
1157 151
1158 167
1159 1124
1160 243
1161 149
1162 172
1163 197
1164 208
1165 158
1166 209
1167 231
1168 175
1169 225
1170 247
142 146
142 160
142 165
142 172
142 199
142 234
142 241
1171 153
1172 166
1173 185
1174 1027
1175 209
1176 233
143 150
143 158
143 208
143 1211
144 151
144 167
144 1124
144 198
144 1177
144 243
144 246
144 248
1178 205
145 148
145 157
145 1179
145 216
145 1180
145 1181
145 237
145 1182
145 1183
146 165
146 172
146 199
146 222
146 225
146 241
147 161
147 193
147 218
1184 203
148 1185
148 1186
148 461
148 216
148 237
149 159
149 178
149 179
149 182
149 183
149 195
149 197
149 1187
149 242
150 1188
150 196
150 205
150 208
150 1211
1189 154
1190 172
1191 182
1192 196
1193 205
1194 225
1195 234
151 167
151 171
151 174
151 1124
151 198
151 217
151 246
152 194
152 209
152 230
152 239
152 240
1196 208
153 166
153 1197
153 1198
153 1199
153 186
153 1200
153 1201
1202 201
1203 207
154 1204
154 173
154 1208
154 1205
154 189
154 194
154 1027
154 215
154 1206
154 236
1207 173
1209 378
1210 215
155 164
155 1212
155 212
155 213
155 226
156 160
156 165
156 1213
156 1214
156 192
156 1215
156 219
947 1216
947 1217
947 1218
947 243
947 1219
157 1220
157 221
157 1221
158 1222
158 209
158 1223
158 231
158 1224
159 179
159 183
159 187
159 195
159 204
159 1225
159 242
160 165
160 169
160 172
160 192
160 200
160 210
160 219
160 229
160 232
160 234
160 241
161 1226
161 1227
161 1243
161 1228
161 218
161 1229
162 179
162 180
162 183
162 187
162 195
162 204
162 223
162 232
162 1230
1231 172
1232 182
1233 205
163 177
163 221
164 1234
164 1235
164 1236
164 181
164 213
164 1237
164 226
164 1238
165 1239
165 199
1240 176
1241 213
166 186
1242 461
167 750
167 1124
167 188
167 198
167 202
167 212
167 217
167 1244
168 244
168 245
168 246
168 1245
169 1246
169 192
169 200
169 210
169 1247
169 227
169 229
169 1248
1249 231
1250 216
170 193
170 206
170 1251
1252 214
1253 190
171 174
171 183
171 195
171 224
171 228
172 182
172 1254
172 196
172 197
172 199
172 200
172 219
172 225
172 232
172 234
172 241
1255 179
1256 199
173 1208
173 184
173 189
173 1257
173 1258
173 378
173 1259
173 215
173 236
174 198
174 224
174 228
174 243
174 248
750 188
750 1260
750 202
750 207
750 212
1262 213
175 1263
175 214
175 1264
175 225
175 234
175 247
176 1265
176 202
176 378
1266 208
177 181
177 221
177 235
178 179
178 182
178 183
178 195
178 197
178 232
1267 203
1268 243
1208 184
1208 378
1208 215
1208 1269
1208 236
1208 245
1270 201
1271 213
1261 190
1261 213
1261 1272
1273 1027
1274 186
1275 211
179 182
179 183
179 187
179 1276
179 223
179 1277
179 1278
1279 208
180 192
180 210
180 223
180 227
180 232
181 235
1124 198
1124 246
1280 222
1281 225
1282 207
182 196
182 197
182 200
182 205
182 223
182 227
182 232
183 187
183 195
183 219
183 224
183 228
183 232
184 191
184 378
184 212
184 235
184 236
184 244
184 245
1283 218
185 194
185 1284
185 1027
185 215
185 233
185 1285
186 211
186 1286
1287 378
1288 214
187 1289
187 1290
187 195
187 204
187 223
187 1291
187 1292
187 242
188 1293
188 201
188 207
188 1294
188 212
188 217
188 1295
188 1296
1297 243
1298 201
1299 207
1300 438
1301 208
1302 1211
1303 190
189 1304
189 215
189 235
189 236
189 1305
189 239
190 220
190 238
191 212
191 213
191 235
191 236
191 244
1306 197
1307 199
1308 216
1309 226
192 200
192 210
192 219
192 227
192 232
192 236
193 1310
193 206
194 1027
194 209
194 239
194 240
1311 218
1312 214
1313 222
1314 247
195 204
195 224
195 228
195 242
196 200
196 205
196 223
196 227
196 232
196 234
197 199
198 212
198 228
198 244
198 246
198 248
1315 208
1316 1211
200 219
200 227
200 229
200 232
200 234
1317 1243
461 1318
461 1319
461 235
461 237
1320 206
1321 231
201 207
201 1322
201 1323
202 212
203 1324
203 221
203 1325
1326 215
204 242
1327 218
1328 221
205 223
1329 246
1330 248
1027 215
1027 1331
1332 208
1333 1211
206 1334
1335 1211
1336 1211
1337 238
207 1338
207 1339
208 1340
208 1341
208 1211
209 231
209 233
1342 378
1343 235
210 227
210 236
1344 247
211 1345
212 244
213 235
214 1346
214 225
214 234
214 241
215 236
216 1347
438 217
438 1348
217 1349
217 1350
219 228
219 232
1351 233
1352 229
1353 243
220 230
220 240
221 1354
221 237
1355 238
222 225
222 241
223 227
223 1356
224 228
1357 246
1358 248
1359 247
225 234
225 241
225 1360
226 1361
226 1362
1363 247
227 232
1364 231
230 239
230 240
234 241
236 244
1211 238
1365 243
243 1366
243 248
244 245
244 246
245 1367
246 1368
246 248
247 1369
