1200 2003 0
-0.4165314402580754 0.0014385734638228 0.0739064257953898
0.3304306836565216 -0.1814913278193520 -0.4403529636810373
-0.4726320875389043 -0.3024689780902457 -0.2010631181800729
0.2693946687689758 -0.1998755732948585 0.3671885838475000
0.3379188513373674 -0.0842790104592432 -0.1070991502556640
-0.0354455921178004 -0.0289963959292450 -0.3339979595424529
0.2575729239011550 -0.1176739369702695 -0.0251938068670096
-0.2894457785169258 -0.3074902860253043 0.0877065206064847
0.2666357910204538 0.4193344862088500 -0.2711302737909688
-0.2728775196932871 0.3126553947548628 -0.3847779280022528
0.1221621188538101 -0.0512012042881809 0.4271780835139591
0.4310021438401698 0.2740009054891113 -0.3691907920040191
0.0791074456790681 0.3426503997939154 -0.3028385710058550
-0.3669667225430928 0.3534739933245225 -0.2424863567016427
-0.4517488242462147 0.4370626876644789 0.3623758114663792
-0.3438178922397847 -0.0260217630089488 -0.0403798229134202
-0.3939892150010624 0.0402577875720451 -0.3605989233070431
-0.2946553297318676 -0.4243640151327723 -0.1130973593406012
-0.1556520784990404 0.3141247718353232 -0.2575597230865885
-0.3705852795972672 0.0505599524015522 -0.2222419415752300
-0.3443985478192161 -0.2493125821144880 -0.4310215016284387
0.3439009019879854 -0.4845340532330114 0.0478642729484212
0.3701856735978830 -0.3706730100188784 -0.1656197640861940
-0.4364906874331399 0.1606606006971575 0.1405454203573924
-0.1655987613923837 0.4688958228659953 -0.4942077279452251
0.3948100466706265 0.2838242147130431 0.2165426898892983
-0.2021985760363053 -0.2994892581247623 -0.0381388987891763
0.1129494969638915 -0.3313040963668091 0.0817718963421864
-0.3689231763082134 0.4129733514542456 0.1011795709928201
-0.2970252699169710 0.0987294776352395 0.0073384739313503
0.0305423978234792 -0.2534882270907798 0.2894681100933201
0.3139165558804180 -0.3633279987993154 0.2846552356884324
-0.3768421989463335 0.3045822338347126 0.3822738186261774
0.1487425969076289 -0.3428454430719582 0.0963014879478971
-0.3817753976862357 0.1843974251230741 -0.0605793796640394
0.2664872177472916 0.4253479473797939 -0.0249128119214226
-0.1032315730809110 -0.0237228189218513 -0.4666061551895233
0.2349574987502221 -0.2326465358556370 -0.4465348184004730
0.4536364316654897 -0.1745584417611199 0.2984318328697132
0.4970910563481666 -0.2673736769542210 -0.0051704314576563
0.3965260483411994 -0.4356087578278102 0.0344519060996814
-0.0638717841256370 -0.1801593021944983 0.4229012671472320
-0.1854287661339520 -0.1200384769429549 0.3311658326959819
0.0409879945824602 -0.4727937243256699 0.1147590328104359
0.3168857089495152 0.2895524145987957 -0.1431392932460746
0.2674087327480947 0.2430943688687877 -0.4623860203228214
-0.4477403317724180 0.4314206857645790 -0.3696603758227504
-0.1159659594863476 0.1325819807054366 -0.4999133685699050
0.1699270777887412 0.1949758510440446 -0.4742264122967382
-0.3412095298931644 -0.4692527739666649 -0.4439104886278790
-0.1926080317622002 0.0950919728184986 -0.2113354619251223
-0.3022569813017829 -0.4082784066634537 -0.0044003944996352
0.2646015074537943 0.4154904062402510 -0.1113702546988090
0.3810447405725854 0.1283394890361897 0.3403770951758371
-0.4708856319147961 -0.2288126350689330 -0.0330673671421748
0.3011911025622280 0.4455856247005062 -0.2873389521095251
0.2594933104347099 0.2899665824133573 0.1731390863954207
0.0766845805303591 -0.4616182691415578 0.3616849064274965
-0.4123102090228247 -0.3270638592065322 -0.0294417664367199
0.1746244918281204 0.1781430065847621 -0.0666113799107023
-0.4120570842600064 0.0297924918876181 -0.1971788858605389
-0.2075761748450361 0.3710449051393601 0.1830786187581622
0.1692142991128671 -0.3698743212062434 0.4704166702363600
0.2255819472798928 0.1870607147892124 0.4272926684515014
0.2635981158852594 0.2970909136385544 0.3258576317844081
-0.4079936997593870 0.4400162357333615 0.4533991475832567
-0.1528201089465355 0.1946876269553201 -0.3077163757789253
0.3418423657007983 0.2794730003340119 -0.3549305900376279
-0.0109376820138843 -0.1923806226213698 -0.2771805593134065
0.4258328082692294 -0.2375313098165943 0.3394204287680991
-0.1556715008603545 0.1867701787651879 0.3519215775699489
-0.0289142766412294 0.0291568310935270 0.2605614005333745
0.0647991865998510 0.4902920370196971 0.0916331712829268
0.1094639282773026 -0.1542144319866047 -0.4773994241045459
0.3256302158782761 0.1733056280799485 0.2978039572891492
-0.4519060316223577 0.3194660733269741 -0.3686789291943086
0.0509426472977997 0.4805003424980874 0.1689522082090868
0.1802832164640541 -0.0050570693083704 -0.4627406446929915
-0.2316814478916273 0.4915374537226377 -0.0075868020632463
-0.4566555246813623 0.1009571083966243 0.1462909869243303
-0.1867922115214884 -0.0044917873911993 -0.0765323594116450
0.0826937623313610 -0.1701847183350862 0.4512707404699818
0.1856449450002631 0.4639289075117313 0.0394134521239771
0.4180226497375376 0.1530618431530393 -0.1586116772869466
0.0630519403275479 0.3552173783803030 -0.0278068804598918
0.3306836769734535 0.1432731517012610 0.1853842178109760
-0.0378528174813271 -0.2500954866563365 -0.3400330238075924
0.0536475034899630 0.3581540427450811 0.3418871625065285
0.2113851638966490 -0.0889431552013604 0.2529432501092904
-0.3312883830171396 0.4160705377033000 0.2791120378922542
-0.3011951801561662 0.3167356763417729 0.4430066576677471
-0.2648326593116061 -0.4319680292242293 0.3111842785527387
-0.0452038051488083 0.2884758215481199 -0.2590263897023706
-0.3356534256559798 0.2877233470019120 0.0040897815293210
0.3138415666272097 0.0057008079287704 -0.4326316733352933
-0.3805044919378880 0.2454916783658750 -0.0410014625693825
-0.3414241472925438 0.0298798818996905 -0.0415749946561434
-0.4468424399890114 0.2344151471425937 0.1731836084326281
-0.3971213938665891 0.1306113777184149 -0.1681752843383827
0.4493950950659362 0.4309244660713967 0.4441581762904816
-0.3825305619470131 0.3327726452604619 0.0940756068542256
0.2268631989732451 -0.3362888488207099 0.4490723424016222
-0.3535064832342652 0.3583924281336264 0.3281600112174267
-0.1636333532256920 0.2824438791259704 -0.1516742831294998
0.0706527342087701 0.4613072505918954 0.4392394233059570
0.0000660204122110 -0.2526765195179691 -0.1207129747723042
0.0974132758580782 0.4181719913968204 0.4099660191804686
-0.2008616358485825 0.1620028808991484 -0.2680790770773218
0.1344559267099971 0.4654499302562812 -0.0013339939233770
0.1836028426681065 0.3682183832817677 0.0210105097342640
-0.0966456953013755 0.2440083937444453 0.0179456961600527
-0.2277967903487745 0.2621272946420274 0.4036297772365537
-0.2459801975746967 -0.4567243176655208 -0.2845694584453764
-0.0942958679936249 0.2765717681686239 0.4456993867097648
0.3586469746641858 0.0057997824552631 -0.4644811311139104
0.0043057537802489 -0.3488299638724014 0.3113525938551260
-0.0105714540857674 0.1121827578147102 -0.1292331951311368
0.3396695101913292 0.1562747981683771 0.4334652989174594
0.0268257995698325 0.1938666971443661 -0.1088240335389634
0.3532205488657000 0.3284281570263254 0.4520343682291117
0.3845717537960243 -0.2613352163729248 -0.1766586228697595
0.3177767793969810 0.1655069047686733 -0.4303033422895148
-0.3125893973368988 -0.3063479744165362 -0.1838310356750164
-0.1050366039253566 0.0500377504266516 0.0772343470661554
0.0918322866703062 -0.1140395447042961 -0.4179419458159742
0.3991791657111858 0.1974623822834066 0.1236704743211988
0.4802069051877621 -0.4823537267999531 -0.2435725659608578
0.2501830622526493 0.2211057821529972 -0.0946946133332062
0.3755278187540542 0.2895023940519102 0.4383409556402305
-0.4165656894496014 -0.3048435193812846 -0.0088878680621283
0.1602501688471454 0.1270971645962326 0.1870005030617531
0.4204304750122485 -0.2932052495419953 -0.1608395263581223
0.1195920694399400 -0.1621987779900534 -0.1560349375478631
0.3216147907085695 -0.4342489320207644 0.4131691695606860
0.3726896726022267 -0.0373812670969259 0.3632332551043867
0.3833383325485182 -0.0483389017171563 -0.0569558861435826
-0.3842164785211846 -0.1697479628348632 -0.2426633582906454
-0.3855790416849903 -0.3353023662978235 -0.3572370295355394
-0.0635282429209808 0.1279106299036338 0.0543285920826581
-0.3124229199520119 -0.0047214789209547 -0.4398023055621070
0.3943969097214662 -0.0257924518717667 0.1279395966394990
-0.3779508130849276 0.3486174089526273 0.3953481566102067
0.2521071392678956 -0.4156192191697218 0.2328198156917907
0.0336665186566700 -0.1027323893020773 -0.4048180860533197
0.0516644592378908 -0.4076518360405278 0.0790960502151698
0.4089092044435528 -0.0065912726197761 0.0089743330617787
0.3213912121602500 -0.0653241711384236 0.3593425851717615
-0.3001637250557468 0.4254491301673939 -0.1292633627012298
0.3690899430109025 0.1789300172303702 0.1850922440699187
-0.3613168073792747 -0.3736045889252404 0.0673199705676186
0.0858253769740972 0.2765926538300627 0.3986597573993649
0.2078343411179959 -0.4020358406446805 0.3181917622285437
0.0963454380236328 0.2863747811735900 -0.1198444072302114
0.2832055074811107 -0.3340871302287020 -0.3375955929907944
0.0326067003414786 -0.0649486574582585 0.2401992875503265
0.0743396759855136 -0.0381436464757274 -0.1938757064911940
-0.4538826958202486 -0.3109000780912475 -0.3835598465661912
-0.3924076432157086 0.2080365810606742 0.1082645169571193
0.0185798279400497 0.0581340236949392 0.3849002757573569
0.3234538481499041 0.2993517510161069 0.3490827742287368
0.3489348543440539 0.3906469442753941 0.1761415020399701
0.1689590225133479 -0.2183949226845361 0.2666371555426355
0.3934820364190234 -0.1525283886598282 0.0826130691911536
0.0349077772502912 0.3460507290645233 0.4068892391760219
-0.4031140311183386 -0.0947381796462601 -0.0246086923314481
-0.1526152008727652 -0.2195300790476679 0.3750287902256119
-0.1561279921108888 -0.2497144125691707 0.2700885314663184
0.1444585616033769 0.1886400822753103 -0.0050547998876218
-0.2981535383721610 0.3880062788964741 0.2108046277892489
0.3886662702443965 -0.1261260494940057 0.1406591966071301
0.3560351560775158 0.1922570760375677 -0.0481167070750744
0.2343667538475250 -0.1094821738633531 0.1274982839071483
-0.3787284983404497 0.4160933281239185 0.0021291441870262
-0.4807280337492975 0.0896409076556358 -0.2683149857871832
-0.2499830617678159 -0.4512825081014589 0.0600718073305759
0.3566514282342694 -0.4649176970595428 0.3652427778263489
0.3499319496304690 0.4540653206258855 0.3182244373483358
-0.2333903538482630 0.1237521259303720 -0.0225792323825968
0.2786643184408324 0.4317747484264481 0.2884648782026583
0.1598646043234476 0.0421754223246811 -0.4122334127161846
0.2531950779181220 -0.3443695042873792 0.1031890764597800
-0.4267127212346542 -0.1964434280374455 -0.1215910150903137
0.3497541627220659 -0.1065053752334886 0.0700061697216826
0.0818419498158249 0.1163282110191041 -0.2367006871961097
-0.3694837451047285 -0.3268035072129555 0.4610006356131561
0.1361306462856273 -0.3688103810101626 -0.1706347556286151
0.1894060378481150 0.0540297651480755 -0.2906114705821957
-0.2831529102275914 0.4282006464695706 -0.4569110565988566
0.3006346070922590 0.1626887709877078 -0.1656531326667100
0.2101578219883121 0.3553942663310886 0.1639131833502867
-0.5000000000000000 -0.0839659743396374 0.1724208135872535
-0.4176470003410980 -0.0080389320942037 0.5000000000000000
-0.3789587486259189 -0.0951880613023472 0.5000000000000000
-0.4745293891854918 -0.0374407607294367 0.5000000000000000
-0.5000000000000000 0.0641101584243844 0.0743011448957347
-0.4232250880367300 -0.2098074249447376 0.5000000000000000
-0.5000000000000000 -0.0007198902591982 0.2823779470111192
0.3387849885437647 -0.2665045001473252 -0.5000000000000000
0.3581608159764642 -0.1612852285348619 -0.5000000000000000
0.3207414899565692 -0.2012434362747995 -0.5000000000000000
0.3391425556442689 -0.1779606937877235 -0.5000000000000000
0.3638626482106303 -0.2036608998363001 -0.5000000000000000
0.3887623651587404 -0.1998912134400209 -0.5000000000000000
0.2957704193585262 -0.1896272516225012 -0.5000000000000000
0.3489943484914944 -0.2032583820430521 -0.5000000000000000
0.2696974388576396 -0.1863955795956202 -0.5000000000000000
0.3526212629600300 -0.3692136678276727 -0.5000000000000000
0.3553420097124373 -0.3493452516589877 -0.5000000000000000
0.3613601058463109 -0.3556687441830894 -0.5000000000000000
0.3287152904921214 -0.3582230858731969 -0.5000000000000000
0.4397408173773768 -0.2260187113003735 -0.5000000000000000
-0.5000000000000000 -0.3356554609752331 0.0142380798228483
-0.5000000000000000 -0.2182282885168616 -0.2596290992923418
-0.5000000000000000 -0.2737696853339453 -0.1974395574863158
-0.5000000000000000 -0.2988212481777903 -0.1718340616389850
-0.5000000000000000 -0.3798684078622591 -0.1646716732323152
0.3089538738113969 -0.5000000000000000 -0.0403978243563697
0.2667210979950765 -0.5000000000000000 -0.2042982169456138
0.2251977675594279 -0.5000000000000000 -0.1610892949635733
0.1324250227178497 -0.5000000000000000 -0.0355886477647009
0.2440005616198866 -0.5000000000000000 -0.0903416118614402
0.1918906912347902 -0.5000000000000000 -0.1380562810219160
0.2477894246692209 -0.5000000000000000 -0.2340870129540715
0.2430116901408141 -0.5000000000000000 -0.1594774995747745
0.2202134588610928 -0.5000000000000000 -0.2053984017456267
0.2538414500363887 -0.1769881625940656 0.5000000000000000
0.2512737694470654 -0.1982020835246184 0.5000000000000000
0.3514776583085280 -0.1662302607018656 0.5000000000000000
0.2543989850019431 -0.2099972060620621 0.5000000000000000
0.1228975586847104 -0.2875905721720720 0.5000000000000000
0.3941105207814443 -0.1147806044884036 -0.5000000000000000
-0.0374264289301655 -0.1212828797416145 -0.5000000000000000
0.0016160552697806 0.0076052875182214 -0.5000000000000000
0.0079238497272498 0.1534374391387567 -0.5000000000000000
0.0154434607447894 -0.0824218633489945 -0.5000000000000000
0.2465065038621886 -0.1850065630640839 -0.5000000000000000
-0.5000000000000000 -0.3304790340505441 0.3370617932926577
-0.4068465794196628 -0.2486734221338443 0.5000000000000000
-0.2774497651014417 -0.5000000000000000 0.4938163252888327
-0.5000000000000000 0.1377157694725754 0.2105801837719646
-0.5000000000000000 0.1048126032048793 0.2002286122539723
-0.5000000000000000 0.1825780505437139 0.2228662734376340
-0.5000000000000000 0.0266832782425572 0.2070864607206402
0.2647383805119982 0.3797657977336969 -0.5000000000000000
0.2708134981440872 0.4030997969080515 -0.5000000000000000
0.2542401207901685 0.5000000000000000 -0.4951491303580155
0.2101058999975684 0.4350989484501760 -0.5000000000000000
0.3344207320907420 0.4103895245474826 -0.5000000000000000
0.2485691626019859 0.5000000000000000 -0.2329946594910919
-0.1891094871254990 0.2904313936725624 -0.5000000000000000
-0.2296534112549062 0.3193805347923464 -0.5000000000000000
-0.2797617616623554 0.2808966979814128 -0.5000000000000000
-0.2494630153508809 0.3210171937398817 -0.5000000000000000
-0.1851523417386577 0.3687970876055238 -0.5000000000000000
-0.2297355682513314 0.4274766014536919 -0.5000000000000000
0.1171290256677429 -0.0367810050914853 0.5000000000000000
0.1619028872580256 -0.3644571142196114 0.5000000000000000
0.2027570259098727 -0.3352099267408551 0.5000000000000000
-0.5000000000000000 0.1903465697834770 0.0038033967081813
-0.5000000000000000 0.1972674213830422 -0.0409579901273535
-0.5000000000000000 0.2337634382154358 -0.1325283711793581
-0.5000000000000000 0.1690476366903748 0.0189505550228921
-0.5000000000000000 0.2057825784026673 -0.0382061044601596
-0.5000000000000000 0.2087042014683417 0.0184345964611720
-0.5000000000000000 0.1885066376226651 -0.0583578521547695
-0.5000000000000000 0.1444628167695092 -0.1531228911960966
-0.5000000000000000 -0.3063207972575038 0.0887591900267842
-0.5000000000000000 -0.3539822982263893 0.1353967177496649
-0.5000000000000000 -0.3493899012068973 0.1378473494169273
-0.5000000000000000 -0.3619020013175211 0.1599243912209636
0.1102969555099224 -0.0853662255330992 0.5000000000000000
0.1419373840328623 -0.0072706908768917 0.5000000000000000
0.2279697227728025 -0.1514616733052968 0.5000000000000000
0.0756420338942577 -0.0429277244111209 0.5000000000000000
0.0913852110090414 -0.0507919462375197 0.5000000000000000
0.1762673381846280 -0.0325857999568007 0.5000000000000000
0.1110631499318726 -0.0230827393564322 0.5000000000000000
0.0270582764594490 -0.0261624232035391 0.5000000000000000
0.1228306469370511 -0.0366928344409888 0.5000000000000000
0.4551229460635693 0.5000000000000000 0.4185154705871847
0.4294274519229600 0.5000000000000000 0.3887745737801313
0.4186089636316480 0.5000000000000000 0.1576158253153411
0.1822820857527787 0.3484142460073011 -0.5000000000000000
0.2666365926400107 0.2645344213435585 -0.5000000000000000
0.2793691273686590 0.3920193862605091 -0.5000000000000000
0.3039587230232286 0.3149817979626279 -0.5000000000000000
-0.2188172043685680 -0.0593753094112363 0.5000000000000000
-0.1370705242424097 -0.1305320557576432 0.5000000000000000
-0.2005152117160180 -0.0942962679288045 0.5000000000000000
-0.1900036826592420 0.0066707767419553 0.5000000000000000
-0.1651381117434667 -0.0566216547557130 0.5000000000000000
-0.1919427183685436 -0.0632767575769893 0.5000000000000000
-0.1103682927843468 -0.1809903751639072 0.5000000000000000
-0.1617727723377617 -0.1638056226424603 0.5000000000000000
-0.1522716395277260 -0.1952011628851766 0.5000000000000000
-0.5000000000000000 0.1029340058050037 -0.2520915787296736
0.5000000000000000 0.3747393025069363 -0.4141807852302001
0.4961430170824164 0.2194066384252249 -0.5000000000000000
0.4347715955083308 0.3083350179975294 -0.5000000000000000
0.5000000000000000 0.3691698063360166 0.0029480204691156
0.5000000000000000 0.2159704786108592 -0.3456936169514834
0.4894254627795023 0.3548196877486881 -0.5000000000000000
0.5000000000000000 0.2769351530391091 -0.4394071559109953
0.4437954097178962 0.2149487737086458 -0.5000000000000000
0.4954830447668928 0.1969095473855914 0.0813277414957341
0.5000000000000000 0.1070325858712038 0.2173463996409934
0.5000000000000000 0.0394509996460626 0.1288822037844596
0.5000000000000000 0.0443856382142501 0.0714638628067074
0.0560849444192172 0.5000000000000000 -0.3826223449229343
-0.0186405219914422 0.3420897725253829 -0.5000000000000000
0.0185031787382452 0.1884355647982286 -0.5000000000000000
0.1752611309190994 0.4198057077828828 -0.5000000000000000
0.1327958583969591 0.3038177374410668 -0.5000000000000000
-0.5000000000000000 0.3412897766885795 0.0210852489617931
-0.5000000000000000 0.3420716070358025 -0.1306065042743296
-0.3799359189776438 0.5000000000000000 -0.1436241312477243
-0.3520467273707686 0.5000000000000000 -0.4244544992743823
-0.4806653240114032 0.5000000000000000 0.2590603506847503
-0.5000000000000000 0.4370710689216221 0.4333415689256952
-0.5000000000000000 0.3608342705985884 0.1145544268494859
-0.4207145715376346 0.5000000000000000 0.4242371980819905
-0.4728181194251985 0.4242200823556277 0.5000000000000000
-0.5000000000000000 0.4506055568780660 0.3635162342990477
-0.4481313837656243 0.4580555276559712 0.5000000000000000
-0.5000000000000000 0.4134012502827328 0.4335728901421810
-0.5000000000000000 0.4926894603233476 0.3646705488601017
-0.2673626749546713 -0.1413418443276611 -0.5000000000000001
-0.4160446176768356 -0.2183246257691846 0.5000000000000000
0.4576619501782906 -0.1219090826826701 0.5000000000000000
0.4945323554704674 0.0309163925931293 0.5000000000000000
0.4099492829895941 -0.0521445107114873 0.5000000000000000
-0.1682398053856988 0.5000000000000000 0.2334341449369156
0.0288001382000520 0.5000000000000000 0.1185533571111626
0.0006764170608753 0.5000000000000000 0.1907662486646735
-0.2200820957457518 0.5000000000000000 0.0291866473288829
-0.2247465169272878 0.5000000000000000 0.2656868526548804
-0.3411525828324729 0.2967605411474613 0.5000000000000000
-0.3046115283992248 0.3070958506374657 0.5000000000000000
-0.2683234017242915 0.2757982240599715 0.5000000000000000
-0.1701192922622577 0.2813039974166026 0.5000000000000000
-0.3436390742761800 0.3187732650587978 0.5000000000000000
-0.5000000000000000 -0.1355519222815559 -0.3059762016272380
-0.4585288626040929 0.0391330176632857 -0.5000000000000000
-0.4395584902531809 0.0287349834609605 -0.5000000000000000
-0.4408805395848797 -0.0494853917073908 -0.5000000000000000
-0.3734848582801057 0.0225438680034571 -0.5000000000000000
-0.4248130348320810 -0.0681824861059793 -0.5000000000000000
-0.4155190429441509 0.0705642959775911 -0.5000000000000000
-0.5000000000000000 -0.0806816470164117 -0.2410057006428690
-0.3631056616788995 0.0662224764777503 -0.5000000000000000
-0.4126420094667009 0.0291435756780181 -0.5000000000000000
-0.3109063304012357 -0.5000000000000000 -0.2208656550026390
-0.2537543424037075 -0.3956118315360770 -0.5000000000000000
-0.5000000000000000 -0.4773879345338724 -0.1140390947808260
-0.2695394558866774 -0.5000000000000000 -0.1040851102943466
-0.3042976549343098 -0.5000000000000000 -0.0054698281848093
0.0373197843159147 0.5000000000000000 -0.3802022202025828
-0.0403319715423185 0.3396732236238429 -0.5000000000000000
-0.1920647760052075 0.5000000000000000 -0.2368915842553836
-0.1084588805323898 0.2815599024232379 -0.5000000000000000
-0.1360511288223663 0.3833510704979849 -0.5000000000000000
-0.2232580889653573 0.4325154772395481 -0.5000000000000000
0.3237245110769044 0.3413242471655854 0.5000000000000000
-0.3515825604708456 0.0739119903008318 -0.5000000000000000
-0.2289690640381438 0.0623683600539305 -0.5000000000000000
0.4929751502545837 0.0469907170415917 0.5000000000000000
0.5000000000000000 -0.1584459616723756 -0.3235583584523957
0.3982554699085321 0.0030469767869079 -0.5000000000000000
0.5000000000000000 -0.0250364452740379 -0.4190192471093789
0.4750010215283839 -0.1706766357904913 -0.5000000000000000
0.4914254759070744 0.1141478164455856 -0.5000000000000000
0.4210391369825094 0.0509298134360906 -0.5000000000000000
0.4286252967093260 0.1313316595077276 -0.5000000000000000
0.4902270701428971 0.0942487188028213 -0.5000000000000000
0.4936415622453172 0.0994322465401943 -0.5000000000000000
-0.3066998728440749 -0.2165087859923947 -0.5000000000000000
-0.5000000000000000 -0.1730543703583395 -0.3105020353918951
-0.3486350487257115 -0.2522515062232018 -0.5000000000000000
-0.3460136934825063 -0.2690694480400130 -0.5000000000000000
-0.2594710197337237 -0.2585208204375640 -0.5000000000000000
-0.3866094517236850 -0.2058352937403319 -0.5000000000000000
-0.2689590415203245 -0.3679895781325446 -0.5000000000000000
0.3739018997510646 -0.5000000000000000 -0.1560212799454434
0.3483959353654707 -0.5000000000000000 0.0641763662121146
0.3582282266767537 -0.5000000000000000 0.0114601984532919
0.2699333176929788 -0.5000000000000000 0.1296217647959942
0.3651159151082702 -0.5000000000000000 -0.0401405891316619
0.3140575773770028 -0.5000000000000000 0.1223690501457240
0.4036168321822314 -0.5000000000000000 -0.3617520721081284
0.5000000000000000 -0.4339369584504914 -0.3853242913458595
0.4446499834295531 -0.3251259919199316 -0.5000000000000000
0.5000000000000000 -0.4169835625512143 -0.3855862241557000
0.3273189596029971 -0.3945532814901729 -0.5000000000000000
-0.5000000000000000 0.1407924444965757 0.1612942419952531
-0.4254892040518884 0.2059076003922746 0.5000000000000000
-0.4963733936241128 0.1802086619430217 0.5000000000000000
-0.1312486834230353 0.4363104251903046 -0.5000000000000000
-0.2415405293668229 0.5000000000000000 -0.3865631382627556
-0.1829014755286231 0.5000000000000000 -0.3546208973624237
-0.1450425238707752 0.5000000000000000 -0.4954305726186687
-0.1924881175376913 0.4551005417172079 -0.5000000000000000
-0.2081261014602300 0.5000000000000000 -0.4624410556156057
0.5000000000000000 0.2450178789063020 0.4856758113199736
0.1468283466071770 0.1891912773557827 -0.5000000000000000
0.1109975534191508 0.0981619554188574 -0.5000000000000000
0.0606993775568066 0.1514275600385868 -0.5000000000000000
0.0251733255589613 0.5000000000000000 -0.3278827333472745
0.0603616234435641 0.5000000000000000 -0.1163892483211397
-0.1239215938874242 0.5000000000000000 -0.1522936695182788
0.0546827522726133 0.5000000000000000 -0.3548676613332208
0.0468709395153552 0.5000000000000000 -0.3814835990848208
0.0791339362392136 0.5000000000000000 -0.2682605556302476
0.2734515406478543 0.2283658805902689 -0.5000000000000000
0.1835974983586912 0.1890531587639802 -0.5000000000000000
0.1978591057352126 0.0133241316046675 -0.5000000000000000
0.3135486975892000 0.0333766935751903 -0.5000000000000000
0.3527612295914248 0.0220473541114656 -0.5000000000000000
0.3165989631225116 0.1583084881959798 -0.5000000000000000
0.2003617721509963 0.0663298215261748 -0.5000000000000000
0.2463750804249830 0.0906772750958503 -0.5000000000000000
-0.2413747190152130 -0.1914958599473936 -0.5000000000000000
-0.1390792328671458 -0.0587555527172681 -0.5000000000000000
-0.2377100657676834 -0.1353330981372605 -0.5000000000000000
-0.2655464122331150 -0.2015865689711005 -0.5000000000000000
-0.2885973726591197 -0.1680038019594000 -0.5000000000000000
-0.2895189625371004 -0.0645198768990614 -0.5000000000000000
-0.3301496875033860 -0.4519851164489381 -0.5000000000000000
-0.3446269968990115 -0.3667350388802973 -0.5000000000000000
-0.3886971112932925 -0.3491905927173782 -0.5000000000000000
0.5000000000000000 0.2807954400419342 0.2822835864286660
0.5000000000000000 0.3762009917957664 0.0948564391048852
0.5000000000000000 0.3704764224817376 0.2310500570394767
0.4581452270402632 0.1689572796303246 0.5000000000000000
0.5000000000000000 0.2035235114269017 0.1007372380881804
0.5000000000000000 0.2519073068853036 0.0805620490267202
0.4401854912543304 0.0943298903353351 0.5000000000000000
0.5000000000000000 0.2453772035300575 0.1207373939337381
0.5000000000000000 0.1935915550011516 0.0578792126306345
0.5000000000000000 0.1886079534015658 0.0579491118645108
0.5000000000000000 0.2023840928275728 0.0419473765533842
-0.5000000000000000 -0.1886055205715053 -0.1980618307916157
-0.5000000000000000 -0.1323227057764189 -0.2804536802410194
-0.5000000000000000 -0.1651873623206687 -0.2898661604488372
-0.5000000000000000 -0.2046971225565667 -0.3207540150455283
-0.5000000000000000 -0.1706444772403383 -0.2632441259359642
-0.0080782170392397 -0.5000000000000000 -0.3573178161190409
-0.1505347210024004 -0.2763816325931667 -0.5000000000000000
-0.0684638364150592 -0.2005647823921101 -0.4999999999999999
-0.0846894190852523 -0.5000000000000000 0.0734842658792166
-0.2505173209069325 -0.3914053151731028 -0.5000000000000000
0.0103553867754812 -0.3368536053378278 -0.5000000000000000
0.1077584055885757 -0.2978680336629240 0.5000000000000000
0.5000000000000000 -0.2947106735637631 0.1728496387258855
0.5000000000000000 -0.2794810585787536 0.1836936045889321
0.5000000000000000 -0.2772516113226361 0.0649757088650146
0.5000000000000000 -0.3001522511776703 0.1622268819865888
0.5000000000000000 -0.2885928118055635 0.1816802015887597
-0.4280198904278348 0.2932932387409936 -0.5000000000000000
-0.4783799421197128 0.5000000000000000 0.2494822089068175
-0.5000000000000000 0.3467244905479583 0.0520286951957222
-0.3905446692362217 0.5000000000000000 0.3485707757217074
-0.3318051537624139 0.5000000000000000 0.1232560497801538
-0.3789588672894727 0.5000000000000000 -0.0540276800257897
-0.3689390036332497 0.0310681776061238 0.4999999999999999
-0.2807962671212395 0.1378768520519374 0.5000000000000000
-0.3982813663517661 0.1973470610244706 0.5000000000000000
0.0391788659622509 -0.2499351185610434 0.5000000000000000
-0.0205314942594345 -0.2647635527947155 0.5000000000000000
0.1028205751937993 -0.2940818168931928 0.5000000000000000
-0.0749969942803490 -0.3314460613291550 0.5000000000000000
0.2769095579777638 -0.3448109570202627 0.5000000000000000
0.4325856482084470 -0.4133242909282895 0.5000000000000000
0.2915630755947852 -0.4148940836376058 0.5000000000000000
0.3521173111501076 -0.3383897889712369 0.5000000000000000
0.5000000000000000 -0.4202536551192169 0.2099844889808598
-0.0161888316481726 -0.1740777077183144 0.5000000000000000
0.0829781219242861 -0.1681310851926593 0.5000000000000000
0.1343777234030163 -0.1326637003336918 0.5000000000000000
0.1187499416680285 -0.1846890922161872 0.5000000000000000
-0.1930871476252218 0.5000000000000000 0.3970957087496980
-0.5000000000000000 0.3465687562662806 0.4850862024058704
-0.4792445807663221 0.2756813715785675 0.5000000000000000
-0.3996450181461246 0.2620443036906106 0.5000000000000000
-0.4562772637964828 0.2326873144977177 0.5000000000000000
-0.5000000000000000 -0.1462845597915727 0.1113549717498977
-0.5000000000000000 -0.0802764179920560 0.1311729449261053
-0.5000000000000000 -0.0417925553219495 0.1910401948263835
-0.5000000000000000 -0.0996719171770485 0.1606056168429126
-0.5000000000000000 -0.1178237538884929 0.1349419330312664
-0.0310246641467479 0.3374849794529606 -0.5000000000000000
-0.0694990880387179 0.2552469157057450 -0.5000000000000000
0.1089542242448184 -0.2982903011859540 0.5000000000000000
0.1568690394619477 -0.5000000000000000 0.2313011702104336
-0.1718042735350470 0.4543389576881597 0.5000000000000000
-0.1050994598121766 0.3239434189941408 0.5000000000000000
0.0315451990014768 -0.5000000000000000 -0.1320117469807432
-0.0885257265630375 -0.5000000000000000 -0.3557331887785409
0.0286098421933491 -0.5000000000000000 -0.2861270214226821
-0.0824897194913574 -0.5000000000000000 -0.2274627237945048
0.0425735743307407 -0.5000000000000000 -0.3614541972339230
0.5000000000000000 0.3884983179763803 -0.4058522597938626
0.5000000000000000 0.3828242895387052 -0.4074504587101219
0.5000000000000000 0.3881442206451601 -0.4089741971185402
0.5000000000000000 0.3895531894451200 -0.4142952943303528
0.5000000000000000 0.3961634772406719 -0.4255146793842668
0.5000000000000000 0.3873422853941084 -0.3879681315228949
0.5000000000000000 0.3958912707005760 -0.3804312022869663
-0.3765649845088874 -0.3358771154538902 0.5000000000000000
0.4456141021730227 -0.5000000000000000 -0.3144418812122711
0.3956785674367894 -0.5000000000000000 -0.3850438643384189
-0.3949036696628171 -0.2784361518775880 -0.5000000000000000
-0.5000000000000000 0.1994147066791865 -0.2556507353737631
0.2211298553109411 -0.2347319582462440 -0.5000000000000000
0.1125004422226825 -0.1611149886716357 -0.5000000000000000
0.2693178777254169 0.5000000000000000 -0.0661037080882970
0.2909810450757367 0.5000000000000000 -0.0265826504655104
0.3585190015703467 0.5000000000000000 -0.1038411303492259
-0.4785739850298131 0.5000000000000000 0.2460387467317471
-0.4820131873666689 0.5000000000000000 0.2404089200785078
-0.0874148695897499 -0.0616358669833364 -0.5000000000000000
-0.0802554449128237 -0.0125406996896362 -0.5000000000000000
-0.1024542285910749 -0.0174032122081971 -0.5000000000000000
-0.1059041054152417 -0.0362917902677475 -0.5000000000000000
-0.1497928101939877 0.0154097736424862 -0.5000000000000000
-0.0150535510832769 -0.0689359592722655 -0.5000000000000000
0.2455376036063804 -0.2403368890643844 -0.5000000000000000
0.2423545111812211 -0.2385939756455471 -0.5000000000000000
0.2413742796681807 -0.2194133785581725 -0.5000000000000000
0.2426217569930043 -0.2017725617412114 -0.5000000000000000
0.0595134297978247 -0.3171511749223342 -0.5000000000000000
0.4638508559152020 -0.2168817944214150 0.5000000000000000
0.4499465315122203 -0.2421800240810876 0.5000000000000000
0.4876016597932347 -0.5000000000000000 0.3262651474964628
-0.4657272328975892 -0.2831429676019017 -0.5000000000000000
0.5000000000000000 -0.2327639680975212 0.2504753668093554
0.5000000000000000 -0.1529309919688043 0.2716362720159488
0.5000000000000000 -0.1520789172446209 -0.0142792719978716
0.3772985242953359 -0.1613635298556492 0.5000000000000000
0.5000000000000000 -0.2125186353398592 0.4598180469886081
0.5000000000000000 -0.1367287087053003 0.2053991377958106
0.5000000000000000 -0.1898307783740495 0.2668700399150661
0.5000000000000000 -0.2211187431448316 -0.0245888254675175
0.5000000000000000 -0.2627787903170410 -0.0474743753009317
0.2887503009807392 0.4174457484923549 -0.5000000000000000
-0.4815851237072405 0.4388543996858581 0.5000000000000000
0.4503983994590854 -0.5000000000000000 -0.1050476565951131
0.5000000000000000 -0.4213175551457136 -0.0253146814035533
0.3894757662702275 -0.5000000000000000 0.0841276849568309
0.4075782611030370 -0.5000000000000000 -0.0514092587302773
0.3779902330424545 -0.5000000000000000 0.0230488034998607
0.5000000000000000 -0.4301020688016720 0.1645118063734175
-0.5000000000000000 0.4221955724758425 -0.1707387137765639
0.2221078016663542 0.1774304764644915 0.5000000000000000
0.3125269982788449 0.1537405506020118 0.5000000000000000
0.5000000000000000 -0.2763804713542057 0.2559251962016663
0.4858140731030721 -0.1873503167798255 -0.2585325412723521
0.3500523819748613 -0.0428923035933316 -0.5000000000000000
0.3710581182391862 -0.0253872617925127 -0.5000000000000000
0.4046987261480531 -0.1083284463636813 -0.5000000000000000
0.4556177831786488 -0.1798440818697649 -0.5000000000000000
0.3652702245192564 0.5000000000000000 0.3147240948759267
0.4029134805207544 0.5000000000000000 0.0820870400588703
-0.0663086621358391 -0.1395378988701627 0.5000000000000000
-0.0369008432363170 -0.1957992565397393 0.5000000000000000
-0.0692642836456169 -0.2015539648122503 0.5000000000000000
-0.0624418189474678 -0.1563785808589894 0.5000000000000000
-0.1131571815998004 -0.1631936567502035 0.5000000000000000
-0.0730500983823237 -0.0927662143160459 0.5000000000000000
-0.0850462064830851 -0.2866340522197458 0.5000000000000000
-0.2628088294365863 -0.0853690213611022 0.5000000000000000
-0.2551638309811788 -0.1326901605439215 0.5000000000000000
-0.1734558545186558 -0.1363210005273548 0.5000000000000000
-0.1171831974056491 -0.0380969604948387 0.5000000000000000
-0.3609080505554025 -0.2081999932023617 0.5000000000000000
0.4813684045739870 -0.5000000000000000 -0.2278618389828295
0.2685147854242842 0.2425604603526112 -0.5000000000000000
0.1784951440521179 0.1984381050016713 -0.5000000000000000
-0.4704523963032176 0.0376339389180637 -0.5000000000000000
-0.4792462177672215 0.0469163352817682 -0.5000000000000000
0.4997312245187019 0.0466117413760089 0.4716765611182790
0.4863251575990562 0.0791106213293812 0.5000000000000000
0.4646616267198348 0.0702846259583570 0.5000000000000000
0.4343198748223494 0.0251418223263792 0.5000000000000000
0.0615268775310463 0.4563643484835722 0.5000000000000000
0.0749976711386544 0.4289475436140510 0.5000000000000000
0.0373972519711284 0.3863068137001707 0.5000000000000000
-0.5000000000000000 0.3307202981924895 0.0383801483198564
-0.5000000000000000 0.3191525093592260 0.0720816260560444
-0.5000000000000000 0.3393514963292558 0.0518274351773129
-0.5000000000000000 0.3475135763514754 0.0427097240028983
-0.5000000000000000 0.3705588225474472 -0.0601090201770886
-0.5000000000000000 0.0890830793173960 -0.2791619972154284
-0.5000000000000000 0.3078987191822408 -0.4753625851665096
0.2027578842886557 -0.3741170527039912 -0.5000000000000000
0.0633089783732410 -0.5000000000000000 0.0977053609141954
0.0026259708586018 -0.5000000000000000 0.1082696600774665
0.0504391627534612 -0.5000000000000000 -0.0504737377570083
0.1052136256605495 -0.5000000000000000 0.2690201782797538
0.0271480096741799 -0.5000000000000000 0.0965037575873491
0.1020695899526685 -0.5000000000000000 0.1866995596202022
0.0388141464980458 -0.5000000000000000 0.1474204589168000
-0.0391703744205581 -0.5000000000000000 0.4034019535609097
0.0231377639931387 -0.5000000000000000 0.0558824438156549
-0.0082850862129378 -0.5000000000000000 0.2911237080503268
0.2885074230101713 0.2343962548133253 -0.5000000000000000
0.2799782529938407 0.2454699138293296 -0.5000000000000000
0.2960203520125806 0.2621333280219271 -0.5000000000000000
0.2540998369675733 0.2467632291283532 -0.5000000000000000
0.3260888557095879 0.2225582821591567 -0.5000000000000000
0.3399283687217038 0.1499377778411121 0.5000000000000000
-0.3866012142066910 0.4597616926066320 -0.5000000000000000
-0.3889116445339533 0.3900862630923107 -0.5000000000000000
-0.2833874195418071 0.4412391721217220 -0.5000000000000000
0.5000000000000000 -0.4677964944304840 -0.2084246889791112
0.5000000000000000 -0.3525451683675726 -0.1150409688313137
-0.5000000000000000 0.4243207610561495 -0.3406221365363577
-0.4353974219487470 0.5000000000000000 -0.4145533263522160
-0.4047862286227919 0.5000000000000000 -0.4800428894451290
-0.5000000000000000 0.4594534740796761 -0.3078356709204605
-0.4562574649527493 0.4453597151172900 -0.5000000000000000
-0.4055731482317386 0.5000000000000000 -0.2060094739555314
-0.5000000000000000 0.3966020719928315 -0.4660184941048468
-0.3693015652093317 0.5000000000000000 -0.4303623362200056
0.3550409207373820 -0.5000000000000000 0.4110986054236354
-0.3495347075942418 -0.2778599000256892 -0.5000000000000000
-0.3569380359343821 -0.2764956868048616 -0.5000000000000000
-0.0152537335476408 0.4752765963845126 0.5000000000000000
-0.0112857821491877 0.4769717053787301 0.5000000000000000
-0.0102080207429667 0.4732833921802956 0.5000000000000000
-0.0059317935825162 0.4757332141850700 0.5000000000000000
-0.0191343613474694 0.4600499624534902 0.5000000000000000
-0.0098257481360326 0.4702588979935746 0.5000000000000000
-0.3288764873506634 -0.5000000000000000 -0.3507892810083375
-0.3135747313312611 -0.5000000000000000 -0.2001662464274186
-0.2885061619143172 -0.5000000000000000 -0.2713470584989432
-0.3254525302694153 -0.5000000000000000 -0.2005948728098491
0.1687125143374554 0.1948307315698642 -0.5000000000000000
0.0786629767899562 0.1827260274102182 -0.5000000000000000
0.1661839860565070 0.1792130258248465 -0.5000000000000000
0.1717615737115098 0.2032752529057269 -0.5000000000000000
0.2091499205690009 -0.1731468392801870 0.5000000000000000
0.2493777367036088 -0.1688208560833521 0.5000000000000000
0.2591977303729300 -0.1627366004756878 0.5000000000000000
0.2464406638605064 -0.1770667343106631 0.5000000000000000
-0.5000000000000000 0.3367238650805314 -0.3416706041302351
-0.4841676273721462 0.4098625976151912 -0.1988492286037843
-0.3552198289071853 -0.4501373092778582 -0.5000000000000000
-0.4069251211412788 -0.4518095529577792 -0.5000000000000000
-0.2713074532766761 -0.4105698346835046 -0.5000000000000000
-0.3419878972452746 -0.4641074519331302 -0.5000000000000000
-0.3346184933362643 -0.5000000000000000 -0.4520864180302906
-0.3041808858058060 -0.5000000000000000 -0.3869242922003922
-0.4079150293982376 -0.5000000000000000 -0.4522785399238935
-0.5000000000000000 -0.4837274747837269 -0.1778055781792445
-0.3837220643236749 -0.5000000000000000 -0.3611270769716093
0.3558873803689435 0.3232813017052838 0.5000000000000000
0.3756842827695150 0.2886152300109203 0.5000000000000000
-0.2058600832545685 0.0680336977087329 -0.5000000000000000
-0.5000000000000000 0.0205701949571084 -0.1108221408776745
-0.4885682229147784 0.0101430009958372 0.1907606168443387
-0.5000000000000000 0.0804542923873780 -0.2345817595352174
-0.1011436748594566 -0.2634114201363852 -0.5000000000000000
-0.1727362718755696 -0.3291458920794432 -0.5000000000000000
-0.1803524742749128 -0.2797115397616733 -0.5000000000000000
-0.4030450248642953 -0.4606592990595293 0.5000000000000000
-0.3092539897379107 -0.5000000000000000 0.0620980765235990
0.2686772164127025 0.5000000000000000 -0.1050436762362292
0.2473610579385859 0.5000000000000000 -0.1655728579553988
0.0557176896446459 -0.1436527591983001 0.5000000000000000
-0.0233481968461773 -0.0393775119758956 0.5000000000000000
-0.0118641390005173 0.0335544708404146 0.5000000000000000
0.2103903055613243 -0.0073746031802015 -0.5000000000000000
0.3328543217635230 -0.0004829632063750 -0.5000000000000000
0.3639316553151380 0.0021395400931055 -0.5000000000000000
0.4289417983752285 0.1524823277552345 0.5000000000000000
0.3367421152139199 0.1035063709756731 0.5000000000000000
0.4302707859838572 0.0936949522156168 0.5000000000000000
0.3369516817658157 0.0213518074322006 0.5000000000000000
0.5000000000000000 0.0529736368011472 0.3587830649085177
-0.5000000000000000 0.2317690085970919 0.3085410003365616
-0.2566931244182782 0.5000000000000000 -0.3541656102270777
-0.2556811403687040 0.5000000000000000 -0.3751422151506225
-0.5000000000000000 -0.2355050667020397 -0.0206825257934318
-0.5000000000000000 -0.2216137029682470 -0.0812082143471103
-0.5000000000000000 -0.2177434122205666 -0.0234359272567276
-0.5000000000000000 -0.1972996287572227 -0.0861650786596739
-0.5000000000000000 -0.3290010031795239 0.3320246080875964
-0.4289684528971156 -0.2388432811220004 0.5000000000000000
-0.5000000000000000 -0.2463242543472245 -0.0511506567919010
-0.5000000000000000 -0.2367591059450241 0.0042722239039463
0.1769334898618677 -0.3699015039206424 0.5000000000000000
0.2249341883290835 -0.3444154480129037 0.5000000000000000
0.5000000000000000 -0.4794827781002109 -0.2411335552311630
0.5000000000000000 0.4573719100666094 0.2615562605388809
0.5000000000000000 0.4717757478331376 0.1685954634474786
0.5000000000000000 0.4808990731627732 0.1136695566368257
-0.5000000000000000 0.4022788670064497 -0.1729248964830216
0.3157663935296167 -0.5000000000000000 0.4594130056744603
0.2652144097448758 0.5000000000000000 -0.4790260224240390
0.2874110494483497 0.5000000000000000 -0.2000621547185291
0.3747003811953690 0.3993327394395744 -0.5000000000000000
0.3624412262305752 0.5000000000000000 -0.2007557298839273
0.2171372210566301 0.4396823413451374 -0.5000000000000000
0.4865656796529443 0.3616324842222803 -0.5000000000000000
0.3499659514633501 0.4244352641061040 -0.5000000000000000
0.2698596564582537 0.5000000000000000 -0.2480638060018015
-0.5000000000000000 -0.2599250960150023 -0.4659194556773357
0.0794036854756919 -0.5000000000000000 0.4397173503672127
0.1197446714246068 -0.5000000000000000 0.3416518570093678
0.1047677366200306 -0.3117943487113017 0.5000000000000000
0.1260365645229134 -0.5000000000000000 0.2957083705774725
0.0737117910529659 -0.4186747447516279 0.5000000000000000
0.0647743219076053 -0.5000000000000000 0.3416107033006310
-0.0388289100311051 -0.5000000000000000 0.4484547870201645
0.0676393403772315 -0.4562869959623729 0.5000000000000000
-0.0550089251667654 -0.3754759482604112 0.5000000000000000
-0.0021789830310690 -0.5000000000000000 0.4172889163228442
-0.5000000000000000 -0.3305100328215960 0.3357398276248350
-0.5000000000000000 -0.4388235584892037 -0.0886090232720843
0.0659674769849941 0.5000000000000000 0.0749099961259448
-0.5000000000000000 0.0667981813223394 0.0513258228748298
-0.5000000000000000 -0.0768905949317311 -0.1875647235563751
-0.0436886354783911 0.5000000000000000 -0.0967879562451541
-0.2716812216916493 0.3602949065043756 0.4999999999999999
-0.2765594131082096 0.5000000000000000 0.4936746409867893
0.0967019240249775 -0.5000000000000000 0.4912915848969225
0.1359067969126960 -0.5000000000000000 0.3466832217456404
0.1272680744135652 -0.3201090784950676 0.5000000000000000
0.1550903059695740 -0.3689337722841535 0.5000000000000000
0.2057443168092223 -0.3889364039121266 0.5000000000000000
0.1594072143806886 -0.3756514966905091 0.5000000000000000
0.1793140716462902 -0.5000000000000000 0.4538284858087140
0.2410358570246729 0.1167345669815546 0.5000000000000000
0.2760269266250797 0.1945964959820651 0.5000000000000000
0.1691435757563078 0.3115803634311325 0.5000000000000000
0.1965160996751492 0.1737167174106352 0.5000000000000000
0.2705303581907135 0.1399259270492617 0.5000000000000000
0.2272965123736563 0.1983439345674615 0.5000000000000000
0.1614915656627097 0.3648995265403775 0.5000000000000000
0.2488999337924076 0.2655851775862189 0.5000000000000000
0.1794119921534898 -0.4106953250865478 -0.5000000000000000
-0.4036196018820296 0.5000000000000000 0.4598508744192615
-0.4222449322481701 0.4342553793747613 0.5000000000000000
-0.4146210966956279 0.4491997416444444 0.5000000000000000
-0.4893090800300191 0.4088679744101035 0.5000000000000000
-0.4083367999086298 0.4407543234271781 0.5000000000000000
-0.3659220549504441 0.4755194922601915 0.5000000000000000
-0.1543415295407182 0.1133338839558108 0.5000000000000000
-0.0955893906498125 0.0198844638135853 0.5000000000000000
-0.1065142748768220 0.2210310102003320 0.5000000000000000
-0.1370353735513653 0.0243759084265458 0.5000000000000000
-0.2076037509473037 0.1942352371901954 -0.5000000000000000
-0.1115134490308743 0.2318951672484921 -0.5000000000000000
-0.2376241453541587 0.2300890442145466 -0.5000000000000000
-0.0018251767931454 0.1757188871158753 -0.5000000000000000
0.3625394372855054 0.2777672634678886 -0.5000000000000000
0.3844939024482969 0.3135554893705448 -0.5000000000000000
0.4857560199355794 0.3554527186471633 -0.5000000000000000
0.3654559615238582 0.3262612989410558 -0.5000000000000000
0.4124751940100664 0.2146042251635680 -0.5000000000000000
-0.0298958126627464 -0.1828966643364873 -0.5000000000000000
-0.0383408085903305 -0.2065431156714479 -0.5000000000000000
-0.0010769323105839 -0.1391385736172148 -0.5000000000000000
-0.0117940455452275 -0.2031387825084372 -0.5000000000000000
0.0177658565681969 -0.0924851476272954 -0.5000000000000000
-0.1395852736484183 -0.5000000000000000 0.1813296745477000
-0.0448343888083925 -0.5000000000000000 0.1457540736019816
-0.0234661611968289 -0.5000000000000000 0.0918123948896962
-0.1493824745351676 -0.5000000000000000 0.0799696598757759
0.3530184366203826 -0.0636941295216718 0.5000000000000000
0.3216552241423045 -0.0810464125133289 0.5000000000000000
0.4310429884720943 0.4316055159905952 0.5000000000000000
0.3452801660602869 0.3375892791287288 0.5000000000000000
0.3655796426358972 -0.5000000000000000 0.3823182876463038
0.0771771370067161 -0.1826671277858460 0.5000000000000000
0.3755926369654435 -0.1704838853678200 0.5000000000000000
0.3303042762929952 -0.2296896154998263 0.5000000000000000
0.3442035642002972 -0.2776501244277650 0.5000000000000000
0.4451032691019355 -0.3921119516848098 0.5000000000000000
0.3857121223348390 -0.2345547101970745 0.5000000000000000
0.4114456334459944 -0.2690458506626152 0.5000000000000000
0.5000000000000000 -0.1880427710621216 -0.2829395632912987
0.5000000000000000 -0.1901019541853288 -0.4923170569050009
0.4058097349558274 0.4967527926246318 -0.4929372928816318
-0.1094292525647353 0.0695840136811103 0.5000000000000000
-0.1968558279102258 0.1770438034321019 0.5000000000000000
-0.3054321307277797 0.2056897687011423 0.5000000000000000
0.5000000000000000 0.4634880243386663 0.4648769098498978
0.3513201816807859 0.5000000000000000 0.3014745030312509
0.3123106148839486 0.5000000000000000 0.2805380893157344
0.0610858660588864 0.5000000000000000 0.0392899337980264
-0.1965455416320651 0.5000000000000000 -0.0376156306265198
0.0458359556854318 0.5000000000000000 -0.1722999697577322
0.1008435906455964 0.5000000000000000 -0.0834634962435502
-0.0689782107008250 0.0096934019640076 0.5000000000000000
0.0827162636092563 0.5000000000000000 0.0748375658078422
-0.4489017234840499 -0.1261958821440632 -0.5000000000000000
-0.3748194727327020 -0.0458162784109594 -0.5000000000000000
0.0826685186277833 -0.1658490198844883 -0.5000000000000000
0.1123522879615255 -0.1507688848126381 -0.5000000000000000
0.1413214807033944 -0.1645903500616191 -0.5000000000000000
0.1766593452880605 -0.1709999356540945 -0.5000000000000000
0.0506125953861360 -0.2703851100910112 -0.5000000000000000
0.0524256302507394 -0.1113874453751106 -0.5000000000000000
0.3187440968431809 0.1137709945270609 0.5000000000000000
-0.4372132235612573 0.0415097163702202 0.5000000000000000
-0.4536976460394465 -0.0021276486819046 0.5000000000000000
-0.5000000000000000 0.3074662588661749 -0.4462238293083202
-0.5000000000000000 0.3312216841632853 -0.2108313024435933
-0.3620138076669621 0.2819812520228894 -0.5000000000000000
-0.5000000000000000 0.2231961458838916 -0.2919153392473568
-0.4430808353601512 0.3513333709834066 -0.5000000000000000
-0.4590707063275520 0.3709690574358557 -0.5000000000000000
-0.5000000000000000 0.3229343372988392 -0.4601736772661991
-0.4942953846493685 0.2490028543005791 -0.5000000000000000
-0.3750712919285424 0.5000000000000000 -0.4965290001779379
0.0800660241267222 0.5000000000000000 0.1282014116388754
0.0575872635485246 0.5000000000000000 0.1652852254179682
0.1087299839608877 0.5000000000000000 0.2494669396589207
0.0398274361841058 0.5000000000000000 0.1769822431501284
0.5000000000000000 -0.0895095061281336 0.2781687612648792
0.1559562028464352 0.0039346283714014 -0.5000000000000000
0.0243518173513962 0.0676180738696237 -0.5000000000000000
0.1203175281897682 0.0435953301121109 -0.5000000000000000
0.0573378341515007 0.0744575691474512 -0.5000000000000000
-0.2226229497532742 0.5000000000000000 -0.0667681116635463
-0.2249230485480165 0.5000000000000000 -0.2058503908104762
0.4493649929285453 -0.4951647106680898 0.5000000000000000
0.5000000000000000 0.3820424739947335 0.4887067587831820
0.4855885279789514 0.3097895336010396 0.5000000000000000
0.3846215473433222 0.5000000000000000 -0.4987561689359266
-0.0900164383105309 0.2612881733827129 0.5000000000000000
0.0052317219833991 0.0706171046529820 0.5000000000000000
-0.0206815332021067 -0.2213579311884722 -0.5000000000000000
0.0087899893755611 -0.1594047935100258 -0.5000000000000000
-0.3156389025162466 -0.0063431927902864 -0.5000000000000000
0.1966516969023060 -0.0203471096415010 -0.5000000000000000
0.1792097238982612 -0.0115294112065746 -0.5000000000000000
0.2031240310376829 -0.0683706727724805 -0.5000000000000000
0.2206865718140218 -0.1177872657763305 -0.5000000000000000
0.1738725711510837 -0.0040244777686300 -0.5000000000000000
0.0612076417112282 -0.0654484845208450 -0.5000000000000000
0.5000000000000000 -0.1600918867815896 -0.1132479612696793
0.5000000000000000 -0.1441276946467535 -0.0554248308839617
0.5000000000000000 -0.1424036753191923 -0.0453537292121663
0.5000000000000000 -0.1401966629444631 -0.0513151632033526
0.5000000000000000 -0.1493107917339344 -0.0478856658347273
0.5000000000000000 -0.1479342462826527 -0.0451818053122573
-0.3047462518650799 0.3236446416211819 0.5000000000000000
-0.2543572350339693 0.2882491037197065 0.5000000000000000
-0.1363798363315186 0.2907219202602285 0.5000000000000000
-0.3599957310024251 0.3497423904013802 0.5000000000000000
-0.2630888132797070 0.5000000000000000 -0.0311225866266743
-0.2451962697125712 0.5000000000000000 0.1178348958082367
0.2847953334745545 -0.3061979794963710 -0.5000000000000000
-0.5000000000000000 0.0750863139289200 0.0857206812657730
-0.5000000000000000 0.1044463790175747 0.1607208271882533
-0.5000000000000000 0.0518420350867612 0.2678310900420013
-0.4304871442435904 0.1910600599746902 0.5000000000000000
-0.4998767370127967 0.1692621731961433 0.5000000000000000
0.5000000000000000 -0.1591090891057739 -0.2485568163462869
0.5000000000000000 -0.0303086871157148 -0.1456027033832679
0.5000000000000000 -0.0132072876893613 -0.1069795716698057
-0.3988909896972070 -0.3419907127037010 -0.5000000000000000
-0.4453493560415245 -0.3239041827788673 -0.5000000000000000
-0.2058934104224660 0.0579999698278840 -0.5000000000000000
-0.3119328861662286 0.1705806646156761 -0.5000000000000000
-0.2345245066536645 0.1793635034131051 -0.5000000000000000
0.0656902387989318 -0.1553045264880888 0.5000000000000000
0.1020673390702635 -0.2686962170165147 0.5000000000000000
0.1843707118378635 0.5000000000000000 0.0208105967512602
0.2172413857437772 0.5000000000000000 -0.0119335555548165
0.2289052524212237 0.5000000000000000 0.0166968575851674
0.1944083355551813 0.5000000000000000 0.2209801377372543
0.2040830497269552 0.5000000000000000 -0.0516362199020691
0.5000000000000000 0.1879640357145910 -0.4682572729260047
0.5000000000000000 0.1470539983971201 -0.2333205901742010
0.5000000000000000 0.1057826728510129 -0.2365751806317917
0.4452484303256221 0.1737351745282319 -0.5000000000000000
0.2847980345093109 0.0390701882768374 0.5000000000000000
0.3189771154255009 0.1017600668793800 0.5000000000000000
0.3243850946409477 0.0093549712152084 0.5000000000000000
-0.4925168614141821 -0.3691396662591226 -0.5000000000000000
0.0122839420985495 -0.3312511999727930 -0.5000000000000000
0.0902779108937039 0.3842609142728400 0.5000000000000000
0.2485974868054022 -0.0303374150927448 0.5000000000000000
-0.3780061275591511 0.5000000000000000 0.4037890864485684
-0.3107821386703555 0.5000000000000000 0.2258109843323555
-0.3841334567744901 0.4339558684416590 0.5000000000000000
-0.3059318019591176 0.5000000000000000 0.4900148197980455
0.3920894859105368 0.1598497409334164 0.5000000000000000
0.4097185288225387 0.2330626696315469 0.5000000000000000
-0.5000000000000000 0.4254178794115551 -0.1989925823320029
-0.3393064959143283 0.3611200246302508 0.5000000000000000
-0.2987226397356159 0.4087932080005990 0.5000000000000000
-0.3411623515182164 0.2848578116629525 0.5000000000000000
0.3683162393618696 -0.1401941592387789 0.5000000000000000
0.3603186439719719 -0.1449948857628185 0.5000000000000000
0.3689119564939667 -0.1574123527281005 0.5000000000000000
-0.5000000000000000 -0.2671968113805677 -0.3027974136435971
-0.2072284840932785 -0.5000000000000000 0.2950753333232944
-0.2974551087653108 -0.4231103485278623 0.5000000000000000
-0.4102264706089206 -0.4141177024172637 0.5000000000000000
-0.3217472483535482 -0.5000000000000000 0.4490246611057420
-0.1290955713243722 -0.3638567667565772 0.5000000000000000
-0.3536196971688992 -0.3609496784366020 0.5000000000000000
-0.4001221649816855 -0.4603950887987260 0.5000000000000000
-0.2862140144675002 -0.5000000000000000 0.2373488724476339
-0.2842416572859327 0.2693894210041312 -0.5000000000000000
-0.2958143981108763 -0.4867781545604018 0.4968254488151954
0.0086282975066942 0.1820966328309656 -0.5000000000000000
-0.5000000000000000 0.0945367352474087 -0.2779369173785455
-0.0847195924333081 0.2600361829050214 0.5000000000000000
0.0684598336323196 0.2484076371745198 0.5000000000000000
0.0132749161478007 0.0721689488636439 0.5000000000000000
0.0878309698547512 0.4226626950753757 0.5000000000000000
0.1000038181124223 0.4012075905049650 0.5000000000000000
0.0963872188964606 0.3550600702814010 0.5000000000000000
0.0787912705993441 0.3764999938871137 0.5000000000000000
0.2370346260005497 0.0346808752229514 0.5000000000000000
0.2922698171058802 -0.0310905097134205 0.5000000000000000
0.3407455188089026 0.1760743248052843 0.5000000000000000
0.3495662620639676 0.2869948519819855 0.5000000000000000
0.3624879989257462 0.2561524514063282 0.5000000000000000
0.3349897128324950 0.2412587944763005 0.5000000000000000
0.2634120515076403 -0.1384390961204295 -0.5000000000000000
-0.5000000000000000 0.3190297765071190 -0.0896014037305299
-0.5000000000000000 0.2046518910045755 -0.2541561676999052
0.2754108168552316 -0.2978776324592274 -0.5000000000000000
0.2211219505974054 -0.2970017534867778 -0.5000000000000000
-0.1478323953055255 -0.5000000000000000 0.2916610442563254
-0.2613307599216926 -0.5000000000000000 0.4341008002495571
-0.1203777646950803 -0.5000000000000000 0.2337939991672220
-0.2078254774226125 -0.5000000000000000 0.1972407966055561
-0.5000000000000000 0.2899643390710602 0.3240421540964490
-0.5000000000000000 0.2407190775441192 0.3566823076941108
-0.4284478722159500 0.2240615691547176 0.5000000000000000
-0.4973291688002176 0.1942074415164900 0.5000000000000000
-0.5000000000000000 0.1939552136144872 -0.2637098816376363
-0.5000000000000000 0.0746550059346563 0.0565494496906317
-0.4194941249925627 0.0865593848056252 -0.5000000000000000
-0.3558041576028977 0.0895502900394544 -0.5000000000000000
-0.2288543660899597 0.0715384649125663 -0.5000000000000000
0.4160055320982115 0.4555237125304475 0.5000000000000000
0.5000000000000000 0.3641632409026319 0.3907894525421232
0.4638109509979230 0.4407088984092504 0.5000000000000000
0.2898314028832970 0.4867347450388990 0.5000000000000000
0.4402345789867485 0.4356042793028997 0.5000000000000000
0.4493185399814428 0.4129939864660676 0.5000000000000000
0.5000000000000000 0.3951612446513706 0.2842426757769546
0.2292467949059311 -0.3083608422743575 0.5000000000000000
0.2300454380912045 -0.3345282294589898 0.5000000000000000
0.1331334809782206 -0.3052251410195431 0.5000000000000000
0.2525600343580536 -0.3778840108708099 0.5000000000000000
0.1504258439454464 0.5000000000000000 -0.0057178391184861
0.3983371040869555 0.5000000000000000 -0.4704136813469516
0.0777571827331019 0.5000000000000000 0.3701927427078850
0.1430961075385958 0.5000000000000000 0.4063068918025746
0.0794434298761909 0.5000000000000000 0.4096343233612929
0.0302164532073158 0.4152837491887919 0.5000000000000000
0.0634367253973583 0.4658466192685802 0.5000000000000000
0.0158547394733459 -0.3350627180891627 -0.5000000000000000
0.1253583394928874 0.3922093363933021 0.5000000000000000
0.1729773278948863 0.5000000000000000 0.3879684704388103
-0.2213448943006270 -0.1965719221927463 0.5000000000000000
0.0927024629072886 -0.5000000000000000 -0.3456928027852652
-0.1614393153222234 -0.1748595999102116 0.5000000000000000
-0.2587703443462190 0.2218958795603010 -0.5000000000000000
-0.2067188459325499 0.0790148557072102 -0.5000000000000000
-0.4293014987767123 -0.1512495639927797 -0.5000000000000000
-0.3634950142093095 -0.0578886093882151 -0.5000000000000000
-0.4498297212610631 -0.2202896486642701 -0.5000000000000000
-0.5000000000000000 0.4042520129130839 -0.1541206796573333
0.1928385787857009 0.4407180291377502 -0.5000000000000000
0.1710031166536479 0.5000000000000000 -0.0751305497423042
0.5000000000000000 -0.4717224031196284 -0.3148766978849972
-0.5000000000000000 0.3858621436204572 -0.1660398076594802
0.4049618187784215 0.5000000000000000 -0.4612917709544296
0.4570491974967815 0.4147589057832965 -0.5000000000000000
0.5000000000000000 0.4820607302237471 -0.3808263405621538
0.3962644897514939 0.5000000000000000 -0.4753033523795087
-0.4129062126369836 0.3593519269116572 0.5000000000000000
0.5000000000000000 -0.2073540688988337 -0.2750146151696573
0.5000000000000000 -0.1962654320187188 -0.2449868747248508
-0.2517175266622441 -0.3986191030360220 -0.5000000000000000
-0.2549338822564382 -0.3903778286283271 -0.5000000000000000
-0.2651137658593359 -0.3887106295476078 -0.5000000000000000
-0.3005982501713441 0.2696879958446418 -0.4891338633955448
-0.2840538856082803 0.3783336642093993 -0.5000000000000000
-0.2394044324467492 0.2350733056150829 0.5000000000000000
-0.3162303124698423 0.2431276218296988 0.5000000000000000
0.3512647804367886 -0.4412721886498449 0.5000000000000000
0.3770883589304525 -0.4586272030987768 0.5000000000000000
0.5000000000000000 0.2825458473327879 0.3621846088695336
0.2961245451714162 0.5000000000000000 0.1335811846354650
-0.4416457756300458 -0.5000000000000000 0.1394971535501935
0.3685406910398981 0.0239582493398940 -0.5000000000000000
0.3433782987371760 0.1661677345396075 -0.5000000000000000
-0.5000000000000000 -0.3370975225596435 -0.3679255793577982
-0.1949759082257632 -0.5000000000000000 -0.4948139908921309
-0.2685548308248640 -0.5000000000000000 -0.3279677166491056
0.0013200956409444 -0.3447454622801330 -0.5000000000000000
-0.0318243914905144 -0.4244067924967071 -0.5000000000000000
-0.1846870194598581 -0.5000000000000000 -0.2473582210637909
-0.2306255933582913 -0.5000000000000000 -0.2852444928893905
-0.2441268097428752 -0.5000000000000000 -0.2215543028491958
-0.0989791613274730 0.2904938756339762 0.5000000000000000
-0.0899072727908725 0.1693613728516997 0.5000000000000000
-0.1009100133083781 0.2781825877134412 0.5000000000000000
-0.1240489602435477 0.2569298393403651 0.5000000000000000
-0.0669718367050942 0.3064843365421726 0.5000000000000000
0.2361843728138256 0.3567756819454561 0.5000000000000000
0.1230599949515737 0.3510028684388923 0.5000000000000000
0.1603941287148793 0.3887797405468445 0.5000000000000000
0.1456046886895389 0.3778923564554972 0.5000000000000000
0.3715556803391323 -0.0000943341927642 -0.5000000000000000
0.3768529170814939 0.0038679324207021 -0.5000000000000000
0.3871260324571495 0.0587067896338898 -0.5000000000000000
0.2976763506067683 -0.4019665976038657 0.5000000000000000
0.3369495920250916 0.3230397078196665 0.5000000000000000
0.1005074006066020 -0.3003272157264621 0.5000000000000000
0.0379980999359718 -0.3562442317921967 0.5000000000000000
-0.0530233276634508 -0.5000000000000000 0.4555084324548862
-0.0779020801835341 -0.3480473086094364 0.5000000000000000
0.0116684753582611 0.1709354304907923 -0.5000000000000000
0.3285642231946748 0.1258298431894933 0.5000000000000000
0.4124732844869690 0.1059198983805066 0.5000000000000000
0.3128016713873732 0.1745225080226344 0.5000000000000000
0.1474525752949368 -0.5000000000000000 0.3229942105941157
0.1409168494454400 -0.5000000000000000 0.3336755353046762
0.0134219372066097 0.1747908126792034 -0.5000000000000000
0.2849870967378482 0.4794771863743536 0.5000000000000000
0.3544728410747630 0.3423640154854071 0.5000000000000000
0.3676072813252506 0.3280508048616625 0.5000000000000000
0.3297804389229922 0.3092752491285657 0.5000000000000000
0.5000000000000000 0.3782843825787524 0.2549328570193955
0.3387503392577079 0.3168412191063685 0.5000000000000000
-0.2722000809192701 0.4216093940614523 -0.5000000000000000
-0.3997283079808432 -0.3154306919134035 0.5000000000000000
0.2498903156673671 -0.4353825449076403 -0.5000000000000000
-0.5000000000000000 0.2045095147151999 -0.2854323026959346
-0.5000000000000000 0.1600301786110748 -0.2719670245988294
0.4658683069546115 -0.2928209131221441 -0.5000000000000000
0.5000000000000000 -0.2416336636316494 -0.2804340342948210
0.4744453567323527 -0.2441546261787186 -0.5000000000000000
0.1039369188709444 -0.1094682261728764 -0.5000000000000000
0.1110317825075830 -0.2923587173371768 0.5000000000000000
0.3799086723967341 0.1715872514864413 -0.5000000000000000
-0.2810490161420438 -0.5000000000000000 0.4794972403052498
-0.3456603737254218 -0.4748857554128477 0.5000000000000000
-0.2977436585485396 -0.5000000000000000 0.4511769556411495
0.5000000000000000 -0.2502023008654620 -0.2695947505111383
0.5000000000000000 -0.2189544478650715 -0.3708639333598812
-0.5000000000000000 0.0484105147722755 0.1165626092399789
-0.5000000000000000 0.0073395729013173 0.2393024043293081
0.5000000000000000 -0.0689420401899936 0.1728355974309509
0.5000000000000000 -0.0625558813813280 0.0965072467276200
0.5000000000000000 -0.0525733442746001 0.0493196746375837
0.5000000000000000 -0.0998033041356104 0.1005162853430703
0.3620031827343991 -0.5000000000000000 0.3150392852263826
-0.5000000000000000 0.0759928966427051 -0.0274498749984983
-0.2064619420803523 -0.2362243163402549 0.5000000000000000
-0.2321034199994816 -0.2594841793481302 0.5000000000000000
-0.3624615989519931 -0.3193217073821444 0.5000000000000000
0.2118659734268044 -0.1718813592687934 -0.5000000000000000
0.0991161596964936 -0.0877851941869371 -0.5000000000000000
0.0293917582316456 -0.0903925431965111 -0.5000000000000000
0.4679739092505036 -0.5000000000000000 -0.2235923777810401
0.5000000000000000 -0.4679317602263661 -0.3092849182827547
0.4664914488604600 -0.5000000000000000 -0.2591523926459511
0.4981160810529348 -0.5000000000000000 -0.2415281449291843
-0.3559080572792092 0.5000000000000000 -0.1223915964828697
-0.3818193742837828 0.5000000000000000 -0.0823392282202470
-0.4119323478221216 0.5000000000000000 -0.1419511545932385
-0.3265126316955862 0.2300313091472744 -0.5000000000000000
-0.2595143590991748 0.3624282230430592 -0.5000000000000000
-0.3071817661106250 0.2435237729982594 -0.5000000000000000
0.2814562023712298 0.4894517256156110 0.5000000000000000
0.2801605218833699 0.4891925641852780 0.5000000000000000
-0.0794372821075904 0.2331838850450003 -0.4957055510984050
0.4851209841415718 -0.2523835094948444 -0.5000000000000000
0.4637886124439423 -0.1891139044077985 -0.4850106581026063
0.3891285132791487 0.2962481805816637 0.5000000000000000
0.3417170350236120 0.2753404622394562 0.5000000000000000
0.5000000000000000 0.3729498987890005 0.2567982887045771
0.1796223355945144 -0.5000000000000000 0.2482068658473615
0.1354845256190848 -0.5000000000000000 0.2157836581914150
0.1682548134660921 -0.5000000000000000 0.2660581901135276
-0.5000000000000000 -0.3303916371690447 0.3357548049115026
-0.4233677164224256 -0.2469182889205400 0.5000000000000000
-0.4321513616885096 0.0820013825437147 -0.5000000000000000
-0.3972100355094463 -0.5000000000000000 0.2144174863609908
0.1118406848241654 0.1191186591771293 0.5000000000000000
0.5000000000000000 -0.2911524950853626 -0.2353264027708852
0.5000000000000000 -0.3815890826914655 -0.3522227425865412
0.0796071588310864 0.2388789596631334 0.5000000000000000
0.0285334636413717 0.0711737860992003 0.5000000000000000
0.2622051816640021 0.5000000000000000 0.3545781359731158
0.2262527702514238 0.5000000000000000 0.3507509359497402
0.2379428527915688 -0.1866548046704027 -0.5000000000000000
0.4167662632706485 -0.4236207103601856 0.5000000000000000
0.3004988252862885 -0.4319460215917428 0.5000000000000000
0.3412604063071508 -0.4000854833539809 0.5000000000000000
0.2562548982365548 -0.5000000000000000 0.4282303645204374
-0.2800703968341440 -0.3915965314482106 0.5000000000000000
-0.3406918021900774 -0.3692412454872765 0.5000000000000000
0.3360364125594985 0.0466117710413101 0.5000000000000000
0.4280823963298166 0.0708558728129798 0.5000000000000000
0.3364128210950103 -0.0183480946488744 0.5000000000000000
0.5000000000000000 0.0284989722144404 0.3622391353637234
-0.5000000000000000 0.4631323040429258 -0.1156936281371820
0.5000000000000000 0.0080049011089564 -0.2062488983273248
-0.5000000000000000 -0.1496351793010927 -0.2007973033213015
-0.5000000000000000 -0.4493600677116936 -0.1747378118067487
-0.5000000000000000 -0.1244415890844327 -0.1266073598923799
-0.5000000000000000 0.0277990648807748 -0.2450777556533327
-0.5000000000000000 -0.1638510126610723 -0.1567007191588474
-0.2811186806546087 -0.0289024191696204 -0.5000000000000000
-0.3003058906981091 0.0042496976805203 -0.5000000000000000
-0.3275387250569668 0.0330375953512352 -0.5000000000000000
-0.2505244324617473 0.0360049300476506 -0.5000000000000000
-0.3426915341444082 -0.0002018765845758 -0.5000000000000000
-0.2924085805315235 0.0173653897990264 -0.5000000000000000
0.5000000000000000 0.0285586062290443 0.3228318052881665
0.3180058003825071 0.0378090325083533 0.5000000000000000
0.4322888411497380 -0.4280179016108773 0.5000000000000000
-0.5000000000000000 0.3639060522725114 0.4899107975737870
-0.4740475486529457 0.2996033432277233 0.5000000000000000
-0.3935482997995153 0.3955734178618636 0.5000000000000000
-0.3988988941202191 0.2875959466479804 0.5000000000000000
0.2157883853270526 -0.5000000000000000 0.3472840531658772
0.0211652375670398 -0.0885711635816946 -0.5000000000000000
0.0171839005101685 -0.3394634538389006 -0.5000000000000000
-0.0579363298506646 0.2190828205539465 -0.5000000000000000
0.0173419638763730 0.1700851293562346 -0.5000000000000000
-0.4152680596520602 -0.4126737223072324 0.5000000000000000
-0.4084387601007917 -0.3989307042154577 0.5000000000000000
0.5000000000000000 0.0227982230058765 -0.1566051630476956
0.3228829846961484 -0.0254326367621175 0.5000000000000000
0.2648154118701352 -0.4228915150758325 0.5000000000000000
0.3080364931750366 -0.4414231052912135 0.5000000000000000
-0.3412367712079775 0.5000000000000000 -0.3876287406878207
-0.2279542688469795 0.4370472234464863 -0.5000000000000000
-0.0547357242063945 -0.0137755140923838 0.5000000000000000
-0.0400951740873317 0.0262218451562571 0.5000000000000000
0.5000000000000000 0.3887035260813307 0.0869125757225463
0.5000000000000000 0.3941271561500553 0.0991116115068987
0.5000000000000000 0.4020332361178067 0.0764297586401879
-0.5000000000000000 -0.3306648102762082 0.3367254163823666
-0.5000000000000000 -0.4627847780391759 -0.0752128134342564
-0.4360044192601508 -0.5000000000000000 -0.0973207358197142
-0.4036222568721978 -0.4601157109705707 0.5000000000000000
-0.5000000000000000 -0.4685149477943646 0.2231729904594040
-0.3360165815483450 -0.5000000000000000 0.1041076535824588
0.4042589724453544 0.5000000000000000 0.0332359450047308
0.1349787621764143 0.2607217884400078 0.5000000000000000
0.0712799290901443 0.2918217387935966 0.5000000000000000
0.0248828876399541 0.3181733559011504 0.5000000000000000
-0.5000000000000000 -0.3305148517965594 0.3380051450884196
-0.3377645107424070 0.5000000000000000 -0.4472489395159571
0.2841355457795198 0.2692689769292088 0.5000000000000000
-0.4219908967770721 -0.2248860168621542 0.5000000000000000
-0.3352260638064777 -0.2332872561878810 0.5000000000000000
-0.3680638103289638 -0.2420248801101966 0.5000000000000000
-0.3908418327449192 -0.2929045202437611 0.5000000000000000
0.3836673078065174 0.5000000000000000 0.2258744898164883
0.4038079807493672 0.4953598633233482 0.0623468552573390
0.1945917133741625 -0.5000000000000000 0.3911827959533428
0.5000000000000000 0.3844269005727970 0.2277629983812215
0.5000000000000000 0.3905853990150076 0.2415185453194613
0.3058979879415740 -0.3784321887360602 -0.5000000000000000
0.1515877986368212 0.0332070473810993 -0.5000000000000000
0.0102960983755936 -0.3405148124257342 -0.5000000000000000
0.0209942865756896 -0.3391015116275263 -0.5000000000000000
-0.5000000000000000 -0.3024263512760913 -0.2705732025863091
-0.5000000000000000 -0.4076100960399833 -0.2357973813905001
-0.4152454208757406 0.2175987904877584 0.5000000000000000
-0.4898842176625391 0.1884458604464259 0.5000000000000000
0.0031961581525368 0.3493487285840496 0.5000000000000000
-0.2367101081538758 0.4356444908887544 -0.5000000000000000
0.2817269240866078 -0.3941194994597532 -0.5000000000000000
0.0658873817984714 -0.4036944673159873 -0.5000000000000000
-0.1117283073141721 -0.3142568919953925 0.5000000000000000
0.4747698219574070 -0.1833255700875296 -0.5000000000000000
-0.1821937083436401 -0.5000000000000000 -0.0122547053310396
-0.1067456912073274 -0.3319960867587624 0.5000000000000000
-0.3415829856474576 -0.3343242253392916 0.5000000000000000
0.0376448454860804 -0.0699362260560059 -0.5000000000000000
0.3002701447721985 -0.5000000000000000 0.3913165202319914
0.5000000000000000 0.4809314121947489 -0.1480163695574287
-0.3699849293692031 -0.3375929180371463 0.5000000000000000
-0.4022178476394268 -0.4611202472408561 0.5000000000000000
-0.5000000000000000 0.0934795809228087 -0.1889673304615713
-0.5000000000000000 0.0520195562962298 -0.2761507153985172
-0.5000000000000000 0.1584606450460930 -0.4331648253535887
-0.2949774121808167 0.5000000000000000 -0.4768318251753293
-0.2465519327224090 -0.5000000000000000 0.0052516097487009
-0.2722975461313963 -0.5000000000000000 0.0842462517195258
0.5000000000000000 -0.4344677872750413 0.2256791096358323
-0.2516079792936592 0.5000000000000000 -0.4435630162784826
0 15
0 19
0 29
0 190
0 42
0 60
0 191
0 79
0 96
0 192
0 193
0 659
0 194
0 195
0 164
0 196
1 197
1 4
1 6
1 37
1 198
1 199
1 94
1 200
1 114
1 201
1 120
1 202
1 132
1 203
1 204
1 205
1 153
1 1081
206 22
207 120
208 131
209 153
210 1081
2 211
2 20
2 212
2 54
2 58
2 213
2 129
2 136
2 137
2 156
2 214
2 215
2 181
216 21
217 22
218 33
219 43
220 142
221 144
222 153
223 180
224 185
3 6
3 31
3 225
3 226
3 69
3 88
3 227
3 101
3 228
3 120
3 229
3 146
3 161
3 162
3 169
3 171
3 180
3 182
4 6
4 230
4 94
4 555
4 114
4 120
4 130
4 135
4 162
4 171
4 1081
4 182
4 186
4 188
5 36
5 42
5 47
5 50
5 231
5 68
5 232
5 80
5 116
5 123
5 143
5 233
5 155
5 234
5 179
5 183
6 33
6 37
6 77
6 94
6 120
6 130
6 132
6 235
6 153
6 154
6 155
6 161
6 162
6 171
6 180
6 182
6 186
7 15
7 26
7 42
7 51
7 91
7 122
7 129
7 136
7 149
7 236
7 237
7 164
7 166
7 174
7 181
7 184
238 909
239 23
240 79
241 97
242 659
8 243
8 12
8 244
8 44
8 45
8 52
8 55
8 67
8 245
8 82
8 84
8 108
8 109
8 152
8 246
8 247
8 248
9 13
9 18
9 34
9 66
9 249
9 93
9 95
9 103
9 107
9 250
9 251
9 252
9 253
9 987
9 1079
9 147
9 254
9 187
255 10
256 62
257 101
258 23
259 34
260 75
261 79
262 95
263 97
264 98
265 173
266 54
267 58
268 129
269 149
10 270
10 271
10 272
10 273
10 63
10 81
10 88
10 274
10 275
10 130
10 276
10 146
10 277
10 154
10 278
10 158
279 99
280 176
281 1166
282 12
283 45
284 55
285 67
286 29
287 41
288 42
289 70
290 71
291 123
292 41
293 42
294 165
295 173
11 25
11 304
11 296
11 44
11 55
11 67
11 83
11 121
11 297
11 125
11 298
11 299
11 300
11 160
11 301
11 170
11 302
11 303
11 188
305 53
306 140
307 145
12 308
12 309
12 45
12 48
12 84
12 92
12 108
12 109
12 118
12 310
12 152
12 311
12 312
13 313
13 46
13 75
13 93
13 95
13 100
13 314
13 315
13 987
13 147
13 316
13 172
13 645
13 187
14 28
14 32
14 317
14 318
14 319
14 65
14 89
14 97
14 100
14 320
14 102
14 321
14 322
14 323
14 141
14 324
14 325
14 172
15 19
15 326
15 26
15 29
15 36
15 42
15 60
15 80
15 96
15 136
15 139
15 327
15 164
328 38
329 579
330 134
331 61
332 72
333 76
334 78
335 89
336 32
337 90
338 111
339 113
340 141
16 19
16 341
16 342
16 60
16 343
16 344
16 345
16 98
16 346
16 347
16 136
16 348
16 139
16 349
16 350
16 173
17 26
17 351
17 49
17 51
17 58
17 352
17 112
17 122
17 137
17 149
17 353
17 174
17 354
17 355
18 24
18 356
18 357
18 61
18 66
18 358
18 78
18 359
18 92
18 93
18 103
18 360
18 1079
18 147
18 361
362 119
19 29
19 50
19 60
19 79
19 96
19 98
19 107
19 139
19 363
19 364
365 579
366 555
367 114
368 135
369 1081
370 83
371 114
372 121
373 135
374 145
20 375
20 376
20 377
20 378
20 379
20 380
20 381
20 122
20 136
20 137
20 156
20 181
21 22
21 31
21 382
21 40
21 383
21 126
21 384
21 385
21 142
21 386
21 387
21 175
21 180
22 31
22 388
22 40
22 389
22 390
22 120
22 126
22 131
22 391
22 153
22 392
22 180
23 29
23 34
23 79
23 97
23 98
23 157
23 393
23 394
23 395
24 396
24 397
24 398
24 399
24 147
24 400
24 401
402 128
403 48
404 179
405 183
406 61
407 72
408 78
409 84
410 92
411 108
412 45
413 48
414 77
415 94
416 114
417 121
418 179
419 186
420 26
421 36
422 80
423 122
424 136
425 139
426 49
427 137
428 156
25 304
25 44
25 53
25 56
25 74
25 429
25 117
25 119
25 125
25 128
25 148
25 430
25 431
25 159
25 160
25 170
304 53
304 83
304 432
304 433
304 125
304 128
304 145
304 434
304 435
304 436
304 437
304 438
304 439
440 54
441 60
442 136
443 156
444 181
26 445
26 36
26 42
26 446
26 51
26 447
26 68
26 448
26 80
26 86
26 91
26 105
26 449
26 112
26 122
26 136
26 144
26 450
26 164
26 166
26 174
27 30
27 33
27 37
27 105
27 115
27 451
27 132
27 144
27 153
27 161
27 185
452 31
453 38
454 39
455 40
456 69
457 75
28 458
28 459
28 78
28 89
28 93
28 100
28 460
28 102
28 461
28 462
28 147
28 168
28 172
29 34
29 42
29 50
29 70
29 463
29 79
29 80
29 96
29 98
29 107
29 111
29 123
29 157
29 464
29 177
29 465
30 33
30 41
30 466
30 81
30 467
30 105
30 115
30 468
30 132
30 154
30 161
30 165
30 166
30 469
31 39
31 40
31 69
31 101
31 470
31 120
31 131
31 133
31 471
31 142
31 472
31 473
31 151
31 162
31 175
31 180
31 474
475 41
476 81
477 88
478 161
479 61
32 90
32 93
32 97
32 100
32 102
32 111
32 141
32 480
32 157
32 481
32 168
32 482
32 483
484 54
485 60
486 659
487 164
488 181
489 92
490 1079
33 57
33 62
33 115
33 491
33 492
33 132
33 142
33 144
33 151
33 153
33 161
33 180
33 185
493 61
494 113
495 43
496 112
497 144
498 174
499 185
500 35
501 44
502 52
503 55
504 783
505 160
506 1166
507 184
508 126
509 153
510 156
34 79
34 93
34 95
34 97
34 98
34 107
34 511
34 987
34 157
34 177
512 37
513 73
35 44
35 52
35 55
35 56
35 82
35 514
35 109
35 515
35 516
35 160
35 178
35 1166
35 189
517 172
518 645
36 47
36 50
36 519
36 68
36 520
36 80
36 86
36 521
36 139
36 522
36 523
36 524
37 73
37 525
37 526
37 105
37 132
37 527
37 528
37 153
37 529
37 185
530 38
531 69
532 175
533 156
38 39
38 534
38 69
38 535
38 536
38 537
38 538
38 539
38 134
38 162
38 169
38 540
39 40
39 69
39 541
39 555
39 542
39 131
39 162
543 55
544 65
40 545
40 546
40 547
40 126
40 548
40 131
40 549
40 142
40 175
40 180
40 550
551 645
552 63
553 117
554 69
556 94
557 114
558 135
559 1081
560 176
561 1166
41 42
41 562
41 563
41 81
41 564
41 565
41 105
41 566
41 567
41 154
41 165
41 166
41 568
42 68
42 71
42 569
42 80
42 105
42 570
42 571
42 123
42 572
42 573
42 154
42 155
42 164
42 165
42 166
574 126
575 45
576 48
577 60
578 173
579 580
579 134
579 581
579 582
583 104
584 106
585 163
586 95
587 97
588 100
589 172
590 645
591 173
592 75
593 185
43 594
43 57
43 595
43 596
43 115
43 597
43 598
43 599
43 600
43 601
43 144
43 602
43 603
43 185
44 45
44 52
44 55
44 56
44 67
44 109
44 127
44 160
44 170
44 188
44 189
45 48
45 59
45 67
45 109
45 604
45 605
45 121
45 127
45 606
45 152
45 607
45 608
609 117
610 46
611 75
612 187
613 126
614 131
46 615
46 616
46 75
46 617
46 618
46 619
46 620
46 621
46 622
46 645
46 187
623 175
47 50
47 66
47 107
47 116
47 1079
624 137
625 156
626 61
627 76
628 87
629 104
630 113
631 163
632 49
633 51
634 112
635 149
48 59
48 636
48 118
48 121
48 637
48 152
48 638
48 639
48 179
48 183
48 186
640 81
641 88
642 146
643 161
644 75
49 58
49 646
49 647
49 648
49 112
49 649
49 650
49 137
49 651
49 652
49 156
49 653
49 654
655 119
656 128
50 66
50 80
50 96
50 107
50 116
50 123
50 138
50 139
50 657
50 177
658 60
660 173
661 86
662 112
663 122
51 91
51 122
51 149
51 664
51 174
51 665
52 55
52 82
52 666
52 108
52 109
52 667
52 189
668 81
669 154
670 158
671 77
672 94
673 114
53 74
53 85
53 674
53 117
53 125
53 128
53 134
53 140
53 675
53 145
53 148
53 676
53 677
53 678
679 97
680 147
681 187
682 54
54 683
54 684
54 129
54 685
54 686
54 687
54 688
54 164
54 181
54 689
690 62
691 101
692 126
693 99
694 176
695 1166
696 645
697 175
55 67
55 698
55 699
55 783
55 700
55 701
55 702
55 703
55 704
55 705
706 156
56 63
56 64
56 74
56 85
56 109
56 125
56 127
56 130
56 148
56 150
56 159
56 160
56 167
56 170
56 189
57 62
57 707
57 115
57 708
57 709
57 710
57 711
57 712
57 713
57 144
57 151
57 714
57 715
57 716
58 122
58 129
58 137
58 149
58 717
58 718
719 72
59 118
59 121
59 127
59 130
59 152
59 167
59 183
59 186
59 188
60 79
60 96
60 98
60 659
60 720
60 136
60 721
60 139
60 164
60 173
61 722
61 72
61 76
61 723
61 78
61 84
61 89
61 90
61 92
61 93
61 103
61 110
61 111
61 113
61 147
61 724
61 168
62 725
62 101
62 726
62 727
62 728
62 729
62 151
62 161
62 730
62 731
62 180
63 64
63 74
63 85
63 732
63 733
63 734
63 117
63 130
63 735
63 736
63 150
63 737
63 159
64 74
64 738
64 119
64 148
64 150
64 739
64 159
64 160
64 178
64 189
740 185
65 89
65 741
65 102
65 742
65 743
65 141
65 744
65 745
65 746
747 70
748 71
749 113
750 123
66 751
66 752
66 92
66 103
66 107
66 110
66 753
66 116
66 987
66 138
66 754
66 1079
66 177
67 755
67 121
67 127
67 756
67 757
67 170
67 758
67 759
67 188
760 68
761 86
762 143
68 73
68 763
68 80
68 86
68 105
68 124
68 132
68 143
68 154
68 155
68 166
68 764
765 91
766 115
767 144
768 174
769 134
770 146
771 99
772 119
773 175
774 81
69 775
69 101
69 776
69 777
69 131
69 778
69 779
69 780
69 162
69 169
781 555
782 1081
70 71
70 110
70 111
70 113
70 123
70 138
70 784
70 158
70 785
70 177
70 786
787 99
788 176
789 178
790 72
791 78
792 84
793 108
71 116
71 123
71 130
71 138
71 794
71 154
71 155
71 158
71 167
71 183
72 76
72 82
72 84
72 795
72 108
796 136
797 139
73 798
73 77
73 86
73 105
73 799
73 124
73 132
73 143
73 800
73 801
73 802
73 803
74 85
74 117
74 128
74 804
74 148
74 159
805 79
806 659
75 807
75 95
75 808
75 809
75 810
75 811
75 812
75 987
75 813
75 645
75 814
75 187
815 187
76 82
76 84
76 87
76 816
76 104
76 106
76 108
76 113
76 817
76 818
76 819
820 134
821 77
822 116
823 179
824 183
825 78
826 147
827 175
828 99
829 128
830 783
831 113
832 158
833 86
834 143
835 139
77 94
77 836
77 837
77 124
77 132
77 143
77 838
77 839
77 840
77 155
77 841
77 179
77 186
842 555
843 135
844 140
845 145
846 162
847 169
848 90
849 111
850 113
851 141
78 89
78 92
78 852
78 147
78 853
78 168
854 153
79 96
79 98
79 659
79 855
79 856
79 857
79 858
79 859
860 555
861 135
862 145
863 137
864 156
80 86
80 96
80 123
80 136
80 139
80 865
80 177
866 98
867 107
81 88
81 868
81 869
81 154
81 161
82 870
82 871
82 104
82 106
82 108
82 109
82 872
82 873
82 874
82 178
82 189
83 85
83 114
83 121
83 875
83 125
83 135
83 145
83 148
83 876
83 877
83 170
83 878
83 188
84 87
84 92
84 108
84 109
84 110
84 113
84 118
84 150
84 152
85 88
85 879
85 117
85 125
85 127
85 130
85 134
85 135
85 140
85 880
85 145
85 146
85 148
85 881
85 170
85 188
882 156
86 105
86 883
87 884
87 104
87 106
87 108
87 109
87 113
87 150
87 152
87 163
87 189
88 885
88 130
88 135
88 140
88 145
88 146
88 154
88 161
88 171
88 182
89 90
89 886
89 102
89 887
89 141
89 888
89 889
89 168
890 117
891 128
892 645
90 93
90 102
90 111
90 141
90 893
90 894
90 168
90 895
896 134
897 146
898 169
899 156
91 900
91 115
91 909
91 901
91 144
91 902
91 149
91 903
91 166
91 904
91 905
91 906
91 174
91 907
91 184
908 987
92 103
92 110
92 116
92 118
92 910
92 1079
92 152
911 173
912 113
913 150
914 158
915 104
916 106
917 150
918 163
919 130
920 146
93 95
93 97
93 100
93 102
93 103
93 107
93 111
93 147
93 157
93 168
93 172
93 177
921 117
922 119
923 128
924 159
94 114
94 121
94 132
94 135
94 925
94 179
94 186
94 188
95 97
95 98
95 100
95 107
95 926
95 927
95 987
95 157
96 98
96 139
928 153
929 185
930 115
931 909
932 144
933 174
97 100
97 934
97 157
97 935
97 936
97 937
98 107
98 938
98 939
98 987
98 940
98 941
98 942
98 173
99 943
99 944
99 119
99 945
99 946
99 128
99 947
99 948
99 949
99 160
99 176
100 102
100 141
100 147
100 157
100 168
100 172
101 950
101 951
101 952
101 133
101 953
101 151
101 161
101 180
954 108
102 141
102 168
955 783
103 107
103 110
103 111
103 1079
103 147
103 168
103 177
104 106
104 956
104 957
104 958
104 163
104 959
104 960
105 115
105 132
105 144
105 154
105 961
105 166
105 185
106 108
106 109
106 962
106 963
106 150
106 163
106 178
106 189
964 165
965 185
966 165
107 967
107 987
107 968
107 177
969 136
970 139
971 156
972 645
108 109
108 973
108 974
975 126
109 127
109 150
109 152
109 167
109 189
976 645
783 977
783 978
783 979
783 980
981 141
555 120
555 982
555 131
555 135
555 983
555 162
555 1081
984 112
985 122
986 137
110 111
110 113
110 116
110 118
110 138
110 152
110 177
988 187
111 113
111 157
111 989
111 177
111 990
991 133
992 175
993 128
994 178
995 149
996 114
997 121
998 156
112 122
112 999
112 1000
112 1001
112 1002
112 1003
112 1004
112 174
112 1005
113 118
113 1006
113 138
113 1007
113 150
113 152
113 158
113 163
113 1008
113 1009
113 167
113 1010
1011 119
1012 150
1013 178
1014 189
114 121
114 1015
114 135
114 145
114 1081
114 1016
114 1017
114 188
1018 133
1019 119
115 1020
115 1021
115 1022
115 144
115 165
115 166
115 1023
116 118
116 123
116 138
116 1024
116 155
116 167
116 183
117 128
117 1025
117 148
117 1026
117 1027
117 159
1028 142
1029 151
118 138
118 1030
118 150
118 152
118 167
118 183
119 1031
119 128
119 1032
119 1033
119 1034
119 1035
119 159
119 160
119 1036
119 176
119 178
1037 187
1038 184
1039 185
1040 987
1041 173
1042 131
120 1043
120 1044
120 131
120 153
120 161
120 162
120 1081
120 180
120 182
1045 124
1046 161
121 127
121 1047
121 186
121 188
122 129
122 136
122 137
122 149
122 181
909 1048
909 1049
909 1050
1051 131
1052 1081
659 1053
659 164
659 1054
1055 134
1056 140
1057 145
1058 169
123 138
123 154
123 155
123 177
1059 175
1060 173
1061 165
1062 166
1063 184
124 132
124 143
124 1064
124 1065
124 155
124 1066
125 145
125 148
125 170
126 1067
126 131
126 1068
126 1069
126 1070
1071 147
1072 172
1073 645
127 130
127 152
127 167
127 170
127 188
127 189
987 1074
987 1075
987 1076
987 187
1077 176
1078 178
1080 131
128 1082
128 1083
128 1084
128 159
1085 142
1086 144
1087 151
129 137
129 149
129 1088
129 1089
129 164
129 181
1090 173
1091 149
130 1092
130 135
130 150
130 154
130 155
130 158
130 167
130 171
130 183
130 186
130 188
131 1093
131 1094
131 162
131 1081
131 180
1095 150
1096 158
1097 176
1098 178
132 143
132 1099
132 153
132 154
132 155
132 161
132 171
132 185
132 186
133 1100
133 142
133 1101
133 1102
133 151
133 1103
133 175
1104 166
1105 184
134 140
134 1106
134 146
134 1107
134 1108
134 169
134 1109
1110 645
135 140
135 145
135 1111
135 162
135 169
135 171
135 1081
135 182
135 188
136 1112
136 139
136 156
136 164
136 181
137 156
137 1113
137 181
1114 164
1115 173
1116 181
138 158
138 167
138 177
139 1117
139 1118
139 164
139 1119
139 1120
139 1121
139 1122
140 145
140 146
140 169
140 1123
140 182
1124 146
1125 175
141 1126
141 1127
141 1128
141 1129
142 151
142 1130
142 175
142 180
143 155
143 1131
143 179
144 1132
144 166
144 185
1133 1079
1134 183
1135 149
1136 184
145 148
145 1137
145 169
145 188
146 1138
146 169
146 182
1139 151
1140 175
147 1141
147 1142
147 168
147 172
147 187
148 159
148 170
1143 154
1144 158
1145 160
1146 176
1147 1166
149 1148
149 1149
149 1150
149 1151
149 1152
149 1153
149 184
1154 1166
150 1155
150 152
150 1156
150 158
150 163
150 167
150 1157
150 189
1158 184
1159 187
1160 159
1161 164
1162 165
1163 166
1164 184
1165 176
151 1167
151 180
1168 160
1169 176
152 167
153 1170
153 180
153 185
154 155
154 158
154 161
154 171
154 186
1171 179
155 171
155 179
155 183
155 186
1172 174
1173 185
156 1174
156 1175
157 177
157 1176
157 1177
158 167
159 160
159 178
160 176
160 178
160 1166
160 189
161 171
161 180
162 169
162 171
162 182
163 1178
1179 187
1180 185
1181 185
164 181
165 166
165 1182
165 184
1183 1081
1184 174
166 1185
166 1186
166 184
167 183
167 189
1187 179
1188 175
1189 1166
169 182
170 188
1190 184
171 182
171 186
172 645
1191 174
173 1192
173 1193
173 1194
1195 187
174 1196
174 1197
175 1198
176 178
176 1166
178 1166
178 189
179 183
179 186
180 185
1199 187
183 186
186 188
