1289 2230 0
-0.4138611268910461 0.3323855395476321 -0.3666266390250618
-0.0312640131736444 0.1320106031547584 0.3499011490709619
0.2071463356813004 0.4071580294491429 0.1326347354800261
0.0792658506143750 0.3669678070519475 0.4310977352126357
0.4481586637131865 -0.2135612333690398 -0.4841462291436207
0.0557631439483252 -0.3760345838740927 0.0365355736086402
0.1868340169217366 0.1010427419887819 -0.4440549670962985
0.2761011804130690 0.0406454227062108 -0.4607071414382280
-0.4363966394103284 0.3546050342610799 -0.4090273760850888
0.3775387147058806 0.4758956945141137 0.4029760418444201
0.3024424508901731 0.0806113196962609 0.1837592877786777
0.0065338561961554 -0.3790385260081227 -0.1087037707055308
0.0323517955328069 0.3762399057174712 0.2896947539261323
0.4907182214104983 0.2443922141592306 0.3447468257888464
-0.2402047431419172 -0.4502226533994292 -0.0253841636279545
0.2394850105175447 0.4322456055206591 -0.3521695529251399
0.4392343744652098 0.0585513578534069 0.3413277777304982
0.0623113780379665 -0.3140442491145004 -0.0233285540472109
-0.4468305558231188 -0.3565130948727777 0.4286776431754358
0.4635168274883631 -0.1966033482932447 -0.1266880854908614
-0.0708740237959070 0.4636870014734400 0.4838050879043385
-0.4285804883162219 0.1065916143874487 -0.0341377794499251
0.1318806916556072 -0.4826581449201313 -0.1130371243288973
0.4558428838445520 -0.2911564144666439 0.1949743120190502
0.3966700933479450 0.4688167653748521 0.0410859517702546
0.2907642034286194 0.1488967969840361 0.0388196666073215
-0.4526522185104527 -0.4597191238277500 -0.0507875135325680
0.1698002617067043 0.1179473431635686 -0.1821708189873024
-0.2652013570218185 0.2102056120264522 0.0779488833602906
-0.4617720046552506 -0.4789639742527530 0.1104478732224737
0.3816555165319800 0.0552339078637838 -0.0595769092676963
0.0784246064947225 0.2838484201731395 -0.2271047804798267
-0.3675464558264122 -0.1778705028024677 -0.3634179557444455
-0.3103975362397679 -0.3181853018541008 -0.2713590495741923
-0.0926515993387466 0.0419386465243323 0.0331457848335646
0.3793110818631608 -0.2308834748281072 -0.1456960637726184
-0.2029767340265774 0.0006191043008807 -0.0675284986684353
0.0861887500348059 0.1400625377328865 0.2623880566853168
0.2566006424888559 -0.2130119044634263 -0.2527004747419257
0.0188484976135378 -0.2319186156929783 -0.4083492937730960
0.3536339268837992 0.1334481112519176 0.3362238455927168
-0.1718304873142107 -0.2730692072931161 -0.1591252387467851
0.4749702118303029 0.2940009053812762 -0.3435437541235777
0.0939536807388558 -0.0405800313294413 0.0844875006105444
0.3775904206582500 -0.1121794260850802 -0.0347552778319849
0.3417763098543626 -0.3344729890980985 -0.1537953090442232
0.4513178506515548 0.4546872454416088 0.0924842624710212
-0.4619411272708192 -0.3552088335063153 -0.4208026133702080
-0.1515495108203247 0.2331364452890191 -0.0627625345670326
-0.3396544554612484 -0.3415110737982442 0.2329513250250775
-0.0045242293629352 -0.0465963724347206 0.3517820470801487
0.3043220497461406 -0.2235329801282682 0.0318973954936612
0.0014010424999177 -0.3744821695802271 0.2761390456633557
-0.3028984268009418 -0.2979842844893233 0.1428168509285922
-0.1664109874846844 0.3217391731714430 -0.2008142050777154
-0.0110347743051773 -0.3980478270568241 0.4206461429122071
-0.3724772566984715 -0.2912647911592726 -0.0623915884890563
0.1233288913695932 0.1820407622701245 -0.2236909405656392
-0.0306003622076726 0.1382977062847691 -0.4756816653434325
0.1757336198451378 -0.4344095908391506 -0.2149621086145707
-0.0602649403147604 -0.0637202840005492 0.2549806649572684
-0.4577585284773869 0.1741117300202210 0.1903814106748334
-0.0530287557043467 -0.2065453190224233 0.4246676869397509
-0.2299378771993445 0.1818476268621662 -0.1774477822836998
-0.0934392344833875 0.1545240871446216 -0.4581500499424985
0.4498208315668139 -0.1030772346393317 -0.2434469602028782
0.3008336774361881 0.4791946982158009 0.3952364778419335
0.3152946858429316 0.4330756568169744 -0.2092071306179248
0.1678833667300607 -0.2552333897511731 0.4546497787913465
0.2506816805185893 0.1871925768001751 0.2423961485283459
-0.2797705401874658 -0.4544068542826751 0.4616901910623226
0.0411293720448141 0.0368683117323184 -0.3629576395682196
-0.1228044503890584 0.1829346781368087 -0.3126512111239465
-0.2854075377738911 0.4976904531246921 0.2535883417135325
-0.3850067869090240 0.0303894798999976 -0.0345651987524402
-0.0261949574564206 0.2012071019022134 0.1873844622178265
0.0038062957439788 -0.1906273260936629 0.1298825045315598
0.3557062942280336 -0.2543718258395304 0.0234669339640562
0.0880681614492496 0.3954317237327032 -0.4295986193999849
-0.3802016665355633 -0.0516092120138896 -0.2443214871937189
0.4597284948707177 0.0213525139647001 -0.4539497039458876
-0.3664980192105085 0.0204517734338785 -0.0790732411170491
0.4127160235632126 -0.0256634513824854 0.3411182812569721
-0.1446166320555791 -0.3395086626933836 -0.4081126696442171
0.1347230158024897 0.3652152725022789 -0.0491366449322556
0.4902381776068415 -0.4780796415958469 0.1743587190898705
0.3152562860342495 -0.4509689123839696 0.0205071563416938
0.2567992247969736 0.3599670834887452 -0.0814367449742955
0.4450598887520182 -0.3936242909483608 0.2305209874219565
0.1866720212990791 -0.0371875313775489 -0.4772945577297185
0.0620757646559928 0.2561811820434564 0.0753805580732619
0.3276240637341859 0.1393745731078519 -0.0722539971425443
0.0494391065932047 0.2412611206715437 0.1458509074194246
-0.4719032908420595 -0.1334120323496513 -0.3463688964332556
0.1881811804116138 0.4184925034483960 -0.3368827248972282
-0.1143177149603660 0.1419986842204916 0.3239599222766784
0.4783703816367621 -0.3248592129535454 0.0207697687854237
0.3365463155638543 0.1872885099912311 0.1336635677141820
-0.2757105723100847 0.3886721307448293 0.1664357405998924
0.2409007045432825 -0.4712213614369758 0.2380860255572284
0.4169382052618679 0.1475392802907969 -0.3638772377285859
0.1972266389189604 0.4199996453654644 -0.2473097932020731
0.2984633800489465 -0.2459399607024973 -0.3761648435923402
-0.2678420653279508 0.2454279485394096 0.4243921135908484
-0.2982331765069778 0.3526895558660977 0.1527160022982369
0.3721796301079663 -0.3089303430406378 0.1550224986635927
0.2892700158384919 -0.0731652738464895 0.1851004328106975
0.3323321375584467 -0.4270494746234301 -0.0776522432557187
0.1717659144672254 0.1651352851305632 -0.0253117065706331
-0.3848974572110442 0.1915515434368503 -0.3090171878097700
-0.0170859605691696 -0.3159443254148100 -0.3433691812230317
-0.3501912110119935 -0.2915568376395269 0.1591103722723486
0.3868301340051752 -0.3694051358189027 0.4274954732328285
-0.0767516746949514 -0.0602775494064255 0.2769286304636501
0.2425919055246779 -0.0689096441767397 0.0913062975544161
0.2177013976362912 -0.4347399079434423 -0.0788382253830565
-0.1006700357066901 -0.1138422359180033 -0.0133626649653784
0.0647734307402668 0.0969877774885389 0.3229367503793746
0.4137933077306982 -0.2709453649426689 -0.2409580021984796
-0.4482436251738433 -0.1008203502466174 0.4442373685556934
0.0925878450406895 -0.1822610577556129 0.4764982209974523
-0.2575054137829302 -0.2319054762181687 0.1574422441701561
-0.1207519384194673 -0.2568978938450038 -0.1093733416647818
0.3672134526319418 -0.4536302735734003 -0.0290928914010804
-0.1756110351663336 -0.1346481506378117 -0.0860234009059407
-0.2766817261579493 -0.2940680667349407 0.3083091405983259
-0.2178861288984578 0.3245719858040710 -0.3169603235549293
0.0547338501866195 -0.2360697995072698 0.2188304792815984
-0.3806541634380346 0.2797870598941572 -0.1230592471847213
-0.3806893024748204 -0.3130808233966434 0.0436920372469057
-0.4286956038061955 -0.0005936920359794 0.1278579076695167
0.3030666552043007 0.2558911393075706 -0.4060134599048683
-0.1119917384727854 0.2370912391842026 -0.3260449861769080
-0.4380958366125139 0.4234382131191546 0.4296441244581831
-0.1315952116523036 -0.0261862963951673 0.3600132958548584
-0.1538736068678316 0.0150359089273698 0.2203043111367974
0.0186412442564044 0.1516393954403185 -0.0199410374907280
-0.3524085777771976 -0.0063172453901213 0.4464484148283880
-0.2827527299701043 -0.4625923304884213 -0.1503159568953318
0.3560335910414392 -0.3146518549194333 0.4149739279311845
-0.1461803102031256 0.3583946261545691 0.3752254671095133
0.1584225833784725 0.4881668647313164 -0.4345627433318528
-0.3619662668444824 0.0786125288991195 -0.0949412319795433
-0.4407018931523664 -0.1404444333528674 0.3605663444013357
-0.0248509782182266 -0.2834070615431399 -0.1294025309956741
-0.3185713424232093 -0.0801621148347586 -0.2123800160841916
0.4675147328301671 -0.2125183039996634 0.2236368176700850
-0.0810378177371049 -0.1012507718722802 -0.2496455535194915
0.1348427732854630 -0.3269266820510770 0.1952414981481602
-0.0830235789771457 -0.1104218520047031 -0.3491435618431473
0.4201110985499517 -0.4825877981504540 -0.3799822167615858
0.2832043288635593 -0.0577748161512018 0.2345735626786905
0.3133725540785290 -0.2156675145674730 0.0715691204115900
0.2653823821969229 0.4436495889782558 -0.0060492173843613
0.3232949456916222 0.2089805265266212 -0.0536741979333924
-0.2858126154994168 -0.0425701219479144 -0.3963017439333265
-0.1922574020624072 -0.0632790137104455 -0.1921669581066955
0.3923288709764245 0.3606013095793092 0.1011615402586213
-0.3514281146091771 -0.1000750535938669 0.1567486027712303
0.1305822878627442 -0.2184720853440114 -0.0213533081214813
-0.4239058842805301 0.3459635541232587 -0.2227346020957771
-0.3390086362054877 0.3899861654495436 -0.3011218486538679
0.1968549381327351 0.3508816815859949 -0.3117352094717186
0.3567969042515752 -0.3376100099489985 0.4731376299155343
0.2491414479120553 -0.3841131107552330 -0.2754080888110129
-0.1010590324853080 -0.2392351504986021 -0.1952399365656678
-0.1900837113054484 -0.3294141210910044 0.4361528115606322
-0.3070701062529255 0.1791471650395301 -0.0588552373093382
-0.0703195547957265 -0.2578763632452845 0.0277234026762076
-0.3712303344218894 -0.4547501412651873 -0.0577720583404761
-0.2296919998703727 -0.0543915651823064 -0.2245891127172530
0.4290659127700419 0.4528391500910741 -0.0974952005568154
0.0980972400309727 0.4027151504530265 -0.3963266533847589
-0.3797102551112042 0.4217410758938710 0.2644507223470402
0.3611881708374438 0.3615282082462278 0.0425588303799220
-0.2639148287907330 -0.4270738044330462 0.4522258318073282
0.4329116730050013 0.2247605103885587 0.4541561752616649
0.4208602927503911 0.0418293435674514 0.3045420937756180
0.0401113382789763 0.3571922108666364 0.2777494926381283
-0.1856497215325555 -0.3945702788047996 -0.1945760894328298
0.1463408377581058 -0.0522970444062080 0.2050132290124288
0.1094179086657030 -0.1625450318849367 -0.0933516893794303
-0.3248465510557467 0.1859438060357592 -0.1847451289442777
-0.3936090021287167 0.3497511781591824 0.0816531839413775
0.2312133661925222 0.0082242243085041 0.2563632717755621
0.0890188488251411 0.4675048443942733 0.3678329195106864
-0.1128675090474298 0.3855416497299527 -0.2288317203439998
-0.0183754587052355 -0.4364522326509013 -0.0706969514748241
0.4622061808811679 -0.4112152798619403 0.1988609290711132
0.4461771378947083 0.1752686563275273 0.3417582078764024
0.0261378723031668 -0.3147705037907909 -0.4672255232236810
-0.0248060774368828 -0.4788244574059047 -0.3803319104555086
0.3607739785995395 0.3057114760249520 -0.1917338044012737
0.0062217347735994 0.2240163759451805 -0.1849337076746057
-0.1170613904641134 -0.2952056834373877 -0.0769910802346234
0.0414737092632723 0.3007043622452555 0.4766491437226612
0.0896162936586479 -0.1740021303176237 -0.2616348068350709
-0.3582054082344747 -0.4145883236559800 -0.2465904638772971
-0.1261074540271237 -0.1104985939316529 0.4011537282210193
0.4492198820915043 0.3994651529087052 0.0233190822869259
0.3426384697081127 0.2578491076538263 -0.2608354232119029
-0.0545712771043793 0.2892284896844143 -0.2925243361601764
-0.1588187255210236 -0.3523971810524597 0.0798845674780777
-0.4796857622656975 0.3367123925352581 0.0686519540897782
0.3157444691200150 -0.2642603604328339 0.0136352619450673
-0.0719620867706299 -0.1328541950188723 0.2374334916052227
0.2791133302881710 -0.0995483064966923 0.0817765072393595
-0.3488489084179925 0.2581779631662958 -0.3369012109568560
-0.3307902229024954 -0.3923567878448426 0.1435425636956500
0.3634392262641677 0.3342761101837104 0.4666928167305958
-0.2860280132621263 0.3480339334264505 -0.5000000000000000
-0.5000000000000000 0.2734086937391501 -0.3441842380658834
-0.5000000000000000 0.3697560937242829 -0.2871990590580580
-0.3189395738309941 0.2812344416041693 -0.5000000000000000
-0.2607524861419182 0.2751916770404789 -0.5000000000000000
-0.5000000000000000 0.2911583781666336 -0.2834228433613929
0.5000000000000000 -0.2938797776732602 0.1764495603029966
0.4918132768922341 -0.2337060515230062 0.1834827583554148
0.5000000000000000 -0.3771361138092084 0.2014935697941287
0.5000000000000000 -0.3966655639508060 0.1820808659846371
-0.1725299725379886 0.1636007028123450 0.5000000000000000
-0.1699246716896639 0.0753456897598825 0.5000000000000000
-0.1241302544031568 0.0126145855809540 0.5000000000000000
-0.1831326167513388 0.2864780666042398 0.5000000000000000
0.2756234145319826 0.5000000000000000 0.0372896642222932
0.1651804421812750 0.5000000000000000 0.1756091551799023
-0.0723985971188232 0.5000000000000000 0.2036804784686759
-0.2695334854708868 0.4179524636083826 -0.5000000000000000
-0.1698800655949702 0.4552477147540602 -0.5000000000000000
0.4806277753819688 0.4967266352198604 -0.2908366348713041
0.3411060016941128 0.5000000000000000 -0.1624212943306283
0.3095463850782412 0.5000000000000000 -0.0479881890858703
0.4076638025302869 0.5000000000000000 -0.1010385060985399
0.1681482356792911 0.3690495492486343 0.5000000000000000
0.1487740915762453 0.4485486806520955 0.5000000000000000
-0.0681149472589774 0.4450216184040346 0.5000000000000000
0.5000000000000000 0.3494718001760900 0.1805162594465072
0.5000000000000000 0.3636994145213032 0.1685711220095581
0.0194065380117356 0.3525541301163783 0.5000000000000000
-0.0138010810673626 0.3989274227156914 0.5000000000000000
-0.1150645338467461 0.3399611847796378 0.5000000000000000
0.4661227730655120 -0.2134651303419374 -0.5000000000000000
0.5000000000000000 -0.2633071153712793 -0.4987993308092530
0.5000000000000000 -0.1096075337104865 -0.4538155854778088
0.5000000000000000 -0.1316567584194024 -0.4528230822505240
0.5000000000000000 -0.2045630064597607 -0.4288533424041036
0.5000000000000000 -0.1880770787569696 -0.4908587999811806
0.4348433764765749 -0.2033902700259960 -0.5000000000000000
0.3925443857754899 -0.1376476972426015 -0.5000000000000000
0.4437720910685631 -0.2346298792735662 -0.5000000000000000
0.5000000000000000 -0.1748445375288950 -0.4997212482295561
0.4589234747210780 -0.2105241629020695 -0.5000000000000000
-0.1204800342097256 -0.5000000000000000 0.1129316905790140
-0.0546426637275831 -0.5000000000000000 0.1975736780194906
0.5000000000000000 0.0215441644962128 -0.0918708712168400
0.5000000000000000 -0.0768593963341848 -0.0780287210873598
0.3878151903644420 -0.5000000000000000 -0.4241858947375061
0.2803353789603689 -0.5000000000000000 -0.4683851002836574
0.0692321831334562 -0.5000000000000000 -0.4311677888990701
-0.4818437230052632 0.4324054621464992 0.5000000000000000
-0.3693145357958029 0.4070688757870858 0.5000000000000000
-0.5000000000000000 0.1141695247928203 0.0348402033925801
-0.5000000000000000 0.0854335081653467 0.0515636947020928
0.2127341557165487 0.0831206977744259 -0.5000000000000000
0.1857524596770023 0.1162254396198442 -0.5000000000000000
0.2376134390510702 0.1118280976175521 -0.5000000000000000
0.2450125064530326 0.0652881622119234 -0.5000000000000000
0.2963811063421176 0.0863490739437320 -0.5000000000000000
0.3298765963143984 0.1633001823814056 -0.5000000000000000
0.1516528596006791 0.1123272653892436 -0.5000000000000000
0.1619578434512200 0.0407974157643274 -0.5000000000000000
0.1996361565394907 -0.0243400815581231 -0.5000000000000000
0.2843976052885440 0.0380526426929908 -0.5000000000000000
0.3290545208882378 0.0540426970660285 -0.5000000000000000
0.3030247201683929 -0.0086417873760194 -0.5000000000000000
0.2928423024786515 0.0271529784508657 -0.5000000000000000
-0.3242727950197163 0.3584735186253684 -0.5000000000000000
-0.5000000000000000 0.2874629308515768 -0.3622040710992902
-0.5000000000000000 0.4707129892517718 -0.4360373184648398
-0.5000000000000000 0.3775594609591446 -0.3268224064125947
-0.5000000000000000 0.3087647367398943 -0.4604826876949111
-0.5000000000000000 0.3578347324333791 -0.3919656832791801
-0.4048853293207705 0.3552117334778375 -0.5000000000000000
-0.5000000000000000 0.4663335022748615 -0.4223146259075805
-0.3314823911505556 0.2903909746321690 -0.5000000000000000
-0.3648608511578150 0.4977140954854765 -0.5000000000000000
-0.2760432975245354 0.2838670993054084 -0.5000000000000000
0.4023269409804243 0.3545099705141314 -0.5000000000000000
0.4630382904523621 0.3191268639670469 -0.5000000000000000
0.4038393782486623 0.3020754906026452 -0.5000000000000000
0.4027375252752506 0.3324510670202050 -0.5000000000000000
0.2147981757666909 0.3843570578243487 0.5000000000000000
0.2982260854402399 0.4944555574074764 0.5000000000000000
0.4066990963772912 0.5000000000000000 0.3875172924078678
0.3814998636344187 0.5000000000000000 0.3912184528041374
0.4091304678261798 0.4317675545791400 0.5000000000000000
0.5000000000000000 0.4596326755339262 0.2367450352047238
0.5000000000000000 0.4145403454803607 0.2407764758523884
0.5000000000000000 0.4615439964560403 0.2623103591137059
0.5000000000000000 0.4949557066723884 0.3708462309770419
0.5000000000000000 0.3725500814503985 0.3520090424218588
0.5000000000000000 -0.0705039244234865 0.1834724404030551
0.5000000000000000 0.0372989146522866 0.0432232036961196
0.1031538878009272 -0.5000000000000000 -0.2221583370918582
-0.5000000000000000 0.4243760555030749 0.4587941421873322
0.0249132064374632 0.1374942691316799 -0.5000000000000000
0.1009570753612392 0.1481557214619774 -0.5000000000000000
0.1364189066303467 0.2648119696454978 -0.5000000000000000
0.2349998510467974 0.1866540410781244 -0.5000000000000000
0.0994715517052604 0.1643865031533014 -0.5000000000000000
0.1242015032355510 0.1739912300589411 -0.5000000000000000
-0.0772293135722408 0.4494423565264677 0.5000000000000000
-0.0671379316621816 0.5000000000000000 0.3419158238125227
-0.0910363332472932 0.5000000000000000 0.2162536458762279
-0.1827228413433148 0.3329556409781048 0.5000000000000000
0.2162195551575555 0.3579317190591718 0.5000000000000000
0.5000000000000000 0.2536646974575569 0.3244672383139173
0.5000000000000000 0.2644296109204347 0.3435379666972089
-0.5000000000000000 0.4720504379510670 0.4676290108818913
-0.5000000000000000 0.4927186416814582 0.4070701627019152
-0.5000000000000000 -0.4840345997124993 -0.0112140060756463
0.1312026109153807 -0.5000000000000000 0.4228205069309645
0.3021374540330044 -0.5000000000000000 0.3140370889394406
0.1956737460098699 -0.5000000000000000 0.3963173693740418
0.1873413003253638 -0.5000000000000000 0.3538420995515613
0.1822614922509504 -0.5000000000000000 0.4236905101741124
0.2051677946381399 -0.5000000000000000 0.3867109898006705
0.2028979818118343 0.3488477181773638 0.5000000000000000
0.2030954914466663 0.3838347308831172 0.5000000000000000
0.2508598863222576 0.3325574595856586 0.5000000000000000
0.2117215924509744 0.3519693101162892 0.5000000000000000
0.1292987777323882 0.3418336119343252 0.5000000000000000
0.2445468512427448 0.3582218831220558 0.5000000000000000
-0.5000000000000000 0.1699169690993009 0.2308748659023165
0.5000000000000000 -0.1496521906715923 -0.1764738237528092
0.5000000000000000 -0.0045392781320405 -0.1945927154669377
0.5000000000000000 -0.0720117338860918 -0.1865565796280013
0.5000000000000000 -0.0810257138087481 -0.2601014830728101
-0.5000000000000000 -0.4056028717068756 0.1027461230848927
-0.1801474015584351 -0.5000000000000000 0.0792163074424184
-0.2964840590467511 -0.5000000000000000 0.0156105691258488
-0.2033147303812294 -0.5000000000000000 0.0051056744855300
-0.2231730945676180 -0.5000000000000000 -0.0604966790537139
0.2173862434827963 0.5000000000000000 -0.4340686031968348
0.1769848975739288 0.5000000000000000 -0.4435848894720803
-0.4999112427507914 -0.4063639462735531 0.5000000000000000
-0.3938204626461629 -0.4477859813001786 0.5000000000000000
-0.3999637228589508 -0.4333410826666905 0.5000000000000000
0.1419577268188979 -0.5000000000000000 0.1263484516118620
0.3422647038205943 0.2244069715008724 -0.5000000000000000
0.5000000000000000 0.2827064686228712 0.0282372334528052
0.5000000000000000 0.2784913830211441 0.0237422539004305
0.5000000000000000 0.2819826467350499 0.0001859278918895
0.5000000000000000 0.3044996633050696 0.0246588973323683
0.5000000000000000 0.3022361732025366 0.0127149306466054
0.5000000000000000 0.3265506311542620 0.0126140731680365
-0.3467384828592863 -0.4608669366165244 0.5000000000000000
-0.3471780283913561 -0.4444380303666324 0.5000000000000000
0.4640424311777147 -0.4356206133806946 -0.5000000000000000
0.5000000000000000 0.4595056257750794 -0.4315103231819619
0.2991057008952026 0.4997445691184720 -0.5000000000000000
0.3502662970517219 0.4724811723638428 -0.5000000000000000
0.2530255142287871 0.5000000000000000 -0.3616256201067607
0.2041945013559758 0.5000000000000000 -0.2540507798170994
0.2794115450247958 0.3886933342551592 -0.5000000000000000
0.5000000000000000 0.3916728774352074 -0.3459599252027797
0.4060817598114728 0.5000000000000000 -0.4055674643167032
0.5000000000000000 0.3186062845675908 -0.3620114453483060
0.5000000000000000 0.4935902153137147 -0.3106069280094234
0.5000000000000000 0.4562044013421133 -0.3543314807967172
0.5000000000000000 0.1568275896585464 0.3416928242725696
0.4171890091810266 0.1150450447407182 0.5000000000000000
0.3888222264851283 0.0573717381693177 0.5000000000000000
0.5000000000000000 -0.0396850389101072 0.3021133104093767
0.5000000000000000 0.0758821543028928 0.3996474221851868
0.2770935267697709 0.0316092421290662 0.5000000000000000
0.5000000000000000 0.0323961453628973 0.3133232272250842
0.1199801788593980 0.0100857880491058 0.5000000000000000
0.4710423499772935 -0.5000000000000000 0.1681396375087313
0.2905337532375042 -0.5000000000000000 0.2111982458525800
-0.2292719089243871 0.3749555309309975 -0.5000000000000000
0.1166801091046358 -0.2404160601321274 -0.5000000000000000
0.0674534876931335 -0.3089901710347844 -0.5000000000000000
0.5000000000000000 -0.1672861223985325 -0.0684064974514813
0.5000000000000000 -0.2539277200759014 -0.0386571239021049
0.5000000000000000 -0.3175890937366627 0.0063631462069942
0.5000000000000000 -0.2342778714058965 -0.0235402923757816
-0.5000000000000000 -0.3254819663437917 0.3337003511510158
-0.5000000000000000 -0.1929115894538902 0.4853554150531775
-0.5000000000000000 -0.3795584969657176 0.4532362443966065
-0.5000000000000000 -0.4045340551241911 0.4299891372978153
-0.3602380843966473 -0.5000000000000000 0.3429545492676649
-0.4261617052406870 -0.5000000000000000 0.3176671662598697
-0.5000000000000000 -0.2656276912388226 0.3931647183776776
-0.5000000000000000 -0.3378350853673983 0.3881242877929514
-0.4424664173443578 -0.3364421987747756 0.5000000000000000
-0.5000000000000000 -0.4088478476386309 0.3672218315191508
-0.5000000000000000 -0.3561741117918267 0.4573652847235400
-0.5000000000000000 -0.3317006023451774 0.4501005590830595
-0.5000000000000000 -0.3710825778774188 0.4811715974130404
-0.5000000000000000 0.3414082976377721 0.0748248682840124
0.5000000000000000 -0.1937049507769600 -0.1697290833522350
0.5000000000000000 -0.1995593347414068 -0.1450435065414284
-0.0325627087612455 0.5000000000000000 0.4619832773773886
0.2192750859188710 0.5000000000000000 0.4058183655598120
0.0623640284468819 0.5000000000000000 0.3927498025335195
0.0541621162485579 0.5000000000000000 -0.4715387744023801
0.1278587474057249 0.5000000000000000 -0.4478865351671477
0.0572741205718487 0.5000000000000000 -0.4624486299727721
0.0088768175482786 0.5000000000000000 -0.4278822334502312
-0.0848718289394047 0.5000000000000000 0.4872069046368018
-0.0777669357091035 0.4545733614598760 0.5000000000000000
-0.0901904248667661 0.5000000000000000 0.4519784330395790
-0.0829415691155192 0.4622211007739255 0.5000000000000000
-0.0953907233091887 0.4563313489722845 0.5000000000000000
-0.5000000000000000 0.1179094075132827 0.0639231171996590
-0.5000000000000000 0.1048884885758837 -0.0761922695748654
-0.5000000000000000 0.1224555398393620 -0.0645414239357357
-0.5000000000000000 0.1481083149788094 0.0046341592090898
-0.5000000000000000 0.0576551630966159 0.0179189862243779
-0.5000000000000000 0.1367670809812102 -0.0471233320374001
-0.5000000000000000 0.1131534396499310 -0.0002582074551221
-0.5000000000000000 0.0956723678938147 -0.1726752705341510
0.1345307056301963 -0.5000000000000000 -0.1537321246691936
0.0086139071323460 -0.5000000000000000 -0.0091186471430760
0.0360167135747625 -0.5000000000000000 0.0449103135233741
0.1127323050908096 -0.5000000000000000 -0.0924050388211260
0.1260370792361040 -0.5000000000000000 -0.1061842733999260
0.2025786400416641 -0.5000000000000000 -0.1496294726478197
0.1326525420825519 -0.5000000000000000 -0.1310605016704521
0.1763107701920351 -0.5000000000000000 -0.1201772369399360
0.5000000000000000 -0.2946146010829396 0.1991103840519357
0.5000000000000000 -0.2829612785635847 0.1474563413391884
0.3939664275132001 0.5000000000000000 0.0333556271049221
0.4326655174129269 0.5000000000000000 0.0844106056377927
0.2848862234458940 0.5000000000000000 0.0354745018522741
0.3722707002369905 0.5000000000000000 0.0472119801963271
0.5000000000000000 0.4894954751971311 -0.0682404088545415
0.3399665165259809 0.5000000000000000 0.1121711997071640
0.4462726759783193 0.5000000000000000 -0.0069775163625033
-0.5000000000000000 0.1457931185095342 0.1456981188518532
-0.5000000000000000 0.1022252153132704 0.0773673825769492
-0.5000000000000000 0.1315413431513265 0.0850247295794915
-0.5000000000000000 -0.1397225259119995 -0.3842429121810129
-0.5000000000000000 -0.1450680084980255 -0.4934840497069226
0.5000000000000000 0.1506610616927362 -0.0607196168460256
0.5000000000000000 0.2224859527770100 -0.0194505221276725
-0.5000000000000000 -0.3753834340803581 0.0018783451420253
-0.5000000000000000 -0.4270225427588094 0.0421068728657355
-0.4341068190862376 -0.5000000000000000 -0.0289147761532813
-0.4491345730064599 -0.5000000000000000 0.0236550205833906
-0.5000000000000000 -0.4674776388233143 -0.0257768949344155
-0.5000000000000000 -0.4645606208575427 0.0116210857040248
-0.5000000000000000 -0.4506471529927897 -0.1367971179533591
-0.5000000000000000 -0.4599109337919478 -0.0423980256733080
-0.4290292199414469 -0.5000000000000000 -0.0959111571986493
-0.5000000000000000 -0.4736759109390927 -0.0460796827583658
-0.5000000000000000 -0.4457766654074822 -0.0266288237572606
-0.5000000000000000 -0.4290020401096378 0.0037190288921065
-0.5000000000000000 -0.4952194914395800 -0.1156680117057835
0.5000000000000000 0.0117231418984427 -0.3904236447395003
0.5000000000000000 0.0607907755000436 -0.2736834472922500
0.5000000000000000 0.4623465684627410 0.0519192532320319
-0.5000000000000000 0.2559429117355853 0.2459297274136855
-0.5000000000000000 0.2189678157765957 0.4521762007764170
0.5000000000000000 0.2350062040170825 0.4540199080518071
0.4652597838065096 0.2412597220677918 0.5000000000000000
0.4131355459741795 0.3111440531503432 0.5000000000000000
-0.5000000000000000 -0.4402850216789290 0.1165346127627877
-0.4571025890606903 -0.5000000000000000 0.1163677562787057
-0.5000000000000000 -0.4771171450671943 0.1139357187628940
-0.4381202749846308 -0.5000000000000000 0.2356334217431760
-0.5000000000000000 -0.4673171330833235 0.2039004290035145
-0.3658526744755239 -0.5000000000000000 0.0567616580149162
-0.5000000000000000 0.3116530582264390 -0.0688663646186465
-0.5000000000000000 0.3528903771997678 -0.1589343780465899
-0.0050049484839744 0.1091889476308629 -0.5000000000000000
0.0834305245940449 -0.0006083633274327 -0.5000000000000000
0.1760014844804183 -0.0365354365785608 -0.5000000000000000
0.2220909539671284 -0.2632812770710908 0.5000000000000000
0.2807452660198851 -0.2798285589090250 0.5000000000000000
0.2753822236145509 -0.2631221394426212 0.5000000000000000
0.3075076783321055 -0.3037818754626644 0.5000000000000000
-0.4327874189672448 0.5000000000000000 0.1211609503949570
0.5000000000000000 0.0714874885179156 -0.1447530479279281
0.5000000000000000 0.0876465752992894 -0.0975269855776875
0.5000000000000000 0.0510462665869798 -0.1243666889014129
0.5000000000000000 0.0565110502402269 -0.2438873099109042
0.5000000000000000 0.0327164567378856 -0.0637398683087306
0.2250368875968038 0.4943182657808800 0.5000000000000000
0.1671577349752100 0.4923858321892288 0.5000000000000000
0.2287072216417297 0.5000000000000000 -0.4788612891385897
-0.5000000000000000 0.1077345720292397 0.1723380667362105
-0.5000000000000000 0.0514610837245203 0.1165051221919937
-0.5000000000000000 0.0393650898324738 0.1490892006062427
-0.5000000000000000 0.0747006244914105 0.1276371821892968
0.5000000000000000 -0.2122335105657704 0.4185747891573909
-0.5000000000000000 -0.2100666916626108 -0.2385367227294991
-0.3217588089802195 -0.2125773200818671 -0.5000000000000000
-0.5000000000000000 -0.2109960195435165 -0.1782129316470335
-0.5000000000000000 -0.2576763670536965 -0.1934789837477661
-0.5000000000000000 -0.3609436254156320 -0.0004010219866781
-0.5000000000000000 -0.2320760517458518 -0.1547658129068836
-0.5000000000000000 -0.4173253555832769 -0.2313560065274586
-0.1676525341112884 -0.5000000000000000 -0.4725604018655039
-0.0823951047964835 -0.5000000000000000 -0.4215029680509241
-0.2045755631230337 -0.5000000000000000 -0.4883635085206884
-0.2242925024116713 -0.5000000000000000 -0.4190317388090086
0.0367346043153068 0.4279830190170619 -0.5000000000000000
-0.0064422943706860 0.4258936849509246 -0.5000000000000000
-0.0170654023757083 0.4335574786688354 -0.5000000000000000
0.0096724645741024 0.4344451876961679 -0.5000000000000000
0.3634302255001129 -0.4443155011628871 0.5000000000000000
0.3534711191846825 -0.3929334830475995 0.5000000000000000
-0.0353907654845931 0.2173725775351842 -0.5000000000000000
-0.0490413919468037 0.2324524209378153 -0.5000000000000000
-0.0207538805061389 0.2717286545437275 -0.5000000000000000
-0.0476231779121832 0.2566850826369194 -0.5000000000000000
-0.0419011125842987 0.2517459235167605 -0.5000000000000000
-0.0383756346231092 0.2544778185609842 -0.5000000000000000
-0.0569506853518923 0.2530043925744102 -0.5000000000000000
-0.5000000000000000 -0.2346381218257000 0.2016031430225007
-0.5000000000000000 -0.0473897083302460 0.1632264692665348
-0.5000000000000000 -0.1298128593890575 0.2001144897714579
-0.5000000000000000 -0.3165868589896287 -0.3395302355692043
-0.5000000000000000 -0.1565034777503146 -0.1941560115855496
-0.5000000000000000 -0.1576371139634467 -0.2996138518538241
-0.5000000000000000 -0.2994275909985359 -0.1915603281928184
-0.4141326117211017 -0.5000000000000000 -0.3685609640891102
-0.3912444866252661 -0.5000000000000000 -0.3841157981640897
-0.3883847384511327 -0.5000000000000000 -0.3218000947728737
0.5000000000000000 -0.2071884028825661 -0.2275666166970334
0.5000000000000000 -0.2123758890280352 -0.1641808610221899
0.5000000000000000 0.3722751589158611 -0.1593388342209978
0.5000000000000000 0.3065709885633566 -0.1384540249941558
0.5000000000000000 0.4268637431332103 -0.1339613238849181
0.5000000000000000 0.3704683129416799 -0.0829099329984760
0.5000000000000000 0.3434255443796147 -0.1966586213020291
0.5000000000000000 0.3937203310223588 -0.0394357280697550
-0.3762877211235063 0.5000000000000000 -0.1912709462024492
-0.4016329437785761 0.5000000000000000 -0.0341685827755420
-0.2781553129843693 0.5000000000000000 -0.1577520946326920
-0.4321970991595619 0.5000000000000000 -0.0422883453581815
0.4301700988972159 -0.5000000000000000 -0.3913696351220213
-0.1660565555631163 -0.3758582883634737 0.5000000000000000
-0.2493945647224557 -0.3398366188328752 0.5000000000000000
-0.2865002444017819 -0.3997070224197043 0.5000000000000000
-0.5000000000000000 -0.3587579297948705 0.0060219381956727
-0.5000000000000000 -0.3597516155852188 0.0118054391845783
-0.5000000000000000 -0.3657732630219375 0.0047462872228490
-0.5000000000000000 -0.3674450613292446 0.0063018226837992
-0.5000000000000000 -0.3632825839871745 0.0053068276463651
-0.5000000000000000 -0.3650788739267861 -0.0025044885255091
-0.3202675296320978 -0.5000000000000000 0.4683284583895371
-0.5000000000000000 0.2706223925084792 -0.0655438820572455
-0.5000000000000000 0.3235976167281588 -0.1574105937375668
-0.5000000000000000 0.1580987692885285 0.2068721110815187
0.5000000000000000 -0.2674632250931664 -0.4947784838702977
0.5000000000000000 -0.0417411595964585 -0.3932087076981302
0.3128013704798110 -0.0495338432550930 -0.5000000000000000
0.1218828458819362 -0.1841734555031924 -0.5000000000000000
0.2444411784209474 -0.2873471344574426 -0.5000000000000000
0.1468817217508012 -0.3048528600484466 -0.5000000000000000
0.0690873220955960 -0.2165433773829688 -0.5000000000000000
0.3998203220801866 0.1304827388068324 0.5000000000000000
0.5000000000000000 0.1894702754186708 0.2209455467353031
0.2307088622122330 0.1596800499045688 0.5000000000000000
0.1984225808137122 0.1393362592322751 0.5000000000000000
0.2355520663852464 0.0654724474754819 0.5000000000000000
0.1160174344778713 0.0131171813725536 0.5000000000000000
-0.3059175372187105 -0.1135436776230238 -0.4893172311741208
-0.5000000000000000 -0.3182012456165954 0.2973519553306492
-0.5000000000000000 -0.3133674894226743 0.2895583573352742
-0.5000000000000000 -0.3142823984333933 0.3043210223925795
-0.5000000000000000 -0.3226317666822783 0.2896768922010752
0.3309819762145354 -0.3282083523372983 0.5000000000000000
-0.5000000000000000 -0.3765494780948438 0.1026920371051763
-0.5000000000000000 -0.4121654627112702 0.0791942691529612
-0.5000000000000000 -0.3973047469517313 0.1271161725677279
0.3907725461864645 -0.3255583201510476 0.5000000000000000
0.3809407625215446 -0.3052110460344230 0.5000000000000000
0.3710879024303940 -0.3230197382344512 0.5000000000000000
0.5000000000000000 0.2938662359600792 -0.4393770744944082
0.5000000000000000 0.3145089743647878 -0.3436710838953476
0.5000000000000000 0.2977637905127901 -0.3396393343704757
0.5000000000000000 0.2888943094937469 -0.3636252559651434
0.5000000000000000 0.3015900908284829 -0.3623226275941542
0.5000000000000000 0.1921133899674757 -0.4410193098616216
0.4819145093814204 0.2244155988433786 -0.5000000000000000
-0.4941479820182199 0.3126789943071761 -0.3203668494390212
-0.3715672773285288 -0.5000000000000000 -0.0321171202263018
-0.2788029750773441 -0.5000000000000000 -0.0777796185288710
0.5000000000000000 -0.3733233385818762 -0.2131602035019760
0.5000000000000000 -0.4358151134680174 -0.1653509278667781
0.5000000000000000 -0.4533652895734981 -0.1179941238023379
-0.1543958008287943 -0.3877210678307478 0.5000000000000000
-0.2963113810936565 -0.4327205180318857 0.5000000000000000
-0.2882657525735024 -0.4103728973294485 0.5000000000000000
0.5000000000000000 -0.0958507400401761 0.1425594685559888
0.5000000000000000 -0.1015679795568140 -0.0699919990181336
0.5000000000000000 -0.1756400523425715 -0.1300050797198990
0.5000000000000000 -0.0620986458134051 -0.0498273181012990
0.5000000000000000 -0.1858015960419821 -0.0101773965420577
0.4266331426572453 -0.5000000000000000 -0.1676952639631084
0.5000000000000000 -0.3173942558235823 -0.1857002190229319
0.5000000000000000 -0.3688237753892942 -0.3489714372347480
0.5000000000000000 -0.3190688410422129 -0.2645118927309639
0.5000000000000000 -0.2375039913039299 -0.1677376807158713
0.0298423170062058 0.2898251133672703 0.5000000000000000
0.4476631087476271 0.5000000000000000 0.0994233135233697
0.5000000000000000 0.4168377809007369 0.0439844912367940
0.5000000000000000 0.4532894256569497 0.0815045572687070
0.5000000000000000 0.4513856261839429 0.0847175598861676
0.5000000000000000 0.4252420961814239 0.0962606117132452
0.4671552586076633 0.5000000000000000 0.0010426919010111
0.4380655710977176 0.1594555292997092 0.5000000000000000
0.4216196052776652 0.1747483812961787 0.5000000000000000
0.4186372768103578 0.1391527704097157 0.5000000000000000
-0.5000000000000000 -0.4201867284583891 -0.3969609868524682
-0.5000000000000000 -0.4275655691255907 -0.4604539907007313
-0.4042305435044903 -0.5000000000000000 -0.4814930640203622
-0.3684090716537203 -0.2793948428816031 -0.5000000000000000
-0.5000000000000000 -0.3441265750459480 -0.4115931756179270
-0.4662633987484071 -0.3473373509726033 -0.5000000000000000
-0.4796048535323909 -0.3703101145777663 -0.5000000000000000
-0.5000000000000000 -0.3186275539239473 -0.4442453961577188
-0.5000000000000000 -0.3940793311356045 -0.3312518746622181
-0.5000000000000000 -0.3635826334138444 -0.4297540311184661
-0.5000000000000000 -0.3120035169331070 -0.3951556979552867
-0.5000000000000000 -0.3566588038337794 -0.3994846852379513
-0.2719258731014808 0.1089520701450033 -0.5000000000000000
0.2806137250182312 0.4954693689661701 0.5000000000000000
0.3156436053356715 0.4239308479149454 0.5000000000000000
-0.1761739126162142 -0.5000000000000000 0.1402074686966227
-0.1014390053064593 -0.5000000000000000 0.2240663855272539
-0.3526047267877223 -0.5000000000000000 0.3295116431783482
-0.4183474703667696 -0.5000000000000000 0.3028492550224454
-0.5000000000000000 -0.2322611904404726 0.3481643740609924
-0.5000000000000000 -0.4288025206540678 0.2967442494996773
0.4218955121241755 -0.5000000000000000 0.0779921808697796
0.3652197779219913 -0.5000000000000000 0.0170679911099095
0.3866946644253204 -0.5000000000000000 0.0164359404205425
0.3342476840742745 -0.5000000000000000 0.0884717700512568
0.3765913439802671 -0.5000000000000000 0.0056575899131141
0.3906309262781777 -0.5000000000000000 0.0408668226278778
0.5000000000000000 -0.3693907767745055 0.2744257820687555
0.5000000000000000 -0.3463831028457509 0.3866931442319430
0.5000000000000000 -0.3218494192106954 0.3771942225285023
0.5000000000000000 -0.2412038682855875 0.2558353005708228
0.2596590221115718 0.5000000000000000 -0.1438734710393289
0.1417383871803758 0.5000000000000000 -0.0312608570074203
0.2307433444456691 0.5000000000000000 -0.0082777194336939
-0.0979145197006146 -0.0980486497083162 0.5000000000000000
-0.0751081247494552 -0.1912838754519795 0.5000000000000000
-0.1811061512926969 -0.0439147920839556 0.5000000000000000
-0.0724582419678322 -0.0441771733623388 0.5000000000000000
-0.1170441322766738 -0.0323628916948460 0.5000000000000000
0.1007562896496117 0.0054492841194411 0.5000000000000000
0.5000000000000000 -0.2681055549485084 -0.4970091607875141
0.5000000000000000 -0.2688631464600783 -0.4844435652346426
0.5000000000000000 -0.2828477465878098 -0.4924449513204878
0.5000000000000000 -0.2712673707221011 -0.4954418220878812
-0.5000000000000000 0.0715926745307486 -0.0874366489148125
-0.5000000000000000 0.0377918352359844 -0.1766853404081161
-0.5000000000000000 0.0702871997027427 -0.1083734679269174
-0.5000000000000000 0.0934472314762420 -0.1148984861589049
0.5000000000000000 -0.1911039627312521 0.1847636005426462
0.5000000000000000 -0.0758599855435254 0.2219535483306312
0.5000000000000000 -0.0898525213307688 0.1836285517008934
0.5000000000000000 -0.1480675512042483 0.2021202985284088
0.5000000000000000 -0.0881354395206572 0.1893211022454372
0.5000000000000000 -0.0568900000175371 0.2152626927438017
-0.0342153537983653 0.0673428978155437 0.5000000000000000
-0.5000000000000000 0.1683808821725736 -0.2069198714418765
-0.5000000000000000 0.1616134114304459 -0.1390251308082396
0.4691020992847896 0.1447435031631819 0.5000000000000000
-0.1001954628401580 -0.5000000000000000 0.2986157377524765
-0.0442840554831759 -0.5000000000000000 0.2843281212955688
-0.0621551157112392 -0.5000000000000000 0.2301356874139615
0.0768685419204370 -0.5000000000000000 0.2960264032816354
0.5000000000000000 0.0292397569203051 0.2553464554639930
-0.1761390579456078 -0.5000000000000000 0.3586885183183142
-0.1564460178363511 -0.5000000000000000 0.3407048403335451
-0.5000000000000000 0.2226831456063990 0.2344845985662590
-0.5000000000000000 0.2759685882947389 0.2534565400780535
-0.5000000000000000 0.2984270185260950 0.2694088882062571
-0.5000000000000000 0.2841874869239409 0.2241883888760963
-0.5000000000000000 0.3094546928680430 0.1431432444297665
0.5000000000000000 0.1197585174825666 -0.1719381245112274
0.5000000000000000 0.1557673679838928 -0.1635621861920613
0.4087359064141907 -0.5000000000000000 -0.1413015928253527
0.3671432321300845 -0.5000000000000000 -0.1394288755783372
0.4116882394127843 -0.5000000000000000 -0.1112213403524469
0.4282146843693809 -0.5000000000000000 -0.3083012180460629
0.5000000000000000 0.4993216063154007 -0.3018398233462176
0.4242901174012025 0.5000000000000000 -0.2782324120110935
0.5000000000000000 0.4933948021798986 -0.3003932220871183
0.5000000000000000 0.4731558910527850 -0.3008868279049990
0.4940400467172480 0.5000000000000000 -0.2619122489563356
-0.0980200217422335 -0.5000000000000000 0.4054601171888296
-0.0451992119622775 -0.5000000000000000 0.3182370831025865
-0.0538781445143638 -0.4545133749315441 0.5000000000000000
0.0698805765123829 -0.5000000000000000 0.3330018534258673
0.0521343593082766 -0.3020589393617973 0.5000000000000000
-0.1758416526567575 -0.4431092729356433 0.5000000000000000
-0.0667387682825915 -0.3195169032483011 0.5000000000000000
-0.5000000000000000 -0.2174842575541631 0.0155705939249873
-0.5000000000000000 -0.2323181315172225 -0.1222977413060687
-0.5000000000000000 -0.3012967275997803 0.0748681167928395
0.5000000000000000 0.1449645338744435 -0.1149088580383368
0.5000000000000000 0.1731688356206736 0.0083474375189578
0.5000000000000000 0.1849479879542076 -0.1048717405899938
0.3180153164326671 0.5000000000000000 0.3861802850805918
-0.5000000000000000 0.3075409484944692 -0.3663943323286032
-0.5000000000000000 0.2981068512904779 -0.2949994846235823
0.4432962147148723 -0.5000000000000000 -0.3903874862540230
0.0368943470411158 -0.5000000000000000 -0.4275746307723326
-0.5000000000000000 0.1620030682510758 0.2652460157596884
-0.5000000000000000 -0.0174081868751351 0.4401727393283451
-0.5000000000000000 0.1091988976734168 0.3871829047410352
-0.5000000000000000 0.0797782651300227 0.4380977740180639
-0.2880366310824572 -0.1100731448063504 -0.5000000000000000
-0.1879156022178219 -0.0448316647612522 -0.5000000000000000
-0.5000000000000000 0.1949963163185326 0.1980281255115506
-0.5000000000000000 0.3262903594625964 0.1365361536503015
-0.5000000000000000 0.3316409400783602 0.0848487073419631
-0.0621402140282002 0.1105351433644793 -0.5000000000000000
-0.0132422993178649 0.1561605641895757 -0.5000000000000000
0.0163858562488508 0.1334689566481801 -0.5000000000000000
0.1563260057405003 -0.5000000000000000 -0.2452716801412168
0.1566098477622639 -0.5000000000000000 -0.2102594169818355
0.3771169477242916 0.0202914535998554 0.5000000000000000
-0.5000000000000000 0.1838348176239107 0.1520939523644208
-0.5000000000000000 0.2406343472173927 -0.0243141014118476
-0.5000000000000000 0.1975497611907714 0.0188763210668194
-0.5000000000000000 0.1994241424531034 -0.0300137855183466
-0.5000000000000000 0.3151673276259268 0.0671904881711479
-0.5000000000000000 0.2112362125260237 0.4174356769355374
-0.5000000000000000 0.0665013674734064 0.2352268053404583
-0.1571226826216965 -0.1514865379982545 0.5000000000000000
-0.0752202188096118 -0.1920054248992084 0.5000000000000000
-0.1700170779773723 -0.2253495472917776 0.5000000000000000
0.0471478465734627 -0.2814667038855995 0.5000000000000000
-0.0877488027559365 -0.2189358669403450 0.5000000000000000
-0.0704950234977396 0.1555046640326478 -0.5000000000000000
-0.1112013402064421 0.1083633358503206 -0.5000000000000000
-0.0439320317877668 0.1739091171433634 -0.5000000000000000
-0.5000000000000000 0.0956089312184916 -0.1932801366089653
-0.1804663208538076 0.2235154202437628 -0.5000000000000000
0.5000000000000000 -0.0550042704472979 -0.3316527658403664
0.5000000000000000 -0.0667014281969870 -0.3084714710936493
0.5000000000000000 -0.1277716896941930 -0.2623540127325668
0.5000000000000000 -0.1513658574221048 -0.2095245217712489
0.5000000000000000 0.0061171001532023 -0.2685093933422198
0.5000000000000000 0.2418477473391530 0.0235544936159597
-0.3509016761352403 -0.5000000000000000 0.4048767160446421
0.3929281508861370 0.5000000000000000 0.2096245463963690
0.5000000000000000 0.4569519756543230 0.1932078014735492
0.5000000000000000 0.4025593427757492 0.2034897161652391
0.2786206388051237 0.5000000000000000 0.3755939765095784
0.2665862439294169 0.5000000000000000 0.4331426895117662
0.5000000000000000 0.3618389445879159 0.3450935187921623
0.5000000000000000 0.2157035806812244 -0.0498570436272635
0.5000000000000000 0.2294613354008266 0.0142197243485775
0.5000000000000000 0.2369049262408127 -0.0441827470856975
0.2200945645171025 0.5000000000000000 -0.2244870413068227
0.5000000000000000 0.3954630781667502 -0.3036222908776252
0.4957874987483467 0.5000000000000000 -0.2203106003456755
0.1358961947175602 -0.2597547707146797 0.5000000000000000
0.1772478172895125 -0.2996850976220740 0.5000000000000000
0.1597437771927116 -0.2119117727674297 0.5000000000000000
0.0780727359086476 -0.2846899220086295 0.5000000000000000
0.5000000000000000 -0.1419796241929381 0.3580450118762041
0.1562235260285098 0.5000000000000000 0.2871758582500884
0.3493813582696031 0.5000000000000000 0.1737975876873469
0.5000000000000000 0.2953049780015897 0.1533431200778760
0.3859393802699503 0.3568024378277292 0.5000000000000000
-0.0093971665724139 -0.5000000000000000 -0.3905120140662345
0.2286260892796361 0.5000000000000000 -0.3549084015711977
0.1723787175470770 0.5000000000000000 -0.4268408702422518
-0.2358434052148579 -0.5000000000000000 0.4363407786775141
-0.1476670230586426 -0.5000000000000000 0.3582873992483773
-0.3390343205557191 -0.5000000000000000 0.3609211901280832
-0.2955221849019862 -0.4646669249868702 0.5000000000000000
-0.2514895608162641 -0.5000000000000000 0.4439178007741201
-0.4071923703784358 -0.0157383619980065 0.5000000000000000
0.2292109487842305 0.0354193262411182 -0.5000000000000000
0.0969310293807966 0.0990249351435330 -0.5000000000000000
-0.5000000000000000 -0.0889142243669982 0.4165672353435366
-0.5000000000000000 -0.0165353768521531 0.1906810251748997
-0.5000000000000000 -0.1165376036744528 0.3526267114353218
-0.5000000000000000 -0.0769953601880113 0.2408938593074234
0.0653830676630537 0.1361663098370578 -0.5000000000000000
-0.2430821718751207 0.5000000000000000 0.2437342630275940
-0.2775093102423141 0.5000000000000000 0.2228665626366359
0.1880344167141369 0.5000000000000000 -0.2077598665256923
0.1937948537531846 0.5000000000000000 -0.2477890996002431
0.1954098690845542 0.5000000000000000 -0.2319082559859028
0.1731145137910829 0.5000000000000000 -0.3518207956011922
0.2117829988889098 0.5000000000000000 -0.1754883426964522
0.1539075492373368 0.5000000000000000 -0.2285557984317552
0.2388035111560007 0.3853937450927254 -0.5000000000000000
0.2738716826576575 0.3865494098908572 -0.5000000000000000
0.2886114763443232 0.3585846063333490 -0.5000000000000000
0.2536791793754696 0.4086672029104107 -0.5000000000000000
0.2761338264025638 0.3790516171745571 -0.5000000000000000
0.2528715730780975 0.3858333442106797 -0.5000000000000000
0.2530892334059807 0.3734851237104980 -0.5000000000000000
0.5000000000000000 -0.0429989039366280 0.3016616024567079
0.5000000000000000 -0.0410166566793524 0.3007181084308271
-0.2057017068850063 -0.0993816084377495 0.5000000000000000
-0.5000000000000000 -0.0300860983101262 0.0275905536362796
-0.5000000000000000 -0.0093182898159039 0.0377049324092495
-0.5000000000000000 -0.1130776949113508 0.4898191602904634
-0.5000000000000000 -0.1358513687353350 0.4912959521224176
-0.4947553677190528 -0.0995658101899353 0.5000000000000000
-0.5000000000000000 -0.1250411305646303 0.4675654067055209
0.5000000000000000 0.0554251434158658 0.4063839298807050
0.5000000000000000 0.1298816326879738 0.4378609871240997
0.5000000000000000 0.1184738323120078 0.3973337141469988
-0.5000000000000000 0.2189663076990054 0.4615039090192057
-0.0969661378305201 -0.4508553364766895 -0.5000000000000000
-0.0637211505216934 -0.4937017154568850 -0.5000000000000000
-0.1144357659805885 -0.4872953917096041 -0.5000000000000000
-0.2437564607271371 -0.2689488419261289 -0.5000000000000000
-0.3478178466685539 -0.2019768074862386 -0.5000000000000000
-0.3059147651862225 -0.1350331444362535 -0.5000000000000000
0.5000000000000000 0.3728670131941823 0.0282463961897075
0.5000000000000000 0.3740401411433149 0.0073523721355488
0.5000000000000000 0.3888235729713759 0.0088737210065410
0.3467120314193285 -0.5000000000000000 -0.3503584177329984
0.1736117422593057 -0.5000000000000000 -0.2699892889504025
0.0386244609438973 -0.5000000000000000 -0.2446483929117315
0.0724946812806158 -0.5000000000000000 -0.1823632860210564
0.0258209490684822 -0.5000000000000000 -0.3461430892144761
0.4759534468699461 0.0442821435540628 -0.5000000000000000
-0.0808010891655233 0.5000000000000000 0.1246962237351638
0.5000000000000000 -0.2178362984051282 -0.1186839717398229
0.5000000000000000 -0.2574319242175241 0.0186934821219485
-0.3186504584825783 0.4991320727250498 0.2181513356277245
-0.5000000000000000 0.4946233215129525 0.1816474962308728
0.0597540174890356 0.2963063247876023 -0.5000000000000000
0.1112774718268724 0.3945883385571312 -0.5000000000000000
0.1606296267994441 0.4542033742781372 -0.5000000000000000
0.0402507411620905 0.5000000000000000 -0.4943151345282208
-0.5000000000000000 -0.0796305501212487 -0.0938349683913822
-0.5000000000000000 -0.0410953367943492 0.0082804569710839
-0.5000000000000000 -0.1245824293454007 0.0487879019430747
-0.5000000000000000 -0.0357238279063814 0.1253259630551015
-0.5000000000000000 -0.1003953935774396 -0.0409862546691568
-0.5000000000000000 -0.1090583944404300 0.1392662613096660
-0.5000000000000000 -0.0364344623196032 -0.1879724691054028
-0.5000000000000000 -0.1851224674089530 -0.1579418683533673
-0.5000000000000000 -0.0508670870043602 -0.2462681420341429
-0.5000000000000000 0.0853649142992942 -0.1915991762691008
-0.5000000000000000 -0.0851573102357829 -0.1562106140608755
0.5000000000000000 0.0098466176693772 -0.4405972547923919
0.4790535225034726 0.0165683380314105 -0.5000000000000000
0.4326531224805646 0.0449108075144342 -0.5000000000000000
0.3626560573718794 -0.0174377746442566 -0.5000000000000000
0.5000000000000000 0.1302020671489699 -0.4724220625590604
0.5000000000000000 0.0182413846360152 -0.4709874231857016
0.4837933822177517 -0.0238855224971110 -0.5000000000000000
0.5000000000000000 0.0437933460453938 -0.3437940147695926
0.5000000000000000 0.0331839443150613 -0.4470958341878430
-0.5000000000000000 -0.0190521984325411 0.0181071523200904
-0.5000000000000000 0.0902965339491048 -0.1819708893583430
-0.5000000000000000 0.2336221843793602 -0.3280493038654963
-0.5000000000000000 0.2496156674738417 -0.3348322276143150
0.5000000000000000 -0.3409661442548734 0.0096174598027295
0.5000000000000000 -0.4627349394117984 -0.0520741878430135
0.4063208943185341 -0.0602364578997759 0.5000000000000000
0.2238152290933977 -0.1154222571299581 0.5000000000000000
0.2646639103788637 -0.0075641526913524 0.5000000000000000
0.5000000000000000 -0.1223166617260457 0.3523491878279546
0.1188337845814465 0.0064994029066550 0.5000000000000000
0.0388683342594779 -0.4276254649148926 -0.5000000000000000
-0.0541007183511165 -0.3333986507773825 -0.5000000000000000
-0.0043621366497141 -0.4833344295640772 -0.5000000000000000
-0.0882719693266696 -0.3380859625481396 -0.5000000000000000
-0.0459371198723089 -0.2922827296078416 -0.5000000000000000
-0.0285412042750138 -0.4226360634206037 -0.5000000000000000
-0.0851653920339800 0.5000000000000000 0.1940641714945028
-0.2334386891228341 0.5000000000000000 0.1276693952525731
0.4534051392158752 -0.5000000000000000 0.2097167598051517
0.5000000000000000 -0.4854373903867645 0.2007855967427666
0.5000000000000000 -0.4942357208027368 0.1749960543547631
0.4699900517549880 -0.5000000000000000 0.1941870744689022
0.0898831276217907 -0.5000000000000000 0.1819941847969181
0.0383544773137550 -0.5000000000000000 0.1652551504398809
0.1908523413074608 -0.5000000000000000 0.1820923937573459
0.2944218372449355 -0.5000000000000000 0.0115909816112759
0.0581273282564909 -0.1861541305025630 0.5000000000000000
0.3807961995488327 -0.5000000000000000 0.2854206705141938
0.5000000000000000 -0.3765823083179723 0.2281143495921568
0.5000000000000000 -0.4169333035692845 0.1818625199131697
0.5000000000000000 -0.4591234486361427 0.2729896444888062
0.2325340363232328 -0.3608889697670005 0.5000000000000000
0.0724877303614362 -0.2942048170705782 0.5000000000000000
0.3554726724995626 -0.5000000000000000 0.3671613673876870
0.5000000000000000 -0.3220857944916695 -0.0008748355846913
0.5000000000000000 -0.3704747593144197 -0.1426600981717118
0.5000000000000000 -0.2767777204577941 -0.2386186907899691
0.5000000000000000 -0.3948386533140423 -0.1032187599248290
0.5000000000000000 -0.3172579812975905 -0.3478813010690454
0.5000000000000000 -0.4564653942899777 -0.4355764363730145
0.5000000000000000 -0.3960986300175413 -0.4412082985345704
-0.0571440597505763 -0.5000000000000000 0.0738172375330054
-0.1173851568911453 -0.5000000000000000 0.0749058552673652
-0.1535645562437312 -0.5000000000000000 0.1206521587948665
-0.1837647963227081 -0.5000000000000000 0.1298172662087660
0.1960405955556205 0.5000000000000000 0.1619503124677728
0.2767709259321572 0.5000000000000000 0.0335816873974207
0.2838048066507806 0.5000000000000000 0.0293260141872968
0.5000000000000000 -0.2756555365574219 -0.2927562106693992
0.4146722842751566 -0.5000000000000000 -0.4028744546205588
-0.3474866719337758 0.2263450100312611 0.5000000000000000
0.4369779230424384 0.2565215436022957 0.5000000000000000
0.3830549807313350 0.3335506594159807 0.5000000000000000
-0.5000000000000000 -0.1548019857134086 -0.3492999204265477
0.2215121472310026 -0.0138751904094044 -0.5000000000000000
0.2009332948141532 -0.0451670039677040 -0.5000000000000000
0.2541790178804353 -0.0362770822494854 -0.5000000000000000
0.2360362585516509 -0.0153131211138687 -0.5000000000000000
-0.0943264288151114 0.5000000000000000 0.2058115534508495
0.5000000000000000 0.0665893574047211 -0.2554052373200709
0.0283061772329561 -0.1644088801734955 0.5000000000000000
-0.1320746526785157 -0.1157048808013201 0.5000000000000000
0.0673531373417306 -0.1709829604254072 0.5000000000000000
-0.5000000000000000 0.3414599008976312 0.4896614053747335
-0.4934979732913511 0.3322238445142643 0.5000000000000000
-0.5000000000000000 0.3398006441158122 0.4872089100625861
-0.5000000000000000 0.3521163725249280 0.4941735040438994
-0.4946431850575699 0.3399598106723232 0.5000000000000000
-0.5000000000000000 0.3461860053418967 0.4852019231584425
-0.5000000000000000 -0.1177504923715715 -0.3449541686004439
-0.5000000000000000 -0.1746012418172836 -0.2446862160199367
-0.5000000000000000 -0.1638169071274521 -0.3854714143020496
-0.5000000000000000 -0.1352254383925282 -0.3382806217054768
-0.5000000000000000 -0.1215969656447496 -0.3326142545405105
-0.3548985885839100 -0.0881011980703856 -0.5000000000000000
-0.4326960478221429 -0.0950990071914268 0.5000000000000000
-0.3684273440195745 -0.0314663329227909 0.5000000000000000
-0.2557937785350179 -0.0978825424384681 0.5000000000000000
0.1396915435004495 0.5000000000000000 -0.3149846783964838
-0.2170860382923834 0.1700052831304666 0.5000000000000000
-0.5000000000000000 0.2175118612348503 0.4634953709996409
-0.2096911569013934 0.0754180819150332 0.5000000000000000
-0.3032800262041871 0.1190332222117345 0.5000000000000000
-0.4352903023835162 0.1546372464747084 0.5000000000000000
0.5000000000000000 -0.3496855024462429 0.0356412685525588
0.5000000000000000 -0.2906014038496047 -0.0340244398399752
0.5000000000000000 -0.3151969951761802 0.0198513588759490
0.5000000000000000 0.2239137139184184 0.0977204915395002
0.5000000000000000 0.2800471578436378 0.1212714112146572
0.5000000000000000 0.0934409382722045 0.0305171548796033
0.4888636286599227 0.1243021958358172 -0.2631592511560642
-0.1137275958601713 0.5000000000000000 0.2073602150534292
-0.2557758664780500 0.5000000000000000 0.1395874741315352
0.5000000000000000 -0.2339905157215175 -0.2686985225371878
-0.3712567684040067 0.2990939896619039 0.5000000000000000
-0.4704607091380261 0.4051188999843668 0.5000000000000000
-0.3458509279504437 0.3681335185594809 0.5000000000000000
0.2684462614259829 -0.5000000000000000 0.2622178121236998
0.1780371030012217 -0.5000000000000000 0.2662448855153953
0.2377741290348788 -0.5000000000000000 0.2580684117744336
0.3915207929484317 -0.5000000000000000 -0.3794751650188564
0.0218949760746645 -0.5000000000000000 -0.3796719043381929
0.5000000000000000 0.1901547228160268 -0.4053492663426989
0.4056305625481729 0.0935283695193946 -0.5000000000000000
0.5000000000000000 0.1541765874428208 -0.4654387307872585
0.5000000000000000 0.0766304686112669 -0.2984624037228319
0.5000000000000000 0.0953580196744254 -0.4034734891040802
0.4778688046485840 0.2149821921503559 -0.5000000000000000
-0.2148686082236411 0.5000000000000000 0.1040318212302953
0.2995794464971849 -0.1826288371123622 -0.5000000000000000
0.3148312918329563 -0.0663773576397561 -0.5000000000000000
0.3772901669622132 -0.2997443723853387 -0.5000000000000000
0.2800217627200152 -0.3211103115606041 -0.5000000000000000
-0.5000000000000000 -0.3218041732061374 0.1448952050534697
-0.5000000000000000 -0.3253636786700384 0.1188295231347132
-0.5000000000000000 -0.3401620715372167 0.1418432884699535
-0.0711036230863514 -0.1916400280784303 0.5000000000000000
-0.0757166248236449 -0.1913813290589530 0.5000000000000000
-0.5000000000000000 -0.0343904664610761 -0.3623324156964952
0.3938180825023160 0.2273804460846362 0.5000000000000000
0.3433417907173897 0.3208070113405116 0.5000000000000000
-0.2761573662908315 0.2244433960655064 0.5000000000000000
-0.5000000000000000 0.2203048868373515 0.4652041717634968
-0.3336863651807275 0.1965330868666460 0.5000000000000000
-0.4202143636083447 0.2036553657244308 0.5000000000000000
-0.2367095570833951 0.2986945140065263 0.5000000000000000
-0.5000000000000000 0.2251195298065548 0.4531395731248602
-0.5000000000000000 0.4220409749379738 0.2510368362964454
0.5000000000000000 -0.2840651593190940 0.0835951406887502
0.5000000000000000 -0.0298763039549688 0.0397803685748787
0.5000000000000000 -0.1910123106453482 0.0775911325080265
0.2983944949412463 -0.5000000000000000 -0.0473265307838748
0.3570394330353333 -0.5000000000000000 -0.1135950594082168
-0.4061018441150812 0.5000000000000000 -0.2710605835334139
-0.4027478008631947 -0.5000000000000000 0.0249009219304366
-0.4038184609334594 -0.5000000000000000 0.1367537280998223
-0.1188687087178804 -0.5000000000000000 0.3366385205690250
-0.5000000000000000 -0.1988932878989066 -0.1471251182946368
-0.5000000000000000 -0.2526639635054816 -0.1555728660385209
-0.5000000000000000 0.3751439783114541 -0.2085271049143047
-0.5000000000000000 0.4057162034526522 -0.2334931172870628
-0.3022639377853655 0.0949027925652525 -0.5000000000000000
-0.1918902845525697 0.0793708905297409 -0.5000000000000000
-0.5000000000000000 0.1921037594487769 -0.1984573201685994
-0.3098807134536214 0.2601387329209534 -0.5000000000000000
-0.5000000000000000 0.1007308498944239 -0.1959133085197285
-0.5000000000000000 0.1682126218931436 -0.3151677075994014
-0.2497933033920599 0.2561147986004507 -0.5000000000000000
-0.5000000000000000 0.2844524313477874 -0.2797127588476567
0.2837898104303944 -0.3264781670807317 -0.5000000000000000
0.1663381737439436 -0.3530093547689971 -0.5000000000000000
-0.5000000000000000 -0.3014631260388709 0.0948408690207925
-0.5000000000000000 -0.2002942860639637 0.2818892737918230
-0.5000000000000000 -0.2246439576612069 0.3336668439745357
-0.5000000000000000 -0.2871504373663680 0.2104311794171193
-0.2024529459782279 -0.0402264589222590 0.5000000000000000
-0.2675755209594022 -0.0297302544653825 0.5000000000000000
-0.1961473148080798 -0.0594429234725481 0.5000000000000000
-0.2699351250697805 -0.0052435608545707 -0.5000000000000000
0.5000000000000000 -0.4727185941130869 0.3457705705148222
0.2746650321042833 -0.3607625453371203 0.5000000000000000
0.3299013925012841 -0.5000000000000000 0.4413398981005441
0.5000000000000000 -0.4369846298459489 0.4095515606364040
0.5000000000000000 -0.3280806802761596 0.4073132656098993
-0.5000000000000000 -0.2957512507833575 0.0822657506798895
-0.5000000000000000 -0.3034153050056488 0.0845998138776033
-0.5000000000000000 -0.2857586208916771 0.0946907521990144
-0.5000000000000000 -0.0209913368453844 0.1368081594970859
0.0703095329434265 -0.3790604830240477 -0.5000000000000000
0.0893747334290774 -0.4754441277180996 -0.5000000000000000
0.5000000000000000 -0.0246067797421944 -0.0081720023878184
0.5000000000000000 0.2163061441003462 0.4417939167280149
0.4655032397729576 0.2097930189830460 0.5000000000000000
-0.0052609715597637 -0.5000000000000000 0.1533986352316531
-0.0897963007552659 -0.5000000000000000 0.2303695826170023
-0.1126149673231585 -0.5000000000000000 0.2714365622222872
-0.0822022713965966 -0.5000000000000000 0.2062351514980826
0.0873541541231326 -0.1727556646186627 0.5000000000000000
0.5000000000000000 0.1034745207794811 0.2365295195566228
0.5000000000000000 0.1945980500554627 0.2837851555484239
0.1329019807250472 -0.5000000000000000 -0.0365069698690206
0.1632187059843864 -0.5000000000000000 -0.0778289911570585
0.3404643553798443 -0.5000000000000000 -0.1824428167632818
0.2315706405924740 -0.5000000000000000 -0.0499638581282764
0.2920109524535291 -0.5000000000000000 -0.1121511616236217
0.3712455258431820 0.2203385078522059 0.5000000000000000
0.0425368900338036 0.2914289373395078 0.5000000000000000
0.3251342192808283 0.3173878919050721 0.5000000000000000
0.5000000000000000 0.1382890573058524 -0.2656983489354497
0.5000000000000000 0.1365450708024638 -0.2813226097513141
0.5000000000000000 0.1425957948319501 -0.3905019398424449
0.5000000000000000 0.0993536351351307 -0.2688600190123391
0.5000000000000000 0.1122934078650263 -0.2913809426303210
-0.0830163676920708 0.4473854146236458 0.5000000000000000
-0.0732482987914558 0.4520614466832952 0.5000000000000000
-0.0565230310223451 0.4221134210485951 0.5000000000000000
-0.1433339559433049 0.1514744317159967 0.5000000000000000
-0.0606641826112863 -0.0138795392171206 0.5000000000000000
-0.1435907012421615 0.0586102281218769 0.5000000000000000
-0.1065330485948801 0.0000917632101541 0.5000000000000000
0.1041997737637695 0.0113444555394035 0.5000000000000000
-0.5000000000000000 -0.4658800508184146 0.0510605112129877
-0.5000000000000000 -0.1785228668558933 0.2958193952312756
-0.5000000000000000 -0.1536972037840165 0.3436841428928108
-0.5000000000000000 -0.1481110528084534 0.2809657375065570
0.5000000000000000 -0.2299776022629386 -0.1991052869438895
-0.5000000000000000 -0.0531798498846820 0.3408209506571529
-0.4310775625324813 -0.1461993737936713 0.5000000000000000
-0.4439755938852421 -0.1760815734253802 0.5000000000000000
-0.5000000000000000 -0.0744244695351778 0.4873965299768211
-0.5000000000000000 -0.0907320162143794 0.4631177125903441
0.0857749576073441 -0.1968568780540451 0.5000000000000000
0.0506621829255690 -0.1800443469287539 0.5000000000000000
0.0305038893003744 -0.1360778601074012 0.5000000000000000
0.1076563350032208 -0.1738893115375330 0.5000000000000000
0.0689627063567764 -0.2598966100292619 0.5000000000000000
0.1027259720418307 -0.0360136872323679 0.5000000000000000
-0.2750823877450806 -0.0846611336962977 -0.5000000000000000
-0.2794847958837254 -0.1176640064505137 -0.5000000000000000
-0.5000000000000000 -0.2127153085590033 0.3462186579602862
0.5000000000000000 -0.3132265102958376 0.3354352878148227
0.5000000000000000 -0.2256769099762735 0.2230011071909105
-0.5000000000000000 -0.2809446011697325 -0.4938614757420043
-0.0107947746494009 0.2832158347188746 0.5000000000000000
-0.5000000000000000 0.2140287157258373 0.4604450990022068
-0.5000000000000000 0.2060886607433155 0.4656255116530340
-0.5000000000000000 0.2336746461357400 0.4524596765056175
0.1503408823253979 0.5000000000000000 -0.4210090262154491
-0.0250421837188335 0.5000000000000000 -0.2549257684804362
0.5000000000000000 -0.2031438131606278 0.2240141277999895
-0.2413003980810208 0.5000000000000000 -0.3126410626769700
0.0872940803192890 0.5000000000000000 -0.4130245777490769
-0.2791708930171259 0.5000000000000000 -0.3078469601910973
-0.2041669981928576 0.5000000000000000 -0.2842133517865352
0.5000000000000000 -0.4733074186668623 -0.1109168508895202
0.3305290669882337 -0.5000000000000000 -0.0218147681671675
0.5000000000000000 -0.4242674780753614 0.1701506869661364
-0.3495718540850959 -0.5000000000000000 0.3348625130990027
-0.5000000000000000 -0.2207961530982021 0.3634689122669031
-0.3822871193139158 -0.3037892756557815 0.5000000000000000
0.0460331816386390 -0.3148822889401475 -0.5000000000000000
-0.5000000000000000 -0.4349982897997360 -0.2277221987951106
0.0364474529760325 -0.5000000000000000 -0.0734448689711158
-0.2304836804362589 0.2717086321336200 -0.5000000000000000
-0.5000000000000000 0.2385324756951553 -0.0984863670276769
-0.5000000000000000 0.3679939023871185 -0.0552690232663335
-0.5000000000000000 0.3221332488802193 -0.0232574739725204
-0.5000000000000000 -0.0146236171810606 0.2248982904324518
-0.5000000000000000 -0.0181091929572683 0.2671898036806278
-0.5000000000000000 -0.0185529191704786 0.3049501226543972
-0.5000000000000000 -0.0652029724081764 0.3044962179430291
-0.5000000000000000 -0.0362412512368093 0.2501655631485957
0.3655832195272919 0.1389092675269112 -0.5000000000000000
0.4232283278649187 0.2495175586238736 -0.5000000000000000
0.5000000000000000 0.1593860049035874 -0.4734831786081411
0.4650660899935591 0.2234196217684119 -0.5000000000000000
0.0058890759347085 -0.5000000000000000 -0.4669737290476475
-0.0062966547975185 0.2131936393035553 -0.5000000000000000
-0.2943897205510764 0.5000000000000000 0.4049853591109176
-0.3438316913459604 0.5000000000000000 0.3386474583381456
-0.5000000000000000 0.4354368971629028 0.3743758334257259
-0.1366937605276923 0.5000000000000000 0.2343657614834362
-0.4558048431373561 0.4696247060646366 0.5000000000000000
-0.1393628095509588 0.5000000000000000 0.3767632309334246
0.0876757873169843 0.4978601278418747 0.3309495873366927
-0.2087293804665825 0.0095069072003359 0.5000000000000000
-0.1490532512028726 -0.0271651154270655 0.5000000000000000
-0.3416413389030062 -0.5000000000000000 0.3516614260933032
-0.3513837233702379 -0.5000000000000000 0.3182209101362978
-0.1880667278596481 0.0150822858206843 -0.5000000000000000
0.0030188115465999 -0.0987313242984692 -0.4983396467721660
-0.3230852696846429 0.0080741784206667 0.5000000000000000
-0.3818604999254483 0.0214911070213159 0.5000000000000000
-0.4361697803608132 0.0079510605080829 0.5000000000000000
-0.3921183854172817 0.0036462827926634 0.5000000000000000
-0.4440645643605852 0.0612318340477281 0.5000000000000000
0.5000000000000000 0.4181018638496738 -0.2140466542909708
0.5000000000000000 0.3526618965503140 -0.2888648390749512
-0.3144766306164119 -0.5000000000000000 -0.1614972935327357
-0.2483967797078292 -0.5000000000000000 -0.1231544319826781
0.5000000000000000 -0.4575186967027874 0.2477058619547047
0.2548396004958248 -0.3385350291115210 0.5000000000000000
0.0889207388884758 -0.2931235693801861 0.5000000000000000
0.5000000000000000 -0.3127423554987247 0.4031268327697081
0.5000000000000000 -0.1526289530420995 0.3593421551551810
-0.1030794179445524 0.5000000000000000 0.2208507538101236
-0.3424306461588776 0.4576770158836519 0.5000000000000000
-0.2038249342997644 0.3328996406702209 0.5000000000000000
-0.2049007186276769 0.3856904199591504 0.5000000000000000
-0.3751972934465102 -0.5000000000000000 -0.1039224518858862
-0.2855844538309413 -0.5000000000000000 -0.1035601410203129
-0.0997141342481804 -0.5000000000000000 -0.3394678000342859
-0.3706050690804178 -0.5000000000000000 -0.2149489929727163
0.1615853975899820 0.4555012797137441 -0.5000000000000000
0.5000000000000000 0.2662654101130147 -0.1809126195317485
0.5000000000000000 0.3140938259810127 -0.2437213640669305
-0.5000000000000000 0.0935936319597585 -0.1830254565962880
0.5000000000000000 0.4802630356263402 -0.1111148387476549
0.5000000000000000 0.4500684133320015 -0.0495643018504229
-0.5000000000000000 -0.1854904753297257 0.3676232355939695
0.0436209249621803 0.5000000000000000 0.3025507343080325
-0.5000000000000000 0.2900615388043462 -0.1674527246915020
-0.5000000000000000 0.1898129424847925 -0.1201021706195616
-0.5000000000000000 -0.1113775724204315 -0.1119851856203168
0.2079621664348350 -0.1627173375875051 0.5000000000000000
0.5000000000000000 -0.2148527244029651 0.2012500898498890
0.5000000000000000 -0.2550695293194221 0.2987517117449403
0.5000000000000000 -0.1595051552209229 0.3156445039453812
0.5000000000000000 -0.1985671115424434 0.2088600505095759
0.5000000000000000 -0.2212113935443598 0.2101168463266848
-0.5000000000000000 0.4679809669432722 0.2695903431543930
-0.4148753405097321 -0.5000000000000000 0.2914655829367663
0.0618101123034571 -0.2918338850880101 0.5000000000000000
0.4223011716259994 -0.3884652142086241 -0.5000000000000000
0.4284664161753612 -0.5000000000000000 -0.3587440937694936
0.3643036309571487 -0.5000000000000000 -0.3456609888610780
0.4780028029770085 -0.5000000000000000 -0.4355114690210997
0.4612269355678295 -0.4987887941494760 -0.5000000000000000
0.3863500724980251 -0.4472602831568492 -0.5000000000000000
0.5000000000000000 -0.0228582340114625 0.0588859487699330
0.1103703000353427 0.0062261753271680 0.5000000000000000
0.5000000000000000 0.3528925510643982 0.1067323785136211
0.5000000000000000 0.2296229492632548 0.2682666666142445
0.5000000000000000 0.3399750836631391 0.2737084680809864
0.5000000000000000 -0.2066363189930923 -0.1172343010015043
0.5000000000000000 -0.2423800934151660 0.0372867407304884
-0.0486848444721588 0.5000000000000000 0.1801787038171926
0.3020159033889888 -0.3429976690173507 0.5000000000000000
0.5000000000000000 0.1994357657191194 -0.1507589217838630
-0.2519492027095116 -0.3078197412490818 0.5000000000000000
-0.2343121460479524 -0.1724461206824521 0.5000000000000000
0.5000000000000000 0.3617750703057768 0.1027426126031081
0.5000000000000000 0.3505873275895470 0.2601503227600901
0.2989080360788227 -0.0468126552944015 -0.5000000000000000
0.3809165852370865 -0.3442840534918650 -0.5000000000000000
-0.5000000000000000 -0.0465986798978283 -0.3143555580399045
-0.5000000000000000 -0.0283128600467775 -0.3514583810766775
-0.5000000000000000 0.0895516420087199 -0.1955524940773476
-0.3001815899732443 -0.0599725284189606 -0.5000000000000000
-0.5000000000000000 0.0659244912610935 -0.3524189883960099
0.2621915622947500 -0.3763622290681004 -0.5000000000000000
0.0925851013852812 -0.3309288547587008 -0.5000000000000000
0.1449921161733655 -0.4175146554807561 -0.5000000000000000
-0.5000000000000000 0.4395373311078597 0.2817407980831189
-0.5000000000000000 0.4057334602883859 0.1973772385788704
-0.5000000000000000 0.4685113063079491 0.2753098479659563
-0.5000000000000000 0.3582051169404633 0.1104967380841496
-0.1044196573717613 -0.0650773436748995 0.5000000000000000
-0.0917198226808917 0.5000000000000000 0.2148387935027175
0.1181421977256477 0.5000000000000000 0.3480909789319576
0.4967807765740090 0.2230451563191524 0.4107220445519632
-0.5000000000000000 0.3881582524550280 -0.1285019141938641
-0.5000000000000000 0.3518884647075589 -0.1027789455098162
-0.5000000000000000 0.2923377355558704 -0.2748151425573503
-0.5000000000000000 0.4826463492777366 -0.4153961973055695
-0.5000000000000000 0.4249855412111976 -0.1176892611463927
-0.3339871877171298 0.5000000000000000 -0.4528115918374862
-0.2440706680180552 0.2784725100314627 -0.5000000000000000
0.5000000000000000 -0.3181020700353362 0.4167141589505275
0.3150497377318255 -0.4012690354336034 -0.5000000000000000
0.2670851380751706 -0.4665425587123074 -0.5000000000000000
-0.3061582094577724 0.2685361322918742 -0.5000000000000000
-0.2870840512093750 -0.3212880783137230 0.5000000000000000
-0.3203373988079234 -0.3883878294520997 0.5000000000000000
-0.2816967807905213 -0.2099037694591292 0.5000000000000000
0.5000000000000000 -0.4490022748408168 0.1719003166642950
-0.1637968706756883 -0.2887610589388478 0.5000000000000000
0.5000000000000000 0.0537519986943844 0.2432538647025710
0.5000000000000000 0.1693806589111159 0.2939406087043252
0.5000000000000000 -0.2177836829521431 -0.1299440338738567
0.3560168661043084 0.2111637592272182 0.5000000000000000
0.0368150449285880 0.2857187849109782 0.5000000000000000
-0.5000000000000000 0.3985882123271409 0.0447138919339924
-0.5000000000000000 0.4348273525486085 -0.0450715554116933
-0.5000000000000000 0.3542770327780726 0.0589513175986236
-0.2692025405405073 -0.4877743314257844 -0.0900884874721333
-0.0510667011342659 -0.5000000000000000 -0.3473316792603881
-0.3232050840773063 -0.5000000000000000 0.0079455964672573
0.4614739999992784 0.5000000000000000 -0.0498927130141216
0.5000000000000000 0.4982091592650066 -0.2028183111878969
0.1610417078244886 0.4545293350834242 -0.5000000000000000
-0.2655927346687865 0.5000000000000000 0.1490532633379136
-0.5000000000000000 0.3367603454048771 0.0762343503968806
0.0005738894357990 0.2888274027592600 0.5000000000000000
-0.1454649501967764 -0.0555595756597054 0.5000000000000000
-0.3497264089187747 -0.3507552350667714 -0.4998113836277055
-0.2883360463886529 -0.4497722662653973 0.5000000000000000
-0.5000000000000000 -0.4405716952078860 0.2785883790883203
-0.5000000000000000 0.0984296439188521 -0.1879540261073314
-0.3239888419314085 0.4997038656468093 0.2374903296383974
-0.0122514999438300 -0.5000000000000000 -0.3756560431416979
0.4696215001824358 0.5000000000000000 -0.0248490604858252
0.5000000000000000 0.0178642923639644 0.2866241156891641
0.5000000000000000 0.0287538771939202 0.1798768821311322
0.1167587544248657 0.0091109385026074 0.5000000000000000
-0.1833682366031115 0.3298411682447753 0.5000000000000000
-0.2015819565988624 -0.5000000000000000 -0.1216493406438686
0.0209325186799687 0.3039421322619791 0.5000000000000000
-0.2907743095700825 -0.5000000000000000 -0.0295284905547922
-0.2551435288105844 -0.5000000000000000 -0.0902416603510340
-0.2611666696161523 0.5000000000000000 0.1350111653906445
0.1093055027480116 0.0079372042116199 0.5000000000000000
-0.3123546947877461 -0.5000000000000000 0.0376432018998570
0.0231005817813034 0.5000000000000000 -0.4780675021037140
-0.2455079278754584 0.5000000000000000 0.1147022605922476
0.0542999021016565 -0.5000000000000000 -0.1340643434431811
-0.0685878933982709 -0.5000000000000000 -0.0163069370185012
-0.1307760458365999 -0.5000000000000000 -0.0829397322979705
0.5000000000000000 -0.3757839371029609 0.1556745977034230
0.5000000000000000 0.1136829457028022 0.3157882562236505
0.0473585301436536 -0.2971906564911811 -0.5000000000000000
0.0402931467246632 -0.3666008485182286 -0.5000000000000000
-0.0845996475218613 -0.5000000000000000 -0.2861180693471979
0.1438259336083907 -0.4910792560910747 -0.5000000000000000
-0.5000000000000000 0.3404558181391283 0.0683233193162871
0.4767343514854003 0.2214789959181684 -0.5000000000000000
0.5000000000000000 0.3364016767911816 0.3656304837611576
0.0908425467472217 0.0759090952894646 0.5000000000000000
-0.0591043561793640 0.3100869724248764 0.5000000000000000
0.5000000000000000 -0.0400151620793363 -0.0062589826580709
-0.4958391361716998 -0.5000000000000000 -0.2100052017777805
-0.2476331833376935 0.2636844326855430 -0.5000000000000000
-0.5000000000000000 0.2876452728881726 -0.2803367152165179
0 8
0 210
0 589
0 211
0 212
0 126
0 160
0 161
0 213
0 214
0 215
0 207
216 23
218 88
219 188
1 37
1 50
1 69
1 75
1 92
1 95
1 103
1 117
1 220
1 134
1 140
1 221
1 222
1 178
1 195
1 223
2 12
2 24
2 46
2 84
2 87
2 224
2 90
2 92
2 1130
2 153
2 225
2 226
2 157
2 174
2 178
2 185
227 8
228 161
230 67
231 153
232 171
3 12
3 13
3 233
3 20
3 234
3 66
3 69
3 235
3 236
3 237
3 157
3 178
3 238
3 185
3 239
3 195
3 240
3 209
4 241
4 38
4 39
4 242
4 65
4 80
4 243
4 244
4 245
4 102
4 246
4 118
4 247
4 248
4 249
4 250
4 251
4 196
5 11
5 17
5 22
5 45
5 52
5 76
5 86
5 252
5 107
5 253
5 115
5 125
5 127
5 148
5 159
5 168
5 187
5 202
5 204
254 30
255 44
256 150
257 164
258 191
259 133
260 140
261 21
262 74
6 263
6 7
6 264
6 265
6 27
6 57
6 58
6 71
6 72
6 266
6 89
6 100
6 131
6 132
6 267
6 268
6 269
6 193
6 201
270 71
271 89
7 27
7 57
7 71
7 80
7 272
7 89
7 100
7 273
7 274
7 275
7 196
8 276
8 589
8 277
8 278
8 279
8 280
8 281
8 282
8 161
8 283
8 284
8 285
8 286
287 15
288 42
289 131
290 162
9 291
9 292
9 293
9 294
9 66
9 295
9 296
9 297
9 298
9 299
9 300
9 209
10 25
10 30
10 37
10 40
10 301
10 69
10 97
10 106
10 114
10 117
10 151
10 177
10 180
10 184
10 302
11 14
11 17
11 22
11 59
11 303
11 110
11 115
11 144
11 164
11 168
11 179
11 187
11 194
11 202
304 133
305 58
306 72
307 78
308 131
309 132
310 201
12 20
12 311
12 312
12 140
12 1130
12 313
12 157
12 178
12 185
12 314
13 315
13 40
13 69
13 316
13 157
13 1216
13 176
13 189
13 317
13 195
13 209
318 133
319 173
320 26
321 55
322 85
323 88
324 99
325 112
326 188
327 40
328 66
329 176
330 189
331 195
332 209
333 61
334 19
335 30
336 44
337 65
14 29
14 338
14 339
14 129
14 169
14 179
14 1241
14 340
14 187
14 194
14 341
14 342
14 202
14 208
343 15
344 141
345 18
346 70
347 175
348 86
349 131
350 69
351 97
352 154
353 157
354 174
355 199
356 70
357 175
358 150
15 359
15 360
15 42
15 361
15 229
15 67
15 362
15 363
15 364
15 94
15 101
15 365
15 141
15 162
15 366
367 42
368 229
369 67
370 189
16 40
16 371
16 372
16 373
16 374
16 82
16 375
16 177
16 189
16 376
16 377
378 85
379 99
380 161
381 39
382 190
383 44
384 77
385 96
386 152
17 38
17 45
17 59
17 76
17 115
17 144
17 159
17 164
17 168
17 181
17 202
17 204
18 387
18 49
18 70
18 388
18 389
18 390
18 125
18 391
18 392
18 393
18 394
18 395
18 166
18 175
18 396
18 397
18 398
18 399
400 203
19 35
19 44
19 51
19 65
19 77
19 401
19 152
19 402
19 204
403 20
404 66
405 185
406 78
407 141
408 172
409 186
20 410
20 411
20 412
20 140
20 1130
20 185
20 413
20 414
21 415
21 416
21 417
21 418
21 63
21 74
21 81
21 419
21 142
21 420
21 167
21 421
21 422
21 182
22 59
22 423
22 424
22 425
22 115
22 426
22 427
22 150
22 428
22 429
22 187
22 430
23 68
23 217
23 88
23 96
23 105
23 431
23 139
23 146
23 188
23 432
24 433
24 46
24 434
24 435
24 436
24 437
24 1130
24 153
24 157
24 438
24 171
24 174
24 439
24 199
440 61
441 74
442 167
443 93
444 570
25 30
25 37
25 43
25 445
25 446
25 75
25 91
25 92
25 97
25 108
25 114
25 154
25 180
26 29
26 447
26 448
26 449
26 450
26 451
26 452
26 453
26 454
26 138
26 455
26 456
26 169
26 457
26 1241
26 458
26 197
26 459
27 30
27 34
27 36
27 43
27 57
27 65
27 71
27 80
27 460
27 91
27 100
27 108
27 956
27 116
27 136
27 461
27 181
27 196
27 200
462 46
28 34
28 36
28 48
28 463
28 61
28 75
28 90
28 103
28 104
28 464
28 130
28 135
28 136
28 167
28 183
28 203
465 1216
466 176
467 209
29 468
29 469
29 470
29 129
29 471
29 169
29 472
29 473
29 208
474 128
475 160
476 58
477 71
478 89
479 68
480 139
481 146
482 163
483 183
30 43
30 44
30 484
30 485
30 65
30 91
30 97
30 106
30 108
30 114
30 956
30 486
30 487
30 488
30 206
489 66
490 185
491 141
492 61
493 74
494 130
495 167
31 48
31 54
31 57
31 84
31 98
31 101
31 104
31 131
31 136
31 162
31 172
31 186
31 193
31 200
31 201
496 139
32 33
32 497
32 39
32 47
32 498
32 79
32 83
32 93
32 499
32 570
32 145
32 149
32 155
32 1136
32 1251
33 500
33 501
33 39
33 41
33 47
33 56
33 83
33 502
33 110
33 503
33 145
33 149
33 179
33 1251
33 197
504 83
505 191
506 1251
507 197
508 78
509 126
510 161
511 186
512 112
513 163
514 58
515 64
516 78
517 126
518 132
519 201
520 207
34 36
34 43
34 48
34 57
34 61
34 75
34 108
34 116
34 130
34 135
34 136
34 158
34 181
34 193
521 111
522 130
523 158
524 47
525 79
526 93
527 197
528 47
529 1251
530 197
35 38
35 44
35 45
35 51
35 65
35 531
35 118
35 159
35 532
35 181
35 204
533 87
534 154
535 171
536 174
537 192
538 199
539 161
540 183
541 186
542 203
36 48
36 57
36 63
36 71
36 74
36 81
36 116
36 124
36 130
36 142
36 147
36 156
36 158
36 167
36 193
36 196
37 43
37 60
37 69
37 75
37 92
37 95
37 97
37 108
37 113
37 117
37 134
37 135
37 178
37 180
37 195
543 150
544 55
545 166
546 175
547 56
548 129
549 138
550 169
551 179
552 197
553 70
554 128
555 160
556 61
38 45
38 557
38 65
38 80
38 558
38 102
38 118
38 144
38 559
38 159
38 164
38 181
38 196
39 41
39 83
39 89
39 102
39 110
39 560
39 147
39 149
39 561
39 562
39 1136
39 165
39 190
39 563
39 196
40 564
40 69
40 97
40 565
40 566
40 117
40 567
40 176
40 568
40 177
40 184
40 189
40 195
40 569
571 49
572 111
573 125
574 208
575 163
41 56
41 110
41 122
41 124
41 129
41 144
41 145
41 149
41 156
41 165
41 179
41 194
576 129
577 169
578 208
579 112
580 139
581 163
42 582
42 67
42 100
42 101
42 956
42 131
42 583
42 584
42 585
42 586
42 162
42 587
42 192
42 588
42 200
590 169
591 1241
43 44
43 60
43 65
43 75
43 76
43 108
43 114
43 116
43 135
43 136
43 159
43 180
43 181
43 205
43 206
592 45
593 107
594 123
595 55
596 70
597 175
44 598
44 51
44 65
44 599
44 106
44 114
44 152
44 159
44 600
44 181
44 601
44 206
44 602
45 603
45 604
45 605
45 606
45 96
45 107
45 115
45 118
45 150
45 159
45 164
45 607
45 204
608 195
46 66
46 609
46 610
46 611
46 612
46 1130
46 613
46 157
46 614
46 185
46 199
615 1216
616 176
617 189
47 618
47 619
47 620
47 621
47 622
47 93
47 623
47 624
47 625
47 626
47 627
47 628
47 629
47 1251
47 197
48 54
48 63
48 84
48 90
48 104
48 136
48 167
48 183
48 186
48 193
48 201
630 109
631 66
632 209
49 53
49 633
49 111
49 634
49 121
49 125
49 635
49 636
49 637
49 638
49 202
49 208
639 85
640 86
641 96
642 99
643 123
644 188
645 88
646 112
647 139
648 146
649 67
650 84
651 153
50 60
50 62
50 652
50 653
50 106
50 654
50 113
50 117
50 120
50 127
50 134
50 151
50 655
50 656
50 180
50 184
50 198
50 205
50 657
658 102
659 118
660 150
661 164
662 74
663 79
664 81
665 142
666 217
667 82
668 106
669 146
670 151
671 177
672 117
673 109
674 182
675 1216
51 76
51 77
51 127
51 148
51 152
51 159
51 204
51 206
52 676
52 55
52 62
52 86
52 99
52 677
52 678
52 679
52 125
52 127
52 148
52 166
52 175
680 177
53 111
53 121
53 122
53 129
53 168
53 194
53 202
53 208
681 70
682 175
683 61
684 104
685 173
686 183
687 203
688 91
689 154
54 63
54 126
54 128
54 132
54 160
54 167
54 183
54 186
54 193
54 201
54 203
690 107
691 115
692 123
693 150
229 694
229 67
229 695
229 696
229 697
229 698
55 62
55 68
55 70
55 699
55 88
55 99
55 105
55 700
55 701
55 702
55 148
55 166
55 175
55 703
55 704
55 705
56 706
56 707
56 708
56 122
56 124
56 129
56 138
56 145
56 169
56 179
56 197
57 71
57 84
57 100
57 108
57 131
57 136
57 193
57 200
709 91
710 97
711 154
712 66
589 713
589 160
589 714
589 207
715 150
716 191
717 61
718 119
719 135
720 137
721 570
722 155
723 61
724 183
725 203
58 64
58 71
58 72
58 132
58 726
58 155
58 1136
58 170
58 727
58 728
59 729
59 110
59 115
59 150
59 164
59 179
59 730
59 187
59 191
60 95
60 113
60 117
60 135
60 180
60 198
60 205
731 82
732 61
733 128
734 167
735 182
736 203
61 737
61 738
61 130
61 135
61 167
61 183
61 203
62 68
62 739
62 740
62 105
62 106
62 120
62 127
62 148
62 151
62 152
62 741
62 166
62 742
62 180
62 198
62 205
62 743
63 71
63 72
63 128
63 132
63 142
63 167
63 182
63 193
63 201
64 72
64 744
64 79
64 109
64 132
64 745
64 142
64 155
64 170
64 746
64 747
64 182
64 748
64 207
65 80
65 749
65 750
65 751
65 118
65 159
65 752
65 753
65 181
754 97
755 70
66 756
66 757
66 758
66 157
66 759
66 760
66 185
66 761
66 209
762 91
763 97
764 154
67 765
67 84
67 87
67 101
67 766
67 153
67 171
67 192
67 200
67 767
68 88
68 105
68 120
68 768
68 139
68 146
68 148
68 769
68 770
68 771
68 772
773 1130
774 185
69 92
69 97
69 117
69 775
69 157
69 178
69 189
69 195
776 209
777 191
778 94
779 141
70 780
70 781
70 782
70 175
70 783
70 784
785 137
71 72
71 786
71 89
71 142
71 147
71 149
71 155
71 156
71 1136
71 170
71 787
71 193
71 196
788 119
789 130
790 143
791 158
72 109
72 132
72 142
72 170
72 182
72 792
72 193
72 201
72 207
73 98
73 133
73 140
73 839
73 793
73 173
73 1255
73 794
795 84
796 94
797 101
798 141
799 153
800 186
801 78
802 94
803 131
804 141
805 162
806 172
807 201
808 82
809 177
810 198
74 811
74 81
74 812
74 124
74 130
74 142
74 167
813 119
814 125
815 137
816 143
817 82
818 176
819 189
75 90
75 92
75 95
75 98
75 103
75 104
75 108
75 820
75 135
75 136
75 140
75 178
821 83
822 191
823 197
824 83
825 93
826 570
217 105
217 106
217 146
217 152
827 157
828 174
829 199
830 150
831 164
832 179
833 187
834 191
835 80
76 114
76 116
76 121
76 125
76 127
76 159
76 168
76 181
76 205
76 206
836 84
77 96
77 105
77 148
77 152
77 837
77 204
77 838
840 183
78 126
78 131
78 141
78 172
78 841
78 842
78 186
78 843
78 844
78 201
845 79
846 81
847 124
848 130
849 145
850 158
79 81
79 851
79 93
79 852
79 142
79 145
79 155
79 853
79 170
79 854
79 182
79 855
80 856
80 100
80 857
80 858
80 859
80 860
80 861
80 862
80 863
80 181
80 864
80 196
81 865
81 124
81 142
81 145
81 156
81 170
81 866
867 109
868 207
869 96
870 123
82 120
82 871
82 146
82 151
82 872
82 873
82 177
82 184
82 874
82 875
83 110
83 876
83 877
83 878
83 1136
83 879
83 179
83 190
83 191
83 1251
83 880
83 197
83 881
84 87
84 90
84 98
84 101
84 104
84 108
84 136
84 153
84 882
84 162
84 178
84 192
84 883
84 200
85 88
85 96
85 99
85 884
85 885
85 886
85 188
85 887
86 96
86 99
86 105
86 107
86 888
86 889
86 115
86 890
86 123
86 148
86 891
86 204
87 90
87 153
87 154
87 171
87 174
87 192
892 120
88 99
88 105
88 112
88 893
88 894
88 895
88 896
88 139
88 897
88 898
88 899
88 188
900 96
901 107
902 118
903 123
904 118
905 150
906 164
907 115
908 187
909 202
910 208
911 1130
912 153
913 171
914 118
915 150
916 103
917 176
918 209
919 93
920 89
89 102
89 921
89 147
89 149
89 922
89 1136
89 923
89 196
90 92
90 98
90 104
90 108
90 136
90 140
90 154
90 924
90 174
90 178
90 192
91 108
91 956
91 154
91 925
91 200
926 120
927 198
928 120
92 97
92 98
92 108
92 140
92 154
92 174
92 178
929 98
930 103
931 104
932 133
933 140
934 173
93 935
93 936
93 570
93 937
93 938
93 155
93 939
93 940
941 119
942 137
943 198
94 101
94 944
94 141
94 162
94 172
94 186
95 103
95 113
95 117
95 945
95 946
95 134
95 135
95 137
95 947
95 948
95 178
95 949
96 99
96 105
96 107
96 123
96 950
96 148
96 152
96 951
96 188
96 204
96 952
97 953
97 954
97 154
97 157
97 174
97 177
97 178
97 189
97 955
98 101
98 103
98 104
98 133
98 140
98 839
98 957
98 173
98 183
98 186
98 958
959 118
960 103
961 133
962 140
99 105
99 963
99 964
99 148
99 965
99 188
966 150
967 191
100 956
100 131
100 968
100 969
100 970
100 971
100 972
100 973
100 200
101 162
101 186
101 192
101 974
101 200
102 110
102 118
102 975
102 144
102 976
102 977
102 978
102 164
102 196
979 111
980 129
981 208
982 120
983 198
984 155
985 176
986 209
103 104
103 987
103 988
103 133
103 140
103 989
103 173
103 178
103 990
103 991
104 992
104 993
104 173
104 183
104 186
105 106
105 120
105 127
105 146
105 148
105 152
105 188
105 994
106 114
106 120
106 127
106 146
106 151
106 152
106 180
106 184
106 995
106 206
106 996
107 115
107 123
107 148
107 150
107 997
107 204
107 998
999 161
108 956
108 135
108 136
108 154
108 192
108 200
1000 169
1001 208
1002 175
1003 145
1004 197
1005 160
1006 161
109 1007
109 128
109 132
109 1008
109 1009
109 155
109 160
109 1010
109 1011
109 1012
109 182
109 1013
109 1014
109 207
110 144
110 1015
110 1016
110 164
110 165
110 179
110 190
110 191
110 196
111 1017
111 1018
111 121
111 122
111 124
111 129
111 1019
111 1020
111 158
111 208
1021 134
1022 137
1023 198
1024 155
112 1025
112 139
112 1026
112 163
112 1027
112 1028
112 1029
113 117
113 119
113 134
113 135
113 137
113 180
113 198
113 205
1030 124
1031 129
1032 158
1033 130
1034 190
1035 191
114 180
114 184
114 1036
114 205
114 206
1037 1216
1038 176
1039 115
1040 125
1041 175
1042 202
1043 120
1044 177
1045 189
115 1046
115 1047
115 150
115 1048
115 164
115 1049
115 1050
1051 176
1052 195
1053 209
956 1054
956 1055
956 154
956 1056
956 1057
956 192
956 1058
956 200
116 121
116 122
116 124
116 135
116 144
116 147
116 158
116 168
116 181
116 196
116 205
1059 140
1060 185
1061 195
117 1062
117 134
117 1063
117 1064
117 1065
117 180
117 184
117 195
117 1066
1067 169
1068 121
1069 143
1070 158
118 150
118 159
118 164
118 1071
119 125
119 1072
119 135
119 137
119 143
119 1073
119 1074
119 1075
119 198
119 1076
119 205
120 1077
120 146
120 151
120 152
120 1078
120 1079
120 1080
120 1081
120 1082
570 1083
570 155
570 1136
570 1084
121 122
121 124
121 125
121 143
121 1085
121 158
121 168
121 194
121 202
121 205
1086 139
1087 146
1088 1251
1089 195
1090 135
1091 137
1092 173
1093 141
1094 186
1095 146
1096 126
1097 141
1098 161
1099 186
122 124
122 129
122 144
122 165
122 168
122 194
122 196
123 1100
123 1101
123 204
124 129
124 130
124 145
124 147
124 156
124 158
124 165
124 196
1102 188
125 127
125 1103
125 143
125 1104
125 1105
125 166
125 168
125 175
125 198
125 202
125 205
1106 190
1107 197
1108 187
126 128
126 132
126 160
126 161
126 182
126 186
126 201
126 1109
126 207
127 148
127 152
127 159
127 166
127 180
127 198
127 204
127 205
127 206
128 132
128 1110
128 160
128 167
128 1111
128 182
128 183
128 186
128 1112
128 203
128 207
1113 130
1114 135
1115 137
1116 143
1117 158
129 158
129 169
129 179
129 194
129 208
130 135
130 158
130 167
131 1118
131 162
131 1119
131 1120
131 172
131 193
131 1121
131 200
131 201
1122 191
132 1123
132 182
132 201
132 207
133 1124
133 140
133 1125
133 1126
133 1127
133 173
133 1128
133 1255
1129 140
134 135
134 137
134 1131
134 1132
134 180
134 198
135 136
135 137
135 143
135 158
135 205
1133 175
1134 208
1135 155
136 193
136 200
137 1137
137 1138
137 1139
137 1140
137 198
137 1141
1142 171
1143 192
138 1144
138 169
138 179
138 1241
138 191
138 1145
138 197
1146 188
139 146
139 1147
139 163
139 1148
139 1149
139 1150
140 1130
140 1151
140 173
140 1152
140 178
140 1153
140 1154
1155 169
1156 1241
1157 191
1158 197
141 172
141 186
141 1159
1160 154
1161 192
142 156
142 167
142 170
142 1162
142 182
1163 171
1164 199
143 1165
143 158
143 205
144 164
144 165
144 168
144 179
144 181
144 194
144 196
1130 1166
1130 185
1167 160
1168 182
145 147
145 149
145 155
145 156
145 165
145 170
145 1169
146 151
146 152
146 1170
146 1171
146 1172
146 1173
146 1174
146 1175
839 1176
839 173
839 1255
1177 208
147 149
147 156
147 165
147 170
147 196
148 152
148 159
148 1178
148 204
149 155
149 156
149 1136
149 165
149 170
149 196
150 1179
150 1180
150 164
150 1181
150 1182
150 1183
150 1184
151 177
151 180
151 184
151 1185
151 1186
1187 157
1188 189
1189 209
152 1190
152 204
152 206
152 1191
153 1192
153 171
153 174
1193 163
154 1194
154 174
154 192
154 200
1195 166
1196 198
1197 157
1198 209
1199 196
1200 164
155 1136
155 1201
155 170
155 1202
155 1203
155 1204
155 1205
1206 164
1207 190
1208 191
1209 173
1210 183
1211 1255
1212 203
1213 198
1214 178
156 165
156 170
1136 170
1136 190
157 174
157 178
157 185
157 199
1215 185
158 205
159 168
159 181
159 204
159 206
160 161
160 1217
160 186
160 1218
160 1219
160 207
161 1220
161 1221
161 186
161 1222
161 1223
161 207
162 172
162 186
162 200
162 201
163 1224
164 191
164 1225
164 1226
1227 207
1228 166
1229 175
1230 198
165 196
1231 188
166 175
166 198
166 205
166 1232
1233 177
1234 189
1235 204
167 182
167 183
167 193
167 203
1236 176
1237 195
168 181
168 194
168 202
1238 183
1239 186
1240 203
1242 191
169 179
169 1241
169 1243
171 174
171 1244
171 192
171 199
171 1245
172 186
172 1246
172 201
173 183
173 1255
173 1247
1248 203
1249 195
1250 198
174 178
174 192
174 199
175 1252
1253 208
1216 176
1216 189
1216 209
1254 182
1256 191
176 189
176 195
176 209
1257 199
177 184
177 189
177 1258
177 1259
177 1260
178 195
178 1261
179 1241
179 187
179 191
179 194
179 1262
179 197
180 184
180 198
180 205
180 206
1263 195
1241 1264
1241 191
1241 1265
181 196
182 207
183 186
183 1266
183 203
184 1267
1268 208
186 1269
186 1270
186 201
186 203
1271 187
187 1272
187 1273
187 202
187 208
188 1274
189 1275
189 195
189 209
190 191
190 1276
190 1277
191 1278
191 197
191 1279
192 200
1280 203
193 201
1251 197
1281 200
194 202
194 208
1282 209
195 1283
195 1284
1285 206
197 1286
198 205
1287 207
202 208
1288 207
205 206
