1268 2403 0
-0.1001388204909618 0.4151407993968197 0.3512491978872833
0.0257605781530725 -0.4842715405612733 0.1954626775298836
0.0869077274963846 0.4977282135403179 0.2643614393584685
-0.0643633217770730 -0.2540370795991681 -0.4984877401158812
-0.1239766177863768 -0.3684538096394116 0.4468182456671830
0.2618535144123539 -0.4445683618354853 0.2810691594168629
0.4925569980612571 -0.1458017970952569 -0.2737455841965660
-0.0879204151105347 0.0294100789056386 -0.1628134746514089
-0.3364973307770878 -0.3911568623587718 0.4598060113826212
0.3405954124424931 -0.2048154322668825 -0.1521188007078028
0.3272662334892021 -0.0337104132809771 0.0041619679748247
0.2507179274900053 -0.4998249224622243 -0.3439485396164630
0.0643233852046752 0.4108257608478725 0.2477529443799374
-0.3612279193779512 -0.3910491823311824 -0.2714998346071058
-0.4145967558415171 -0.4442750278953274 -0.2278242061084639
0.2223393095018919 0.4563556566797801 -0.4389428060733896
-0.2501704962169491 -0.2723720685226746 0.3968735890361448
-0.3640936428733916 -0.2936199632188796 0.3836415458559694
0.3335502449363094 -0.3806271842194734 0.4795461587232973
0.3732716898277428 -0.3092758340714507 0.1127307567895961
-0.3978053097569158 0.3525700032082891 -0.1167179122273906
-0.2909417560991399 0.4411865461043034 -0.2135304351260547
-0.0490945648750153 0.0471193249468099 0.0308248755955711
0.2293213711076835 0.2143509695787739 -0.0016322855030886
-0.1083441009023522 0.0278383223606871 0.0286272368557049
0.3822252234426689 0.0964275654548671 0.0172322859853874
0.4437456411827534 -0.4628082579923903 -0.3324363844399571
0.0951933585530142 0.1230666238563694 -0.2353971421055276
0.4413682658084252 0.4919560649207588 -0.0676517380821151
-0.4084312224219014 0.1364613475134696 -0.3137105409659615
0.1165826443294512 -0.1919007159879246 -0.3340096255885561
0.1113023090477888 0.1741940165300040 -0.2515796027042724
0.4103565821726147 0.0109610328589256 0.2805120709969748
0.3448055260240900 0.3242213819258760 -0.4207424841278477
-0.0255634320977083 0.1751850423104494 -0.1441170600871086
0.4685831119428873 -0.1804857613324333 -0.3228943524866212
-0.3115099362121321 0.2716165780028134 0.1722744499137362
-0.1972068156831110 -0.3184357687897713 -0.1128393829605391
-0.2708803685025066 -0.0694826134472044 0.0270439750058251
0.0858899470819165 0.4168671689623416 -0.2337656175760232
0.0932889783309912 0.4785781400709714 -0.3858544238161590
-0.1963878176489782 0.0016429766082837 -0.3694463067011608
-0.3216373616757030 0.1660549474576656 0.0611324448683035
-0.0481311636203864 -0.1578841492557484 0.1334259586034149
0.3801517034811861 0.4649698211485172 0.4091472270848953
-0.4687925510516791 0.2421404328983370 0.3125354785892557
-0.3161170401039277 0.2724565376116144 0.3416431715621076
0.3009846407669288 -0.2979191518832620 0.0954569552873726
0.0155990136134997 0.1559168761714091 -0.1259384666620012
0.0604227405075732 -0.4415291237133765 0.0968869096425077
0.3851737924901941 -0.2484076067629170 0.2703866942098317
-0.3964303481802907 -0.4548252984169466 0.3150048586164026
0.2396719660010433 0.3338572317924714 -0.4283884104912680
0.2900900086532722 0.0709046229228520 0.2429278569642245
-0.4707866536079603 0.2074413603564036 -0.2181574976753115
0.4536320219657457 -0.0164253996088381 -0.0622148585028299
0.1169587570645923 -0.1100566237883525 -0.0308177959182520
-0.4415317206911111 -0.2703619567696650 0.2382716066448227
-0.1059161348722384 -0.0223984073203906 -0.1448425354534727
0.2415923091160420 -0.1718473459383702 -0.0625190148196316
-0.1693656807334276 0.1308109244896646 -0.2100365834947211
0.3343282367893152 0.2244872384276052 0.4221525031881306
-0.0378835810139911 0.0907002822135295 0.4699867216250814
-0.3300675723848147 0.1699843516863466 0.4888568668110054
-0.3666923833118735 -0.0515138748592804 0.3452522616269941
-0.0601362262357898 -0.4714507738850925 -0.0370978129876229
0.2717297287271789 0.4227096810655873 0.0723591948120860
-0.4559592399401800 0.3484382781110014 -0.3264797741170988
-0.3492589794521048 -0.1336979136347191 0.4294111904962967
-0.1590586101681573 0.1503038251070875 0.3914503087773798
0.1264538099246333 0.2094958997193548 0.0220765844420096
0.0307791686040330 0.1118676633380714 -0.0331014547280659
-0.3624904735358984 0.2051964711723158 0.0733789573495551
-0.0565543304645941 0.1242409903797417 0.1541301450736823
0.0262943777356427 -0.3245339599856568 0.1943944728852722
0.2432677071187457 0.2786015378769033 -0.2545030077721568
0.2398080275250821 0.0393841218774008 -0.1169732968035281
0.4947924021706199 -0.4891850358731059 0.3107280176082429
-0.4318318022572104 0.2839587449963269 -0.2200198654312512
0.4663864782175252 0.0887649099431656 0.4541090407801264
0.2617462717918843 -0.0260674570726546 0.2114090333317173
-0.0497443981600275 0.1319456536251728 -0.3272619805277642
0.1310788739954551 0.4222472900171739 0.1022493230005160
0.4838969943452096 -0.2582849444473361 0.2224634652384172
0.2554032455937111 -0.1375603526171861 0.3556700733099148
-0.1785866048426636 -0.4669930248789634 0.1038943324053342
0.2541530333560682 -0.1808346238943250 0.3639897458293850
0.2555236076988325 0.3006417424819907 -0.4607349118526672
0.3098681194959631 0.0232179751962784 -0.4049711921133505
-0.2826203208566769 -0.1285330105689233 -0.3204392589510521
0.2284740496030955 0.0360091609097687 -0.3151132955416250
-0.3540407561827554 0.2324749325626980 0.2509462363020464
-0.3881170324642690 -0.0166109971026671 0.3464739466050199
-0.1022474561183249 0.4485035021223816 -0.1912119387904146
-0.3287958624928010 0.0122804916482180 -0.1000835976010679
-0.3534668603478306 -0.0793571761282542 0.1038913223101270
0.4219264261305650 -0.4298200378570605 -0.4000054218189662
0.2861746291891878 -0.1023423776134524 -0.1528528974763992
0.0991318096286636 0.1461536530596942 0.2031923721514599
0.3412969256175459 0.1014047801801400 -0.4083269831687910
-0.0780391303733790 -0.1132546613902853 0.3848451413397787
0.2739521897228695 0.3870194479277318 -0.4253933279582325
0.4272911680734552 0.2260981577338328 0.3071262919776213
-0.0296773039847265 -0.3163335051633770 0.4569676183371328
-0.2546805579740183 0.1588785111526366 -0.2560607476377895
0.0854373869085386 -0.2705065591613384 0.1849471617571992
0.1293732502513342 -0.0692611472379708 -0.1931527114632711
0.1561315680477000 0.1268301265735550 0.2146029234142640
0.3660576727264369 -0.0820662690712577 -0.4076525054306903
-0.0834809929880305 0.3434637708603445 -0.0778771366689584
-0.4338945624589027 0.3504602384482632 0.1599309630217764
0.1668140495186249 -0.2389709249677839 -0.3240998629632544
-0.2890290489743831 -0.1425264957446029 0.2719480572104676
0.4749541108856690 0.0106826197665363 0.3600537967776787
0.4207585198128733 -0.1925995461527672 -0.3583156272148376
0.1073168108863987 -0.2121292461687855 -0.4703698752117286
0.1031937859179075 0.0390548111965388 -0.1323465753799098
-0.3590784540340260 -0.2662362205019333 0.1671296121707453
0.0836846957953094 0.4088411425621745 0.2793841843766265
0.4753329693493971 0.3943558219894255 0.4092194444132317
0.4090566808625467 -0.2825439350588967 -0.1978158730222531
-0.2084890165052725 -0.0747983932347739 0.2852479843330603
-0.3169097178810192 0.1876510199368122 -0.3259749645695940
-0.3156026635502874 -0.4346822715422052 -0.2030481346997159
0.3388317198120784 -0.0927913666813037 0.3751942504661250
-0.0805360500508043 0.2356905549202290 0.4292909509761580
-0.3203857181746261 0.2641654431903383 0.0289778921868753
-0.0019629768642595 0.2057692970671845 -0.2848643427287147
-0.4101200850710350 0.1285998957950427 0.3717264088827423
0.4534105338147709 -0.0727353860764906 0.4200877299913651
-0.1258134968400050 -0.2903575130738448 0.1535962490104984
0.1285281879741838 -0.2098068127237202 -0.3962641421623204
-0.1316356057510271 0.1594704839089679 0.2423673332277463
0.0992974425611639 0.1315715050169896 -0.4842375752196657
0.1486647392072067 -0.1371495251847606 0.0346055112798391
-0.3970548534533828 0.1958157190951191 0.3134606535919736
-0.1691432371551365 0.3450490372000429 -0.3130156461877576
-0.3846942900443130 -0.0773217128635242 0.2899786648554606
0.3036090155309997 0.0159731986733154 -0.0434561328619313
0.3574407263363866 0.4847422955103376 0.4507501479220574
0.4589075287623491 -0.0255091532830007 -0.1085815888450179
0.3072769291818115 -0.1735384036337460 0.2457765004584630
0.0102572602906744 -0.0805126747017528 -0.4082541901197398
0.2102116681701391 0.2438364934027562 -0.0841140299233959
0.4477471277182161 -0.0821315956518894 0.3552285985220053
-0.0131601023568778 -0.0497108111997311 -0.4818316629660340
-0.0203164278764967 -0.3196160251375244 0.0991557060673147
0.1741106749326338 0.3765579281852773 0.0891598738577355
-0.3457768204317370 -0.3271257504360918 -0.0198176701720298
0.4490610704424753 0.1415522091162358 0.4513666920241926
0.3428452263439016 0.0896095006902507 0.3472486303449744
0.1306546899386367 -0.0486757571749099 -0.3729047585161742
-0.0489390794002528 -0.2787566564908533 0.0434994229367914
0.2497271179790303 -0.4315717830479678 -0.0998061171871132
0.3235541155037513 0.1202705068707287 0.3895296109753999
0.0628913308442425 -0.0985860121618110 0.3082058874153185
0.4490088641741311 -0.1884115056274041 0.3971775652658314
0.2580628830820595 -0.3075462900371530 -0.1410806985307944
0.2973386175359263 -0.0888045718173449 -0.0766114902235941
-0.2099502584256388 0.3939718104860946 0.3802231899948187
-0.4726325131169752 0.3302153666844565 0.1172355042448527
-0.2596542305938487 -0.2920206025191325 -0.4558990963013861
0.0801043637173488 0.3544345994527753 0.2529085565791249
0.2910453632920664 -0.3127036473731227 -0.2828684933949607
0.3155436290319524 0.1145061020985821 -0.3219041731762337
-0.1672231188829266 -0.3509256307033721 0.3201678388813617
-0.4944508140993784 0.1905676428502592 0.4877137189063711
0.2334311021215552 -0.3348380579356147 -0.0502955392371189
0.3274383924599483 0.3760307129732602 -0.0205998484015626
-0.1311777570677189 -0.3944686461667168 0.2796843204749633
-0.1532156633405130 -0.2049810539068874 -0.3564853512457846
-0.0657994898700457 -0.1983446175599824 -0.2176683196004998
-0.2338449765216908 0.1172767162945812 -0.1378481470972340
0.1991595268796063 0.2756310764923684 -0.4686396638847525
0.4538937903355967 0.4585072630450799 0.2132305842855642
0.0499825026270114 0.2289119741346700 0.3682947394317617
-0.3542999942805182 0.3080435426145645 -0.4054274043690719
0.2168893665215391 -0.1357389318765325 -0.0122339911229640
0.1339893331337227 -0.1695634729671380 -0.3894668376920850
-0.3510594391145080 0.4301358147634847 -0.4137917922455543
-0.3804271966605428 0.4534216534190150 0.2935580178404687
0.4481541678256947 -0.3524842289808646 0.2201287545502737
-0.0858185129560538 0.2770963349300102 -0.1994194369788769
-0.3932864590045091 0.2661467411215072 0.0572033338284936
-0.2316840266012906 0.0370003323975652 -0.0903104849440476
0.1969155661430983 -0.2529806873980121 0.1472351838039389
0.1061375042698314 0.1781691135273080 -0.1960612952955936
0.4580534121509978 0.4361111319291431 0.2815001731904975
0.0994701627516073 0.2418929609091141 0.4124122408141457
0.3693789247137195 -0.1068921612582726 0.1052695471052617
0.1976414450652002 -0.2825489147749049 0.3207505507827940
0.4319526975309999 -0.2669643121998737 -0.4817500672781257
0.0881990052862475 -0.0240538146423208 -0.3731817661979405
0.0966362906797192 0.1309531450131459 0.1793870952902669
-0.2343180248083264 0.3468045389444716 0.3929073407533643
0.3670165823470636 -0.0775849323644992 0.0346888543990340
0.1081874175129602 0.1338734218957197 0.0732898415620233
0.0011071792796211 -0.3517866620656548 -0.0903028023240832
-0.3972364808288383 -0.1740368989432337 -0.1003489117092772
0.3740447330321789 0.4300582466914503 0.4683243436535683
-0.4900209287013636 0.1435856010065911 0.4225248654692794
0.2528447786673714 0.2265873300024889 -0.2969587548179209
0.0792054762672617 0.0639103592464973 -0.3846026377469246
0.3728106697165718 0.4107717203119745 0.4219230478121639
0.3675004531287410 -0.3532492664849623 0.0515527161613041
-0.2483890746023724 0.0728295071502502 0.3807231164534265
-0.1586682192658991 -0.3077219213150917 -0.2302085417341193
0.1904900489208092 -0.1976099140528346 -0.1453191356255459
-0.3194208879207326 0.2243678007193601 -0.0359823791965306
-0.1098264658297027 -0.0364051525355485 0.3635889032219569
-0.1258926753453074 -0.0126107648960572 -0.3379081240870928
0.1223839696191634 -0.2540824148377230 0.2674408461643778
-0.4061729059305176 0.3034870660815713 -0.3889201026812470
-0.0815389442590319 0.4614639592514120 0.2108072009704272
-0.4038992822463888 -0.3781655505973968 0.3938723170182030
0.2800329552091511 -0.1668625369322344 -0.0085169311666245
0.3907076493668070 -0.0272690173861473 -0.1228713040299561
-0.0896114440324853 -0.1167756526611144 -0.3426464948758002
-0.2149095039776446 -0.4225101427330875 -0.2834518168056732
-0.4478325499888826 0.1651600803744132 -0.2532381630362175
-0.2119258345640324 0.0907716749057687 -0.3454278139668204
-0.2793669028579087 -0.4849376762215493 -0.4033130354323834
0.3594503982301779 0.4758940611150137 0.2934705408399467
0.3058317883037729 0.0009772896127561 0.4341129751707766
0.3183224408052022 -0.1670919133531698 -0.2320608927946339
-0.1670395396962265 -0.1863348601815225 0.3381305246629919
0.2617122341552337 0.2867467236371529 0.4319688026271426
-0.2010339095114355 -0.2344295963204024 0.0959403191764940
0.1089702813017396 -0.1457015050212739 0.4701654761115416
-0.2287939058490626 -0.1562434187123853 -0.1818175592436995
-0.4730269447723122 -0.0413549574239802 0.1833855660469066
0.1604587633057047 -0.2880235962398862 0.3489499338925570
-0.0666088389048756 0.1022272027795988 0.4711691475861974
-0.4542922481111445 0.0819924111363555 -0.3016499003401233
-0.4399960454155468 -0.3203823467172240 -0.2108471088927429
-0.2457122863334959 -0.1231734327797151 -0.3521577259442789
0.1611172384336315 0.3295966871097984 -0.3967912342026590
-0.4366748579057959 0.4561732373504107 -0.1314393413016579
-0.3973527920598900 0.3660923872341125 -0.0369918585751043
0.5000000000000000 0.4518794721361873 -0.0618306488384974
0.5000000000000000 0.4371179872521819 0.1085290962389789
0.5000000000000000 0.4241936620096357 0.1576056309190415
0.4769631216744237 -0.2369532304068243 -0.5000000000000000
0.4612467158387017 -0.2372136575204735 -0.5000000000000000
0.4423892194407900 -0.2650135443466874 -0.5000000000000000
-0.1737739640078622 0.5000000000000000 0.3242436390393109
-0.1376767748309184 0.3182109636023538 0.5000000000000000
-0.1611255201876153 0.4145807232584893 0.5000000000000000
-0.0804267212072004 0.2857109545657446 0.5000000000000000
-0.1129711441643237 0.4981634169173035 0.5000000000000000
0.4279976976116096 0.5000000000000000 -0.0761555131329270
0.3614053910262197 0.5000000000000000 -0.1732163490729836
0.3325685278976785 0.5000000000000000 -0.0491499944068382
0.3407311642834420 0.5000000000000000 -0.1982787030971213
0.3558095944874174 0.5000000000000000 -0.0909664116998372
0.0278041403307546 -0.5000000000000000 0.1662846478463868
0.0361720224146551 -0.5000000000000000 0.2438655954799033
-0.0199417375129281 -0.5000000000000000 0.2458723785917752
0.0066793043285215 -0.5000000000000000 0.1751394360762564
0.0078504835004120 -0.4292195636660924 0.5000000000000000
0.1065656539103625 -0.5000000000000000 0.1218470101807618
0.0689423073637938 -0.5000000000000000 0.2423938279183867
0.0803438694497191 0.5000000000000000 0.2874633224022951
0.1166749919707499 0.5000000000000000 0.3021897043337964
0.0823174399023062 0.4646941612691464 0.5000000000000000
0.2087855600443719 0.5000000000000000 0.1937527665532010
0.0845478962073306 0.5000000000000000 0.2430438187760087
0.0622845128218989 0.5000000000000000 0.2977450746614539
0.4579396253211060 0.3740699033767406 0.5000000000000000
0.4649771164502718 0.3466849988076922 0.5000000000000000
0.3772873202166798 0.4179176114139217 0.5000000000000000
-0.5000000000000000 0.0571342318736029 -0.3138703477555197
-0.3453436629066020 -0.5000000000000000 0.2515628646695980
-0.2014522154198800 -0.5000000000000000 0.1147651066374465
-0.1532205602160084 -0.5000000000000000 -0.0523278973944433
-0.0796045254638371 0.5000000000000000 0.1701725348752450
-0.5000000000000000 -0.2478425272228013 0.1884155523855981
-0.5000000000000000 -0.1758200512556735 0.1213403337333497
-0.5000000000000000 -0.2539899839895756 0.0833752731245028
-0.5000000000000000 -0.2022847402057035 0.0371834584714590
-0.5000000000000000 -0.0919042760880552 0.1682614649644440
-0.5000000000000000 -0.2742845260777847 -0.0525410155722250
-0.1250015414646872 -0.3259645327608982 -0.5000000000000000
-0.3395877998448840 0.1305267028911549 0.5000000000000000
-0.3632345664300786 0.0194795693551062 0.5000000000000000
-0.3668510239647853 0.0252691535112483 0.5000000000000000
-0.3718311289052237 0.0522822450923822 0.5000000000000000
-0.3986165522745598 0.0651004306499351 0.5000000000000000
-0.3389130915080077 0.0418471712104767 0.5000000000000000
-0.1005219690440309 -0.3764071610996522 0.5000000000000000
-0.1904765155910605 -0.3854483665010948 0.5000000000000000
-0.1485087545580515 -0.4499972298535077 0.5000000000000000
-0.1468861914263365 -0.3075972933899447 0.5000000000000000
-0.0999206378220741 -0.4015477817777450 0.5000000000000000
-0.2103353239050718 -0.3364981196929796 0.5000000000000000
-0.1858826767207427 -0.2922698030216495 0.5000000000000000
-0.1720063989210983 -0.4371986610946859 0.5000000000000000
-0.1150964254627812 -0.3535428472940775 0.5000000000000000
-0.1794533485459484 -0.5000000000000000 0.4500885863897562
-0.0605097729295453 -0.3935693639489056 0.5000000000000000
-0.2216400133725844 -0.4813043314605382 0.5000000000000000
-0.1314511697042615 -0.3712394438521037 0.5000000000000000
-0.0758376605355842 -0.3668593339329825 0.5000000000000000
-0.4394478748757710 0.0444418723621083 -0.5000000000000000
0.2769015276944731 0.4311688898231687 -0.5000000000000000
0.3405706906380237 0.3670813401069185 -0.5000000000000000
0.3071046802326372 0.3956549175538199 -0.5000000000000000
0.1707401829331822 -0.5000000000000000 0.4430184274790643
0.1231056896312236 -0.5000000000000000 0.4498552607498257
0.2417680732727108 -0.5000000000000000 0.2859073259996079
0.1511767304395401 -0.4175142786704670 0.5000000000000000
0.2776346415703591 -0.5000000000000000 0.2526833552711221
0.2572296968487476 -0.5000000000000000 0.3662148131505816
0.2916651125724361 -0.5000000000000000 0.2416822970229945
0.2530922594694492 -0.4487078439042530 0.5000000000000000
0.0860705118333840 -0.3750708893248901 0.5000000000000000
0.5000000000000000 -0.4455200390303523 0.1955206232875074
0.2488604161948730 -0.5000000000000000 0.0894409341416719
0.2853261802594508 -0.5000000000000000 0.3512794673799562
0.1767873374747753 -0.5000000000000000 0.3025597963749651
0.1364472134236937 -0.5000000000000000 0.2823131850530620
0.3575753754406171 0.5000000000000000 0.4860069968321992
0.5000000000000000 0.0756688833010611 -0.4653027092599614
-0.4957074248664707 -0.5000000000000000 -0.2265847839311831
0.5000000000000000 -0.1306957787217361 -0.2826058157517845
0.5000000000000000 -0.1583701484423776 -0.2419996004531460
0.5000000000000000 -0.1210265948433112 -0.2350592179110890
-0.3490783036495917 -0.4004396524165287 0.5000000000000000
-0.3390230848106633 -0.3570062809632347 0.5000000000000000
-0.3147486537427968 -0.4414033099226281 0.5000000000000000
-0.2672259145454574 -0.5000000000000000 0.4656290599566184
-0.2547594582063529 -0.5000000000000000 0.4546984494161936
-0.3613614611603082 -0.4475695237079577 0.5000000000000000
-0.3207996761662297 -0.5000000000000000 0.4277820559088523
-0.3582122384849261 -0.3908308743911373 0.5000000000000000
-0.3116572502034762 -0.4789871255688210 0.5000000000000000
0.3884513467568593 -0.0992473898279045 -0.5000000000000000
0.3302279643330494 -0.1553455306613850 -0.5000000000000000
0.2896118829359763 -0.1387038326954938 -0.5000000000000000
0.5000000000000000 -0.2341756214567780 -0.0625631391196561
0.2655286607126051 -0.4145583148165467 -0.5000000000000000
0.1247520696203349 -0.4345634869023332 -0.5000000000000000
0.2312108329933902 -0.4726797565949823 -0.5000000000000000
0.3294024825241403 -0.3917180183124273 -0.5000000000000000
-0.3502021373173458 0.5000000000000000 -0.2105928555220050
-0.3892569042622606 0.5000000000000000 -0.3200573125828094
-0.4363048154310702 0.5000000000000000 -0.1569782511876950
-0.0815562505177094 0.5000000000000000 0.4847574903363324
-0.3570219729494456 -0.2934606575948900 -0.5000000000000000
-0.1543494176133696 -0.3598975738507937 -0.5000000000000000
-0.3684041102187871 -0.3871811661982129 -0.5000000000000000
-0.2553463333190949 -0.5000000000000000 0.0097066741781575
-0.3345547736117808 -0.5000000000000000 0.1806958277768430
-0.3800275107346163 -0.5000000000000000 -0.1293014216163468
-0.2165068186740968 -0.5000000000000000 0.0780468851190295
-0.2892591221636065 -0.5000000000000000 -0.0607613472731443
-0.2864425437216837 -0.5000000000000000 0.0282970059513233
-0.1598297540928498 -0.5000000000000000 -0.0548086711636522
-0.2494579016200524 -0.5000000000000000 -0.0810716428845203
-0.4441203331286211 -0.5000000000000000 -0.0984439592475136
-0.4142679350197191 -0.5000000000000000 -0.2483073030753041
-0.3486808574337783 -0.5000000000000000 -0.4542610149817559
-0.5000000000000000 -0.3708519436138581 -0.2167887348542150
-0.3733683221911926 -0.3919409725869442 -0.5000000000000000
-0.3590583948660247 -0.5000000000000000 -0.3411310967577090
-0.3022547466477633 -0.5000000000000000 -0.3782948084656643
-0.5000000000000000 -0.0136786194356463 -0.1509915528597701
-0.5000000000000000 0.0305744284852786 -0.2328994358858091
-0.5000000000000000 -0.2335143516164216 -0.4159001650570806
0.1846165885594438 0.4631433154353453 -0.5000000000000000
0.2445910135758856 0.4361186886217602 -0.5000000000000000
0.1402187176011860 0.5000000000000000 -0.4707717792136060
0.1074871492585585 0.4311932891187032 -0.5000000000000000
0.2316626468233987 0.4733970301937080 -0.5000000000000000
0.1967461389785424 0.5000000000000000 -0.2094390035821929
0.1935752670487628 0.5000000000000000 -0.3921194660210736
0.2390577851996407 0.5000000000000000 -0.3859245585362118
0.1446189311511404 0.5000000000000000 -0.3443368453758232
0.5000000000000000 -0.4416168470214260 -0.4327222991739206
-0.5000000000000000 0.3353158419379098 0.1374555275642343
-0.3024284787003433 -0.2804804549239765 0.5000000000000000
-0.2520070775001153 -0.2321372797411790 0.5000000000000000
-0.3884021219187305 -0.2435618244551190 0.5000000000000000
-0.3524517189462513 -0.2897231576797201 0.5000000000000000
-0.5000000000000000 -0.2964351596890029 0.4784697407616948
-0.4123940250398433 -0.2467601401653446 0.5000000000000000
-0.4386329396365016 -0.5000000000000000 0.0212856954864850
-0.4256115498249477 -0.5000000000000000 -0.1235672261490619
-0.4620692032125281 -0.5000000000000000 -0.0967195778596783
-0.4279667085677888 -0.5000000000000000 -0.0903512693938192
-0.4436288380658461 -0.5000000000000000 -0.0635099197897256
0.4377543109022872 -0.0855344126522089 0.5000000000000000
0.4336035791827515 -0.1412556014639354 0.5000000000000000
-0.4974899628185173 0.2030564780155157 0.5000000000000000
0.5000000000000000 0.0819890799605072 0.4051617031382457
0.5000000000000000 0.0224522786338263 0.3415515639859803
0.5000000000000000 -0.0279010081711650 0.3258697444353533
0.5000000000000000 0.1132967205746868 0.3873968768911968
0.3478910357321764 -0.1410603294957426 0.4960244201182916
0.3497185595724903 -0.2388499202955190 0.5000000000000000
0.3209378266194085 -0.2231279802001762 0.5000000000000000
0.3749501070808572 -0.2222982215140462 0.5000000000000000
0.0504277273578965 0.5000000000000000 -0.3497272357737041
-0.1013785034120545 0.5000000000000000 -0.2040642809620159
-0.2375156254692790 0.5000000000000000 0.1201842865308766
0.2379686559756467 0.0789129487250836 0.5000000000000000
0.2675586952163334 0.0998917857036589 0.5000000000000000
0.2704660218955096 0.0336689733436416 0.5000000000000000
0.3041609666306239 -0.3824639952134500 0.5000000000000000
0.5000000000000000 -0.4521919841355497 0.4954414089995903
0.3388878240851058 -0.3854742378910650 0.5000000000000000
0.3053001472011447 -0.3467282631172875 0.5000000000000000
0.2806738456614336 -0.5000000000000000 0.4710280670308188
0.3318684549441081 -0.3868021465692141 0.5000000000000000
0.3292642392285963 -0.3995306426998863 0.5000000000000000
0.3233045235320562 -0.3890270786413129 0.5000000000000000
0.4148627549677092 -0.5000000000000000 0.4869701020744528
0.3226505433007278 -0.5000000000000000 0.4568842158511394
0.3490193379941482 -0.2989646221505348 0.5000000000000000
0.3300346738179161 -0.3794179282990518 0.5000000000000000
0.5000000000000000 -0.3322785293069609 0.4433162447819686
0.5000000000000000 -0.2979752438792337 0.0524614408563729
0.5000000000000000 -0.2648802291596277 0.0143190590147664
0.3548074289328010 0.5000000000000000 0.4399823547619064
0.3552229871709078 0.5000000000000000 0.2991666609503874
-0.0543452774273086 -0.5000000000000000 -0.0334532203808862
-0.5000000000000000 0.3879947588310767 -0.1547433662024166
-0.5000000000000000 0.3080258057123503 -0.0138705500308459
-0.5000000000000000 0.3357427226303138 0.0079888230572401
-0.2780939441711205 0.5000000000000000 -0.3887928150253178
-0.3720154380886103 0.5000000000000000 -0.0497009180456500
-0.1162690001158023 0.4456262223012999 -0.5000000000000000
-0.2776524514764572 0.5000000000000000 -0.2124765410022759
0.5000000000000000 0.1667187480833972 -0.3289464771262851
0.5000000000000000 0.1967208408188127 -0.2142295540893212
0.5000000000000000 0.1454230736737443 -0.0986158940244260
0.5000000000000000 0.2890029525116566 -0.0500838111147623
0.5000000000000000 0.1650197995872240 -0.3251429868540238
0.5000000000000000 0.0159122291261708 -0.0452497951558490
0.5000000000000000 0.1807669293352513 0.0621466527576062
0.5000000000000000 0.1021935331333953 0.1134790076215557
0.4650075845177156 -0.5000000000000000 -0.3439599600566332
0.5000000000000000 -0.4119167519725973 -0.4938674458455979
0.2775305911492779 -0.5000000000000000 -0.1822290126290751
0.5000000000000000 -0.4456195675349665 -0.4758484763963963
0.5000000000000000 -0.3877455136335540 -0.3096738998303143
0.3983187695169819 -0.5000000000000000 -0.4401085550254026
0.5000000000000000 -0.4513446495929285 -0.3439979972006572
0.5000000000000000 -0.4821432579248680 -0.4045676229406546
0.5000000000000000 -0.4717835839841401 -0.2785526492793114
-0.1869057286358046 -0.4743348924820039 -0.5000000000000000
-0.2270262020094514 -0.4912657049284361 -0.5000000000000000
0.5000000000000000 0.4776591684939829 -0.2270739765624789
0.5000000000000000 0.4209296881516131 -0.0726214330802845
0.3290129805601974 0.5000000000000000 0.0996388126945651
0.4449388548151719 0.5000000000000000 -0.0472014040428720
0.5000000000000000 0.4999881044970484 -0.0981511482973969
-0.4513050198895686 0.1500136798508903 -0.5000000000000000
-0.2983365095876578 0.1722254734299082 -0.5000000000000000
-0.4646956454529040 0.1830839547345708 -0.5000000000000000
-0.3511672311836185 0.0695174832996406 -0.5000000000000000
-0.5000000000000000 0.0988353239959194 -0.0731141398036182
0.5000000000000000 -0.2518896104434054 0.2026038121326595
0.5000000000000000 -0.1189425842159182 0.2641412820819143
0.5000000000000000 -0.1930299328052664 0.2951765566033637
0.5000000000000000 -0.1573458276757779 0.0785002751158297
0.3272013444800516 -0.0411803782421372 0.5000000000000000
0.5000000000000000 -0.0036689212421554 0.0369962590451535
0.5000000000000000 0.0593184122496421 0.2321114212850559
0.4707190416699200 0.3795496253587071 -0.5000000000000000
0.5000000000000000 0.2754084829340456 -0.3692401752561177
0.5000000000000000 0.4623416171925074 -0.2775076137671313
0.5000000000000000 0.2701337921994186 -0.4636796010896329
0.5000000000000000 0.1685713484983073 -0.3329231460840754
0.3376262929591862 0.3292850386260641 -0.5000000000000000
0.3829667048333900 0.2479827573180882 -0.5000000000000000
0.4372151116890519 0.2941807302976538 -0.5000000000000000
0.4532317482222454 0.3391607969667529 -0.5000000000000000
0.2750174674297963 0.5000000000000000 -0.3487946576876470
0.0211347314941049 0.4946942572135432 0.5000000000000000
-0.2873426171445728 0.1450562671398959 0.5000000000000000
-0.2323758306062208 0.1215227534561534 0.5000000000000000
-0.2423492401954510 0.1132282420814094 0.5000000000000000
-0.2295934076609211 0.1037657822972508 0.5000000000000000
-0.1851672104879263 0.1128293519455572 0.5000000000000000
0.5000000000000000 0.4664740495846409 0.1942994851741976
0.0888528988344386 -0.1979184222493400 -0.5000000000000000
0.0032841465340990 -0.0961891095381085 -0.5000000000000000
-0.0126857349333027 -0.0573295751053980 -0.5000000000000000
-0.0840137815500199 -0.1657082837887995 -0.5000000000000000
-0.0489828242623970 -0.1198530060199673 -0.5000000000000000
0.1113877127220675 0.1181657578378923 -0.5000000000000000
0.0172165365838036 -0.0379135168363124 -0.5000000000000000
0.5000000000000000 -0.1263390205516779 -0.3318552217571765
0.5000000000000000 -0.2549436822218970 -0.3099446824742705
0.5000000000000000 -0.1841401126597032 -0.3369288875637617
0.4482275152842914 -0.2022883842023492 -0.5000000000000000
0.4615116273897302 -0.1383007852778701 -0.5000000000000000
-0.4058757221276380 -0.5000000000000000 0.3201785496522604
0.5000000000000000 -0.2747382815156966 0.1979899943979923
0.5000000000000000 -0.3564146186859276 0.1625895925151494
0.5000000000000000 -0.3591288258892874 0.0607627450121007
0.4460786642636689 0.3983038696755551 -0.5000000000000000
0.3242872384220700 0.4746479637441024 0.5000000000000000
0.3487369280644217 0.4307244532766122 0.5000000000000000
0.3214082197173370 0.4176614865175604 0.5000000000000000
0.2440139359513993 0.3251366585274088 0.5000000000000000
0.0459688781235418 -0.5000000000000000 0.0859446598399157
-0.0250808222594705 -0.5000000000000000 0.0053372485728190
-0.0921185548927539 -0.5000000000000000 0.0929303271037929
-0.1853366286867756 -0.0267681202436719 -0.5000000000000000
-0.2250295403522889 -0.0948736826252378 -0.5000000000000000
-0.2412540002596834 -0.2445052906864102 -0.5000000000000000
-0.1614535931646544 -0.1397623351741759 -0.5000000000000000
-0.1923727896604605 0.0169454346900746 -0.5000000000000000
-0.2108037393261942 -0.0951855851585107 -0.5000000000000000
0.0523475460490906 0.5000000000000000 -0.1771274391528614
0.0872179810850363 0.4263803538473468 -0.5000000000000000
0.0620747754775933 0.5000000000000000 -0.1352649343925825
0.1832549746299346 0.5000000000000000 -0.1745434539013038
0.1228121098632985 0.5000000000000000 -0.2843065184355789
0.0820528898515073 0.5000000000000000 -0.2563516592122618
0.1126645691149476 0.4756462550386121 -0.5000000000000000
0.0966566646710958 0.5000000000000000 -0.4361691388149147
0.0877893808752206 0.4312229033350951 -0.5000000000000000
0.1783349378530649 0.4897289393547975 -0.5000000000000000
0.1078125026982703 0.5000000000000000 -0.3701944129103760
0.0884819529269342 0.5000000000000000 -0.3412515620047059
0.5000000000000000 0.2884373668739195 -0.2551332262973381
-0.4031809233308563 -0.4018137665784860 0.5000000000000000
-0.4887365100769474 -0.4694218388968192 -0.1638421718900154
-0.5000000000000000 -0.2175320318369008 -0.1087170133831023
-0.5000000000000000 -0.2745663971382403 -0.1563094849640075
-0.1140437231874849 0.0967412410332545 -0.5000000000000000
-0.1269936113339441 -0.0436353256098848 -0.5000000000000000
-0.2583662510916951 0.0148638338958317 -0.5000000000000000
0.3331542967977688 0.2315924738380511 0.5000000000000000
0.3638559567647441 0.2356677622663967 0.5000000000000000
0.4061918713975951 0.3203150822808222 0.5000000000000000
0.4100851688296218 0.1744143870880552 0.5000000000000000
0.3987471242497170 0.2910817312295773 0.5000000000000000
0.3545545850638365 0.3352072407353860 0.5000000000000000
0.2904098268794501 0.2677871108772324 0.5000000000000000
-0.5000000000000000 0.1454508852568827 0.3543609124179350
0.1574840548059110 -0.1956195407986156 -0.5000000000000000
0.1249019320701347 -0.2014177156630297 -0.5000000000000000
0.1462174651454265 -0.1918990469958226 -0.5000000000000000
0.1035602388312708 -0.1467923364377448 -0.5000000000000000
0.0313496443179103 -0.0850832120173342 -0.5000000000000000
0.1479522373019739 -0.1450036932968166 -0.5000000000000000
0.1482906187095622 -0.1789292277604367 -0.5000000000000000
0.1390324228039238 -0.0141964422189197 -0.5000000000000000
0.3374919966391075 -0.0971716899902021 0.5000000000000000
0.4161081978551472 0.5000000000000000 0.3721023735782369
0.4080176013503766 0.4731090635665403 0.5000000000000000
-0.3098240934682043 -0.5000000000000000 -0.2070069873667649
-0.5000000000000000 0.2512265448648762 0.2418097477843067
-0.5000000000000000 0.1705424273078975 0.3569162173603864
-0.5000000000000000 0.2369139901654677 0.3559913811333015
-0.5000000000000000 0.2456574931104180 0.2976592747369364
-0.4510421923931248 0.3050227790945244 0.5000000000000000
-0.5000000000000000 0.3835196324305394 0.3617592735090969
-0.5000000000000000 0.2365135508974663 0.3741947680655493
-0.4048422076502237 -0.4906686200194912 -0.1692351960451882
-0.4757157771052566 -0.5000000000000000 -0.1866806603284060
-0.5000000000000000 -0.4978088897940288 -0.2848464713128643
-0.2107016299244270 0.1935134097337073 0.5000000000000000
-0.3150360868244725 0.2095540930323617 0.5000000000000000
-0.3661620796294312 0.3166589290858471 0.5000000000000000
-0.3911769851730605 0.2182716574320196 0.5000000000000000
-0.5000000000000000 0.4263308640444867 0.3777649072471139
-0.5000000000000000 -0.2269471742865320 0.2535626870552657
-0.5000000000000000 -0.1008353037131520 0.2892510364943750
-0.5000000000000000 -0.0559429882197467 0.2010665884652453
0.2016427783694711 -0.5000000000000000 -0.1004973409627584
0.0887916206641037 -0.5000000000000000 -0.0271157744485565
0.1858362246347369 -0.5000000000000000 0.0287408170507461
0.0974211428821548 -0.5000000000000000 0.2478195743722260
-0.4667865925657651 0.1329549421539373 -0.5000000000000000
0.0813662470255636 0.0184853213823367 0.5000000000000000
-0.0227863039485066 0.0664176250215778 0.5000000000000000
0.0697511938231650 -0.0037820711561758 0.5000000000000000
0.0472690138436165 0.0293798842344243 0.5000000000000000
0.0304526694059824 -0.0271620997081656 0.5000000000000000
0.0561926276452617 0.1160949961828687 0.5000000000000000
-0.0295538247166540 -0.0118964973937355 0.5000000000000000
0.1746988506091371 0.0015935420339946 0.5000000000000000
0.5000000000000000 -0.2897122723146925 0.0750253635116855
0.5000000000000000 -0.2459737517393739 0.0699722960841057
0.3564886570249092 -0.2645284342305101 0.5000000000000000
-0.0124281532373163 -0.0473599698917234 -0.5000000000000000
0.5000000000000000 -0.2760388744974364 0.1390541752234833
0.5000000000000000 -0.2940124658235246 0.0030501138444420
0.5000000000000000 -0.3110462344763859 0.0899328110869070
0.5000000000000000 -0.3032763611498135 0.0446641288256049
-0.2289725014860937 0.1845917386513354 -0.5000000000000000
-0.2603465384713873 0.1942400771923249 -0.5000000000000000
-0.1945273144874175 0.2626188411041289 -0.5000000000000000
-0.2983799957631911 0.2648650104746914 -0.5000000000000000
-0.3220699516149069 0.2580621073556578 -0.5000000000000000
-0.2129616277177362 0.1473571838065462 -0.5000000000000000
-0.0862362517164117 0.1502095700941171 -0.5000000000000000
-0.0588184050103880 0.1480714259216685 -0.5000000000000000
-0.1107528657243960 0.1564286115751713 -0.5000000000000000
-0.0463776904531011 0.1693133289836949 -0.5000000000000000
0.0728014234655098 0.1354954998127232 -0.5000000000000000
-0.0950792664595337 0.2127881824722386 -0.5000000000000000
-0.0223189440779389 -0.0120272895088186 -0.5000000000000000
-0.0678862357326316 0.1813603103331080 -0.5000000000000000
-0.0839691627912487 0.0996424440666105 -0.5000000000000000
-0.1141772348681461 0.1333516764143435 -0.5000000000000000
-0.4365097955333792 -0.5000000000000000 0.4954004846654015
-0.5000000000000000 -0.4299623529592820 0.3336539044008890
-0.4484912399751460 -0.5000000000000000 0.3000216324237399
-0.5000000000000000 -0.4714010727471570 0.3629747272812955
-0.3892077868638979 -0.4972803269161848 0.5000000000000000
-0.3437847399069687 -0.5000000000000000 0.3858566463789374
-0.4115371564493776 -0.5000000000000000 0.2305861348230966
-0.3885862225418073 -0.5000000000000000 0.3892250483111638
-0.5000000000000000 -0.4488869731336436 0.3957369568516277
0.2592442508572333 0.3489451173369237 -0.5000000000000000
0.2846209047781462 0.3339274639396067 -0.5000000000000000
-0.5000000000000000 0.1989186640771119 -0.2034016350519135
-0.5000000000000000 0.1609591317350098 -0.2216043805816367
-0.5000000000000000 0.0950690593810197 -0.2633231390973374
-0.2325603162025112 0.5000000000000000 0.3344420940401224
-0.1326300787997410 0.5000000000000000 0.2362820400321123
0.2389913190815683 0.0961907138462587 0.5000000000000000
0.2134357754818068 0.0769288014249319 0.5000000000000000
-0.5000000000000000 0.1932500351501206 -0.1569380032851393
-0.5000000000000000 0.2255486185489897 -0.1411602204303238
-0.4819981429496474 0.2010843235199762 -0.5000000000000000
-0.5000000000000000 0.1425344493228791 -0.1040038827244933
-0.5000000000000000 0.1874355443235362 -0.2468613406842990
-0.5000000000000000 0.2291140356495432 -0.2187425594467642
0.5000000000000000 0.1579019741757272 -0.3192375282555034
0.5000000000000000 -0.0127729846226566 -0.0638685431464278
-0.0374155713938655 0.0908409431450774 0.5000000000000000
-0.0444931015737814 -0.5000000000000000 -0.2103161826606190
-0.1152898710835795 -0.5000000000000000 -0.1340627531613682
-0.0315359376129399 -0.5000000000000000 -0.2899372212205410
-0.0452043610633542 -0.5000000000000000 -0.3060072012071847
-0.0673667897130351 -0.5000000000000000 -0.3074358896796351
-0.1552619893198591 0.5000000000000000 -0.3016914489485393
-0.2680671946264235 0.5000000000000000 -0.4158940226746666
-0.2863722206770132 0.5000000000000000 -0.4222470191939882
-0.3049727466919200 0.5000000000000000 -0.4351798666615374
-0.3094944304289168 0.5000000000000000 -0.3620823628761480
-0.0861740001645838 0.5000000000000000 0.2040129658495090
0.4468561843865561 0.0862441164044535 0.5000000000000000
-0.5000000000000000 -0.3538427534276331 0.2964550129417480
-0.5000000000000000 -0.2850183420279832 0.3869030820179696
-0.5000000000000000 -0.3364596008284554 0.2422144762121695
-0.4248131937515264 -0.2393868195037158 0.5000000000000000
-0.4986330709811295 -0.1814490150726348 0.5000000000000000
-0.5000000000000000 -0.2287507540774144 0.3622964584414581
0.2340042469539114 -0.3102920701899158 -0.5000000000000000
0.1431991564708503 -0.2424858701136043 -0.5000000000000000
0.2001838803451459 -0.2802861235938374 -0.5000000000000000
0.2809404967653604 -0.3406205758052364 -0.5000000000000000
0.4096569425596608 -0.2794952891793293 -0.5000000000000000
-0.4337699901987007 -0.4650781858603755 0.5000000000000000
0.1162316944262506 -0.3403313842567320 0.5000000000000000
0.5000000000000000 -0.4868678853728708 0.3299103863366253
-0.5000000000000000 0.3717285668113838 -0.2807222697778017
-0.5000000000000000 0.3424011470808512 -0.2061405826182605
-0.5000000000000000 0.4407238196472523 -0.1548946115898956
0.2832099392765687 0.1714656819755292 0.5000000000000000
0.3200776169940119 0.1595417365086332 0.5000000000000000
0.3275155602916194 0.1283642202969975 0.5000000000000000
-0.0405585053833686 0.1093981643051668 0.5000000000000000
-0.0240587955914375 0.1076784351562371 0.5000000000000000
-0.0682414283858826 0.0804068492077570 0.5000000000000000
-0.0671171887271315 0.2224467441362529 0.5000000000000000
0.0044748942503469 0.0885501274969133 0.5000000000000000
-0.0513580231095083 0.0564368507858353 0.5000000000000000
-0.0358117325339776 0.0885769859294647 0.5000000000000000
-0.2250500350298567 0.1897039388894243 0.5000000000000000
-0.3431339120157619 0.1726723369447140 0.5000000000000000
0.0115674600788764 0.2427276986877894 0.5000000000000000
0.0580894767799133 0.2489597560115406 0.5000000000000000
-0.0662951054520162 0.1191013947745866 0.5000000000000000
-0.1376396578838251 -0.1508760551128244 0.5000000000000000
-0.0766028715111644 -0.2787448319971091 0.5000000000000000
-0.1979898605766561 -0.1489137869756749 0.5000000000000000
-0.1564035912609256 -0.1202210563001748 0.5000000000000000
-0.1825635524442571 -0.1859416264380768 0.5000000000000000
-0.3560966217653351 -0.0758434466001804 0.5000000000000000
-0.3379154471300858 0.0164942965994427 0.5000000000000000
-0.4626332669304016 -0.1145291137869756 0.5000000000000000
-0.5000000000000000 0.0435931992351754 -0.0181681416936293
-0.5000000000000000 -0.0077266246451133 0.1193815355349158
-0.5000000000000000 0.0676029044476441 -0.1525000902767737
0.2529199301456436 0.2903053179230134 -0.5000000000000000
0.1072583262646186 0.1369065640604329 -0.5000000000000000
0.2031966035524936 0.2698872342640326 -0.5000000000000000
-0.5000000000000000 -0.4691921222122572 -0.1766355129704958
0.1479294601101330 -0.5000000000000000 -0.1096830981176800
-0.0157344764493900 -0.5000000000000000 -0.0816925107769009
-0.0723053521340909 -0.5000000000000000 -0.0188188858175419
-0.0339713717528317 -0.5000000000000000 -0.0734437756161495
0.4720125622590529 -0.5000000000000000 -0.4044860736064665
0.3620128304356754 -0.5000000000000000 -0.1116412907982863
0.2134780405338382 0.5000000000000000 0.1349844213882927
0.3008914379738976 0.5000000000000000 0.1381125214851259
0.2926286162934146 0.5000000000000000 0.0270745780330645
0.1994256692353470 0.5000000000000000 -0.1472639695871367
0.2036991422962106 0.1110347589370423 0.5000000000000000
0.2681925147430415 0.1124908626354451 0.5000000000000000
0.1566971617245367 0.1771143128917689 0.5000000000000000
0.2443879198982666 0.2119158853909278 0.5000000000000000
-0.5000000000000000 0.3169731127424343 -0.2815279041936101
-0.5000000000000000 0.3821299859967356 -0.2880310215232399
-0.5000000000000000 0.3404490890488566 -0.3509014817494712
0.2182739437663368 0.0102698164981575 -0.5000000000000000
0.1960088366192166 0.0103423869935815 -0.5000000000000000
0.2264385811618219 0.0287937302794800 -0.5000000000000000
0.1321600757177396 0.0867464454226910 -0.5000000000000000
0.1800674438558807 -0.0035971548718257 -0.5000000000000000
0.1690562245556317 0.0177257837955522 -0.5000000000000000
0.4368295099744274 -0.3752707502986414 -0.5000000000000000
0.4350007313070799 -0.2749976019074692 -0.5000000000000000
-0.5000000000000000 0.1588594834914757 -0.1485566486320212
0.0813652175694421 -0.0788651231213112 -0.5000000000000000
0.0072117032458623 -0.0516898015391328 -0.5000000000000000
0.1619789362570595 -0.1394781150192707 0.5000000000000000
0.1657198579274564 -0.1441878000980011 0.5000000000000000
0.1660754359531253 -0.1480790485832758 0.5000000000000000
0.1826568924013222 -0.1199123670409444 0.5000000000000000
0.1421815853589899 -0.1450893581220697 0.5000000000000000
0.1575490681679099 -0.1566163922965621 0.5000000000000000
-0.3469269822653667 -0.2043957502468745 0.5000000000000000
-0.2963081412660661 -0.1754822603250638 0.5000000000000000
-0.3879981675775129 -0.1738895930302500 0.5000000000000000
-0.3519040897578663 -0.1006131321712471 0.5000000000000000
-0.3284513373211185 -0.1525234764615545 0.5000000000000000
-0.4033049216682894 -0.2087501963221387 0.5000000000000000
-0.4236985785930412 -0.1413281813434760 0.5000000000000000
-0.4018135951409676 -0.5000000000000000 -0.3682619610083412
-0.2882497430868689 -0.5000000000000000 -0.4613751679950391
-0.2085572379573785 0.1918290314828816 0.5000000000000000
-0.1678807830784407 0.0966324462460023 0.5000000000000000
0.2620817435832201 -0.2728540464650966 -0.5000000000000000
0.4284579044579657 -0.2706564593943723 -0.5000000000000000
-0.5000000000000000 0.0495982139328802 -0.4014019345860632
0.5000000000000000 0.4695520068427422 -0.2740276408148452
0.5000000000000000 0.4673017108617500 -0.2468196501475297
0.4439355459122055 0.5000000000000000 0.3597203416234434
0.3911878730275257 0.5000000000000000 0.4083257463544182
0.4431374079473214 0.5000000000000000 0.3039199846071349
0.4427298158643024 0.5000000000000000 0.3329423735946711
0.4229787059819712 0.5000000000000000 0.3772464379667816
0.4012409755916254 0.5000000000000000 0.3235964891092526
-0.0476829482532003 -0.1408210130717771 0.5000000000000000
-0.0278085010155409 -0.2666476196989750 0.5000000000000000
0.0038824263062897 -0.1419979194309867 0.5000000000000000
0.0170100680612595 -0.1880555370941261 0.5000000000000000
0.0759655717349231 -0.1498568397401978 0.5000000000000000
0.2713101928057319 -0.1326073368432231 0.5000000000000000
0.2703043424406451 -0.1528250219995237 0.5000000000000000
0.3107758492196838 -0.1111941221065224 0.5000000000000000
0.4603194869029045 0.4132612390626548 0.5000000000000000
0.3822908219944793 0.4332077368309575 0.5000000000000000
-0.4700271946522183 0.5000000000000000 -0.4675349358817023
-0.3288006131294818 0.4331063026103522 -0.5000000000000000
0.0953989949674697 -0.2181118028526728 -0.5000000000000000
-0.3703017840390773 -0.3268352790945317 0.5000000000000000
-0.5000000000000000 0.1488403857255949 0.3501170749975356
0.3886915077799534 0.1052797219514234 0.5000000000000000
0.3780801684984832 0.1312542496704463 0.5000000000000000
0.3151969729918093 0.1212354628956482 0.5000000000000000
0.0488575038041383 -0.3570774680403292 0.5000000000000000
0.0079218653161483 -0.4049803150309838 0.5000000000000000
0.1002678776661624 -0.5000000000000000 0.2763217643604725
-0.3598218838113361 0.5000000000000000 0.2884199075901927
-0.2751705418561081 0.5000000000000000 0.2257096843228087
-0.3331577370135790 0.5000000000000000 0.4499951020955147
-0.3631525385217269 0.5000000000000000 0.4127847588062790
-0.3421254795069649 0.5000000000000000 0.4549471880800252
0.0962354016994260 -0.3579723346681489 -0.5000000000000000
0.0956681587088030 -0.2695995088891405 -0.5000000000000000
0.0924771091048135 -0.3265600369129561 -0.5000000000000000
0.0415566593992682 -0.3642039908275765 -0.5000000000000000
0.0583805489405730 -0.3975002546699593 -0.5000000000000000
0.0214500438984759 -0.3852112010538916 -0.5000000000000000
0.5000000000000000 0.1672957791789729 -0.3309880555938227
0.1939546570064110 0.5000000000000000 -0.1719378379203634
0.4146950312436128 0.3578598585111094 0.5000000000000000
0.3621922279725676 0.4083712154660208 0.5000000000000000
0.3492498215672348 0.3728388983141124 0.5000000000000000
0.2709782519738232 0.2865441102440413 0.5000000000000000
0.3211227978423462 -0.0474601960646891 0.5000000000000000
0.3318897312762670 -0.0402589870917302 0.5000000000000000
0.3252345764221242 -0.0456629356695330 0.5000000000000000
0.3352179004367831 -0.0454035908823267 0.5000000000000000
0.3303495903943115 -0.0447908316203786 0.5000000000000000
0.3225876388707412 -0.0385409447545000 0.5000000000000000
0.4530770448039495 -0.4677923530990089 0.5000000000000000
-0.5000000000000000 0.0653216842084684 -0.3312548500121030
0.2181598348484171 -0.1899669120780810 0.5000000000000000
0.2184855268673485 -0.2045886230188856 0.5000000000000000
0.1979885692781044 -0.2375966825164930 0.5000000000000000
0.1337351788506575 -0.1658197253006182 0.5000000000000000
0.1853521777543414 -0.2418543199391158 0.5000000000000000
0.4218150797256855 0.1577047326248339 0.5000000000000000
-0.3837082733088708 0.5000000000000000 0.2548753452744714
-0.4624480719272864 0.5000000000000000 0.3694185037776650
-0.5000000000000000 -0.3980250238312842 0.2592789272939217
-0.5000000000000000 -0.4058558224871023 0.3586155909743518
0.2430174036517062 0.5000000000000000 0.4657089560318731
0.3130800317405993 0.5000000000000000 0.4737670250187292
0.2878667233156979 0.5000000000000000 0.4914866667157077
0.2842588882329247 0.5000000000000000 0.4857115552734509
0.3039645129226115 0.5000000000000000 0.4184450856033335
0.2688211671270458 0.5000000000000000 0.4922186828293788
0.4832496765333563 -0.5000000000000000 0.2975841140282711
0.5000000000000000 -0.4799298050780509 0.2867964124832100
0.4901351023760545 -0.5000000000000000 0.3360484280960602
0.4694120903890738 -0.5000000000000000 0.3294145057960908
0.5000000000000000 -0.4515644415086062 0.3400575996061465
-0.5000000000000000 0.2793056436427277 -0.0873242774285350
-0.5000000000000000 0.3065081726521368 -0.0592063216652785
-0.5000000000000000 0.2786070013805220 -0.2199832163144778
-0.4115126421082965 0.5000000000000000 0.0425787932123467
-0.3707791661795781 0.5000000000000000 0.1857782574852210
-0.2802528949210827 0.5000000000000000 0.1241075100361360
-0.4162302706947030 0.5000000000000000 0.0348389960583008
-0.4184135443411418 0.5000000000000000 -0.0347345314210414
-0.4059791609297760 0.5000000000000000 0.0127037867835195
0.4044754330545809 0.0535254030489276 0.5000000000000000
0.4336953131678528 0.0517818027262016 0.5000000000000000
0.4384277942645788 0.0352159496725660 0.5000000000000000
0.3641417448239840 0.1022192929697324 0.5000000000000000
0.5000000000000000 0.0523802626087188 0.4802657256900612
0.4741934102312469 0.0997070223478260 0.5000000000000000
0.5000000000000000 0.0936830909866603 0.3793443799273045
0.4496999278669305 -0.4384976606641752 -0.4972095330407958
0.4890198763524286 -0.4066042249285758 -0.5000000000000000
0.4580802451655324 -0.3072891302340189 -0.5000000000000000
0.2733537278076362 -0.0091964838953233 -0.5000000000000000
0.2418898406047931 -0.0140439711592839 -0.5000000000000000
0.2977988665024321 -0.0537847005639812 -0.5000000000000000
0.2060358463312539 -0.0383089480913895 -0.5000000000000000
0.2035448608473701 -0.0852376556262934 -0.5000000000000000
0.0945180349163290 0.2406459758022082 0.5000000000000000
0.2204888346432908 0.2754510887407690 0.5000000000000000
-0.2610284169412564 -0.5000000000000000 -0.2032979021472423
-0.1916878815486296 -0.5000000000000000 -0.2536163231845710
-0.5000000000000000 0.3156246467038453 0.1036203968980798
-0.5000000000000000 0.2706650288798181 0.0615624016418874
-0.4094593760428338 -0.5000000000000000 -0.1535580681348584
-0.3865007757779055 -0.5000000000000000 -0.2023626845656825
-0.3902703714331865 -0.5000000000000000 -0.2083440595935618
-0.3529613589819928 -0.5000000000000000 -0.2655236079629583
0.0565353203674690 -0.0740383271863854 0.5000000000000000
0.2022062198298551 0.0482960589110362 0.5000000000000000
0.0606092474102399 0.1061047052725834 -0.5000000000000000
-0.1305646859566673 0.4982703829725672 -0.2768992808755881
0.1511207989877045 0.5000000000000000 0.1483690827492787
0.0792224310621162 0.5000000000000000 -0.0143033224108091
0.1867490998227294 0.5000000000000000 -0.1446963500448041
0.5000000000000000 -0.2553228626380410 0.1671239721996636
0.5000000000000000 -0.2878023363285221 0.2227798349505364
0.5000000000000000 -0.2783495455196126 0.2077977967028216
0.3592369343338568 -0.2649208652345709 0.5000000000000000
0.5000000000000000 -0.2592052004476380 0.2344334373184420
0.5000000000000000 -0.2633479355087641 0.3505929833525832
0.5000000000000000 -0.2891574827136951 0.3203415738977138
0.5000000000000000 -0.2526305487383832 0.2259953520175865
0.1896990209595728 0.2861316341709538 -0.5000000000000000
0.1542019640589084 0.3325102746389194 -0.5000000000000000
-0.4553896195433592 0.2383094716231611 -0.5000000000000000
-0.4768611844569695 0.1923312986468901 -0.5000000000000000
-0.4770520392532843 0.1702416136449679 -0.5000000000000000
-0.2436021193876029 -0.1810800824305606 0.5000000000000000
-0.2304395133503257 -0.2035094243994813 0.5000000000000000
-0.1880750411826211 -0.5000000000000000 0.2219683103937577
-0.1928137641025887 -0.5000000000000000 0.1641517211268326
-0.1628730349770644 -0.5000000000000000 0.0894301295022831
-0.2612093622695122 -0.5000000000000000 0.2925244525038005
0.3494884875439291 -0.2601788309094459 0.5000000000000000
0.2648792138472812 0.3167710992145508 -0.5000000000000000
0.2817153485853772 0.3122265890163667 -0.5000000000000000
0.2778033606731452 0.2681011363876322 -0.5000000000000000
0.3083164338280048 0.2582234888138744 -0.5000000000000000
0.0811556602691472 0.4299432590338710 0.5000000000000000
0.0920626567607417 0.3167348732500687 0.5000000000000000
0.2046279434852476 0.3360638046390064 0.5000000000000000
-0.0232087047665476 -0.0540369413779989 -0.5000000000000000
-0.1069676371017261 -0.1280889524375825 -0.5000000000000000
-0.0946031382960772 -0.0529864912889132 -0.5000000000000000
-0.0812292493887537 -0.0919301924733180 -0.5000000000000000
-0.1427634171597605 -0.0950340863904628 -0.5000000000000000
0.3298989723375268 0.0464921482526427 -0.5000000000000000
0.3851056593166929 0.0104850329130260 -0.5000000000000000
0.3319084097018643 0.0644581979759017 -0.5000000000000000
0.3567837105460239 0.0487668547129854 -0.5000000000000000
-0.5000000000000000 -0.4418884465950820 -0.1725980642289319
-0.5000000000000000 -0.4721754696708829 -0.1353757413705214
-0.4738546480250139 -0.5000000000000000 -0.1305662571554934
-0.5000000000000000 -0.4660865607638346 -0.1138390630042772
-0.4956573753843482 -0.5000000000000000 -0.0970821461459111
-0.3780413444275789 -0.3928874309311977 -0.5000000000000000
-0.5000000000000000 -0.4629924490591578 -0.1378657845242180
0.3784228461380650 -0.4089073811821981 -0.5000000000000000
-0.5000000000000000 -0.0576462123576657 -0.2001089744740190
-0.3398484073621268 -0.2400626074414317 -0.5000000000000000
-0.3019329283735832 -0.0349555938720050 -0.5000000000000000
-0.5000000000000000 -0.2475778490470209 -0.2838048756341374
-0.3605044847119522 -0.0686511653166003 0.5000000000000000
-0.5000000000000000 0.1291199031721066 0.3707910505684238
-0.5000000000000000 -0.0100859866250698 0.4065474054329339
-0.3390839484163523 0.0183489517441359 0.5000000000000000
-0.4242420412059139 -0.0156277098999735 0.5000000000000000
-0.4798385034988580 0.0034515863850930 0.5000000000000000
-0.4702494806313312 -0.1014834958714816 0.5000000000000000
-0.0803336157216010 0.4469873861194988 -0.5000000000000000
-0.0353733951119031 0.5000000000000000 -0.1666233380964960
0.0808975028647760 0.4274955176946731 -0.5000000000000000
-0.0215035206874929 0.5000000000000000 -0.1328990729410199
0.0051586365709455 0.5000000000000000 -0.2352829306832257
-0.5000000000000000 -0.0361691600430433 -0.1668411073832977
-0.5000000000000000 0.0794521107321756 -0.0208746823929209
-0.5000000000000000 -0.3194751317051263 -0.2098943997384526
-0.3308406713408705 -0.0809344793301195 0.5000000000000000
-0.2986178939570184 -0.0717976966556260 0.5000000000000000
-0.3167791059210920 -0.1025489364194606 0.5000000000000000
-0.0881868565575377 0.4583609166500756 -0.5000000000000000
-0.1069207570383305 0.5000000000000000 -0.2978179573131878
0.0772884611578024 0.4300125411341940 -0.5000000000000000
-0.1213663873136793 0.2648365037724723 0.5000000000000000
-0.1679367387006205 0.3175352662117266 0.5000000000000000
-0.1771302254975807 0.3050698457139683 0.5000000000000000
-0.0971643327553099 0.1691157242409561 0.5000000000000000
0.2545553860104220 -0.5000000000000000 -0.1733155603833323
0.5000000000000000 -0.3682026643295869 -0.3281586563157847
0.3776044050443726 -0.5000000000000000 -0.4944931954920795
0.3337854017479469 -0.3907614102158571 -0.5000000000000000
0.2854569232018314 -0.5000000000000000 -0.0885523574687372
0.2312437962124010 -0.5000000000000000 -0.1324504698642683
0.2125410952050634 -0.5000000000000000 -0.1344274766069775
-0.5000000000000000 -0.0788193949693716 -0.1600912002124574
-0.5000000000000000 -0.0434322237990898 0.0256333136074927
-0.5000000000000000 0.0096557635113496 -0.2333103488498469
0.3505871235844583 0.0985905074069665 -0.5000000000000000
0.5000000000000000 0.1654208746345952 -0.3327226929562824
0.5000000000000000 0.0393725328326167 -0.4190695635039759
0.3903134310649940 0.0247183821795643 -0.5000000000000000
0.4194472030179927 0.0879578775464355 -0.5000000000000000
0.3514505336665887 0.1133799763613566 -0.5000000000000000
0.3841654655362957 0.1340132231442410 -0.5000000000000000
0.3696386271080545 0.0821366325074948 -0.5000000000000000
0.5000000000000000 -0.0197257803026773 0.3991046705536925
0.5000000000000000 -0.0775452709582655 0.4485076910953108
0.5000000000000000 -0.0825259629070633 0.4178655156279021
0.5000000000000000 -0.1362066422585685 0.4382913207902250
0.3637640979050444 0.0018086465281324 0.5000000000000000
0.3056455110253576 -0.0008312523918080 0.5000000000000000
0.5000000000000000 -0.0451811379541207 -0.3654843039670396
0.5000000000000000 -0.0273022267648978 -0.2097972926153595
0.5000000000000000 -0.0289075089382718 -0.2715826977656437
-0.0366435568860600 -0.3117982899938933 0.5000000000000000
0.0954782701575382 -0.1461522323845559 0.5000000000000000
0.0047777862481690 -0.0879923103035623 0.5000000000000000
-0.0918639499364741 -0.0991962874698498 0.5000000000000000
-0.1127484497268963 -0.0987583960870827 0.5000000000000000
0.2832191837822306 0.3856896515735059 -0.5000000000000000
0.3026023637451181 0.3603650355977424 -0.5000000000000000
0.1974430034269399 0.5000000000000000 -0.1853816849419838
0.2617105574180668 0.5000000000000000 -0.3575907669862838
0.5000000000000000 0.3108374366400157 0.0730277932040806
0.5000000000000000 0.2435499591384072 0.2831210049385845
0.5000000000000000 0.3012799950690717 0.3113893496871545
0.5000000000000000 0.2279043885973068 0.1941275774427834
0.5000000000000000 0.1717785950789387 0.2516321520629224
0.0114378328069612 -0.3391210841299996 0.5000000000000000
-0.0117906936595233 -0.3011224337799150 0.5000000000000000
-0.0145504204246794 -0.3617431457583716 0.5000000000000000
-0.0108290579042478 -0.3223128423240686 0.5000000000000000
-0.0227795495343950 -0.3345577886777022 0.5000000000000000
-0.5000000000000000 0.0951850487182458 -0.0317725000037443
-0.5000000000000000 -0.3249537450645951 0.4724937623063611
0.1707336206453914 0.0938979624771728 0.5000000000000000
0.5000000000000000 0.3673570462613293 -0.0647590899390467
0.5000000000000000 0.4119577270923035 0.0688886762225987
0.5000000000000000 0.4023920040338479 0.1116229875270175
0.3948332149409474 -0.0083928375612701 -0.5000000000000000
0.4252887425984758 -0.1753766831418752 -0.5000000000000000
0.4113299599841129 -0.0987031749060493 -0.5000000000000000
0.4064943674341172 -0.0672883148649442 -0.5000000000000000
0.0030608429115509 0.5000000000000000 -0.1261291411748552
0.0195104110556911 0.5000000000000000 -0.0809724443462480
-0.5000000000000000 0.4232646766486756 0.3472050517056632
-0.5000000000000000 0.3973681876504284 0.1929781465434105
0.1982111934501714 -0.3719280742616188 -0.5000000000000000
0.3280957705957960 -0.3868655194721945 -0.5000000000000000
0.4038681937352157 -0.2108676856645412 -0.5000000000000000
0.2034646410946090 -0.2170492989189105 -0.5000000000000000
0.4187966964706222 -0.0404460101167669 0.5000000000000000
0.3422444923193129 0.0967166172101392 0.5000000000000000
0.5000000000000000 0.0024931299801079 0.1900991388442118
0.5000000000000000 0.0033560451042011 0.4085036565668550
0.5000000000000000 -0.0036845003109200 0.3173183781760661
0.5000000000000000 0.0320160897747316 0.3210485849134862
0.5000000000000000 0.0076235184636443 0.3465032666789906
0.5000000000000000 -0.2593847383686208 -0.0951433766322499
0.5000000000000000 -0.1169407005653035 -0.0759319973687625
0.5000000000000000 -0.2026456192532989 0.0111166733410380
0.4405129802818075 -0.2036554227166830 -0.5000000000000000
0.4429243690452094 -0.1465313588284544 -0.5000000000000000
0.3310596869834349 -0.4928131866785971 -0.0482327805577528
-0.1780271241583943 -0.5000000000000000 0.3866165040245794
-0.2605745223964475 -0.3205067380429182 -0.5000000000000000
-0.2744524866350462 -0.4718130231495778 -0.5000000000000000
-0.5000000000000000 0.1423577012458404 0.3731160425740848
-0.5000000000000000 0.1493218177221609 0.3672739759195793
-0.5000000000000000 0.1747029529149924 0.4465895724220674
-0.5000000000000000 0.1439437772864832 0.3983384998426552
-0.5000000000000000 0.0886241224911477 0.3164712797162040
-0.5000000000000000 0.1053014890296725 0.1342520449181750
0.5000000000000000 -0.4512114911139125 0.1580150640688243
0.5000000000000000 -0.3663642704799225 -0.2522535840776289
0.3089056989923744 -0.5000000000000000 -0.0378636314910940
0.5000000000000000 -0.4932948753047326 -0.0976335059611225
-0.1001945595919504 0.4199443687952307 -0.5000000000000000
0.0757843624614875 -0.3454583838313111 0.5000000000000000
0.2965046439614444 0.5000000000000000 0.1433634402024994
-0.0704303763949026 0.2821523195925880 0.5000000000000000
-0.0784926155123310 0.5000000000000000 0.4917738360501681
0.5000000000000000 0.3835435079943301 0.4280501544400498
0.4633396055640214 0.4320529246144318 0.5000000000000000
0.5000000000000000 0.3933114143492253 0.3797973300459411
0.5000000000000000 0.4553444424203391 0.2733615759778915
0.5000000000000000 -0.4164420601062098 0.1973949896937385
0.5000000000000000 -0.4316261683926044 0.1665087876128474
0.3550211289333994 0.5000000000000000 0.4605112322358054
0.5000000000000000 -0.3236891568150674 -0.2676418527171740
0.5000000000000000 -0.2234010178016342 -0.3014489245080155
-0.2060358576115469 0.1936957829081419 0.5000000000000000
-0.2088559876783840 0.1923166333846631 0.5000000000000000
-0.2098655155009826 0.1952655652024104 0.5000000000000000
-0.2005475708372172 0.1869428998201781 0.5000000000000000
-0.3312791036281638 0.0166152205112870 0.5000000000000000
-0.3155925587048126 0.0920566163878292 -0.5000000000000000
-0.3608078164779824 0.4949489439578997 0.2290377072389141
-0.2489748483977006 0.4949386800631698 0.1484626235882265
-0.2768358872118897 -0.5000000000000000 -0.3785368190864198
-0.0790804057340862 0.2694948651155041 0.5000000000000000
0.5000000000000000 -0.3147390010826577 -0.3595486785468257
0.5000000000000000 -0.3427496776482200 -0.2213330767603292
0.5000000000000000 0.1755745061667190 0.3977833349435356
-0.4238680365683327 0.1635173514716317 0.5000000000000000
-0.4835318977293738 0.0792326878978684 0.5000000000000000
0.4201758890291139 -0.0737431067756278 0.5000000000000000
0.4504353693568343 -0.1354883818817005 0.5000000000000000
0.5000000000000000 -0.0478925246791273 0.4666002373358245
-0.5000000000000000 0.4404407062244519 0.3683547327139586
0.0971750827282819 0.1394196500372371 -0.5000000000000000
0.1233383196052425 0.1318275298870183 -0.5000000000000000
0.1032128144939036 0.1262966127058964 -0.5000000000000000
0.1037804992254663 0.1430687830484399 -0.5000000000000000
-0.4731482380276243 0.5000000000000000 -0.1067188303702410
-0.4216629670320856 0.1903759908005465 0.5000000000000000
-0.1606858653105076 0.3530925718244380 -0.5000000000000000
-0.5000000000000000 -0.0368417020072620 0.3823799287950639
-0.4189302891218586 -0.2188461058763059 0.5000000000000000
-0.4782636909504722 -0.1289769909084592 0.5000000000000000
0.0770074878733648 -0.2514050190475571 0.5000000000000000
0.0986979649420680 -0.1634144178472776 0.5000000000000000
0.1034811978517373 -0.2685116186468535 0.5000000000000000
-0.0195247169268872 -0.0527215651732436 -0.5000000000000000
-0.5000000000000000 0.3288882313809293 0.1054352240366931
-0.5000000000000000 0.3888025284658697 -0.0219906597875150
-0.5000000000000000 0.3406514132610429 0.0372916815366262
0.3825109056161384 0.4846470056865742 0.5000000000000000
0.3481723963676899 0.4755220211407669 0.5000000000000000
0.5000000000000000 0.1564069587658432 -0.3201228196109093
0.5000000000000000 -0.0173133843680903 -0.0859405993809346
0.5000000000000000 -0.0368517526375314 -0.1686056012307836
0.5000000000000000 0.1669191441979802 -0.3297564921640313
-0.3922160102929891 -0.4702557604156145 0.5000000000000000
0.5000000000000000 -0.0400848725593679 0.1107938611905853
0.5000000000000000 -0.0872566727801741 0.2778157791747668
0.5000000000000000 -0.0698797621499498 0.3307466614866096
0.5000000000000000 -0.1054240683511782 0.3356664517173795
-0.3043986729287095 -0.2825935532442227 -0.5000000000000000
-0.3686532844087996 -0.2789955214620730 -0.5000000000000000
-0.3277994028260427 -0.2336403351768878 -0.5000000000000000
-0.2976650612638195 0.4713172685058419 0.5000000000000000
-0.3399378072939673 0.4921720879656490 0.5000000000000000
-0.3021634041995868 0.4548028719492649 0.5000000000000000
0.0825253461740175 -0.5000000000000000 -0.1770803835402050
-0.0030885807494600 -0.0457312977625631 -0.5000000000000000
0.0073198525663464 -0.0297995614441196 -0.5000000000000000
-0.2700655681619928 0.0546256587400213 -0.5000000000000000
-0.3669450964561896 0.0475078853251631 -0.5000000000000000
-0.2839813650986155 -0.0399290143746756 -0.5000000000000000
0.2161377464144400 0.2931250128312891 -0.5000000000000000
0.2166590106077470 0.3504048563923952 -0.5000000000000000
-0.1889559842796838 0.4085959097075231 0.5000000000000000
-0.1971324450187272 0.3936162695118279 0.5000000000000000
0.1911833546660627 0.5000000000000000 -0.1539577190188274
-0.5000000000000000 -0.3996789038098730 0.1458102583352961
-0.5000000000000000 0.1280669848092081 0.4254201218755587
-0.5000000000000000 -0.0330149747226718 0.2454207333056171
0.5000000000000000 0.2035913754623661 0.4703988518011541
0.5000000000000000 0.2513208154673607 0.3781053084475111
0.3580422716455005 0.1161674033327759 0.5000000000000000
0.4621828028384454 0.1377795950121491 0.5000000000000000
0.5000000000000000 0.1286367399975635 0.3532639926497919
0.4501009274282692 0.1542804519723835 0.5000000000000000
0.3277131952913661 0.1054603684767841 0.5000000000000000
0.5000000000000000 0.1004457045219619 0.2429361026707345
0.2446261127086910 -0.5000000000000000 -0.0293894155316795
0.1296125796790024 -0.5000000000000000 0.2196791524274752
0.3256876361409286 0.1089841684447553 0.5000000000000000
0.5000000000000000 -0.3683166375026609 0.2219568904643748
0.0358964761364955 -0.0829952389288500 0.5000000000000000
0.4482374254104353 -0.1913995734561680 0.5000000000000000
0.3625564087120293 -0.2592814127347758 0.5000000000000000
0.5000000000000000 -0.2097079466016893 0.3807440546566155
0.5000000000000000 -0.2516109342309442 0.4407192900465760
0.5000000000000000 -0.1882720922623808 0.3689109398006455
-0.2183874850956970 0.5000000000000000 0.1172070813097435
-0.2505501207055801 0.5000000000000000 0.1140835026478458
0.5000000000000000 0.1657027338765898 -0.3315384551252430
0.5000000000000000 0.1690121039373287 -0.3276689978273455
0.5000000000000000 0.1668658476977717 -0.3313437941769665
0.5000000000000000 0.1624359963183793 -0.3274618176333414
-0.3302742239852841 0.0239335633196809 0.5000000000000000
-0.3226243457230847 0.0169196366119287 0.5000000000000000
0.3021934643748840 0.5000000000000000 0.1371669493387466
0.3495466113470080 0.5000000000000000 0.1840307663118226
0.3066464890804310 0.5000000000000000 0.1530726691937934
-0.1449440671484412 -0.4946254159339964 -0.0676458168182481
-0.1406493518185952 0.4885324953217949 0.5000000000000000
-0.4299611964891608 0.4463474598885248 0.5000000000000000
0.5000000000000000 -0.3623486673564491 0.1866749154106781
-0.5000000000000000 0.3191692379276739 0.1353825875549648
-0.5000000000000000 0.4045480679699386 0.3018513298180914
-0.5000000000000000 0.3588451647137073 0.1428915747594288
-0.2848167556832077 0.2446939264509332 0.5000000000000000
-0.2392945566574666 -0.2810300114667291 -0.5000000000000000
-0.1558901367611207 -0.3581562464428972 -0.5000000000000000
-0.3274983585511740 -0.3506407955156597 -0.5000000000000000
-0.2570699363631604 -0.2937294094704036 -0.5000000000000000
0.0013182824140748 -0.0709021207153138 0.5000000000000000
0.0736475499649378 -0.1160360613078090 0.5000000000000000
-0.2105591176879715 0.0574667136693477 0.5000000000000000
-0.1472219829139356 0.0084490812918000 0.5000000000000000
-0.0899323993450326 0.0898087154975795 0.5000000000000000
-0.1345690147637439 -0.2041602737667402 -0.5000000000000000
-0.1971813309839078 -0.1484279515193572 -0.5000000000000000
-0.2800819234096904 0.3272499990314062 -0.5000000000000000
-0.2822485766139365 0.4057346258091274 -0.5000000000000000
-0.0714550914796418 0.2789210856730000 0.5000000000000000
0.3304228757133673 -0.3884223152397469 -0.5000000000000000
0.4259044087608729 -0.2190971047672539 -0.5000000000000000
-0.2847894122493011 -0.5000000000000000 0.3962887915807465
0.3889579432547742 0.1483455075875830 -0.5000000000000000
-0.5000000000000000 0.1048862274538634 -0.0128072415195087
-0.5000000000000000 0.1130323560993482 -0.0867309589623660
-0.5000000000000000 0.0865262405107634 -0.1105823490984574
-0.0680531175610310 0.2713678833145145 0.5000000000000000
-0.0573036914375415 0.2712180960934519 0.5000000000000000
-0.0752342998164695 0.2243120960757560 0.5000000000000000
-0.0331545885871538 0.5000000000000000 0.0598589208949807
-0.4898140171363307 0.2028979763613040 0.5000000000000000
-0.5000000000000000 0.2758583038457178 0.4490903566614272
-0.5000000000000000 0.1474876162423434 -0.2865570319440228
-0.5000000000000000 0.0894773471335620 -0.3182816865995077
0.1155701673195178 -0.5000000000000000 0.2574949593051581
0.1318288698316591 0.1742264343190597 0.5000000000000000
0.2607058944551929 0.0285814867867502 0.5000000000000000
0.5000000000000000 0.2710736218339069 0.0573489543526936
0.2001277559757982 0.5000000000000000 -0.1604180727950213
0.4850342317736418 0.3467948321020859 -0.5000000000000000
0.0412667668762210 0.3581348863369456 -0.5000000000000000
0.0942358080216456 0.4176006983980205 -0.5000000000000000
-0.4059367232574372 0.4139049999442941 0.5000000000000000
-0.3016117989230667 0.3562049518536980 0.5000000000000000
-0.1533844857468280 -0.3586130293987548 -0.5000000000000000
0.5000000000000000 -0.0051923203705688 -0.3013824074299790
0.5000000000000000 0.3930848746018301 0.2972584634497378
0.4965085093010776 0.3645718305353733 0.3588786170080759
-0.4296353835371377 -0.3814535949006033 0.5000000000000000
0.2384599374293324 0.2930379600157837 -0.5000000000000000
0.2268601083718926 0.2526466561195505 -0.5000000000000000
0.1948062962677277 0.2787254178224555 -0.5000000000000000
0.4590602864513273 0.5000000000000000 0.1760777284615703
0.5000000000000000 0.4630655023057919 0.2526637367699264
-0.5000000000000000 0.1419955282814620 0.4488926338410298
0.3855310857399072 0.4987498130588799 0.2174891936387758
0.4006140862053248 0.0059839567564828 -0.5000000000000000
0.3218564244413282 0.0853293211131817 0.5000000000000000
0.5000000000000000 -0.2231048425917450 -0.4121704631271407
-0.3450458386869400 0.3119803196242802 -0.5000000000000000
-0.1534064967102437 -0.3595479963037934 -0.5000000000000000
-0.1536866659907388 -0.3600594272037965 -0.5000000000000000
-0.1547575248995434 -0.3611155837470779 -0.5000000000000000
-0.1081568886600191 -0.0615022419188978 0.5000000000000000
-0.4631331174295754 0.1643348410232506 0.5000000000000000
-0.4356171821856068 0.5000000000000000 -0.4079398851559697
-0.5000000000000000 0.4293353622441710 -0.2867868726094999
-0.3434430239303061 0.3925446453336049 -0.5000000000000000
-0.5000000000000000 -0.1802420234803983 -0.1010809388337008
0.5000000000000000 -0.0315197768842091 -0.0270862497531423
-0.5000000000000000 0.4375671403312944 0.3723992289731833
0.3581554311888778 -0.2676915376901795 0.5000000000000000
0.5000000000000000 -0.3336867286297309 0.3791535660914914
0.5000000000000000 0.3574588288608755 0.2078615405512072
0.5000000000000000 0.3561946545786649 0.3425379502724683
-0.0212948111569587 0.5000000000000000 0.0759077378344770
-0.1040578731764285 0.5000000000000000 0.4235151474998032
0.5000000000000000 0.4008951526336009 0.3523767209471475
0.5000000000000000 0.4614241220043981 0.2573208722252144
-0.3631712025205211 0.5000000000000000 -0.1655519995717677
0.3886311588039476 0.4409709816532143 0.5000000000000000
0.3177552834847330 0.1752353775349956 -0.5000000000000000
-0.4678520425171494 0.5000000000000000 -0.4422620297936526
-0.4628990517476187 0.5000000000000000 -0.2666583081610502
0.4344148744915380 -0.2719884599374283 -0.5000000000000000
-0.4423973512517948 -0.4252779828104554 0.5000000000000000
-0.5000000000000000 -0.3682808481486340 -0.0338520231520744
0.3483053641681111 -0.2659103130670226 0.5000000000000000
0.3459125400980979 -0.3714176098260950 -0.5000000000000000
0.4367571834187919 -0.2440698379293170 -0.5000000000000000
0.0884633150154693 -0.3167508820465497 0.5000000000000000
-0.5000000000000000 0.2854610683402049 -0.2860769676993582
-0.5000000000000000 0.4375695947238041 -0.3644086749905917
-0.5000000000000000 0.4423661372200645 -0.1838360446968531
0.1373857326397347 0.0193164627531813 -0.4924941104193568
0.1054762722226028 0.0772080656024616 -0.5000000000000000
0.5000000000000000 0.4206415926216656 0.2998752701336249
-0.4404300606201934 0.4449031147066308 -0.4912566584355592
-0.3753469049839694 0.3096474457554568 -0.5000000000000000
-0.3495524647177400 -0.4082509562804961 -0.5000000000000000
-0.3753273619166195 -0.3810285158697991 -0.5000000000000000
-0.4156149376063611 0.4834600229254393 -0.5000000000000000
0.1722738919651678 -0.4325026702506172 -0.5000000000000000
-0.5000000000000000 0.4028824281597611 -0.4630987556715759
-0.0583667372909118 -0.3869047265717638 -0.5000000000000000
-0.0749074687073021 -0.4084762090561508 -0.5000000000000000
-0.1270064873451924 -0.5000000000000000 -0.4438752495261778
-0.5000000000000000 -0.2442380474705584 -0.2449641144462766
0.3660627216250462 0.4293445244208211 0.5000000000000000
-0.5000000000000000 0.1270914370554840 0.4528665204637646
0.3732991686931429 0.1832447298530897 -0.5000000000000000
-0.5000000000000000 -0.0333170941173730 0.1850679238675695
-0.4990880962465040 0.1008985335516736 0.1067317383094817
0.5000000000000000 -0.4207699287841977 -0.0391714994485686
0.0171987102314847 0.3227663214167375 -0.4960821494492766
-0.5000000000000000 0.4673792024732645 -0.0941257205191979
-0.5000000000000000 0.4641594355873550 0.0044896408150852
-0.5000000000000000 0.3109068964856646 -0.4001805960769069
-0.1355689608899921 -0.0512431755027062 0.5000000000000000
0.4318868248831335 -0.2020634815686812 -0.5000000000000000
-0.2325304986278642 -0.5000000000000000 -0.3656201492136043
-0.0840965525684583 0.5000000000000000 0.2415202955161385
-0.4193758105057144 -0.2641691698018000 0.5000000000000000
-0.5000000000000000 -0.4119185683940472 0.4311602899894437
-0.2794164901078115 -0.5000000000000000 -0.4191794961740038
-0.2566134097735605 -0.5000000000000000 -0.3997316560542262
-0.2733584554204170 -0.5000000000000000 -0.4139393223035739
0.1092097883468276 -0.5000000000000000 0.2865817987470648
-0.5000000000000000 -0.2783445282884169 -0.2596171602862128
-0.5000000000000000 -0.1068615707833922 0.4260432816818555
-0.2472704592436320 -0.2130535685864736 -0.5000000000000000
239 28
240 174
241 187
242 35
243 114
244 191
0 2
0 12
0 245
0 246
0 109
0 118
0 125
0 132
0 247
0 159
0 162
0 248
0 249
0 194
0 213
250 28
251 33
252 66
253 101
254 168
1 4
1 255
1 49
1 65
1 74
1 85
1 103
1 256
1 257
1 258
1 259
1 169
1 260
1 261
2 12
2 262
2 66
2 263
2 82
2 264
2 118
2 265
2 266
2 267
2 213
268 119
269 1184
270 199
271 233
272 51
273 85
274 1134
275 213
276 57
277 95
278 148
279 198
280 230
281 234
3 115
3 142
3 161
3 170
3 171
3 282
3 206
3 217
283 63
284 64
285 92
286 128
287 200
288 205
4 8
4 289
4 16
4 290
4 291
4 292
4 293
4 294
4 74
4 295
4 296
4 297
4 103
4 298
4 165
4 299
4 169
4 300
4 301
4 225
4 302
303 233
304 15
305 33
306 101
5 307
5 18
5 19
5 308
5 47
5 309
5 310
5 311
5 312
5 77
5 313
5 314
5 1010
5 315
5 316
5 153
5 167
5 181
5 317
5 185
5 190
5 318
5 319
5 204
5 320
5 231
321 139
322 99
323 530
6 9
6 35
6 97
6 324
6 108
6 325
6 120
6 140
6 158
6 326
6 189
6 195
6 216
6 224
7 22
7 24
7 27
7 34
7 48
7 58
7 60
7 71
7 81
7 116
7 142
7 145
7 184
7 192
7 202
7 210
8 16
8 17
8 327
8 51
8 328
8 329
8 85
8 330
8 331
8 332
8 333
8 165
8 169
8 334
8 335
8 214
336 108
337 111
338 178
9 19
9 35
9 47
9 59
9 97
9 339
9 114
9 120
9 157
9 158
9 163
9 189
9 195
9 207
9 215
9 224
10 25
10 53
10 55
10 80
10 138
10 158
10 177
10 195
10 215
10 216
11 26
11 340
11 341
11 96
11 111
11 153
11 163
11 342
11 197
11 343
344 21
345 179
346 237
12 82
12 118
12 162
12 347
12 213
13 14
13 123
13 348
13 148
13 161
13 349
13 350
13 206
13 218
13 221
13 234
351 37
352 51
353 563
354 85
355 123
356 148
357 1134
358 218
14 359
14 360
14 361
14 563
14 530
14 362
14 123
14 148
14 363
14 364
14 365
14 221
14 234
366 94
367 233
368 89
15 39
15 40
15 52
15 369
15 101
15 370
15 371
15 372
15 373
15 374
15 375
15 376
15 377
15 236
378 26
379 160
16 17
16 68
16 380
16 381
16 112
16 130
16 165
16 382
16 225
16 227
17 57
17 68
17 383
17 85
17 384
17 112
17 117
17 165
17 214
17 385
17 227
386 51
387 563
388 530
389 123
390 148
391 129
392 156
393 166
394 79
395 113
396 144
397 149
399 50
400 86
401 156
402 40
403 93
404 1045
405 53
406 154
407 223
18 19
18 50
18 408
18 409
18 410
18 411
18 412
18 77
18 413
18 414
18 415
18 416
18 181
18 190
18 417
18 418
18 419
18 231
18 420
19 47
19 50
19 421
19 83
19 422
19 120
19 141
19 181
19 189
19 190
19 204
19 215
423 139
424 222
425 65
20 21
20 426
20 67
20 78
20 427
20 122
20 126
20 136
20 428
20 160
20 176
20 179
20 183
20 208
20 237
20 238
21 429
21 430
21 93
21 857
21 431
21 126
21 136
21 1045
21 176
21 179
21 432
21 237
21 238
22 24
22 34
22 43
22 48
22 56
22 58
22 71
22 73
22 106
22 116
22 155
22 193
22 196
22 209
23 25
23 53
23 61
23 70
23 75
23 76
23 98
23 102
23 107
23 138
23 143
23 147
23 433
23 162
23 164
23 168
23 175
23 188
23 196
23 201
23 226
24 34
24 38
24 42
24 43
24 58
24 60
24 73
24 121
24 132
24 172
24 184
24 205
24 209
25 32
25 434
25 53
25 55
25 61
25 435
25 76
25 102
25 107
25 436
25 138
25 140
25 150
25 154
25 437
25 164
25 168
25 438
25 439
25 195
25 440
25 216
26 441
26 442
26 836
26 96
26 443
26 1010
26 120
26 444
26 445
26 153
26 446
26 447
26 448
26 204
26 449
27 31
27 34
27 48
27 71
27 81
27 90
27 116
27 127
27 133
27 186
27 202
450 218
451 221
28 66
28 452
28 453
28 454
28 168
28 174
28 455
28 1192
28 456
29 41
29 457
29 458
29 459
29 94
29 104
29 122
29 460
29 461
29 176
29 212
29 219
29 220
29 233
462 83
463 144
464 156
465 189
30 43
30 56
30 106
30 111
30 115
30 131
30 142
30 151
30 152
30 171
30 178
30 197
30 207
31 34
31 48
31 75
31 90
31 99
31 127
31 133
31 164
31 173
31 186
31 201
31 236
32 53
32 55
32 466
32 79
32 80
32 113
32 124
32 144
32 149
32 150
32 467
32 189
32 195
32 468
32 223
33 469
33 470
33 52
33 471
33 75
33 87
33 101
33 472
33 473
33 164
33 168
33 474
33 475
33 201
33 476
33 477
33 478
479 118
480 63
481 69
482 205
483 209
484 232
485 174
486 115
487 142
488 145
489 170
490 217
34 36
34 42
34 48
34 60
34 73
34 81
34 109
34 127
34 132
34 172
34 182
34 186
491 133
492 145
35 493
35 108
35 114
35 120
35 494
35 495
35 191
35 496
35 497
35 224
36 42
36 46
36 72
36 91
36 109
36 110
36 126
36 132
36 1045
36 180
36 182
36 183
36 194
498 51
37 65
37 85
37 117
37 123
37 130
37 148
37 152
37 1134
37 171
37 197
37 206
37 218
37 227
37 229
499 83
500 181
501 204
38 43
38 58
38 64
38 92
38 94
38 95
38 112
38 117
38 121
38 137
38 171
38 184
38 198
38 205
38 227
38 229
502 101
503 139
504 199
505 203
506 226
507 49
508 65
509 85
510 41
511 89
512 161
513 170
514 220
515 235
39 40
39 52
39 70
39 75
39 82
39 93
39 101
39 109
39 127
39 143
39 147
39 516
39 517
39 182
39 518
39 186
39 213
39 1251
39 519
39 520
39 521
39 236
40 522
40 93
40 857
40 523
40 524
40 525
40 526
40 527
40 236
528 168
529 214
531 198
532 234
41 533
41 534
41 89
41 94
41 535
41 184
41 210
41 220
41 229
41 233
41 235
536 61
537 102
538 119
539 149
540 1184
541 203
542 226
42 60
42 72
42 91
42 92
42 94
42 95
42 104
42 543
42 126
42 128
42 132
42 135
42 172
42 182
42 184
42 205
42 208
42 230
42 1249
544 111
545 115
546 131
547 142
548 145
549 151
550 178
551 1231
43 56
43 58
43 74
43 100
43 105
43 106
43 121
43 130
43 134
43 146
43 152
43 155
43 171
43 209
43 225
43 227
398 50
398 552
398 84
398 86
398 124
398 129
398 144
398 156
44 553
44 119
44 139
44 174
44 187
44 554
44 199
44 203
44 222
555 123
45 46
45 72
45 556
45 91
45 110
45 557
45 135
45 558
45 160
45 559
45 166
45 560
45 180
45 183
45 561
45 200
45 562
45 1249
564 530
565 530
46 63
46 69
46 91
46 110
46 566
46 132
46 135
46 567
46 166
46 568
46 569
46 180
46 570
46 194
47 50
47 120
47 141
47 157
47 167
47 185
47 189
47 190
47 204
47 215
48 70
48 71
48 73
48 81
48 109
48 127
48 186
48 202
571 57
572 137
573 230
49 65
49 74
49 574
49 105
49 575
49 146
49 153
49 167
49 169
49 576
49 197
49 577
49 231
578 233
579 53
580 62
581 80
582 107
583 155
584 188
585 209
586 223
50 587
50 83
50 86
50 588
50 124
50 141
50 144
50 156
50 181
50 189
50 190
50 589
590 145
591 83
592 120
593 181
594 204
595 104
596 122
597 136
598 176
599 212
600 220
601 60
602 81
603 104
604 127
605 133
606 136
607 145
608 182
609 210
610 220
51 57
51 611
51 612
51 85
51 613
51 614
51 117
51 615
51 148
51 616
51 617
51 214
51 618
51 619
52 75
52 87
52 101
52 620
52 621
52 173
52 236
622 54
623 219
624 233
625 159
626 213
53 61
53 627
53 80
53 102
53 107
53 138
53 150
53 154
53 628
53 195
53 223
53 226
54 629
54 72
54 78
54 630
54 631
54 122
54 632
54 633
54 183
54 634
54 208
54 212
54 219
54 1249
55 140
55 635
55 636
55 189
55 195
55 216
637 62
638 65
639 1134
640 197
641 206
642 218
56 76
56 97
56 105
56 106
56 116
56 134
56 152
56 155
56 171
56 177
56 193
56 196
56 207
56 209
643 857
644 136
645 179
646 1234
647 237
648 213
649 79
57 68
57 650
57 95
57 651
57 112
57 117
57 137
57 148
57 652
57 198
57 214
57 653
57 654
57 230
57 655
656 111
657 115
658 131
659 163
660 191
58 106
58 116
58 121
58 142
58 171
58 184
58 192
58 210
58 217
58 227
58 229
661 214
59 97
59 134
59 157
59 158
59 167
59 177
59 185
59 207
59 215
59 224
662 231
60 81
60 104
60 127
60 136
60 172
60 182
60 184
60 208
60 210
60 220
663 77
664 67
665 78
666 237
61 667
61 668
61 102
61 149
61 154
61 669
61 1184
61 203
61 226
62 670
62 73
62 671
62 98
62 107
62 155
62 672
62 673
62 674
62 175
62 675
62 188
62 193
62 676
62 209
62 232
63 69
63 91
63 677
63 128
63 132
63 135
63 678
63 205
679 175
680 188
681 232
682 100
683 103
684 121
685 209
686 225
64 68
64 92
64 95
64 687
64 112
64 121
64 137
64 688
64 205
64 689
690 94
691 230
692 233
693 87
694 133
695 173
696 530
65 85
65 697
65 130
65 698
65 146
65 699
65 169
65 1134
65 197
65 700
701 836
702 1010
66 82
66 703
66 118
66 147
66 704
66 168
66 1192
66 705
66 706
66 222
66 226
707 107
708 154
709 188
710 226
67 78
67 176
67 179
67 711
67 712
67 1234
67 713
67 212
67 237
714 88
715 90
716 99
717 133
718 151
719 202
720 96
721 191
722 219
723 142
724 145
725 80
726 84
727 86
728 223
729 228
730 231
68 731
68 732
68 733
68 734
68 112
68 117
68 121
68 137
68 735
68 736
68 225
68 737
738 530
739 221
69 73
69 740
69 125
69 132
69 741
69 205
69 209
69 232
742 111
743 191
744 233
745 101
746 168
70 71
70 73
70 76
70 82
70 98
70 109
70 125
70 132
70 143
70 147
70 162
70 175
70 186
70 196
747 119
748 139
749 174
750 187
751 199
752 222
753 100
754 103
755 155
756 211
757 228
758 84
759 86
760 124
761 119
762 199
763 1234
764 179
765 115
71 73
71 116
71 186
71 196
766 214
72 91
72 767
72 126
72 135
72 183
72 208
72 1249
768 79
769 149
770 154
73 98
73 109
73 125
73 132
73 175
73 193
73 196
73 205
73 209
73 232
74 100
74 103
74 105
74 771
74 130
74 146
74 165
74 772
74 167
74 169
74 211
74 773
74 225
74 231
774 1044
775 1045
776 159
777 180
778 194
779 111
780 115
781 131
782 171
783 197
784 206
75 87
75 101
75 143
75 147
75 785
75 168
75 173
75 186
75 201
75 786
75 236
787 119
788 199
789 203
790 226
791 84
792 113
793 124
794 129
795 144
796 223
76 80
76 88
76 90
76 97
76 106
76 107
76 116
76 134
76 138
76 143
76 155
76 158
76 164
76 177
76 186
76 193
76 196
76 201
76 216
797 77
798 233
799 84
800 86
801 190
802 228
803 231
804 149
805 1044
806 180
807 148
808 214
809 118
810 139
811 199
812 203
813 222
814 226
77 815
77 816
77 817
77 181
77 818
77 819
78 820
78 122
78 821
78 160
78 176
78 183
78 822
78 208
78 212
823 110
824 1044
825 1045
826 160
827 237
828 238
79 829
79 830
79 113
79 831
79 149
79 150
79 832
79 833
79 834
79 835
837 96
838 191
839 88
840 90
841 108
842 151
843 178
844 188
845 226
846 123
847 218
848 160
849 183
563 530
563 123
563 148
563 850
563 851
563 852
563 853
563 221
80 84
80 107
80 124
80 134
80 138
80 141
80 155
80 854
80 855
80 177
80 189
80 193
80 195
80 215
80 223
80 228
81 127
81 133
81 136
81 145
81 182
81 856
81 202
81 210
81 1251
81 220
82 858
82 109
82 118
82 147
82 162
82 859
82 213
82 860
83 861
83 144
83 862
83 156
83 863
83 181
83 189
83 864
83 865
83 866
83 867
83 868
869 173
870 236
871 212
872 219
873 233
874 121
875 225
84 86
84 124
84 141
84 155
84 177
84 185
84 189
84 211
84 215
84 223
84 228
85 876
85 117
85 877
85 130
85 148
85 878
85 879
85 165
85 169
85 1134
85 197
85 214
85 227
86 124
86 141
86 185
86 190
86 880
86 211
86 228
86 231
87 881
87 882
87 173
87 883
87 884
87 201
87 236
885 118
886 188
887 226
888 145
889 170
890 210
891 217
892 235
88 90
88 97
88 99
88 108
88 893
88 151
88 164
88 894
88 895
88 216
88 896
530 897
530 898
530 148
530 899
530 900
530 901
530 902
530 903
530 234
836 96
836 904
89 94
89 905
89 906
89 907
89 161
89 170
89 198
89 908
89 229
89 233
89 234
89 235
90 97
90 99
90 106
90 108
90 116
90 133
90 151
90 164
90 186
90 192
90 1231
90 201
90 202
91 110
91 128
91 132
91 135
91 183
91 205
92 95
92 909
92 910
92 121
92 128
92 137
92 911
92 912
92 913
92 184
92 200
92 205
92 914
92 915
92 230
93 857
93 109
93 916
93 126
93 136
93 1045
93 917
93 918
93 182
93 919
93 213
93 1251
93 920
94 95
94 921
94 104
94 922
94 172
94 184
94 198
94 208
94 219
94 220
94 229
94 230
94 233
94 235
94 1249
923 234
95 112
95 117
95 137
95 184
95 198
95 227
95 229
95 230
924 121
925 209
926 225
857 927
857 136
857 1045
857 928
857 929
930 125
931 159
932 194
933 232
96 934
96 120
96 935
96 153
96 936
96 163
96 191
96 937
938 1010
939 153
940 197
97 106
97 108
97 138
97 158
97 177
97 207
97 215
97 216
97 224
941 198
942 230
943 233
98 107
98 125
98 175
98 188
98 193
98 196
98 232
99 944
99 133
99 945
99 164
99 946
99 173
99 947
99 948
99 949
99 950
99 201
99 216
99 951
952 113
953 129
954 144
955 156
956 113
957 223
958 108
959 140
960 216
961 103
962 228
100 103
100 105
100 121
100 155
100 963
100 964
100 209
100 211
100 225
100 965
101 966
101 168
101 967
101 968
101 969
101 236
102 970
102 971
102 149
102 150
102 154
102 168
102 972
102 174
102 973
102 187
102 1184
102 203
102 974
102 226
103 105
103 975
103 976
103 165
103 977
103 978
103 211
103 225
103 231
103 979
104 122
104 136
104 980
104 172
104 182
104 208
104 219
104 220
105 134
105 146
105 152
105 155
105 167
105 185
105 207
105 211
105 231
981 214
106 108
106 116
106 142
106 151
106 171
106 178
106 192
106 207
106 224
107 138
107 154
107 155
107 982
107 175
107 188
107 193
107 196
107 226
983 168
984 174
985 187
108 111
108 114
108 151
108 986
108 178
108 987
108 988
108 216
108 224
108 989
109 126
109 127
109 132
109 136
109 1045
109 159
109 162
109 990
109 182
109 991
109 186
109 194
109 213
110 126
110 1044
110 1045
110 160
110 180
110 183
110 992
110 993
110 238
111 115
111 131
111 152
111 157
111 163
111 178
111 191
111 994
111 197
111 995
111 207
111 996
111 224
111 997
112 117
112 121
112 137
112 225
112 227
113 129
113 998
113 144
113 150
113 999
113 1000
113 1001
113 1002
113 1003
113 223
113 1004
1005 120
1006 140
1007 189
114 120
114 163
114 191
114 1008
114 1009
114 224
115 131
115 142
115 171
115 178
115 197
115 206
115 217
1011 169
116 151
116 186
116 192
116 196
116 202
117 137
117 148
117 198
117 214
117 227
117 229
1012 161
1013 221
1014 128
1015 135
1016 166
1017 200
1018 230
1019 1249
1010 1020
1010 120
1010 1021
1010 153
1010 1022
1010 204
1010 1023
1024 136
1025 231
118 147
118 1026
118 162
118 1027
118 1028
118 188
118 222
118 226
119 1029
119 187
119 1030
119 1184
119 199
119 203
119 1031
119 1032
1033 181
1034 204
1035 139
120 1036
120 153
120 157
120 163
120 167
120 1037
120 189
120 191
120 204
1038 125
1039 132
1040 194
1041 232
121 1042
121 205
121 209
121 225
121 227
122 136
122 1043
122 176
122 208
122 212
122 219
122 220
123 148
123 1134
123 1046
123 218
123 221
124 141
124 144
124 156
124 189
124 223
125 132
125 162
125 1047
125 175
125 194
125 232
126 136
126 1045
126 182
126 183
126 208
126 238
1048 191
1049 204
1050 149
127 133
127 173
127 182
127 186
127 202
127 1251
127 236
128 135
128 166
128 1051
128 200
128 205
128 1052
128 230
128 1249
129 1053
129 144
129 156
129 1054
129 1055
130 146
130 152
130 165
130 169
130 197
130 225
130 227
1044 1045
1044 180
1044 1056
1044 238
131 171
131 178
131 197
132 162
132 172
132 182
132 194
132 205
132 209
133 173
133 1057
133 1058
133 1059
133 1231
133 201
133 202
133 1060
133 1251
1061 237
134 138
134 152
134 155
134 177
134 185
134 193
134 207
134 211
135 166
135 1062
135 200
135 205
136 1063
136 176
136 179
136 182
136 208
136 1251
136 238
137 1064
137 1065
137 1066
137 230
138 158
138 164
138 177
138 216
1067 211
1068 228
1069 231
1070 145
1071 160
1072 237
1073 238
139 1074
139 199
139 1075
139 203
139 222
140 1076
140 1077
140 189
140 1078
140 195
140 216
141 177
141 185
141 189
141 190
141 215
142 145
142 151
142 171
142 178
142 192
142 1231
142 202
142 210
142 217
143 147
143 1079
143 164
143 168
143 186
143 201
1080 214
144 156
144 1081
144 189
144 1082
144 1083
144 1084
1085 161
1086 234
1087 235
1088 159
1089 180
1090 194
1091 197
145 1092
145 192
145 1093
145 1231
145 202
145 210
145 217
1094 220
1095 233
1096 235
1097 173
1098 236
1099 159
1100 194
146 152
146 165
146 167
146 169
146 197
146 207
147 162
147 168
147 188
147 1101
147 226
148 161
148 1102
148 198
148 206
148 218
148 229
148 234
1103 200
1104 230
149 150
149 154
149 1105
149 1106
149 1107
149 1184
149 1108
149 1109
149 1110
150 154
150 1111
150 1112
150 223
151 178
151 192
151 1231
151 202
152 171
152 197
152 207
152 227
153 157
153 163
153 167
153 1113
153 197
153 204
153 1114
154 1115
154 188
154 223
154 226
1116 181
155 1117
155 177
155 185
155 193
155 209
155 211
155 228
156 1118
156 1119
156 1120
156 1121
156 1122
1045 159
1045 1123
1045 180
1045 1124
1045 194
1045 213
1045 238
1125 164
1126 168
1127 201
1128 216
157 163
157 167
157 197
157 207
157 215
157 224
158 177
158 195
158 215
158 216
158 224
1129 205
1130 209
1131 168
1132 1192
1133 222
159 180
159 1135
159 194
159 213
1136 180
1137 181
160 1138
160 183
160 1139
160 1140
160 237
160 238
1141 194
161 1142
161 170
161 1143
161 1144
161 198
161 206
161 218
161 221
161 229
161 1145
161 234
161 235
1146 209
1147 228
1148 205
1149 209
1150 232
1151 170
1152 235
1153 176
1154 179
162 1155
162 175
162 188
162 213
162 226
163 191
163 197
163 1156
163 207
163 1157
163 224
1158 169
164 186
164 1159
164 201
164 216
1160 208
1161 219
1162 233
165 169
165 225
165 227
1163 175
1164 188
1165 232
1166 213
166 1167
166 1168
166 200
1169 219
1170 233
167 185
167 197
167 204
167 207
167 215
167 1171
167 231
1172 188
1173 223
168 174
168 1174
168 1192
168 1175
168 1176
168 222
168 226
1177 1251
1178 236
1179 180
1180 194
170 171
170 1181
170 206
170 217
170 229
170 235
1182 216
1183 187
1134 197
1134 206
1134 218
1185 214
1186 173
171 197
171 206
171 217
171 227
171 229
172 184
172 208
172 220
173 1187
173 201
173 1188
173 1251
173 236
174 1189
174 187
174 1192
174 203
174 222
174 226
174 1190
1191 200
1193 216
1194 223
175 188
175 232
1195 191
176 179
176 1196
176 212
1197 206
1198 218
1199 221
177 185
177 207
177 215
1200 209
178 207
178 224
1201 200
179 1202
179 1203
179 1204
179 1234
179 212
179 237
1205 198
1206 189
180 1207
180 194
181 204
181 1208
181 1209
1210 187
1211 1184
182 208
182 1251
182 236
183 208
183 1249
183 238
1212 213
1213 213
184 205
184 210
184 220
184 229
185 190
185 207
185 211
185 215
185 231
186 196
186 201
186 236
187 1184
187 199
187 203
187 1214
187 222
187 226
187 1215
188 226
1216 237
1192 222
1217 199
189 195
189 215
1218 201
1219 1234
1220 237
1221 191
1222 214
1223 234
190 1224
190 211
190 228
190 231
191 1225
191 1226
191 224
192 1231
192 202
1227 231
1228 212
1229 1234
1230 237
1232 202
193 196
193 209
193 232
1184 203
1184 1233
1235 212
1231 202
1236 221
1237 234
1238 1234
195 215
195 216
1239 197
197 206
197 207
1234 1240
1234 212
1241 206
1242 218
1243 218
198 1244
198 229
198 230
198 234
199 1245
199 203
200 1246
1247 201
201 236
202 210
203 222
203 226
1248 230
204 1250
205 209
1252 237
206 218
206 229
1253 237
1254 212
207 224
208 219
208 1249
209 225
209 232
209 1255
1256 224
210 217
210 220
210 229
210 235
1257 218
211 228
211 231
212 219
213 1258
1251 236
214 1259
214 1260
1261 221
1262 218
1263 221
1264 231
217 229
217 235
218 221
219 233
219 1249
220 233
222 226
225 227
1265 234
227 229
1266 230
228 231
229 235
230 1249
1267 235
237 238
