1253 2536 0
-0.2252910462383564 0.3725726793152112 -0.1832723968575288
0.1069799692737884 0.0868527531417211 -0.4152148105234235
-0.1896327388840996 0.1315073080662108 0.3906271533988139
-0.4039505018771168 -0.2351418960655208 -0.2892759701431128
-0.1388425792681977 -0.0669637538460858 -0.0596717024780376
0.4452385246376343 -0.2928964594016653 0.4550117947876513
-0.0702653933622911 -0.2002690505978905 0.1940435465190513
0.0551746408651484 0.3404880363350924 -0.2592275777132494
-0.4973813595770590 0.3172423677061383 -0.1970313499351077
-0.1117821898201174 -0.0681855278739657 -0.4571515621597906
-0.4492633161683995 -0.1972260862518249 -0.3776638109864133
0.3141796957593953 -0.3868927840390269 -0.4337980820600559
-0.0058677322051440 0.1685761503976880 0.2519095111654404
-0.0294840122080828 -0.2553214056380336 -0.4559884793844218
0.2679519247832082 -0.4017512867305260 0.3086648575529380
0.4060664732787727 0.1954608099817474 -0.4967528389339272
0.0130690417865297 -0.2058602402763789 -0.4217714731971712
0.2308260750528810 0.2685339716946327 0.1869538415322921
0.3249906507537610 -0.2321098340727202 0.2885036604581334
0.3629781089631283 -0.3180424808726361 -0.0742288527195006
0.0742213790301481 -0.3967015140212470 -0.2742023876195354
-0.4859552711970991 -0.0478430017640124 -0.3290962688805486
0.1903592011046546 -0.1462550438547830 -0.0182596983988802
0.1991007041338460 -0.0358370314888432 -0.3814063002510558
-0.3905705066507448 -0.4730806114684901 0.0811035167003796
0.3257019804792879 -0.1401706401495184 -0.1336406901274571
0.4298425483407198 0.0768539425941794 -0.4262826518981785
0.1365957976289681 0.0617126987689257 0.0048070984311840
0.2517929036018891 -0.3400700628077276 0.3177080659256922
-0.0877827362976505 -0.1683071235276864 0.0407886658912278
0.1893889372888354 0.1995810556503296 -0.3060306546295648
0.3240922407018539 0.4337913868765367 -0.3917219678660558
-0.1314057834830820 0.2654802305399131 0.4404738126107175
0.2566354017707697 -0.3327514122173722 -0.2405819764685969
-0.2707751109621280 0.3630128788701318 -0.3253446183797803
0.1891617756967351 -0.0481269935954090 -0.1870361413116728
-0.4469376791046182 -0.2717747353209520 0.2792434183612360
0.4799440976039251 0.0272211140193686 -0.1465098845319749
0.3781875199523033 -0.0948400223756588 -0.2456352097610328
-0.2159006203264681 0.3236331341668124 -0.4011850520786474
0.1517105038045763 -0.4643990358706730 0.2554622292646671
-0.3477809249337196 0.1560004695240027 0.2599684534389959
-0.4186248615346538 0.1469384014781189 0.3581317674215913
-0.1449692772467817 -0.0600793473553285 -0.3217795986886006
-0.4480889184540773 0.1077377504766463 -0.1301976496156149
-0.1332192666800034 0.0145325554341590 -0.3985565364728926
0.3580042422299249 0.4786355029006275 -0.2598368408329386
0.2202454768736534 -0.4882760596721083 0.1323509420772646
0.4337876030315682 0.4516163527916446 0.3838518621793552
0.1853268533391282 0.1963854358151321 0.3825739568893111
-0.0851172620893575 -0.0475488415655922 -0.3228332193669659
-0.2983383022714689 -0.4465469612349869 -0.1070585285372591
-0.0164183797527256 -0.3229457956345963 0.3554993182057261
-0.1106146239096026 0.4103575030984360 -0.2209694374999926
-0.4244740088148988 -0.2290003202890517 -0.3527743007395331
0.3653351600611169 -0.1049665143989281 -0.0340666858358386
-0.4566028611631225 0.0658046451636090 -0.3300981793227924
-0.1266145351010383 0.0621143331601067 -0.1358662707747938
0.1038645763992267 0.3501986569206898 0.3467587683949471
0.4310377337816111 0.3281306503066184 0.1575614919928548
0.4767881445157782 0.1343925354878368 -0.2946539987248301
-0.2553979365959259 0.4816107483958870 0.4721107801697368
-0.1874858203118653 0.0610079795074140 0.1640307133550778
-0.3885729991357375 0.3915834866383707 -0.0775398566974284
-0.0632075621740408 -0.2814915837784047 -0.0687200649092024
0.1668514237391138 -0.3340034343689410 -0.0678406790342558
0.3239689335954453 -0.2513229937322805 -0.4168509302212847
0.2215067229076383 0.1571603566113416 -0.4381273795708505
0.0001080724224632 -0.1595974959743873 -0.0269555488378446
-0.1395701916250267 0.1295930427233887 -0.2491170102100560
0.1781537949579716 -0.4460285450868352 0.4888562456080616
-0.4233450651812542 -0.2939697525068921 -0.0704244884803991
0.0238745249637100 -0.4281923184960351 0.3993273809541019
0.1911648009776838 -0.3046069962509518 0.0449493676371675
-0.1358180540300333 0.1962729064187326 0.4793496603723843
-0.2930193409244585 -0.2485098332697849 0.0037531349604780
-0.4373261758357102 -0.3755018169474242 0.1666868398535810
0.1753721219076485 -0.4102747448864060 -0.4181512393870463
-0.3533683665160362 -0.4150395384687864 -0.0882579948118992
-0.0396002613896280 -0.0902444407229976 -0.0316070216475757
-0.3948036671245413 -0.1321333925486403 0.1946618646171860
0.2954429678927924 -0.0790782391686018 -0.4065900913349518
-0.0101460315324073 -0.2402436614402788 -0.4207162651649853
-0.3639419208712309 0.4678390180669870 0.1998075207445832
0.3849497808615033 0.2413544267103116 -0.3714778911357096
-0.2114469446630573 -0.2887311162850020 0.4038080693452012
-0.0139244876905746 0.0864533821550427 0.0194404893218110
-0.4462412440566858 -0.4721673083831404 0.1623096253384421
0.2770306803509179 -0.2508804679704547 -0.4010481509931740
0.2621221406827836 -0.4065716028391722 -0.0907231816320074
0.3156762740312465 -0.2219196919706188 0.4323675887446458
0.1164464401254933 0.1586789842556252 0.1143682382697344
-0.2744504957799413 0.3583850787752901 -0.1613261354930451
-0.4192094574353102 0.0621231430023338 -0.0748966073158192
-0.3870333422479100 -0.3146932684446344 -0.1908614640037223
-0.0396843850439497 0.0081617284931894 0.4138489120724105
0.3126457701913838 -0.2938847190163688 -0.1557359649546127
0.2604385943072075 0.1884892539348789 0.0169284455609468
0.0358644478712863 -0.2555006675809028 0.4473695860325938
0.4103849203227828 0.0628295145742070 -0.4696060249400182
-0.2875477997784651 0.0254558849327796 -0.0001097941012833
-0.2771491996562084 -0.3317220447798906 -0.4531813060396190
-0.4618982854561789 -0.1886717098774800 -0.2476196811938676
0.1583309289848219 -0.1099801397089905 -0.0340908336070680
-0.1802950259370411 0.3653942231923125 0.3105394050728949
-0.3764413309716103 0.1179507871023582 0.0727276648495896
-0.0870594077843316 0.0268065590751269 -0.3354899518177377
-0.0558860974620588 -0.0091493081152450 -0.3830115342470535
0.2763390401171192 -0.0498920572034311 0.1279274061769961
0.3616061153855570 0.1583660312720292 0.4170184890807703
-0.2547900597005132 0.0304429361057840 0.0827141279593567
-0.1723426016711358 0.3130944127421025 0.4144785720751412
0.4646626928852780 -0.1720182917614060 -0.1271905113923414
-0.3205730814864419 0.4259709281339019 0.4512605330655992
0.4837170085397212 0.0517453695451289 0.0801560332591303
0.2547686405744984 -0.1307978891087458 -0.4438072520451129
-0.3833334633474036 0.1499009304260634 0.3408001764604462
-0.1332463069316826 -0.0080576597381732 -0.0456187408035283
0.4741540338862961 0.0627708632379027 -0.4679094758946418
-0.4264872619183225 0.3790004245518371 -0.4669051827256883
0.0286464943184925 0.3553654919698082 -0.3515808006978794
0.1413373391130434 0.1863831247014000 -0.2971527489896376
-0.1683418878620997 -0.2297664436469805 0.2503340948810516
0.2862622365609737 0.2748037217581422 0.1682611420541613
0.0119591232864374 0.0285345964344338 -0.0621314679466893
-0.0103389905422928 0.0714454648466850 0.3972371924643415
-0.1371214449399850 0.1953958385191720 -0.4348087993702915
-0.2833156384600968 0.3460867124667032 0.3813177686819096
-0.0727731010700734 0.2330990416200619 0.3439495717475397
-0.0120025581837030 0.3232022062316138 -0.1799908578253347
-0.0634776916533798 0.1439411299519026 0.1203623174508488
-0.4035167929843427 -0.2413791171381771 0.1282731315711705
0.0828297227586372 0.2316638523439734 -0.1908257316653723
-0.2021643828512802 -0.3831118538389234 0.1724405745779990
-0.3344308967022782 0.2039958509952005 0.4652648031052549
0.4162317022852405 -0.4607850280455909 -0.1009985336244237
-0.1131044583863471 0.1192866707462897 0.2301361538077332
-0.0773342363146396 -0.3277176507561542 -0.1802984553831276
0.4689206525409280 0.3634045930439118 0.1629217684657381
0.4414984605454698 -0.3117778313962085 0.1245385232647504
0.2411554708503362 -0.2912535713618546 -0.2765693275954017
-0.3838871275704172 0.0566059695879601 0.3498418819104846
-0.4735514629801721 0.3744907167015418 0.3103114982663171
-0.1529178825480470 -0.4738340904945920 -0.3623710520985316
-0.4344417542967247 -0.3791158210589938 0.1502521237700753
0.1024908477663496 -0.3304909384256593 0.4294547211118414
-0.1217796680185533 0.0371975732128929 -0.3607388569310957
0.0873500862244784 0.3071592607064811 0.0440285726864938
-0.4741037248728427 0.1657797308886147 -0.1303226966726651
-0.4415758747020949 0.3040071428685680 -0.2192855730956829
0.0452506878050628 0.3846859026769877 0.2536325128978761
0.1609355024120179 0.1115572405866557 0.2166600105851145
0.4362765658248996 -0.3180238660572109 -0.4046096936525321
-0.4679294826265907 0.3798834445181618 -0.1303264679179050
0.0192388475433860 -0.0800208660389985 -0.1158069278413866
-0.1992340758968238 0.3376033808850907 -0.1356402459141171
0.2050714839201870 0.3408277860149445 0.3648492393741278
0.3461311829737991 -0.0020464616906126 0.2053113483585380
-0.3273032872877533 0.3700221774653052 -0.0534038718013648
-0.0508316318494025 0.3408408998997312 -0.4366433413538383
0.4530665833492921 0.2853780071707390 0.1286600023031030
0.1933677855993754 -0.0843536713289918 -0.1287662114051034
0.2845632438650316 -0.0807251490141160 -0.0320551229906245
-0.3703577448871864 -0.0447224135419842 0.3988327220188928
-0.3680919869448363 -0.1896046881712759 0.2335743230609390
-0.3935611851359350 -0.0104705102572724 0.2697424316839888
0.1050691453605924 -0.2491666595369930 -0.3570028092366258
0.4399949974496409 -0.3285880207093710 0.3625877266045332
-0.0121249031002430 0.0139040180724331 -0.3159997088716416
0.0863273249651170 -0.0568053220253079 -0.0179575419868651
-0.0053426283653066 0.1327761208551957 0.2156439332441078
0.0780144943062610 -0.3313284200451769 0.2575883883599444
-0.4491940221407996 0.0885317314805936 0.1051505467653482
-0.2680531232771354 -0.2313317670561438 -0.3958632592512602
-0.3520157248138653 -0.0353379286963543 0.0520801090595848
-0.2775190647659333 -0.0938891664568543 0.1986329205197255
-0.2338931445192744 -0.4113411062517000 -0.3929181305954357
-0.3628551530337858 -0.2848196469746003 -0.3007147989663871
0.0742211143532142 0.0571515815298328 -0.2911608698466728
0.1273205655950918 -0.0079487472615823 0.1036120912944447
0.1403798102841134 -0.0899925544584389 -0.1174537738240323
0.0546545396245725 0.0063138487343045 0.2338999457745565
-0.1438522269261382 -0.2860565317467702 0.2670929833539912
-0.3349183416740781 -0.0883635435577744 0.2527892203720035
-0.2934251797639611 -0.3037098253956922 -0.2706077578948684
-0.3960762150430246 -0.3113690907204693 0.0327506079303457
0.0861694149257586 -0.3715477905102744 -0.3001168183938105
-0.2725110303378630 -0.0183366166160788 0.0188765238277911
0.1726456889843621 -0.1000295161395093 0.0212513566074086
-0.4572784791665066 -0.3826474804454802 0.1418726954661257
-0.4215827697207580 -0.4460614203466323 0.2035288091857554
0.1898995827099460 0.2148890100894361 0.2698705957538999
0.0098826634232932 0.0258471367232346 0.0587808037235857
0.2755097558609551 0.2157781997757311 -0.2748316509095474
-0.3533055350858225 -0.3314977675829975 -0.1686755178886725
-0.1061063748039811 -0.3850977122435403 0.0214008401587125
0.4120485899920711 0.4497551623832820 -0.2908884997078233
-0.3992701897580568 -0.0510810737463981 0.0389429597351282
0.4223713510212100 0.1019179740909024 0.1999814845120393
0.0683903254615455 0.0661313865697410 -0.3119521388851094
-0.4200904474207139 -0.2327118045183599 0.3517373584445598
-0.4400013015114507 0.1599334247162359 -0.3141827843947884
-0.1828226051766528 -0.1119035067307290 -0.1152166636602970
-0.0870738746044837 0.1961991166638933 -0.1686013344264979
0.0776833525015072 -0.1657323279690472 -0.1802947638884851
-0.1738450979886398 -0.2863022253158450 0.1182074040965727
-0.2415094027009411 0.0296996915125832 0.1428880751293955
-0.0841433845577005 -0.2985740015070026 -0.3955569786255531
0.2378810173858328 0.3936402600443081 -0.4134893411839893
-0.4442955872150894 -0.4472415557312321 -0.3925998210370627
-0.1305364109991877 -0.1996079363868916 0.4087553123095700
0.2598385147006129 0.0068107777576501 0.3215309941540064
-0.0987303623158590 -0.2884901530544519 0.2523290156644438
0.1351240893890291 0.4078113637493765 -0.0347979844130209
-0.0610936800657780 -0.2225787676797561 -0.2117563784277590
-0.1208223892347391 -0.4465452502736578 0.1241911876852546
-0.0123993188875205 0.1375729423160643 -0.1684846968654456
0.0556605886412413 0.2841773111279101 -0.2856491798948220
0.3626070435999453 0.2478802010993164 0.3204927308719243
-0.2226063323564168 0.4220314554173438 0.0078644852055666
0.2152223493697459 -0.1627052949925095 0.0908982875014158
-0.3560381257626045 0.1347783923220628 -0.0429553581251469
0.4729311721223771 -0.2604289609563928 -0.1393004835273237
0.0287896977151375 -0.3345613073998676 -0.0885964617866207
0.2843382490936723 -0.0421711405333143 -0.1385279910347148
0.4438407308576976 -0.4690117045502259 0.2956068762674441
0.1151222802340173 0.3173772490188745 -0.4319906993702096
-0.1483290738067937 -0.3306132392809607 0.1001013246001756
0.2197650753438957 0.3731830592091037 -0.4572677629027875
-0.1354043657261088 -0.2229036964949509 -0.1695422767357278
-0.2156043899370130 0.4450077313593481 -0.0513203802789928
0.1952481536061155 -0.0747275026472636 -0.3783503431241517
-0.1052215417838480 -0.1947705288452729 0.4348607330761102
-0.0943668454047777 0.3540225702944734 -0.2825845873206433
-0.3994694082606500 0.1507908426394086 -0.4224628989830070
0.1142313635900016 -0.2607204002318663 -0.0704306785391780
0.0210477311231719 0.3258397641454520 -0.1826452801919440
0.2843685153354890 0.2673720651851513 0.3789394376831018
-0.2271466966869734 0.4111100045450605 0.2466230147332615
-0.4765008719179661 -0.2620015557722027 0.2027370625427350
-0.3140378701745060 -0.2531408104004266 -0.1586133734988546
-0.4683117861957642 0.0539345056731923 -0.0218413992520856
0.0386379447311535 -0.1301866779539682 -0.1411204923014490
-0.1734170416068159 0.4017897790982601 0.0215733963072173
-0.0195376657270856 -0.1311652475442426 -0.1733319981181947
0.1093504811253618 0.0884702610032379 -0.5000000000000000
0.0813496936689009 0.1310696639503998 -0.5000000000000000
0.1169121765093267 0.1953635355451108 -0.5000000000000000
0.1359315765525384 0.0631252711197226 -0.5000000000000000
0.0463424153211995 0.0562693304206026 -0.5000000000000000
-0.4968436407459612 0.2502351419395364 0.3341937872651893
-0.5000000000000000 0.1299778217019850 0.1189893238506938
-0.3186606633035562 -0.5000000000000000 -0.1663291349714206
-0.3367869799950789 -0.5000000000000000 -0.1706940222839110
-0.3821668638341990 -0.5000000000000000 -0.2337052393281411
-0.2335523079811971 -0.5000000000000000 -0.2892736694692868
-0.3052736784969940 -0.5000000000000000 -0.2515107735777359
-0.3342088444095064 -0.5000000000000000 -0.1961294130396607
-0.3731328815369784 -0.5000000000000000 -0.2728002188493522
-0.1172669067246414 0.1069916601255481 0.5000000000000000
-0.2869327063830533 0.0019677006253179 0.5000000000000000
-0.2158064745047566 0.1823836748076321 0.5000000000000000
-0.5000000000000000 -0.2869200285321123 -0.3164758086001029
0.5000000000000000 -0.2764150094891009 0.4673983015979484
0.4144017593810778 -0.3175311726658924 0.5000000000000000
0.5000000000000000 -0.2079709572008853 0.4804783686554737
0.5000000000000000 -0.2058142816665795 0.3785350712273514
0.4681611379424369 -0.2952992896919319 0.5000000000000000
0.4332214569411968 -0.2731531596937841 0.5000000000000000
0.4865539491292050 -0.3687209929872365 0.5000000000000000
0.4359297570135748 -0.3155177287925992 0.5000000000000000
0.4198810447372753 -0.2929818963186483 0.5000000000000000
0.4289572129658821 -0.3376586030141653 0.5000000000000000
0.4495591003781371 -0.2769775953628244 0.5000000000000000
-0.0171894852068727 -0.1963078449314646 0.5000000000000000
0.1098437687797894 -0.5000000000000000 -0.1551342911396512
0.1460562591170584 -0.5000000000000000 0.1469273242587453
0.2082429280454333 -0.5000000000000000 0.1036635805476117
0.1443732153396894 -0.5000000000000000 -0.0709254030068220
0.1900781699358974 -0.5000000000000000 -0.0802901300750598
0.3419477497000867 -0.5000000000000000 -0.2436695657014777
0.1025725450018628 -0.5000000000000000 -0.0772098893987452
-0.5000000000000000 0.2821923701260655 0.2930695582206574
-0.4158727369117344 0.2756610549059091 0.5000000000000000
-0.5000000000000000 0.2574639911067640 0.2547520500957621
-0.4133292654551618 0.4246573869560911 0.5000000000000000
0.4092390820128086 -0.2663708704729573 -0.4940285320064304
0.4821425035176373 0.0368780179627368 -0.5000000000000000
-0.3816452737598766 0.1658371213171980 -0.4902464046496673
0.2874439302474902 -0.3205578311849263 -0.5000000000000000
0.2882470750965803 -0.2789563355576689 -0.5000000000000000
0.2474118031954053 -0.3226828348199061 -0.5000000000000000
0.2753746320031905 -0.2801085856942273 -0.5000000000000000
0.0952785953139042 -0.5000000000000000 0.1993851285093780
-0.0665999325894066 -0.5000000000000000 0.0478670773329543
-0.0884960797179923 -0.5000000000000000 0.1020139445841625
-0.0153536401284335 -0.5000000000000000 0.0147655717999609
0.0610090789001761 0.5000000000000000 -0.1765353595685336
-0.5000000000000000 0.3111860411909252 -0.1743389156657839
-0.1183164349579902 -0.0353200396517144 -0.5000000000000000
-0.1009316077646630 -0.0554545946754402 -0.5000000000000000
-0.2073648807744920 -0.1481654352537019 -0.5000000000000000
-0.1163520725826493 -0.0689224108688433 -0.5000000000000000
-0.5000000000000000 -0.2457324089461314 -0.3663927379956607
-0.5000000000000000 -0.1577617181210836 -0.4185550021432188
-0.5000000000000000 -0.1335059808959917 -0.4734894718460261
-0.5000000000000000 -0.1301418742016324 -0.4438349024269608
-0.4689166750842979 -0.1462322448394930 -0.5000000000000000
-0.5000000000000000 -0.1787400665924826 -0.4472165004478269
-0.4619271208548835 -0.1879154317256558 -0.5000000000000000
-0.4918247624797116 -0.2368352002387955 -0.5000000000000000
-0.5000000000000000 -0.1899419195402493 -0.3917200730791228
-0.2621235877490572 -0.1776735359293589 -0.5000000000000000
-0.5000000000000000 0.4211804994313543 0.0796581348070380
-0.5000000000000000 0.4315195014708716 0.1186296511486543
-0.5000000000000000 0.4043902450383565 0.1930898415332637
-0.5000000000000000 0.4088203017091379 0.0175374951535902
0.5000000000000000 -0.1964339020738919 0.0274407899135900
0.5000000000000000 -0.1988843338023997 0.0194345663358045
0.5000000000000000 -0.1932701643552705 0.0204601814542987
0.5000000000000000 -0.1934512618270034 0.0078819847680217
0.5000000000000000 -0.2025552329243220 0.0280226580197640
0.5000000000000000 -0.1911599970530324 0.0262340193091044
0.5000000000000000 -0.2034333328823146 0.0026494757862031
0.2538895969084823 -0.5000000000000000 -0.3743483335704996
0.3230014843784216 -0.4126615693686105 -0.5000000000000000
0.3390718515872975 -0.3546878991606004 -0.5000000000000000
0.2962429979255471 -0.5000000000000000 -0.4809541086017377
0.2670616237487917 -0.3583572321166498 -0.5000000000000000
-0.0236457094005108 0.2140909824965583 0.5000000000000000
-0.0097783062668749 -0.2747978157039803 -0.5000000000000000
0.0003379311714430 -0.2528285014049398 -0.5000000000000000
-0.0234124431005767 -0.2571563800686359 -0.5000000000000000
-0.0604795570587799 -0.2433054704129769 -0.5000000000000000
-0.0169191822563271 -0.2543279031979273 -0.5000000000000000
-0.1404391194351507 -0.2954620931509434 -0.5000000000000000
-0.0291090936456985 -0.2693400627262440 -0.5000000000000000
0.0249893767714106 -0.2917213987179423 -0.5000000000000000
-0.0739986736341954 -0.3424841799957076 -0.5000000000000000
-0.1067218417928537 -0.2492257003984178 -0.5000000000000000
-0.0493653041661993 -0.1720760988427070 -0.5000000000000000
-0.1875498951118722 -0.1952286724168477 -0.5000000000000000
-0.0490663751503464 -0.2221691025335180 -0.5000000000000000
0.0102997754601592 -0.4254987888251517 0.5000000000000000
0.0239827043304240 -0.2985037218529483 0.5000000000000000
0.0665918475508906 -0.3595272952567173 0.5000000000000000
0.4234732206901414 0.4731645721117594 0.5000000000000000
0.2794913313484184 -0.5000000000000000 0.2091172362972973
0.2608290438794822 -0.5000000000000000 0.3094299392898799
0.2679478977048868 -0.4172382538921855 0.5000000000000000
0.4832251256712097 -0.3963151778088396 0.5000000000000000
0.3193168824581394 -0.4588303756422498 0.5000000000000000
0.5000000000000000 0.2741499125393399 -0.3642443468486097
0.5000000000000000 0.1775493019910846 -0.4869813670234597
0.4559545660725212 0.1668752816833403 -0.5000000000000000
0.5000000000000000 0.1117182408755458 -0.4425652101242912
0.5000000000000000 0.2472944964461262 -0.4148896315073308
0.0355741603422933 -0.1758664000875735 -0.5000000000000000
0.0290102758059242 -0.2304102421109771 -0.5000000000000000
0.0715303960921522 -0.2144422303592758 -0.5000000000000000
-0.0362719166982000 -0.1169019247161036 -0.5000000000000000
0.0135216657048490 -0.0505369658609853 -0.5000000000000000
0.5000000000000000 0.3341363710503570 -0.1282488487717486
0.5000000000000000 0.3478263593732042 -0.0587328990139334
0.5000000000000000 0.2820785083078126 -0.2566608700025968
0.5000000000000000 0.3193297470542339 -0.1075671814703098
0.5000000000000000 0.3248564278493836 -0.2293967917004132
0.5000000000000000 0.3599283312437633 -0.2385377367876798
-0.1128912044012373 0.2093306060256550 -0.4917356312108990
0.5000000000000000 0.2934076284933848 -0.3184201092661346
0.5000000000000000 0.2656869142009514 -0.2784113412483071
0.5000000000000000 0.3634782984060972 -0.2940943068390654
0.5000000000000000 -0.2292587266151072 0.1464707330567251
0.5000000000000000 -0.1540091259102487 0.3097839492031202
0.5000000000000000 -0.3140806533150914 -0.0685380709996245
0.1400178671477899 -0.5000000000000000 -0.2994266119305479
0.1122982922173810 -0.5000000000000000 -0.4860437865794140
0.0422448879206154 -0.5000000000000000 -0.2169739235051299
-0.0011500958259118 -0.4728088840672511 -0.5000000000000000
0.1055495289242505 -0.5000000000000000 -0.1748761592852987
0.0934628773914503 -0.5000000000000000 -0.3315219567632433
0.0022831952373897 -0.5000000000000000 -0.2285574314019095
-0.0867327386712669 -0.4221365845203265 -0.5000000000000000
-0.5000000000000000 -0.0376599007117553 -0.3227109181664913
-0.5000000000000000 0.0040171722850190 -0.3569933098027429
-0.5000000000000000 -0.0509078940903848 -0.3119873157056944
-0.5000000000000000 -0.0682806844388369 -0.3614218335572195
-0.5000000000000000 -0.0858727002698428 -0.4201578453606805
-0.5000000000000000 -0.1020657265086141 -0.4174827298753207
-0.5000000000000000 -0.0156027302853058 -0.4044042202884199
-0.4790801876077304 -0.0239676507923718 -0.5000000000000000
-0.5000000000000000 -0.0130665041396206 -0.3494820308012136
-0.2591413873472034 -0.1653243659033610 -0.5000000000000000
0.4971027138909014 -0.3302086990914371 -0.3680368695837206
0.5000000000000000 -0.3857821203867672 -0.2151942760383798
0.5000000000000000 -0.3817790755410624 -0.2825761403585036
0.5000000000000000 -0.2855295643681429 -0.1890620085098673
-0.3634750906618948 0.1833080728251482 0.5000000000000000
-0.4434560430318024 0.0648809157519342 0.5000000000000000
-0.4222687644329534 -0.0019812617661469 0.5000000000000000
-0.5000000000000000 0.1121085938992849 0.4944654850175649
0.1693245544979325 -0.0503343690554094 -0.5000000000000000
0.0651879711318112 0.0188548643354951 -0.5000000000000000
-0.4235789366467606 -0.5000000000000000 0.1026732059745757
-0.4437604843503585 -0.5000000000000000 0.0136927168047016
-0.3669851743787497 -0.5000000000000000 0.0830995945984219
-0.3581640158093665 -0.5000000000000000 0.0812895835281087
-0.3920654858257637 -0.5000000000000000 0.0723547588192733
-0.3987496127186274 -0.5000000000000000 -0.0003702387833495
0.5000000000000000 -0.2157812939719764 0.1155887934149267
0.5000000000000000 -0.2468275799640923 0.1315201135675920
0.5000000000000000 -0.2075477574828928 0.1402296785443885
0.5000000000000000 -0.2500244022007109 0.1818189519090116
0.2245779434127211 0.4257631387597767 -0.5000000000000000
-0.5000000000000000 -0.2771696819058888 -0.3491669459473034
-0.5000000000000000 -0.3282851578059108 -0.2728002044813633
-0.5000000000000000 -0.2308420429714108 -0.2745725701586372
0.5000000000000000 0.0831966026762858 -0.4261400690042660
0.5000000000000000 -0.0788367927890104 -0.2157237870148320
0.5000000000000000 0.1415971415095778 -0.3395490573394587
0.5000000000000000 0.2398322286239643 -0.3043017305448327
-0.4635572912744845 0.0303122358520764 -0.5000000000000000
-0.3919893249626534 0.1472294162441784 -0.5000000000000000
-0.4316561171832066 0.0849250307463365 -0.5000000000000000
0.2592282234241134 -0.3835586677842470 0.5000000000000000
0.5000000000000000 0.0561392665707774 0.0750639986303070
0.5000000000000000 0.0750464907506994 0.1035811504387925
-0.1067728592182921 0.1789908147996823 -0.5000000000000000
-0.1096826740024528 0.2613184505157297 -0.5000000000000000
-0.0896453152997361 0.1780025343864694 -0.5000000000000000
-0.1263100412979225 0.1991371607509245 -0.5000000000000000
0.1881501849131755 -0.5000000000000000 -0.3726015352807862
0.2326807798628926 -0.5000000000000000 -0.2045823076240448
0.0344721763203086 -0.2783440035173465 0.5000000000000000
0.0871125025699229 -0.3442043366463999 0.5000000000000000
0.3577183206736622 0.5000000000000000 -0.3758771937176424
0.3200487695894800 0.5000000000000000 -0.4368850202162209
0.3050799763181453 0.5000000000000000 -0.3048707340901007
0.3574188621701145 0.3783743609337228 -0.5000000000000000
0.3234037950078199 0.4645846669147120 -0.5000000000000000
0.5000000000000000 0.4942122389786099 -0.3685833908738439
0.3561823056720277 0.4920053385406719 -0.5000000000000000
0.3633354048197350 0.5000000000000000 -0.4008323968123958
0.3380076048274657 0.3444071590112677 -0.5000000000000000
0.5000000000000000 0.4179517665036672 0.3425088603869317
0.5000000000000000 0.3616804905349638 0.2397712450111542
0.5000000000000000 0.3725510542388962 0.2140858286950003
0.5000000000000000 0.3479867071017068 0.3110720491468436
-0.1652777133053790 -0.5000000000000000 -0.3619415728427567
-0.2275883990598559 -0.5000000000000000 -0.3785893844338559
-0.4142014222134259 -0.5000000000000000 -0.4875765021437631
0.5000000000000000 0.0789992724815530 -0.4813042153129298
0.0677616691095862 0.5000000000000000 0.2051011980419760
0.0672254656404290 0.5000000000000000 0.1982522815943075
0.0661062659518940 0.5000000000000000 0.2031097407099104
0.0900780323175735 0.5000000000000000 0.1857133234342430
0.0696047960436737 0.5000000000000000 0.1917475654438793
0.0575861552437500 0.5000000000000000 0.1944818902078092
-0.1286695814278377 0.2883047448385332 0.5000000000000000
-0.1569223148971173 0.3292398822922878 0.5000000000000000
-0.1446809742216865 0.2642175875190833 0.5000000000000000
-0.1688130687452734 0.2565931506478442 0.5000000000000000
-0.0711364350009097 0.3502954791385220 0.5000000000000000
-0.0932660621089424 0.2528146167636782 0.5000000000000000
-0.2630620495074290 0.5000000000000000 -0.4802406962280726
-0.3032948248386444 0.3078625473727692 -0.5000000000000000
-0.3384405152071741 0.5000000000000000 -0.2750110599774103
-0.4047802953496178 0.5000000000000000 -0.3903103785091362
-0.2892222814747412 0.3526903970034631 -0.5000000000000000
-0.5000000000000000 0.3741129699558755 0.3082287534527708
0.5000000000000000 -0.3655529149604077 0.3765138804133523
0.5000000000000000 -0.4608147613401956 0.3296791951546469
0.2887435616018807 0.5000000000000000 -0.1824878070059837
0.1338627201521562 0.5000000000000000 -0.2890136580028567
0.2319639910278373 0.5000000000000000 -0.0921053393732065
0.2289843948701308 0.5000000000000000 -0.1592181871075475
0.2116870124890370 0.5000000000000000 -0.1004974145136152
-0.5000000000000000 -0.2976006089618065 0.2687038952484413
-0.3313740419292531 -0.3669954802812164 0.5000000000000000
-0.4585626228257674 -0.3482804375599907 0.5000000000000000
-0.5000000000000000 -0.2414057987116116 0.3266951033200424
-0.4125166827697007 -0.5000000000000000 0.4771163244699503
-0.5000000000000000 -0.2266233733626570 0.2859683386277803
-0.5000000000000000 -0.3308843721835092 0.2855803658262957
-0.0374797932329622 -0.3733342082399534 0.5000000000000000
-0.0123380558365720 -0.4217872490995017 0.5000000000000000
-0.1408501011559488 -0.3452572374805987 0.5000000000000000
0.0078784215627758 -0.3046261499898587 0.5000000000000000
0.0435586601629996 -0.3619343064518039 0.5000000000000000
0.5000000000000000 0.0487281051226665 -0.1088816461377254
0.5000000000000000 0.0436938576006081 -0.1786746942966363
0.5000000000000000 0.0510695588951294 -0.2602498003579819
0.5000000000000000 0.0183922589698760 -0.1544740304318208
0.5000000000000000 0.0201379147528851 -0.1167062546627256
0.5000000000000000 0.0350374943681603 -0.1308302195585496
0.5000000000000000 -0.0644849448836644 -0.1855499191905254
0.5000000000000000 -0.0126979073311467 -0.1363913026788172
0.1147147722425470 0.5000000000000000 -0.3549798048178374
0.5000000000000000 -0.2936994428509934 0.4211702374879765
-0.0564104414485424 0.3888757337761512 -0.5000000000000000
-0.5000000000000000 0.0609821419884710 -0.2053910615499663
-0.5000000000000000 0.0408426592919550 -0.3156363611969683
-0.5000000000000000 0.0299175431857254 -0.1995494649472858
-0.5000000000000000 0.0374466786268745 -0.1143613457024945
0.1662240345905449 -0.0766857539483045 -0.5000000000000000
0.2086491953970040 -0.3113781628341630 -0.5000000000000000
0.2408890246806522 -0.2579302338948623 -0.5000000000000000
0.2280772218283020 -0.2656861855802319 -0.5000000000000000
0.1983759037746791 -0.2582522042478398 -0.5000000000000000
-0.5000000000000000 0.1171354659942404 -0.1516742291453641
-0.5000000000000000 0.0940215935469726 -0.2560818091832410
-0.5000000000000000 0.1520927274288708 -0.1447015995083032
-0.5000000000000000 0.1413298692920032 -0.2361390185966382
-0.3125194797469919 0.5000000000000000 0.3900827602072705
-0.3653253412885411 0.5000000000000000 0.2736219988213834
-0.3574740142568137 0.5000000000000000 0.3392665508197233
-0.3790469950702282 0.5000000000000000 0.3128400266008965
-0.3435018734355932 0.5000000000000000 0.3023751865382386
-0.5000000000000000 -0.0128733910727778 0.4299118335525516
-0.4363017083562669 -0.0268223110552233 0.5000000000000000
-0.5000000000000000 0.1097939949895664 0.4583354609515449
0.3597902102987324 -0.2240572904753182 -0.5000000000000000
0.4349053196014546 -0.0255551906755548 -0.5000000000000000
0.5000000000000000 -0.0924879899012948 -0.1997196483629707
0.5000000000000000 -0.0572765888969599 -0.1429541980579978
-0.2530163577186607 0.4985965141984060 -0.5000000000000000
-0.2683607162887639 0.3000490132003433 -0.5000000000000000
-0.1886202965402355 0.3009428647121918 -0.5000000000000000
-0.1189441354848083 0.3309607776884430 -0.5000000000000000
-0.1237376645329185 0.5000000000000000 -0.3770847816032434
-0.2035000089127511 0.3315762387552055 -0.5000000000000000
-0.2494511008168930 0.3306196896122592 -0.5000000000000000
0.1338201127037290 0.4497765090847554 -0.5000000000000000
0.2108588471042537 0.3737942276277997 -0.5000000000000000
0.1369188731197125 -0.5000000000000000 0.2541282681993589
0.2095462969265504 -0.5000000000000000 0.2847799287232408
0.0292128676554098 -0.5000000000000000 0.2811557073952080
0.1575602457037341 -0.5000000000000000 0.3097161948103773
-0.2045224713214168 -0.4957110736622538 -0.5000000000000000
-0.2384119458819354 -0.4628808001696490 -0.5000000000000000
0.3961019902194121 -0.2583113935996280 -0.5000000000000000
0.3510262772320699 -0.2386177909877484 -0.5000000000000000
0.3462188874724647 -0.2054425560955317 -0.5000000000000000
0.3434142025884805 -0.2380974246678442 -0.5000000000000000
0.3290635407129472 -0.2058291589201766 -0.5000000000000000
0.4324508923763878 -0.5000000000000000 0.3161573075935724
-0.3258152900725971 0.4747097965646160 -0.5000000000000000
-0.2155141828310468 0.5000000000000000 -0.3058559060619112
-0.5000000000000000 0.2734565086863814 -0.0365200022049713
0.2104708815114768 -0.5000000000000000 0.1395502142770861
0.0354656390482653 -0.5000000000000000 0.3553182131115600
-0.5000000000000000 0.1410673745856140 0.3527906843311541
-0.2326814638978616 -0.1666394913377713 -0.5000000000000000
-0.5000000000000000 0.0174877591730590 -0.1994736394450027
-0.5000000000000000 0.0930336363639229 -0.1041422554966479
-0.1273744620406246 0.0027524388931512 -0.5000000000000000
-0.0963104622935599 0.0360300930114106 -0.5000000000000000
-0.1938915814267446 0.0635141643486851 -0.5000000000000000
-0.2264633241729113 -0.1515112409160606 -0.5000000000000000
-0.2569257645581714 0.4995513522860550 0.5000000000000000
-0.2982882858456145 0.4732139713474490 0.5000000000000000
-0.1538132870963098 0.4784416787344070 0.5000000000000000
0.0497748940413560 -0.2857171124075549 0.5000000000000000
0.1047778961896191 -0.3514447757833106 0.5000000000000000
0.4608580756306488 -0.4124174927602505 -0.5000000000000000
0.5000000000000000 -0.3332668823630570 -0.4119030870143828
0.5000000000000000 -0.3533148243854298 -0.3672548839898735
0.5000000000000000 -0.2406958712920125 -0.3038231647084343
-0.2509720814474422 0.4734197676072252 0.5000000000000000
-0.1850342133097425 0.3408000670150035 0.5000000000000000
-0.3013929909418906 0.4230826867903232 0.5000000000000000
-0.2596723963566272 0.3689663647923956 0.5000000000000000
-0.1375574668015622 0.4670435278308214 0.4901113615556066
0.3665803852800528 0.5000000000000000 -0.2794677347627496
0.5000000000000000 0.4846283622109466 -0.1988566053032220
0.3167567544050975 0.5000000000000000 -0.2866379565640599
0.3478809714698113 0.5000000000000000 -0.1751620941640242
0.3828355323740216 0.5000000000000000 -0.2472634232213154
0.3444412031004977 0.5000000000000000 -0.2403271603154768
0.2310145267733670 -0.5000000000000000 0.1348590406429079
0.2309771526228229 -0.5000000000000000 0.1819144465124529
0.2152889395221752 -0.5000000000000000 0.1191651329562885
0.4816873664123487 0.3533066406242225 0.5000000000000000
0.5000000000000000 0.4315708018116706 0.2861423263310064
0.4418704099275570 0.5000000000000000 0.3504985400577177
0.3793627576362614 0.5000000000000000 0.2945023493566896
0.5000000000000000 0.4789759321284164 0.4011569984853691
0.3859253118846572 0.5000000000000000 0.4293540077456514
0.4051237682648745 0.3613053156380425 0.5000000000000000
0.3515497399580889 0.4113211093405013 0.5000000000000000
-0.5000000000000000 -0.3662142455087283 0.1962542864197535
-0.5000000000000000 -0.3734544734407859 0.1717242965505266
-0.5000000000000000 -0.2777542277165576 0.2106852663149653
-0.1213879163145606 0.1783613355775899 0.5000000000000000
-0.0415067366862890 0.0404878087285989 0.5000000000000000
-0.0264539898891358 0.0765787128622570 0.5000000000000000
-0.1075113464173232 0.5000000000000000 -0.1875464199830490
-0.1864575660778054 0.5000000000000000 -0.2090667293164867
-0.3971562727120356 0.1659587504836520 -0.5000000000000000
-0.4525040243813244 0.3277227318396669 -0.5000000000000000
-0.5000000000000000 0.1638319927738035 -0.4983630446395917
-0.4570470770013185 0.1573071358030992 -0.5000000000000000
-0.0792111928690794 -0.5000000000000000 -0.1838656968416360
-0.1292281052480006 -0.5000000000000000 -0.3048978952832019
-0.0882765375341769 -0.5000000000000000 -0.1185214685608395
-0.1005292516356503 -0.5000000000000000 -0.0287809323162911
0.3423842010453765 0.1151308464249171 0.5000000000000000
0.1387050398754686 0.3018961480383254 0.5000000000000000
0.1871811187855133 0.2527353373173128 0.5000000000000000
0.2202313792141349 0.1763302169467643 0.5000000000000000
0.2226796659499408 0.0103666146905101 0.5000000000000000
0.0674529423123951 0.2158340785370087 0.5000000000000000
0.1344029281903433 0.4023378413981989 0.5000000000000000
0.1761437073353698 0.3956979208273051 0.5000000000000000
-0.2358084522858899 -0.5000000000000000 -0.1198980354165264
-0.2734553979901411 -0.5000000000000000 -0.0469447395505293
-0.3681939610759217 -0.5000000000000000 -0.0978300890823015
0.2749090372893384 -0.4230285565675653 -0.5000000000000000
0.3630249516599846 -0.3943925443296729 -0.5000000000000000
0.3349115021979376 -0.4396882733986400 -0.5000000000000000
-0.0530342615673486 -0.5000000000000000 0.3065420305816712
-0.0617086758183007 -0.2788314398993992 0.5000000000000000
0.0197891176956645 -0.2699423094406250 0.5000000000000000
-0.0996090993434657 0.5000000000000000 -0.3093407839128183
-0.0164079255334704 0.5000000000000000 -0.1755984744532223
-0.4308277956366516 -0.3228087621138412 -0.5000000000000000
-0.3896696996443854 -0.3302941914230796 -0.5000000000000000
-0.4869837868516483 -0.2487898327478662 -0.5000000000000000
-0.5000000000000000 -0.3497198360155377 -0.4660922177591802
0.5000000000000000 -0.1970744808830132 0.0875446709847407
0.5000000000000000 -0.0507744812506601 0.1564932967037979
0.5000000000000000 -0.0255714515908062 -0.0418525773487044
0.5000000000000000 -0.0929159600989603 -0.1903437387281390
0.5000000000000000 -0.0580524027080129 -0.1149585335228408
0.5000000000000000 0.0240171530644194 0.1192906333215468
0.4331394698759383 -0.3931599246315537 -0.5000000000000000
0.4084509201651114 -0.4877012398424281 -0.5000000000000000
-0.5000000000000000 0.0528277810376660 -0.3695072120273808
-0.5000000000000000 0.0037127174845153 -0.2951983858961066
-0.5000000000000000 0.0475366437324471 -0.4573162583324089
-0.4719333253053307 0.0042880563583289 -0.5000000000000000
-0.3233922738755487 0.0934882650872951 -0.5000000000000000
-0.2569590542479246 -0.1563094006639885 -0.5000000000000000
0.4542816704980259 -0.5000000000000000 0.3473406996327650
0.5000000000000000 -0.1841741145731112 0.1244304672829083
0.1104490361708396 0.3568223780958985 0.5000000000000000
0.1601834058374205 0.3098032923773532 0.5000000000000000
0.0990100915152716 0.5000000000000000 0.3832653568765025
0.0404543402263151 0.4240619099182293 0.5000000000000000
0.0217313181222643 0.2780396180440907 0.5000000000000000
0.5000000000000000 0.1760017434483448 0.2889484721465144
0.3568128852851265 0.5000000000000000 0.2221776706500505
0.3482468743580498 0.5000000000000000 0.0406730143012037
0.5000000000000000 0.3327847543893220 0.2145079374362755
0.5000000000000000 0.1173975822721736 -0.1972206362544151
0.5000000000000000 0.1516542657007530 -0.2979225312858151
0.5000000000000000 0.1363288923155439 -0.3079726117116126
0.5000000000000000 0.1129068267793295 -0.3528137854376535
0.5000000000000000 0.1503915172928308 -0.2833427696940026
0.5000000000000000 0.1228323816022007 -0.2488146651221644
-0.5000000000000000 -0.0908595868158284 0.0516585235660357
0.2769771531435331 -0.5000000000000000 0.0540416510665297
0.3652573114284062 -0.5000000000000000 -0.0031640765325714
0.3242829516027416 -0.5000000000000000 0.1421443111073706
0.3567637494366073 -0.5000000000000000 -0.2129262443818639
0.3905881462645340 -0.5000000000000000 0.2455512159930622
0.4528119857253465 -0.5000000000000000 -0.0832285324272241
0.4606387839042841 -0.5000000000000000 -0.0692648645519339
0.4119958675879608 -0.5000000000000000 -0.1757902141849806
0.4574581690173157 -0.5000000000000000 0.0083378026249876
-0.3753473600248750 0.1774464898132457 -0.5000000000000000
-0.4008067607247817 0.3536110151747355 -0.5000000000000000
-0.2095566172998037 0.2268937299325733 -0.5000000000000000
-0.2624257388769836 0.4824883908111305 0.5000000000000000
-0.2579299758071828 0.5000000000000000 0.4170736946552451
-0.1954176746421393 0.5000000000000000 0.4582492142826807
-0.2497034798598367 0.5000000000000000 0.4543152985380543
-0.2984662874704305 -0.0176297673575363 0.5000000000000000
-0.3952432800503064 0.5000000000000000 0.0026606347428442
-0.4924404823963665 0.5000000000000000 0.0528257557292159
-0.3600876735303236 0.5000000000000000 0.0235519180873430
-0.5000000000000000 0.3013164574925077 -0.0717436455654620
-0.4521823689062810 0.5000000000000000 0.0071562245193991
-0.1553933181931337 -0.5000000000000000 -0.1426330960826774
-0.1615318097398217 -0.5000000000000000 -0.2826907052644186
-0.1562291120316578 -0.5000000000000000 -0.0856399429617669
-0.1504138898213606 -0.5000000000000000 -0.0086561177006414
0.4125621755771715 -0.2488568497842117 -0.5000000000000000
0.5000000000000000 -0.2875639068425286 -0.3882761897513859
0.4286844898242395 -0.2668962487155848 -0.5000000000000000
0.5000000000000000 -0.1033320779189260 -0.2160019856503808
0.4075118868830896 0.5000000000000000 -0.3153799022090638
0.3462533683905977 -0.2907824962972427 -0.5000000000000000
-0.2530627275906329 -0.3500838751609125 0.5000000000000000
-0.2712283648765567 -0.3984812421814161 0.5000000000000000
-0.3173058479727696 -0.4117918537342898 0.5000000000000000
-0.3353248809897766 -0.3419677327774306 0.5000000000000000
-0.4522686629214694 -0.4073461676313955 0.5000000000000000
-0.4446095471081861 -0.3190742617571581 0.5000000000000000
0.2041744373929526 0.1466458712525272 -0.5000000000000000
0.1837186326196130 0.2198439432501363 -0.5000000000000000
0.2218859623422063 0.1249268523439125 -0.5000000000000000
0.2669131156846127 0.1361848230652818 -0.5000000000000000
0.2868815662492509 0.2303956838946673 -0.5000000000000000
0.2271428126739079 0.1574465273231578 -0.5000000000000000
0.2891918657903708 0.2372308381763805 -0.5000000000000000
0.5000000000000000 0.1030996578330549 -0.0300268252066361
0.5000000000000000 0.0630698043044298 0.0449028417346290
0.5000000000000000 0.2123381450289161 -0.2152406901313293
0.5000000000000000 0.1772262784604090 0.0369079835335603
-0.3747164574261934 0.5000000000000000 0.1573242808891562
-0.4260370897314563 0.5000000000000000 -0.0143104146191795
0.4494784919382864 0.2538293339208822 0.5000000000000000
0.4719006576746997 0.2973979095405249 0.5000000000000000
-0.4407354536371426 0.5000000000000000 0.1510909588652107
-0.5000000000000000 0.4646064029514176 -0.0074614144942357
0.4769301893791467 -0.5000000000000000 0.3322909264938512
0.3962923265401178 -0.1175913651285586 0.4959057145380436
-0.4130915654886492 0.3716072584759738 -0.5000000000000000
0.1882531280074747 -0.1598483775835073 0.5000000000000000
0.0209156792117941 -0.0539029321783145 0.5000000000000000
0.0495681085994214 -0.1859534395659970 0.5000000000000000
0.0367637572474448 -0.0340818465368942 0.5000000000000000
0.0836653687484181 -0.2104975267870496 0.5000000000000000
0.0641092984423176 -0.0796109381967490 0.5000000000000000
0.1178572318197331 -0.0719523039453549 0.5000000000000000
0.0867210812993874 -0.1089859913705288 0.5000000000000000
-0.4972354649164885 -0.0427422159920348 0.2514516672122998
-0.4878539396236513 -0.0171763531742573 0.3544671357703564
0.5000000000000000 0.3551576830577532 0.1186261477141426
0.5000000000000000 0.2973369690671637 0.0786478877682951
0.5000000000000000 -0.1308875041327037 0.4995167557550560
0.5000000000000000 -0.1289604183492308 0.3696490993713060
0.5000000000000000 0.0046170209191288 0.4104810876720285
0.3616970284433784 -0.0985421870384704 0.5000000000000000
0.3989744253044517 -0.0909951728924190 0.5000000000000000
-0.3575420969665075 0.5000000000000000 0.1377906483761158
-0.2140819481144838 0.5000000000000000 -0.1010531246390796
-0.3443564770069093 0.5000000000000000 0.0339494717616587
-0.3065847317234892 0.5000000000000000 0.0428622346057399
-0.2932285294930026 0.5000000000000000 0.0136258697795727
-0.5000000000000000 0.0684276540745528 -0.3693603391879430
-0.5000000000000000 0.0604559953632092 -0.3857122646699273
-0.2199217657658145 0.1144211840911142 -0.5000000000000000
0.2295167187859845 -0.5000000000000000 0.3729857394739396
0.1782655266664335 -0.5000000000000000 0.4940638976153751
0.1921849941092733 -0.4698100324858793 0.5000000000000000
0.1920234656498453 -0.4511306677470292 0.5000000000000000
-0.5000000000000000 -0.3111211663849487 -0.0727101919569416
-0.5000000000000000 -0.3290684594935769 0.0254624034958126
-0.4866693542125962 -0.5000000000000000 -0.0528936459411364
-0.5000000000000000 -0.2624772012946654 0.0077177910753929
-0.5000000000000000 -0.3391463033249119 -0.1377831751308330
-0.5000000000000000 -0.2181216784278684 -0.0836018068804607
-0.5000000000000000 -0.2802827281687674 -0.0268552460750049
-0.0368036807193606 -0.5000000000000000 0.3256158482833720
0.0780428402746452 -0.5000000000000000 0.4395689441896316
0.0185762552975693 -0.4828726536554681 0.5000000000000000
0.1016903449078523 -0.4474559732770069 0.5000000000000000
-0.0365547366724239 -0.4582765821314054 0.5000000000000000
0.0471902931274811 -0.5000000000000000 0.4381522219367098
-0.5000000000000000 -0.2293572074407352 -0.1990589240669901
-0.1409587263886585 0.2044333364122604 0.5000000000000000
-0.1517180982233601 0.2024479807338192 0.5000000000000000
-0.1174721432405462 0.2025087726104926 0.5000000000000000
-0.3867721199217080 0.5000000000000000 0.1781812864269457
0.0190543205646081 -0.2454370261304641 -0.5000000000000000
0.0602908951992511 -0.2493312370123203 -0.5000000000000000
0.0517591460488251 -0.2777866117995192 -0.5000000000000000
-0.5000000000000000 -0.3992174714154397 0.2190537606551561
-0.1580891499807766 -0.5000000000000000 -0.3548617595253320
0.1438043000844813 -0.4849949877091429 -0.5000000000000000
0.1674206100944428 -0.4653304672786183 -0.5000000000000000
0.1488763286116167 -0.5000000000000000 -0.4081713030353854
0.1577158566876241 -0.3899379680629650 -0.5000000000000000
0.2216468678982281 -0.5000000000000000 -0.4669320304164680
0.1856398839660152 -0.3673916769259602 -0.5000000000000000
-0.5000000000000000 0.3922016751034451 -0.4435127184783118
-0.1739696774605388 0.2937122613822577 0.5000000000000000
-0.0181748607175464 -0.1694755881175931 0.5000000000000000
-0.0049238733979437 -0.2078490483653079 0.5000000000000000
-0.0117203997055799 -0.1867574914318398 0.5000000000000000
-0.0298996351072402 -0.1959135023838116 0.5000000000000000
0.0644164444297441 0.0299386648971629 0.5000000000000000
-0.5000000000000000 -0.3608917779710334 0.0399491411051785
-0.4617636406570232 -0.5000000000000000 -0.0594310052330087
-0.5000000000000000 -0.3981480194573611 -0.1666182957381048
-0.3935853166901246 -0.5000000000000000 -0.0914324499097267
-0.5000000000000000 -0.1372535430780502 0.2480963677465884
-0.5000000000000000 -0.1934853082230135 0.1246565296111738
-0.1459057184729210 0.2268699205760370 -0.5000000000000000
0.3500750930661512 -0.5000000000000000 0.3027244538493666
0.1697540295091385 0.4873325574678542 0.1317509833883790
-0.1063095595000245 -0.0041105273165146 -0.5000000000000000
0.3703944002694834 -0.0408244063331509 -0.5000000000000000
0.2882497613367349 -0.0936704416268541 -0.5000000000000000
0.3042000599277997 -0.2730374297489830 0.5000000000000000
-0.5000000000000000 0.4525972420428890 0.2939924755970016
-0.3196745907709473 0.5000000000000000 0.2417914806128590
-0.3380803606238469 0.5000000000000000 0.2141913586227449
-0.3153555624947076 0.5000000000000000 0.1836866683650485
0.4999090857005815 0.1426560677138213 0.4838710104654649
0.5000000000000000 0.1612873196454366 0.3067982268006859
0.5000000000000000 0.1767227128889447 0.2802028072809402
0.5000000000000000 0.1567591993784760 0.2935707517615344
0.5000000000000000 0.1653934610486409 0.3024059842517562
-0.4485618534373051 -0.3778250851856236 -0.5000000000000000
-0.4373689530710157 -0.3924974608532213 -0.5000000000000000
0.5000000000000000 -0.0267163950837164 0.2144495725994967
0.5000000000000000 0.0145458768507398 0.2109487581064667
-0.0747488231065625 -0.5000000000000000 0.3107159544839042
-0.0840024721276939 -0.5000000000000000 0.2768034259722848
-0.0404344099818661 -0.5000000000000000 0.2940173069372489
-0.0673835792304790 -0.5000000000000000 0.2960658845690527
-0.0626338739897014 -0.5000000000000000 0.2944458492594993
-0.0784518887967344 -0.5000000000000000 0.2429900994178975
-0.5000000000000000 0.3937355913840549 0.3191344936356888
-0.3184271306246134 0.4387684125386976 0.5000000000000000
0.3850013596895289 0.2949967193055550 -0.5000000000000000
0.3606125249755925 0.2818112282864113 -0.5000000000000000
0.4380567198660311 0.2398919041543443 -0.5000000000000000
0.3559249254997511 0.2853553342584094 -0.5000000000000000
0.2767712218601533 0.5000000000000000 -0.4608784932204454
0.2720450838093231 0.5000000000000000 -0.4843821757839762
-0.1992631013387080 -0.3015385948090841 0.5000000000000000
-0.2199728793460000 -0.3136859949441749 0.5000000000000000
-0.2656043713079658 -0.2873854046374477 0.5000000000000000
-0.2696520754319331 -0.2225481655183061 0.5000000000000000
-0.1234678335404963 -0.2721481456920192 0.5000000000000000
-0.1842232116715575 -0.2354120483855180 0.5000000000000000
-0.2328873162643267 -0.2705819766222266 0.5000000000000000
-0.1639752143068716 -0.3811554954305941 0.5000000000000000
0.3924762283210862 0.1195922940710538 0.5000000000000000
0.4955173291887913 0.1486494966809133 0.5000000000000000
0.4852914474431831 0.1539184864560690 0.5000000000000000
0.4682297853301888 0.1058552602369501 0.5000000000000000
-0.5000000000000000 -0.3990277632003815 0.1105969248109077
-0.4238079865918536 -0.5000000000000000 0.3659595773228819
-0.4511576414449339 -0.5000000000000000 0.1424639537150965
-0.4713623946644769 -0.5000000000000000 0.0515927376191765
-0.5000000000000000 -0.4651452096360456 0.1912862891750856
-0.5000000000000000 -0.4969753112538428 0.2535094428006157
-0.5000000000000000 -0.0307567248272816 0.3621802806442210
-0.5000000000000000 -0.2075372423871879 0.3867447174565378
0.5000000000000000 0.3868433251130454 0.1886537162289343
-0.0813679084277842 0.0415739125476617 -0.5000000000000000
-0.0731141899355822 0.0303315448685574 -0.5000000000000000
-0.1033257499728251 0.1071106465684640 -0.5000000000000000
-0.0901166723432185 0.0435708786928183 -0.5000000000000000
0.5000000000000000 -0.1721932245766906 -0.1290511715087788
0.5000000000000000 -0.2470850604713192 -0.1389451958665866
0.2838353045377955 -0.1838227076588598 0.5000000000000000
0.3313508664028708 -0.2123705246138326 0.5000000000000000
0.2508813284338247 -0.0732272723961046 0.5000000000000000
0.3045579478416640 -0.2355059288086740 0.5000000000000000
0.4209670854249563 0.0503791655908242 -0.5000000000000000
0.4709271087909826 0.0497941654295379 -0.5000000000000000
0.2811260632607194 -0.0362594824965266 -0.5000000000000000
-0.5000000000000000 -0.0166731935707558 -0.1934983186607364
-0.5000000000000000 -0.3570793559250631 -0.2026398738830281
0.5000000000000000 0.0735946046120481 -0.4482840806249476
-0.3351692094261348 0.4993923790466590 -0.1756010269776768
-0.4012995878203551 0.5000000000000000 -0.2121525627073347
-0.2309479419136454 0.5000000000000000 -0.2244243783972132
0.1162953365151651 -0.4990892324242215 -0.5000000000000000
-0.3315662654714812 0.4234220429616507 0.5000000000000000
0.5000000000000000 0.4189139884674237 0.0067201202917779
0.5000000000000000 0.4752817134688815 -0.2151319159618348
-0.5000000000000000 -0.0225479884511149 0.3700527219836256
-0.2539820794313454 -0.0165430247672488 0.5000000000000000
-0.0840446842660823 -0.0810406276522216 0.5000000000000000
0.1678580316848988 0.5000000000000000 -0.3073378646061009
0.2989597185186475 0.5000000000000000 -0.3029357302539516
-0.3161383714422961 0.0619026017856903 0.5000000000000000
-0.3147704162867191 -0.0129096760139283 0.5000000000000000
-0.3162978511424065 -0.0262267298177517 0.5000000000000000
-0.3035004527130273 -0.0270315024688707 0.5000000000000000
-0.3075604513504776 -0.0275311136909837 0.5000000000000000
-0.3017969207788314 -0.0196091713668528 0.5000000000000000
-0.3489615501191017 0.0114671946327490 0.5000000000000000
-0.2730657380974118 -0.0551133118210496 0.5000000000000000
0.4575266937764092 0.5000000000000000 0.2620478095604918
-0.5000000000000000 -0.3371429085505147 0.0625545074336155
-0.5000000000000000 -0.3637251447001202 0.1059439410379693
-0.5000000000000000 -0.2941123002137910 0.1537653403116463
-0.5000000000000000 -0.1296544125684342 -0.2529465443938452
-0.5000000000000000 -0.0574822916171087 -0.1674815290243675
-0.5000000000000000 0.0065715231390751 -0.1202318496250334
0.5000000000000000 0.0583255250183194 -0.4954153637247845
-0.1109521138495294 0.3081424244014667 -0.5000000000000000
-0.0956640925402427 0.3335658658485436 -0.5000000000000000
-0.1047596024161749 0.3332970624629190 -0.5000000000000000
0.1215019510119046 0.4982298259115377 -0.3120694497255759
-0.0566198186778803 0.5000000000000000 -0.3637568742778512
-0.0808258086192726 0.5000000000000000 -0.3874802041322920
-0.1760733407136300 0.5000000000000000 -0.2473535914943522
-0.0928334747965558 0.5000000000000000 -0.3436081694078664
0.3515637333096228 0.1141308292020060 0.5000000000000000
0.3507043976979089 0.1084166252826001 0.5000000000000000
0.3477034989537466 0.1072343599856868 0.5000000000000000
0.3931478983605522 0.3676719809593224 -0.5000000000000000
0.2730808503443432 0.3600425291917631 -0.5000000000000000
-0.0220916133065465 -0.2595801794293351 0.5000000000000000
0.0699584648451751 -0.2613620373867951 0.5000000000000000
0.0343977368178219 -0.2530186653475612 0.5000000000000000
0.3557508315293179 -0.0081622899133635 -0.5000000000000000
0.4113250676732189 0.0633074575642747 -0.5000000000000000
0.5000000000000000 -0.3128586803223474 0.1735763801417795
0.5000000000000000 -0.3150444720837694 0.2046419264920688
0.5000000000000000 -0.3344693447884645 0.1968250424501597
-0.5000000000000000 0.2945568204652608 -0.3870928257917212
-0.5000000000000000 0.1706302222780064 -0.1643826668938157
-0.5000000000000000 0.2591785492916313 -0.2452155173105547
-0.5000000000000000 0.1709588766884007 -0.3032644044786079
-0.2459155244077665 -0.3281559848906365 -0.5000000000000000
-0.2985136269978744 -0.3144783587656557 -0.5000000000000000
-0.3398252337339467 -0.3438615130255203 -0.5000000000000000
-0.2740128018074630 -0.2995681988667624 -0.5000000000000000
-0.2701279806690000 -0.3436651981755502 -0.5000000000000000
-0.3832225504125616 -0.5000000000000000 0.4509893639429198
-0.4127421301829277 -0.5000000000000000 0.4221931670443254
-0.5000000000000000 -0.1584230518150084 -0.3457312826568952
-0.5000000000000000 -0.1311846641083321 -0.4250910957172942
-0.5000000000000000 -0.2511591005795230 -0.2362847076524911
-0.5000000000000000 -0.1706607642057059 -0.2041561534011340
-0.5000000000000000 -0.1850935873067267 -0.2956621890662477
-0.5000000000000000 -0.2207233872588120 -0.1473535712041185
-0.5000000000000000 0.3744369696469324 -0.1412604546332226
-0.4728567082450059 0.3482302742765744 -0.5000000000000000
-0.4313595959532115 0.3635794647348495 -0.5000000000000000
0.5000000000000000 -0.2127219380635084 -0.1778481515502044
0.5000000000000000 -0.2719465994832735 -0.1780408937852503
0.1427981788890114 0.3535520782638083 0.5000000000000000
-0.5000000000000000 0.4349166116801926 -0.2470583584461100
-0.4445906861858447 -0.5000000000000000 0.1498687447940167
0.2420558282700029 0.3649584469411339 -0.5000000000000000
0.5000000000000000 0.4278279051950402 0.1361524922017980
0.5000000000000000 0.0437938068171428 0.0773451149098153
-0.4239602179881604 0.1277076821996955 -0.5000000000000000
-0.3667906765783195 0.1595276489466251 -0.5000000000000000
-0.1189659724278782 0.5000000000000000 0.4163047803344981
-0.1242990886342694 0.5000000000000000 0.2066825849288204
-0.5000000000000000 0.2659499306339035 -0.0529164802713269
0.1257873314486060 0.3732955882591541 -0.5000000000000000
0.1305793715753156 0.5000000000000000 -0.2853411073816763
-0.0080720496305038 0.0370218251469690 -0.5000000000000000
-0.0722048701082807 -0.0242681327183493 -0.5000000000000000
-0.0057312416439050 0.0261232656866663 -0.5000000000000000
0.0207728509938821 -0.5000000000000000 -0.1439148976040300
0.5000000000000000 -0.1681497413067444 -0.0999878123025351
0.5000000000000000 -0.2319081668271914 -0.1131762933399206
0.5000000000000000 0.0281681687892505 0.4026727906209343
0.2816356739497366 0.1644456258000254 0.5000000000000000
0.3726378181206005 0.1902151527486662 0.5000000000000000
0.3995338821387988 0.0715567727152039 0.5000000000000000
0.3730870092183524 0.2274133666136439 0.5000000000000000
-0.3784896163298078 -0.2604649773557421 0.5000000000000000
-0.3398057040072081 -0.1153464600373094 0.5000000000000000
-0.3280679621711726 -0.1738962977457674 0.5000000000000000
-0.3208506448504908 -0.1500408073877536 0.5000000000000000
-0.3519790400404501 -0.1910623137979486 0.5000000000000000
-0.2311603839391299 -0.1832237138413293 0.5000000000000000
-0.4951801359643690 -0.5000000000000000 -0.1191925262264016
-0.4878696992554647 -0.5000000000000000 -0.0160899212853127
-0.5000000000000000 -0.0318161009145886 0.3477309549115521
-0.5000000000000000 -0.1923133605764885 0.3280311887421541
-0.5000000000000000 -0.2390633324558110 0.2210669584916168
-0.0895614094778071 -0.2335436554407491 0.5000000000000000
-0.2023426167465786 0.2821961702902855 0.5000000000000000
-0.5000000000000000 -0.2370659026499301 0.0993064854298507
-0.5000000000000000 -0.1593580837039634 0.0623449470491145
-0.5000000000000000 -0.2549095430791493 0.1713048375936974
0.5000000000000000 -0.1040927113958422 -0.1870845207074491
0.5000000000000000 -0.0940720505482098 -0.1268140270669947
-0.3240639026989053 0.3976207146255839 0.5000000000000000
-0.2838009661349805 0.5000000000000000 0.3505194843933069
-0.4108218065796023 0.4257852901299912 0.5000000000000000
0.5000000000000000 0.0394941709180361 0.0487778304513716
0.5000000000000000 0.0047150470655923 -0.0142148422318032
0.5000000000000000 0.0386841356726018 0.1123196252499580
0.5000000000000000 0.0686678209632960 0.0822704355493866
0.2727054020964635 -0.1125439109127939 -0.5000000000000000
0.5000000000000000 -0.3321263880733007 -0.0721628447710592
0.5000000000000000 -0.3134019671084668 -0.0353190921379595
0.5000000000000000 -0.2973854492575970 -0.0898963439484098
0.2609934340913309 0.4309829575132706 -0.5000000000000000
0.2358840038536217 0.3978362901281656 -0.5000000000000000
-0.2063320537874610 0.5000000000000000 -0.2215248253811092
-0.0896304571619233 -0.4940282400598747 -0.5000000000000000
0.0062251638124149 -0.4606750631226533 -0.5000000000000000
-0.3052644779715083 0.3273340636424494 0.5000000000000000
-0.3346932337059051 0.2208103697390067 0.5000000000000000
-0.4481718170057498 0.1763904790333269 0.5000000000000000
-0.4976256850412377 -0.4303723022411017 -0.3064588034226766
-0.3723417766788674 -0.5000000000000000 0.1739118338857384
-0.2345033249033264 -0.3028994050457002 -0.5000000000000000
-0.2262164830959160 -0.3458653050574468 -0.5000000000000000
-0.1902378792163416 -0.3191259724768289 -0.5000000000000000
0.5000000000000000 -0.0627525386126671 -0.2490593871970111
0.4881060537279915 0.0897923102968749 -0.5000000000000000
0.4665243524854517 0.0632798039231320 -0.5000000000000000
0.4638271744671867 -0.3297607798993588 -0.5000000000000000
0.5000000000000000 -0.1038396554254217 0.2902820805992263
0.5000000000000000 -0.2175790789251541 0.3356333533330772
0.3937325321563740 -0.3205668081949973 -0.5000000000000000
0.1596666011190665 0.5000000000000000 0.1100936960429586
0.3356269844039092 0.5000000000000000 0.2260597478354671
0.3670319628624735 0.5000000000000000 0.2206575333845591
0.3193896980878386 0.5000000000000000 0.2565509868064388
0.2201344481998515 0.5000000000000000 0.1619821528170645
0.4767331623564998 -0.5000000000000000 -0.2422559399499853
0.5000000000000000 -0.4671881750259943 -0.3755454754221666
0.3997781268313071 -0.5000000000000000 -0.2843040278737197
-0.1330296048806310 -0.5000000000000000 -0.4262619812255633
0.5000000000000000 -0.4287787575794948 0.1667118248249325
0.5000000000000000 -0.4996395650796584 0.2453905345526335
-0.1914366762664687 0.4945326027427209 -0.1285077864206259
-0.5000000000000000 0.4132173127397598 -0.3117146284765507
-0.4157625131310740 0.3615118843787390 -0.5000000000000000
-0.4247240702343660 0.4136195141501399 -0.5000000000000000
-0.4191588699183847 0.5000000000000000 -0.4040633877886567
-0.4344318128702064 0.3910615230044702 -0.5000000000000000
-0.4070487661254642 0.3730764688165389 -0.5000000000000000
-0.4357241264759124 0.3762017886579012 -0.5000000000000000
0.0898290527124472 0.3290820029775818 -0.5000000000000000
0.5000000000000000 0.3442816404516899 0.1291468603293857
0.5000000000000000 0.2548111559937061 -0.2469594340918258
0.5000000000000000 0.2817343503738655 0.0924578661018441
-0.4425309911012350 -0.5000000000000000 -0.3187381677674400
-0.4349122695431714 -0.5000000000000000 -0.1571896123440794
-0.5000000000000000 -0.4273216055869145 -0.3245675383209992
-0.5000000000000000 0.1425883886401689 -0.1141292121638549
-0.5000000000000000 0.0814268334692664 0.0401018163847742
-0.5000000000000000 0.0584854612601017 -0.0335684609192887
0.3190820602898128 0.5000000000000000 0.0362985473510746
0.2345794527279318 -0.1583444740819335 -0.4996687054629698
-0.5000000000000000 0.3220025912613020 0.0815310411697653
-0.5000000000000000 0.2379560739332008 -0.0949122433705287
-0.5000000000000000 0.2909761960292219 -0.1052167691239456
-0.5000000000000000 0.3199590740378705 -0.0919205634868297
-0.5000000000000000 0.2947271173424891 -0.0692148305602608
-0.5000000000000000 0.2359425763414430 -0.0255244246994979
-0.5000000000000000 0.2704484857038391 -0.0677890335507719
-0.0358989877365127 0.3191933734887967 -0.5000000000000000
0.0914206053954128 0.3000986528419748 -0.5000000000000000
-0.5000000000000000 0.3883717936789710 -0.2463516850940820
-0.5000000000000000 0.4050840355783158 -0.2016485771349709
-0.5000000000000000 -0.4832481074967218 -0.4302396708822391
0.1559205004915514 0.1369653123284202 0.5000000000000000
0.1872234956359257 -0.0076351529880566 0.5000000000000000
-0.0207489050265727 0.1537487035692944 0.5000000000000000
0.0664975505968801 0.0963293064282232 0.5000000000000000
-0.1834067216969200 0.1598472645840860 -0.5000000000000000
-0.2641802571733670 0.2927936142005846 0.5000000000000000
-0.4116442309856118 0.4250707531389090 0.5000000000000000
-0.0468707002372932 0.2324357931820171 0.5000000000000000
0.0409439863663034 0.5000000000000000 -0.1499413378868000
-0.1705817987771093 0.5000000000000000 -0.1290252088877819
0.1537774053374388 0.5000000000000000 0.0919061055954504
0.0961047134542721 0.5000000000000000 -0.0906934651521586
0.0507737966491397 0.5000000000000000 -0.1508867416955642
-0.0399338128094855 0.5000000000000000 -0.0676390132260975
0.4898300827846518 0.2530964069554515 -0.2744531439921197
-0.4557201704101430 -0.5000000000000000 -0.3930733262741366
-0.5000000000000000 -0.4419322296979747 -0.4350682019189589
-0.5000000000000000 -0.2591169582407043 0.0523188833668576
-0.5000000000000000 -0.0633732301392454 0.4592144438482942
-0.5000000000000000 0.0291970864645399 0.3531278989727012
-0.5000000000000000 -0.0079069715991380 0.3061624109929612
-0.2111890239814302 -0.5000000000000000 0.1268407838875892
-0.2220468392946104 -0.5000000000000000 0.2667581128689275
0.5000000000000000 0.4905593809109205 -0.3456973954878985
-0.3987150289321008 -0.0629882445963224 0.5000000000000000
-0.3143896962207971 0.2117168859049187 0.5000000000000000
-0.5000000000000000 0.2089240622508114 0.4618701956106130
-0.3386981607683029 0.1895434240837102 0.5000000000000000
-0.4104618076120989 0.4191680635579668 0.5000000000000000
0.3974837328058626 -0.5000000000000000 -0.0949414897565419
0.3621790847076984 0.5000000000000000 0.0481247582350614
0.2045834879405765 0.5000000000000000 0.1045682969774349
0.3672757796580026 0.5000000000000000 -0.1350791671546335
0.2619236244471596 0.5000000000000000 -0.0056405114331351
-0.5000000000000000 -0.4985143567562710 -0.4120400575436877
-0.1513514869733895 -0.5000000000000000 -0.4327171545445708
0.5000000000000000 -0.3948745788401608 -0.4285208423817889
-0.0345850094092301 -0.5000000000000000 -0.2055816360741279
0.5000000000000000 0.3576636303599610 0.1947963381880895
0.4529966087636655 0.5000000000000000 0.1953637324161519
0.5000000000000000 0.3691855229937335 0.1453348049014320
0.5000000000000000 0.4196279549503281 0.0648051690479025
-0.5000000000000000 -0.1261651554282004 -0.4522761847654510
-0.4343790438278644 -0.0856342346089938 0.5000000000000000
-0.4727902387532153 -0.1856199054149885 0.5000000000000000
0.5000000000000000 0.3028079092035828 0.1825980399778023
-0.5000000000000000 0.3281397538036302 0.3528687163832633
-0.4957738151878676 0.1250312334861283 0.4308478902659785
0.1271823168112914 -0.2618951543427083 0.5000000000000000
-0.3781747152236488 0.0683183793371738 0.5000000000000000
-0.5000000000000000 0.1218457098242809 0.3506022513847397
-0.0667235175246756 0.3144719872126808 -0.5000000000000000
-0.5000000000000000 0.3714278529604770 0.3066212925426227
-0.5000000000000000 0.3769050655656660 0.3288415149115371
-0.4131385638850388 0.4254941781648500 0.5000000000000000
-0.1749971866731500 0.5000000000000000 -0.0621867501606712
-0.1958337288588491 0.5000000000000000 -0.0970459027754732
-0.1015408415014076 -0.5000000000000000 -0.3017462820732075
-0.1255966358816761 -0.4380333333577882 -0.5000000000000000
0.1259528186119505 -0.4020848068902445 0.5000000000000000
0.1328339780691534 -0.3232359368134552 0.5000000000000000
-0.1983877199344564 0.0799743876013281 -0.5000000000000000
0.5000000000000000 -0.4699514255177333 0.3443495665351316
-0.3571339219278852 -0.5000000000000000 0.1646916734802837
-0.1523591769473639 -0.5000000000000000 0.1108077325329462
0.5000000000000000 -0.2999503217382933 -0.4682869531971356
-0.1314002875505795 -0.1251686506568447 0.5000000000000000
-0.1159871640316317 -0.1538425388560912 0.5000000000000000
-0.1070817383020874 -0.1573185354986987 0.5000000000000000
-0.1074933638768782 -0.2172720770769347 0.4991974361302016
-0.1428877315815837 -0.1905047459005678 0.5000000000000000
-0.4198545686630217 0.5000000000000000 -0.3851601753961295
0.0941134931598777 0.5000000000000000 0.3746186156900074
0.0170387710685466 0.4431933980795506 0.5000000000000000
-0.0775409234179050 0.5000000000000000 0.4025321392420401
-0.0430064506691171 0.5000000000000000 0.3222401343122482
-0.0850799317828122 0.5000000000000000 0.1991059468289695
0.5000000000000000 0.0163916152559859 0.3883157149943149
0.5000000000000000 0.0282580806641003 0.3763018692172303
0.2247334005470139 -0.0147871917959709 0.5000000000000000
0.5000000000000000 -0.3053873173457800 0.2818544235556724
0.5000000000000000 -0.1120794892842083 -0.2155173980750858
-0.5000000000000000 0.4216643579637299 -0.0915986657436742
-0.4234465172286211 0.5000000000000000 -0.3693329347749029
-0.4857257696074356 0.5000000000000000 -0.0098239601115236
-0.3432266345480136 -0.2185665431568559 -0.5000000000000000
-0.1967702634415181 0.4860710158655498 -0.2174183988127698
0.4941930558792801 0.2439859958708385 -0.5000000000000000
0.1944344197041136 0.3081363125660564 0.5000000000000000
0.1053851985981012 0.5000000000000000 0.3845526040524825
0.3235778569111191 0.5000000000000000 0.4450533214226909
0.2893066348210475 0.3811516297020795 0.5000000000000000
0.2023050851982509 0.4373154327050095 0.5000000000000000
0.2256336562683741 0.2809564114866376 0.5000000000000000
0.4067110741374404 0.0378390624048269 0.5000000000000000
0.5000000000000000 0.0302500886478678 0.1327131708991512
-0.1935292618164006 0.5000000000000000 0.4022201922237784
-0.1179997754703295 0.4666705477760407 0.5000000000000000
-0.1207004450662535 0.5000000000000000 0.4605408880732391
0.1301931606785003 0.5000000000000000 0.2730743577944315
0.2400937341912678 0.1334570749528494 0.5000000000000000
0.2489523444101463 0.1965153512650546 0.5000000000000000
-0.3483607372940658 -0.3655879135736064 -0.5000000000000000
-0.3795393604192644 -0.3428515937480313 -0.5000000000000000
-0.3421937116283193 -0.2650150359076041 -0.5000000000000000
-0.3963235954419466 -0.3737275308273362 -0.5000000000000000
0.0220639294043719 0.3294009376632138 -0.5000000000000000
-0.0417040005039182 0.3459639983331350 -0.5000000000000000
0.5000000000000000 0.2454684664833213 0.1172221253044738
0.2650305693366141 -0.0400729933184603 -0.4928374147444595
0.1595152234650468 0.5000000000000000 0.1301019238083162
0.1830844292844130 0.5000000000000000 0.0535209365546183
0.1710523518113926 0.5000000000000000 0.1500304780056295
0.1856537983480984 0.4861710874071336 -0.5000000000000000
-0.5000000000000000 -0.3989405641050406 0.1906367606397813
-0.5000000000000000 -0.4407098617734652 0.2461649946709239
-0.2520981717329229 0.5000000000000000 0.2798038628170097
0.2372649060117443 0.5000000000000000 -0.4328091786364354
0.2276553474014880 0.5000000000000000 -0.4578387402826631
-0.3269991561120754 -0.2320301576660402 -0.4905627794867630
0.4042383002019205 -0.5000000000000000 0.3618539251035619
0.1251760254033401 -0.3212284267599522 -0.5000000000000000
0.1348346923412847 -0.2371717361183196 -0.5000000000000000
0.1602858800148667 -0.2892046086551441 -0.5000000000000000
0.1217575357211658 -0.3685963608112809 -0.5000000000000000
0.4949062500453471 -0.3888023443418542 0.5000000000000000
0.5000000000000000 -0.3102243820978449 0.3777130567395286
0.4073419172132655 -0.4089710522583667 0.5000000000000000
0.0086461801508859 0.0347028233911191 -0.5000000000000000
0.1082187720085179 0.5000000000000000 0.0321361796389686
-0.4910587959501589 0.0674565058092545 -0.5000000000000000
-0.5000000000000000 0.1200638540946670 0.2589963049681029
-0.5000000000000000 0.0537259463923419 0.1271003615017315
-0.5000000000000000 -0.0909213939544844 -0.0334157052481807
-0.5000000000000000 0.0074576052928825 -0.0417342835669078
-0.2679514088220161 -0.2340827331714719 -0.5000000000000000
-0.2433082984090362 -0.1822144265686619 -0.5000000000000000
-0.0454909293751634 -0.5000000000000000 -0.1523022559662196
-0.0146505620880005 -0.5000000000000000 -0.1878843839922149
-0.1503869818803110 -0.4224973934511035 -0.5000000000000000
-0.0813837611504755 -0.4172003995537918 -0.5000000000000000
-0.1075670066683465 -0.3897233740578266 -0.5000000000000000
0.1769426580825707 -0.1523774185400062 -0.5000000000000000
0.2162861049749835 -0.0222677919245334 0.5000000000000000
0.2330290456016819 -0.0211759551621118 0.5000000000000000
0.2289668675358323 -0.0317172548681259 0.5000000000000000
-0.3380383761378862 -0.5000000000000000 -0.3528068620399621
-0.2713999428573913 -0.4821946327766104 -0.5000000000000000
-0.2419569120952260 -0.3948383162481850 -0.5000000000000000
-0.2836608996746083 0.5000000000000000 0.2357271023962091
-0.4918113244006800 0.1375147080021912 0.5000000000000000
-0.3569166584096688 -0.2359220574246090 -0.5000000000000000
-0.3534212334152156 -0.1937902310736494 -0.5000000000000000
-0.2874960136767185 -0.2062510072644387 -0.5000000000000000
0.3603830689702274 -0.5000000000000000 -0.2831124575523685
0.2192624590564183 -0.0254756046596588 -0.5000000000000000
0.4971415744739663 -0.4011995353988655 0.5000000000000000
-0.1348437017059100 0.5000000000000000 0.3928832112672425
-0.4228247970190003 -0.5000000000000000 -0.3608322897503878
-0.5000000000000000 -0.2847910828785724 0.0158430013679241
0.3778724849279198 0.2381076948817430 0.5000000000000000
0.3383956407561563 0.2488648145453543 0.5000000000000000
0.1204602073388721 0.3154412155816461 -0.5000000000000000
0.1905064627866898 0.3540096510365656 -0.5000000000000000
-0.5000000000000000 -0.4061291449161979 0.1736064577242544
-0.5000000000000000 -0.4497416573526034 0.2199172011090414
-0.5000000000000000 -0.4895310230415977 0.2954914140452037
-0.3820041312141551 -0.5000000000000000 0.2516552794418112
0.3663864942193831 -0.4934278588175138 -0.2643039939022012
0.3705924142850878 -0.5000000000000000 -0.3341107749713408
0.4134285042412415 0.0469321255839775 0.5000000000000000
0.3915207744137613 0.0368915512888035 0.5000000000000000
0.3318533082872088 0.2867328200444387 -0.5000000000000000
-0.5000000000000000 0.0015835938102205 0.1137091894794139
0.5000000000000000 0.0387776711790892 0.1356837686808361
0.5000000000000000 0.1309340581539581 0.1521139395626303
0.0244275654944770 0.0449710534793441 -0.5000000000000000
0.0631992242400917 0.0086483810755201 -0.5000000000000000
-0.1404683568296977 0.5000000000000000 0.1431134698064545
-0.1458984621858232 0.5000000000000000 0.1118513454020349
-0.1389221000290558 0.5000000000000000 0.2003236627035475
-0.1259950296191367 0.5000000000000000 0.1531343648259453
-0.5000000000000000 0.0809326613809120 -0.3636273400528041
0.1911921665392268 0.5000000000000000 -0.0602561727014667
-0.4671479750996358 0.1165109110773734 0.5000000000000000
-0.2207956119459382 -0.1904247237478592 -0.5000000000000000
0.3776328217799577 0.2811913043232051 0.5000000000000000
0.3437761286954359 0.2847125307733002 0.5000000000000000
0.3275715457784297 0.3646801080754727 0.5000000000000000
0.3089522642559800 0.3595154903814275 0.5000000000000000
0.3051742297105217 0.3362246913215700 -0.5000000000000000
-0.3317557662674387 0.1317563630700449 -0.5000000000000000
-0.4864938855366583 -0.5000000000000000 -0.3844371081927708
-0.3712167132531962 -0.4993169678040069 -0.5000000000000000
-0.5000000000000000 -0.4180491628216305 -0.4697861722862017
-0.5000000000000000 -0.2642546001227858 0.1463889158654612
-0.1859435697789880 0.5000000000000000 -0.2483453834037549
-0.2287214551012681 0.5000000000000000 0.0952559412131408
-0.2243386127420754 0.5000000000000000 0.0529717292444681
-0.2307731066388367 0.5000000000000000 0.1906737622616177
-0.2117299322394606 0.5000000000000000 0.1082478822083602
0.4589386127819751 -0.5000000000000000 0.2873706880228830
0.2768998709272841 0.3408844284674162 -0.5000000000000000
0.4017924198967924 -0.4915438967272260 0.5000000000000000
-0.5000000000000000 0.0413272958478509 0.0491039846704340
0 34
0 39
0 53
0 92
0 861
0 1016
0 155
0 1134
0 230
0 233
1 23
1 368
1 30
1 67
1 245
1 121
1 246
1 168
1 178
1 1157
1 247
1 248
1 249
1 199
1 217
1 226
251 172
252 51
253 78
254 993
255 143
256 176
257 194
258 209
2 32
2 41
2 259
2 62
2 74
2 95
2 260
2 104
2 111
2 116
2 125
2 127
2 128
2 134
2 261
2 136
2 141
2 206
3 10
3 21
3 262
3 54
3 71
3 94
3 102
3 993
3 173
3 177
3 1167
3 202
3 240
4 29
4 43
4 50
4 57
4 62
4 79
4 117
4 154
4 175
4 187
4 202
4 206
4 244
5 14
5 18
5 28
5 263
5 717
5 264
5 265
5 90
5 266
5 267
5 268
5 167
5 269
5 270
5 271
5 272
5 273
6 29
6 52
6 62
6 64
6 68
6 274
6 79
6 95
6 98
6 122
6 171
6 175
6 181
6 188
6 192
6 205
6 210
6 212
6 220
6 223
6 227
6 232
275 20
276 40
277 47
278 65
279 89
280 1216
281 223
250 282
250 41
250 42
250 105
250 116
250 283
250 284
250 127
250 134
250 142
250 158
250 172
250 1095
250 285
287 118
289 11
290 66
291 77
292 88
293 40
294 195
295 215
296 223
7 30
7 53
7 892
7 120
7 297
7 129
7 132
7 193
7 208
7 213
7 217
7 226
7 236
8 119
8 298
8 148
8 149
8 153
8 201
9 13
9 16
9 43
9 45
9 50
9 299
9 82
9 107
9 300
9 207
9 214
9 301
9 302
10 21
10 303
10 54
10 102
10 304
10 305
10 306
10 307
10 308
10 309
10 173
10 1167
10 310
10 311
10 312
313 63
314 83
315 142
316 153
317 18
318 19
319 55
320 112
321 139
322 157
323 222
11 324
11 33
11 325
11 66
11 77
11 88
11 326
11 140
11 152
11 327
11 1216
11 328
12 49
12 58
12 91
12 125
12 128
12 130
12 136
12 147
12 150
12 151
12 170
12 191
12 329
13 16
13 330
13 331
13 332
13 333
13 82
13 334
13 335
13 336
13 337
13 338
13 339
13 340
13 186
13 207
13 341
13 342
343 72
344 98
345 145
346 48
14 19
14 28
14 40
14 47
14 347
14 70
14 73
14 348
14 349
14 89
14 139
14 167
14 350
14 225
14 351
15 352
15 26
15 353
15 354
15 60
15 67
15 84
15 355
15 356
15 99
15 118
15 1062
16 357
16 50
16 358
16 82
16 107
16 1035
16 166
16 168
16 359
16 360
16 361
16 204
16 214
16 231
16 244
17 58
17 91
17 97
17 123
17 147
17 150
17 156
17 792
17 191
17 213
17 237
362 59
363 138
364 1062
365 160
366 193
367 196
369 84
370 1062
371 196
18 19
18 372
18 28
18 55
18 717
18 73
18 90
18 98
18 108
18 373
18 139
18 145
18 157
18 167
18 211
18 220
19 25
19 393
19 55
19 73
19 89
19 96
19 112
19 374
19 135
19 139
19 152
19 1216
19 220
19 222
20 375
20 33
20 65
20 77
20 89
20 376
20 377
20 378
20 137
20 379
20 143
20 380
20 381
20 382
20 186
20 207
20 223
21 383
21 43
21 56
21 384
21 93
21 385
21 100
21 102
21 386
21 387
21 388
21 389
21 173
21 1167
21 187
21 197
21 202
21 390
21 391
21 392
394 135
395 1216
396 222
397 134
398 141
399 163
400 1095
22 25
22 65
22 68
22 73
22 96
22 103
22 140
22 161
22 162
22 180
22 188
22 204
22 220
22 235
23 26
23 30
23 35
23 401
23 67
23 81
23 99
23 168
23 178
23 1157
23 193
23 402
23 199
23 224
23 231
24 51
24 78
24 87
24 403
24 404
24 405
24 133
24 144
24 406
24 407
24 185
24 189
24 190
24 408
409 55
410 139
411 157
412 167
25 35
25 38
25 55
25 66
25 81
25 88
25 96
25 112
25 115
25 140
25 161
25 162
25 220
25 224
25 231
413 228
414 54
415 94
416 102
26 37
26 38
26 60
26 67
26 81
26 84
26 417
26 99
26 118
26 418
26 193
26 224
27 30
27 35
27 86
27 91
27 97
27 108
27 121
27 124
27 132
27 151
27 161
27 162
27 169
27 178
27 179
27 180
27 188
27 192
27 193
27 216
27 224
419 60
420 1062
421 56
422 288
423 234
28 40
28 70
28 73
28 424
28 90
28 139
28 145
28 167
28 171
28 220
29 62
29 64
29 68
29 75
29 79
29 117
29 122
29 175
29 192
29 202
29 205
29 206
29 214
29 227
29 229
29 244
425 114
426 198
368 39
368 427
368 428
368 106
368 126
368 159
368 429
368 199
368 430
368 216
368 217
368 226
30 35
30 67
30 97
30 121
30 132
30 178
30 193
30 208
30 213
30 217
30 224
30 226
30 228
431 77
432 89
433 98
434 145
31 46
31 435
31 84
31 436
31 437
31 438
31 439
31 440
31 441
31 193
31 442
31 196
31 208
31 443
31 228
444 48
445 59
446 138
447 218
448 143
449 176
450 209
451 118
452 58
453 147
454 150
455 792
456 213
457 243
458 32
459 111
32 58
32 74
32 460
32 111
32 128
32 461
32 150
32 572
32 462
32 463
33 65
33 66
33 77
33 88
33 89
33 96
33 140
33 152
33 186
33 1216
34 39
34 464
34 53
34 465
34 63
34 69
34 92
34 466
34 861
34 288
34 119
34 149
34 155
34 467
34 201
34 1134
34 468
34 234
35 81
35 121
35 124
35 161
35 169
35 178
35 180
35 204
35 224
35 231
35 242
469 142
470 167
471 225
472 46
473 892
474 123
475 208
476 213
36 477
36 478
36 479
36 76
36 85
36 480
36 481
36 482
36 131
36 133
36 483
36 164
36 190
36 200
36 239
484 52
485 72
486 85
487 98
488 145
37 38
37 55
37 60
37 489
37 490
37 491
37 492
37 97
37 114
37 493
37 118
37 494
37 495
37 193
37 496
37 224
497 892
498 167
499 159
500 44
501 56
502 93
503 241
504 231
505 77
506 88
507 140
508 166
509 44
510 56
511 148
512 201
513 61
514 83
515 113
516 142
517 238
518 728
519 163
520 1095
38 521
38 55
38 286
38 66
38 81
38 88
38 522
38 96
38 99
38 112
38 115
38 118
38 152
38 523
38 524
38 222
38 224
39 525
39 53
39 526
39 69
39 527
39 92
39 528
39 529
39 530
39 288
39 126
39 155
39 203
39 1134
39 531
39 233
39 234
532 892
533 228
40 534
40 47
40 65
40 70
40 72
40 73
40 535
40 536
40 537
40 145
40 171
40 215
40 223
538 143
539 176
540 286
541 66
542 81
543 88
544 115
545 225
546 119
547 1134
41 42
41 62
41 104
41 105
41 111
41 116
41 548
41 127
41 134
41 136
41 141
41 142
41 155
41 158
41 165
41 172
41 206
41 221
41 238
41 243
549 47
550 72
42 116
42 134
42 141
42 172
42 1095
42 551
43 45
43 50
43 56
43 57
43 69
43 100
43 106
43 117
43 146
43 173
43 202
43 207
43 214
43 229
43 552
43 244
44 56
44 93
44 553
44 105
44 554
44 148
44 172
44 201
44 221
44 241
45 50
45 56
45 555
45 556
45 106
45 107
45 126
45 146
45 557
45 234
45 558
559 61
560 113
561 572
562 98
563 145
393 564
393 286
393 112
393 565
393 566
393 135
393 152
393 567
393 1216
393 222
568 61
569 111
570 113
571 127
46 59
46 573
46 574
46 575
46 97
46 123
46 576
46 138
46 160
46 577
46 193
46 196
46 208
46 578
46 213
47 579
47 65
47 73
47 580
47 89
47 581
47 135
47 139
47 223
47 225
48 59
48 582
48 583
48 584
48 585
48 123
48 138
48 156
48 586
48 587
48 588
48 589
48 218
48 237
590 76
591 189
592 239
593 74
594 95
595 125
596 53
597 1134
598 288
599 119
600 201
601 234
602 137
603 143
604 195
605 215
49 58
49 606
49 607
49 109
49 125
49 128
49 151
49 156
49 608
49 609
49 610
49 191
49 611
49 211
49 237
612 58
613 156
50 57
50 106
50 107
50 117
50 146
50 154
50 168
50 202
50 214
50 244
51 614
51 75
51 78
51 133
51 137
51 143
51 615
51 176
51 184
51 194
51 195
51 616
51 215
51 227
51 240
617 77
618 152
619 1216
52 72
52 620
52 85
52 98
52 621
52 145
52 171
52 182
52 1117
52 210
52 212
52 215
52 232
622 98
53 623
53 892
53 120
53 624
53 129
53 1016
53 155
53 159
53 213
53 1134
53 230
53 233
53 236
53 243
54 625
54 94
54 102
54 993
54 626
54 173
54 177
54 1167
54 627
54 209
54 628
55 629
55 630
55 108
55 112
55 114
55 631
55 139
55 157
55 162
55 632
55 633
55 634
55 220
55 224
635 152
636 1216
56 637
56 69
56 93
56 638
56 100
56 146
56 639
56 201
56 640
56 641
56 221
56 234
56 642
57 62
57 69
57 86
57 100
57 106
57 110
57 117
57 124
57 130
57 146
57 154
57 168
57 202
57 203
57 216
57 221
643 225
644 157
58 645
58 128
58 147
58 150
58 156
58 646
58 647
58 792
58 648
58 191
58 649
59 650
59 97
59 651
59 123
59 652
59 138
59 653
59 160
59 193
59 196
59 218
59 237
60 654
60 655
60 84
60 656
60 657
60 97
60 658
60 1062
60 659
60 193
60 224
660 197
661 89
662 135
663 139
664 1216
665 225
666 135
667 139
668 1216
669 225
670 288
671 119
672 126
61 673
61 104
61 111
61 113
61 127
61 572
61 674
61 675
61 238
61 676
62 79
62 86
62 95
62 677
62 105
62 110
62 117
62 130
62 136
62 155
62 175
62 181
62 192
62 203
62 206
62 221
62 243
63 678
63 679
63 680
63 83
63 92
63 861
63 681
63 142
63 149
63 153
63 158
63 682
64 68
64 137
64 171
64 195
64 204
64 205
64 212
64 214
64 223
64 227
64 229
65 73
65 89
65 96
65 140
65 171
65 186
65 223
65 235
683 137
684 143
685 195
686 215
286 66
286 687
286 688
286 112
286 689
286 152
286 690
691 196
66 81
66 88
66 96
66 112
66 115
66 692
66 140
66 1035
66 152
66 222
693 85
694 133
695 190
696 200
697 190
698 200
67 84
67 99
67 699
67 121
67 1157
67 700
67 701
67 193
67 702
67 703
67 704
67 224
67 705
67 226
67 228
706 97
707 114
708 1062
709 160
710 83
711 153
68 79
68 103
68 154
68 169
68 171
68 179
68 181
68 188
68 204
68 214
68 220
68 223
68 235
68 242
68 244
712 109
713 218
714 83
715 153
716 225
718 119
719 90
720 95
721 98
722 125
723 145
724 181
725 211
726 220
729 138
730 160
717 731
717 90
717 732
717 733
717 157
717 734
717 735
717 211
736 83
737 1016
738 158
739 219
740 230
741 201
742 234
69 92
69 100
69 106
69 126
69 146
69 155
69 201
69 203
69 743
69 216
69 221
69 234
70 72
70 744
70 90
70 745
70 145
70 746
70 747
71 748
71 75
71 78
71 94
71 749
71 102
71 750
71 751
71 993
71 131
71 752
71 753
71 185
71 189
71 194
71 197
71 754
71 240
72 755
72 756
72 98
72 757
72 145
72 171
72 758
72 759
72 760
72 215
761 102
73 89
73 96
73 139
73 171
73 220
73 223
73 235
74 762
74 111
74 125
74 128
74 134
74 763
74 136
74 764
765 83
766 82
767 166
768 186
75 78
75 80
75 122
75 131
75 133
75 164
75 174
75 175
75 185
75 187
75 194
75 195
75 197
75 202
75 205
75 227
75 229
75 240
76 85
76 131
76 133
76 144
76 769
76 185
76 189
76 190
76 239
770 143
77 88
77 89
77 771
77 772
77 140
77 773
77 166
77 774
77 775
77 186
77 1216
77 776
777 119
778 111
779 95
780 98
781 181
782 232
783 125
78 94
78 784
78 785
78 993
78 133
78 786
78 185
78 189
78 194
78 787
78 209
79 117
79 124
79 154
79 169
79 181
79 192
79 202
79 244
80 727
80 788
80 789
80 131
80 728
80 163
80 164
80 165
80 174
80 175
80 183
80 197
80 200
80 239
790 126
791 225
793 107
81 88
81 794
81 99
81 115
81 795
81 1157
81 224
81 231
796 90
82 137
82 166
82 186
82 207
82 214
83 797
83 113
83 127
83 142
83 158
83 798
83 799
83 219
83 800
83 238
802 109
803 160
804 198
805 218
806 993
807 209
808 157
809 198
810 85
811 133
812 171
813 182
814 212
815 215
816 142
817 113
84 818
84 1062
84 193
84 196
84 819
84 208
84 820
84 821
84 228
822 208
823 228
85 824
85 825
85 826
85 827
85 828
85 122
85 133
85 829
85 164
85 175
85 182
85 183
85 830
85 1117
85 190
85 200
85 831
85 210
801 832
801 109
801 833
801 834
801 835
801 218
86 91
86 117
86 124
86 130
86 147
86 170
86 192
86 203
86 216
87 836
87 837
87 838
87 839
87 144
87 189
87 190
87 840
87 841
842 728
843 200
844 138
88 96
88 115
88 140
88 1035
88 166
89 96
89 135
89 139
89 1216
845 106
846 107
847 126
848 146
849 112
850 222
90 98
90 851
90 145
90 852
90 167
90 853
90 211
90 854
90 220
91 97
91 130
91 132
91 147
91 151
91 170
91 179
91 181
91 191
91 192
91 216
92 861
92 149
92 155
92 158
92 201
92 219
92 221
92 230
855 99
856 118
857 1157
93 858
93 100
93 105
93 172
93 174
93 187
93 197
93 221
93 241
94 102
94 993
94 859
94 177
94 194
94 209
94 240
860 118
862 153
863 1134
864 186
865 113
866 138
867 196
868 728
95 869
95 125
95 136
95 870
95 175
95 181
95 210
95 232
871 892
872 208
96 112
96 140
96 152
96 1216
96 220
96 222
96 235
873 134
874 141
875 163
876 175
877 183
878 206
879 1095
880 210
881 138
882 185
883 189
884 239
885 102
886 197
887 241
888 118
889 126
890 159
891 233
97 108
97 114
97 121
97 123
97 132
97 147
97 151
97 1062
97 157
97 160
97 191
97 193
97 198
97 213
97 224
893 120
894 159
895 1134
896 233
897 109
898 157
899 211
900 196
901 228
98 902
98 145
98 171
98 181
98 903
98 220
98 232
98 904
99 118
99 905
99 1157
99 906
907 139
908 167
909 225
100 105
100 110
100 117
100 174
100 187
100 197
100 202
100 221
910 119
911 148
912 149
913 201
101 914
101 915
101 916
101 173
101 176
101 177
101 1167
101 917
101 184
101 207
101 209
101 918
919 133
920 190
102 921
102 922
102 923
102 924
102 187
102 197
102 925
102 202
102 926
102 240
927 153
928 119
929 119
930 112
931 222
103 161
103 169
103 180
103 188
103 204
103 235
103 242
932 156
861 119
861 933
861 1016
861 149
861 153
861 158
861 1134
861 230
934 190
935 228
936 138
937 114
288 119
288 126
288 149
288 938
288 939
288 234
104 111
104 127
104 128
104 130
104 136
104 150
104 572
104 940
104 941
104 238
104 243
105 110
105 942
105 148
105 158
105 165
105 172
105 174
105 206
105 221
105 241
892 120
892 159
892 943
892 944
892 208
892 213
892 226
892 228
106 107
106 126
106 146
106 168
106 945
106 199
106 216
107 146
107 168
107 946
107 947
107 231
948 223
108 151
108 157
108 162
108 179
108 188
108 211
108 220
108 224
949 112
950 222
109 951
109 151
109 157
109 952
109 953
109 191
109 954
109 198
109 955
109 211
109 218
109 237
956 200
957 163
958 164
959 183
960 200
961 210
727 728
727 163
727 165
727 172
727 197
727 200
962 993
963 189
110 117
110 165
110 174
110 175
110 187
110 206
110 221
964 728
965 200
966 239
967 232
111 113
111 127
111 128
111 134
111 968
111 136
111 150
111 572
969 131
970 197
971 239
112 152
112 972
112 973
112 222
113 974
113 127
113 142
113 975
113 976
113 238
114 977
114 157
114 160
114 162
114 198
114 978
114 979
114 224
114 980
115 140
115 1035
115 981
115 166
115 1157
115 231
116 127
116 134
116 141
116 172
982 135
983 139
984 222
985 208
986 228
987 1134
117 124
117 130
117 154
117 187
117 192
117 202
117 206
988 143
989 186
990 127
991 134
992 1095
994 190
995 173
996 176
997 207
118 998
118 999
118 1000
1001 152
1002 157
1003 167
1004 152
1005 792
1006 123
1007 138
1008 156
1009 792
1010 135
1011 152
1012 1216
1013 143
1014 139
1015 225
119 1017
119 1018
119 149
119 1019
119 1020
119 201
119 1021
119 1022
119 234
119 1023
120 129
120 159
120 1024
120 217
120 226
120 233
1025 138
1026 1062
1027 160
993 177
993 1028
993 194
993 1029
993 209
993 1030
121 132
121 178
121 199
121 216
121 217
121 226
122 133
122 164
122 175
122 182
122 183
122 205
122 210
122 212
1031 148
1032 172
1033 241
123 1034
123 156
123 160
123 792
123 191
123 198
123 213
123 218
123 237
1036 142
1037 148
1038 149
1039 153
1040 158
1041 172
1042 221
124 154
124 168
124 169
124 178
124 180
124 192
124 216
1043 159
1044 226
1045 149
1046 153
1047 209
125 128
125 136
125 151
125 1048
125 170
125 1049
125 181
125 1050
125 1051
126 146
126 159
126 199
126 203
126 1052
126 216
126 217
126 233
126 234
127 134
127 1053
127 142
127 158
127 1054
127 238
128 130
128 136
128 147
128 150
128 1055
128 243
1056 129
1057 1016
1058 792
1059 213
1060 236
1061 243
129 130
129 132
129 147
129 155
129 203
129 213
129 217
129 233
129 236
129 243
1063 209
130 136
130 147
130 150
130 155
130 170
130 192
130 203
130 216
130 221
130 243
1064 209
131 133
131 164
131 185
131 197
131 205
131 1065
131 239
728 1066
728 141
728 163
728 165
728 172
728 200
728 1095
728 1067
728 1068
132 147
132 178
132 193
132 199
132 203
132 213
132 216
132 217
132 236
133 144
133 1069
133 164
133 182
133 185
133 190
133 195
133 205
133 212
133 215
133 227
133 1070
1071 196
1072 163
134 1073
134 1074
134 141
134 142
134 1095
134 1075
134 1076
135 139
135 152
135 1216
135 222
135 225
135 1077
1078 138
1079 792
1080 196
1081 213
1082 209
1083 143
136 155
136 170
136 181
136 192
136 243
1084 152
137 143
137 1085
137 176
137 184
137 186
137 195
137 207
137 214
137 223
137 229
137 240
138 1086
138 1087
138 160
138 1088
138 196
138 1089
139 167
139 220
139 222
139 225
1090 1167
1091 163
1092 200
1093 160
140 161
140 166
140 186
140 204
140 231
140 235
1094 142
1096 145
141 163
141 165
141 172
141 183
141 206
141 1095
141 1097
141 1098
1099 159
142 158
142 1100
142 1101
142 1102
1016 1103
1016 1134
1016 1104
1016 230
1016 243
143 1105
143 1106
143 176
143 207
144 185
144 189
144 190
144 239
145 171
145 1107
145 1108
145 220
146 1109
146 234
1110 225
147 150
147 792
147 191
147 203
147 213
147 216
147 236
147 243
1111 190
1112 215
1113 152
1114 175
1115 210
1116 232
148 149
148 172
148 201
148 221
148 241
1118 210
149 153
149 158
149 1119
149 201
149 221
149 234
150 572
150 1120
150 792
150 1121
150 1122
150 1123
150 1124
150 213
150 243
1125 157
1126 198
151 157
151 170
151 1127
151 179
151 181
151 191
151 198
151 211
1035 166
1035 1157
1035 231
1128 167
152 1129
152 1216
152 222
153 1130
153 1131
153 1132
154 168
154 169
154 178
154 180
154 242
154 244
1133 1167
155 158
155 203
155 219
155 221
155 230
155 233
155 243
1062 160
1062 193
1062 196
1062 1135
156 1136
156 1137
156 792
156 191
156 1138
156 1139
156 237
156 1140
1141 237
157 162
157 1142
157 198
157 1143
157 211
157 224
572 1144
572 1145
572 1146
572 238
1147 792
158 219
158 221
158 230
158 238
158 243
1148 211
1149 237
1150 176
1151 177
1152 1167
1153 209
159 1154
159 203
159 217
159 226
159 1155
159 233
160 193
160 196
160 198
160 218
160 1156
161 162
161 169
161 180
161 188
161 204
161 224
161 231
792 1158
792 1159
792 213
792 1160
162 188
162 220
162 224
1161 228
163 164
163 165
163 175
163 183
163 200
163 206
163 1095
1162 189
1163 190
1164 238
164 175
164 183
164 200
164 205
164 239
165 172
165 174
165 183
165 197
165 206
1165 208
1166 228
1168 225
166 1169
166 1170
166 186
166 204
166 214
166 1171
166 223
166 231
166 235
1172 186
167 1173
167 1174
167 225
167 1175
168 178
168 1176
168 199
168 204
168 216
168 231
168 242
168 244
169 179
169 180
169 181
169 188
169 192
169 242
170 181
170 192
1177 213
1178 234
171 195
171 212
171 215
171 220
171 223
171 235
172 174
172 197
172 1179
172 241
172 1180
1181 197
1182 241
173 177
173 1167
173 1183
173 184
173 202
173 207
173 229
173 240
173 1184
1185 195
1186 223
1187 176
1188 186
1189 207
1190 231
174 175
174 183
174 187
174 197
174 202
174 206
174 240
174 241
1191 181
1192 211
1193 220
175 183
175 187
175 202
175 205
175 206
175 210
176 177
176 1194
176 184
176 194
176 207
176 209
176 1195
176 1196
1197 238
177 1167
177 184
177 194
177 209
177 240
178 180
178 199
178 204
178 216
178 231
178 242
1198 1095
179 181
179 188
179 192
179 211
179 220
1167 1199
1167 1200
1167 1201
1202 1216
180 188
180 204
180 242
1157 1203
1157 231
1204 225
181 188
181 192
181 211
181 220
1205 238
1206 209
182 1117
182 205
182 210
182 212
182 227
183 206
183 210
184 194
184 207
184 209
184 229
184 240
185 189
185 194
185 1207
185 239
1208 218
1209 237
186 207
186 214
186 223
186 235
187 197
187 202
187 206
188 220
1117 210
1117 232
1210 226
1211 228
189 190
189 1212
189 239
190 1213
190 1214
190 1215
191 198
191 211
191 218
191 237
1217 1216
1218 198
1219 211
193 196
193 208
193 213
193 224
193 1220
193 228
194 209
194 240
195 212
195 215
195 223
195 227
195 229
195 240
197 202
197 240
197 241
197 1221
198 1222
198 211
198 218
198 1223
1224 199
1225 231
199 216
199 217
200 239
1226 219
1227 230
1228 238
1229 243
201 221
201 234
201 1230
202 229
202 240
202 244
203 216
203 217
203 221
203 233
203 243
204 214
204 223
204 231
204 235
204 242
204 244
1231 213
205 212
205 227
205 229
1095 1232
207 214
207 229
207 1233
1234 218
1235 237
1236 218
1237 237
208 213
208 1238
208 226
208 228
1239 234
209 1240
209 1241
209 1242
210 212
210 232
211 220
212 215
212 227
212 232
1243 239
213 236
213 243
214 223
214 229
214 242
214 244
215 223
215 227
216 217
1134 230
1134 1244
217 226
217 233
217 236
218 237
219 1245
219 230
219 238
219 243
220 235
1246 230
1247 238
1248 243
221 234
1249 225
223 235
1250 228
225 1251
226 228
227 229
229 240
229 244
230 243
238 243
241 1252
242 244
