1336 2628 0
-0.0056972044780948 0.0496625324660199 0.0843792029971013
0.4616722797876814 0.3328150192051915 0.1186711626502553
-0.2697620644510493 0.0327715392330584 0.1480804398566484
0.2303989205664870 -0.2803728606753860 0.2792543534558387
0.4644222970699689 0.2571039208048481 -0.4518323265818263
-0.0980692565508723 0.3092844589338754 -0.3594524725302886
0.2159960496616481 -0.3161673805722342 -0.1682332603011384
-0.1325207113879080 0.0667941345051076 0.3216202456810207
-0.3006433724471652 -0.3855270398589324 0.1437427347554563
-0.4838647071617044 0.1287533977861152 0.3647342924628287
-0.2791118794474760 0.4080558751483061 0.1708399459158315
-0.1186840873646453 -0.3125035855162849 -0.3118666217692957
-0.4328088524914586 0.2450451250361524 0.3795423291366070
0.0013661710786050 0.4837787691565538 0.4039556696186583
0.0070383725689729 0.4761946167165228 -0.1223547275673705
-0.2807335983890799 -0.2857690969684178 0.2292266038392503
0.3676226987203825 -0.3993975666192324 -0.4023506245980158
0.1431947522166196 -0.3733025071214761 0.0015580996103339
-0.2025838612158140 -0.3531977499338829 -0.0539065623025838
-0.1528289003291932 -0.2179991111385158 -0.1556682388673400
-0.0650200156617908 0.1262622672055415 0.2856188801972924
0.0022012937849618 -0.0419255983902849 0.3413480448347415
-0.0206614806634664 -0.4051788119176607 0.1105047597257218
0.4063240513944143 0.0412416209486386 0.1427321069888026
0.0337369743216124 -0.1028068471684057 -0.4765175960239581
0.0752947435243363 0.4654914803108456 0.0078880235936850
0.1580451764895195 -0.2621257178942502 0.1831365173934140
0.0252220750295350 -0.0125264970747943 0.1122612225495890
0.1559475522445149 -0.4170257582226988 0.0642422900775714
0.4329487655583409 0.2981135176447122 0.3227719225755386
0.2505235789876719 -0.1879542669995437 0.0370424893761129
-0.3028255601925887 -0.1121764541636617 0.3912669419058894
0.2043165282565201 0.0804285471701457 -0.1270492096627618
0.3545676907237099 -0.0189888733663657 -0.2496624213132034
0.1498009107376999 -0.1777099937232742 -0.0379797714247432
-0.4020607226853991 -0.4303851566595090 0.0159240638233039
-0.4281206448589948 0.1237815576813635 0.4143919790882278
0.0669407124047870 0.0689124011149559 -0.3032007818228757
-0.2406941606119254 0.2654758271196284 -0.4716265906258317
-0.0614150998348401 -0.4324220703337397 -0.1594821573123234
0.3799207259756686 0.0429422558331264 0.2113484294178107
-0.4001500637170609 0.1714055765809240 0.3978736595427269
-0.4028543966053660 -0.4506909335259871 -0.2904222525513839
0.0321378997518089 -0.2023254461883902 0.1888854139521134
0.0909851061446978 0.4501965652554862 -0.4407115680710374
0.3314522581707658 -0.3011223579819965 0.1176725671704331
0.1863883506994292 0.1938554815777761 -0.1107262452716910
-0.4922796541730609 0.2759489910578101 -0.1751344672320005
-0.0563237752762811 -0.0090607535462933 0.3747005329664616
-0.1426980396447323 -0.0328729052641028 0.0127284535228267
0.4212493436439547 -0.0977554138994712 -0.0504207961562624
0.1027058906992984 -0.4108625891213287 -0.1677062129101755
0.0918747592717782 -0.2139331121705711 0.2118894934846274
-0.0744054591392061 -0.0093030713440651 0.0278371043053207
-0.1544337952411593 0.0278261635250559 0.1277820881155853
-0.2858063561641491 0.0899037505921428 0.0390394918467345
-0.0149821317621494 0.2098920493511117 -0.1172864930505834
-0.2174311309460542 0.1863007195454171 -0.1359682975821519
-0.4451066120716472 -0.0147007238824595 0.2891177671540867
0.0901491446456799 -0.2513899097590862 -0.2411641060965577
0.3196988446539848 0.4636174638583195 -0.1388163859032707
-0.2222187308687253 0.0266009213054189 -0.2058560993030012
0.2644196893282666 -0.4809630368072912 0.2112077947895065
0.3289492911986436 -0.3141420257958197 -0.1545324865019486
-0.2778282752937249 0.4070884720352289 -0.0368846096436429
0.2507808566739704 -0.2202384643832184 -0.0058329193379915
0.3605065378132308 0.0417942493414783 0.1469609035036601
0.4722038135631084 -0.4158614902088918 -0.1817599303065139
0.3032054742930475 0.4083270162796379 0.2141190374822159
-0.4806636091562175 -0.1357013796416267 0.4177235382058429
-0.0271818364714076 0.3070579499049082 0.4680735281099541
0.2490085644050188 0.4693939983033929 0.2276757648028368
-0.0554182454187319 0.3771352826398461 0.0773634307720684
-0.2131998780868140 -0.3051569975943595 -0.4308090519038115
0.2522707438903224 0.2232402344878763 0.3564013324797411
0.0188929488959961 -0.2680195380400870 0.3079965027203898
0.2798138098052573 -0.3831772858177448 -0.4283511719894172
0.0450598860387937 -0.2255545781815585 0.2236531245035941
0.2804327110630785 0.1832779559314323 -0.3480691503856437
0.2660906399195745 0.1658168897324131 0.3016840989641935
-0.3570624850420564 0.1027879931921320 -0.1286747026449186
-0.3203596433976382 -0.2543013619799195 0.3432223252012071
-0.0975760807872241 -0.2778304149711645 -0.0380054820769107
-0.0851441384096112 0.2585133889421148 0.2139026534130298
-0.1153049412283485 0.3554619644898331 0.4253801837373567
0.3213297028978550 -0.1532637000699008 -0.2993736469517965
-0.2684288110135753 0.4608060042274883 -0.0789250151002904
-0.0377400259459206 -0.0843015061616823 -0.2229954649863052
0.1132372443802311 0.1766954763688159 -0.0192738770849578
-0.0561345360990052 0.2015676471525175 -0.2717483250265205
0.1198992631154946 -0.0931760284452540 -0.2986407987840486
-0.2630973393788728 0.1593747348653785 0.0563604117548639
0.2244298922440554 -0.3579974090163718 0.0043174419933347
-0.2049237752408263 0.3369504755137466 -0.3752552944101295
0.0676899548133206 0.3730550993981026 -0.0539298792784221
-0.2320908749543423 0.4448979003911960 0.4519279521450538
0.3022726785164038 0.1204438949029084 0.4757856552121557
0.2872524813757860 0.1076256292538288 -0.1642102319514147
-0.2290202874373385 -0.2102739477362298 -0.4370991465018334
-0.1180349405193084 -0.0131328031422157 -0.4203311853233653
0.3766212212771110 0.0986054771885629 0.1980029169095007
0.3010972774860017 0.4368171463947922 0.1521071629738241
-0.3348205956614584 -0.3832537139647017 -0.1524181862834637
-0.1917843910111831 -0.4418886055316178 -0.3029763842550326
0.2062284053140998 0.1367420808808278 -0.0544532157992006
-0.3226539825666659 0.0388712501298891 0.4002755066976007
-0.4115895558280516 -0.4440680325221020 0.4451449128208517
-0.0840429834638491 -0.0610772420017659 -0.4883198834010983
-0.2185768029863670 -0.3227724456110566 0.2561542874112801
0.2570419819054769 0.2353293438144469 -0.0877347517474416
0.0586467997549714 -0.4667901959993130 -0.2135567441469976
0.0371252395372855 0.0563058841873597 0.2389966784646251
0.2403193919733427 0.2217273301859466 0.0055157835031189
-0.0511552873995868 0.4249623458626131 0.1269479702628615
-0.2956498243278995 -0.3923697636039329 -0.4612337770707298
-0.3107995812438994 0.2091924068871575 0.1798455295926915
-0.4196157322688081 0.1975022084710985 0.4435528454901098
0.0504574447126000 0.2021483646532023 0.0670130853716554
0.1695813645086234 0.1853500482009752 0.4033099718143999
-0.4573704306615500 -0.0718055981245465 -0.1356810836510823
0.1129315933760253 -0.4449847974485383 0.1669269778424189
-0.3404337271290343 -0.1371043979076027 0.1588864621002901
0.0155117146745322 -0.4164987334474069 0.1397923311428231
0.0704430407117138 0.4222374175007789 0.3531014588232104
0.1700790244395501 -0.3284580821853278 0.1855478062945936
-0.4838431788945969 0.0045978492825192 -0.3558052334618755
0.1827113539025562 -0.0146283979070316 0.1446420466289697
0.4052185770522455 -0.4137954317237859 0.1582810623986240
-0.1688193775416195 -0.3692084283928399 0.3694089491276490
0.0194849179451902 0.2844253700405224 -0.0333595870614560
0.0630835003307076 0.1882034124275247 -0.2237935819705799
-0.2884803311282363 0.1503874784637468 0.3129691819134645
-0.3780105578628181 0.4700309030648028 -0.4362715930404084
-0.0460531912638418 -0.1688624160232548 -0.0783861555829435
-0.0487861585669886 -0.3572213536630370 0.0441417168201638
0.2037336051937920 0.2085962990751651 -0.2654009312708790
0.1329977362148132 -0.2592897572667225 0.3849394842031342
0.1535567492220266 -0.0596062377217874 -0.3545666703427989
-0.1574152848467245 -0.0211766368378415 -0.4543410401739320
-0.1116476449699965 0.1852671826682848 0.0469463040342236
0.1442991314970733 0.2761091562745471 -0.1150441744490374
-0.2697092868987584 0.0488733917846381 0.0676634409973374
0.0300686650760580 -0.3168464090588615 -0.0366512407127448
-0.4355703159633826 -0.3004966340577109 -0.1750469468532504
-0.4623999007893081 -0.3365334704788073 -0.1586063921986968
-0.0976064278844875 -0.4062015401090909 -0.4742344498447260
-0.1174125186735343 0.1240634185275248 0.4505329289558911
-0.3445826476351241 -0.1001647344776990 0.3045256953794141
-0.1473724710726262 -0.3751060460215110 0.1927276911204248
-0.1172535253866065 0.3675095773353020 0.1593469357122101
-0.4410717484866089 0.2423281586485830 0.0809501684552218
-0.1619122525814958 0.3569627088840415 0.2427311422652921
0.2162918490507403 -0.0170871423998824 0.4101798705441991
0.1760905997581987 -0.4706075818286153 -0.2705987231477853
-0.3719302528795141 0.4815174225754572 0.1021711875487601
0.4043048403210441 0.1999872072445721 -0.4742656866528190
0.3496992885264614 0.4442341821474653 -0.3556327604408040
-0.2459187412173259 0.2911166355009718 -0.3710776209152853
-0.4277937519969618 0.4666493217148170 -0.0416769650549733
0.3888407493618362 0.3495306338813610 0.2836518494115326
0.2000120927745699 0.2790126792212390 -0.2526391524383449
-0.0745400697199702 0.0311940164015105 -0.4497190156168766
-0.2031771942700892 0.2389798159172911 0.3653094525455798
-0.1294761710696715 -0.3533761279685901 0.4600572233064086
-0.4415594618778421 0.0840397648391615 -0.2593936195405258
-0.0670163431208438 0.0457761622169172 -0.3224520863039595
0.4956937297650245 -0.1381923965311684 -0.4349774282345138
-0.1740569616386895 -0.0773999351444438 -0.3211110548011982
0.1171533187474167 -0.4489428714728073 -0.3559352832456047
-0.2919057864844527 0.1870037683184025 0.3844991224543020
-0.4205326978885677 0.1933514817055718 -0.0778102446207007
0.3022864678180016 -0.4339965385627799 -0.4551600711118030
0.1999391894424417 0.0821686649073396 0.1631794461261175
0.4563888663387266 -0.3212481390237788 -0.1659335909095887
0.0004895723102592 -0.0602479940660715 -0.1766619306064693
-0.0232109245111688 -0.0391964101215656 0.2573996654463945
-0.4146262571728272 0.0428357965173251 -0.0801355784079321
-0.2341069767013707 -0.2651509550928526 0.0791570358704990
-0.2698761046733122 -0.0612708913477778 -0.0226683226867307
0.3863538087809160 0.2549166495163417 0.2726817409004206
-0.3901664445067446 0.0481720854393963 -0.0472271962530760
-0.4841065059882881 -0.0692481777092062 -0.0868471318983241
-0.0438580755813427 0.1642241924149248 0.0307976861494399
-0.0060285711098098 -0.2605008731358587 0.0655961350937823
0.1581019567724804 -0.4123452895466813 0.4270313721860457
0.2676071124726309 0.4176231565787724 0.3243696020288540
0.1921377452137053 -0.0609064011365518 -0.1246977211132176
0.1303951580764648 -0.3108135016811300 0.0303359882460675
0.1117506266460339 0.3222856326190282 -0.3475069184693901
-0.0824971944195725 -0.3899562962189382 0.0448043350952506
0.3501062424676076 0.4791052313812774 -0.1779640834111498
0.1638373735023987 0.1397373432384505 -0.2543466293980619
0.4355407875647231 0.1014253948772074 0.0081607465093977
0.4152410843487985 -0.0880286974893321 0.0584106892363776
-0.4140207386800652 -0.2855781101007920 0.2797045225455795
0.1298377274754819 0.0533217624138317 0.4257477181243007
0.0565454964814121 -0.4297045232128170 -0.1477989095304070
0.1786100748105479 0.0429598819810265 -0.1332564605975887
0.0003462485397868 -0.1592751331333471 -0.1132571832000173
0.0718160655827913 0.2579410163178676 0.2054053301026399
-0.1442379491059483 -0.2900517890883088 0.2586995160642938
0.1445977535547305 -0.0738977552729830 -0.1475496210691076
0.1719513295320737 -0.1863791996398465 -0.3797501420126235
0.2621465851890879 -0.0736841376884170 0.4163783272962042
0.2536386728157643 0.3193687890306401 -0.1036002156723206
-0.2340588737689594 -0.0797542634287173 0.0414416069326804
0.3518716520013145 -0.2821368847158759 0.2602596314069205
0.1635943952074971 0.4431510614540932 0.4844438967691166
0.2233586809223534 0.2839470239206129 0.3159114789268331
-0.2238687810085289 -0.4889695315849600 0.4242569691052156
0.2897870813892532 0.1316984786026456 0.4701217805551772
-0.2383312365882019 0.2723582588164364 0.1930364632374179
0.3851942010625599 0.3432149654287876 -0.0078985503628157
0.2394842996166366 0.3695609712414772 -0.0863981943359346
0.4545327888781807 -0.0632035391481435 0.3044124506336023
0.2411374364463484 -0.0402845602261740 0.4764672167909654
-0.3807910031207527 0.1062345650342505 0.2136852704023067
-0.4675930448007889 0.4537763203422983 -0.0322925212400794
-0.2549677405383313 -0.0839554191955314 0.0901721685505752
-0.4536074058589998 -0.4225055308251446 -0.2156761236958637
-0.1007190692427242 -0.3588235877417310 0.4793654550426723
-0.3108595675939523 -0.0824007975200473 -0.1241944993830638
0.3433888468350341 -0.1069917141754659 -0.3276398489181055
0.2889743099996211 -0.1384923707938757 -0.4595951947507281
0.2573753000772310 -0.0107250459076689 -0.4772218564496309
-0.4097383647957201 -0.4603616985615054 0.4008689722074589
-0.2522755310776579 0.1243455945917582 0.2264938395515279
-0.3445316483406854 -0.3580814238830892 0.2475473078532078
0.2012176848482719 -0.3218138058690879 -0.0201656406783836
-0.0119077374898669 0.3232394058687517 0.4277440733368167
-0.0738425377868833 0.0024458571299716 0.2576184619146287
-0.3137598964231065 -0.3660922306331474 -0.3150143343282678
-0.1036371828483751 0.2503381380274642 -0.0721657950406051
0.4251746799735150 -0.1987064426162088 -0.1474307258187560
-0.0677328993550203 -0.0226323986259449 -0.4263388433035967
0.2294663101042345 0.2952254927111696 0.1592787303690302
0.1806346951536381 -0.2536288527284907 -0.0849372582509012
-0.1295716152398397 0.3095252401321330 0.1018471996755930
0.4797312326581272 0.3292985060276388 0.1910539947187603
0.1880763691579501 -0.0286069845695079 0.1759529782642197
-0.2006941811756261 0.3546621356404903 0.0387784199677874
-0.2616740762209664 0.1927573706251652 0.2427452675841096
0.3665244599325405 0.2104819038718101 0.4705588157513908
0.3463793661522357 0.2127366541941867 0.0399129017267188
-0.3341717366083403 0.0942547288630340 0.0378654340493177
0.4708376230473338 -0.1128985374001261 0.1709806375263078
0.1783511306146887 -0.3655056151491435 -0.3447232885187404
0.1126457683737229 0.2895876102573630 -0.1918443127741505
0.1809135025470072 0.3783213011849548 0.4502716534671932
0.0989457953027443 -0.2480580706776856 -0.3690240420552878
0.4462152056154276 0.0051685792657046 -0.3618625554129703
-0.2471350634684012 -0.0093998874149409 -0.2190821395887703
-0.0232678811308356 -0.1244245389897446 0.1938824202963614
-0.3849655960592481 0.2055165035593797 -0.3784077187427745
-0.4439458536960798 -0.3418818934758265 0.2615011596570795
-0.2242191096531380 0.2874679939877604 0.4844854301930290
-0.2927809597291802 -0.2980488900756692 0.1551150808886720
0.4562748891101822 -0.1837138653617618 -0.1948094711065874
-0.5000000000000000 -0.4091070497756316 0.4003897703476855
-0.5000000000000000 -0.4173347303599388 0.3764849163964465
-0.5000000000000000 -0.3515674970199668 0.2927246117384384
0.4191070182538859 0.5000000000000000 0.1458870394834325
0.5000000000000000 0.3285815989188470 0.0953345134218665
0.5000000000000000 0.3068925263562658 0.1103324603259884
0.5000000000000000 0.2861886886107307 0.0595260830328592
0.5000000000000000 0.3438110875841969 0.1061470267931723
0.5000000000000000 0.3961145648155043 0.1545622742806627
0.5000000000000000 0.3447694385709374 0.2047187214785683
0.2969816058256689 0.5000000000000000 0.0698994623485978
0.5000000000000000 0.3443421619447779 0.1350195301884884
0.5000000000000000 0.3765294897396462 0.1053642682208736
0.5000000000000000 0.3134045388319164 0.1441564551165351
-0.3116007862486300 -0.4613912290862049 0.5000000000000000
-0.2366836980489228 -0.4333555423915024 0.5000000000000000
-0.2709645719104162 -0.4706592838663514 0.5000000000000000
-0.2997451015996412 -0.4657390686470818 0.5000000000000000
-0.2852068632634855 -0.4599341571870524 0.5000000000000000
-0.2918980941298208 -0.4585118190891446 0.5000000000000000
0.1676285926385953 -0.5000000000000000 -0.2808840103383973
0.1159858144756259 -0.5000000000000000 -0.3545098569407830
0.0797260641063696 -0.5000000000000000 -0.3603597225257538
0.5000000000000000 0.2368897643441226 -0.4279331002560726
0.5000000000000000 0.1645455886841656 -0.4730276519230271
0.5000000000000000 0.0524788784303649 -0.3560753496359846
0.4150574330983979 -0.2865571122616191 0.5000000000000000
0.3479466440588703 -0.4104888832848482 0.5000000000000000
0.2535444789471217 -0.5000000000000000 0.2451677173829576
0.2918238863740729 -0.3712921721208768 0.5000000000000000
0.3084783086598012 -0.5000000000000000 0.3332088402944694
-0.0516395513220341 -0.3416162163434646 0.5000000000000000
0.4879764805302261 0.2279989196064343 -0.5000000000000000
0.4624203147759894 0.3142985634864159 -0.5000000000000000
0.5000000000000000 0.2599869804871420 -0.4000106601565939
0.5000000000000000 0.2605108693545132 -0.3610891785362433
0.3005919948014634 0.3352309656234537 -0.5000000000000000
0.4241402517950669 0.2799889231719881 -0.5000000000000000
0.5000000000000000 0.2500483876250825 -0.4571074296395379
0.4362981904570355 0.2533655645200003 -0.5000000000000000
0.4263766643363198 0.2657600484062529 -0.5000000000000000
0.5000000000000000 0.2423058900951323 -0.4079111777777671
0.4684273019764815 0.2683333495721769 -0.5000000000000000
0.5000000000000000 0.3062918309956489 -0.4134990367314760
-0.1386285961963874 0.2625775456995997 -0.5000000000000000
-0.1998804246083495 0.3215112818315088 -0.5000000000000000
-0.1425941562714373 0.4600241448444204 -0.5000000000000000
0.3626215375751143 -0.1534880462522854 0.5000000000000000
0.4665252199105099 -0.2874174551079524 0.5000000000000000
-0.5000000000000000 0.1585204637437665 0.4216656800076876
-0.5000000000000000 0.2401301612231712 0.4972541911763767
-0.4737257038902075 0.2148951597954651 0.5000000000000000
-0.0146052211447472 0.0964189068163470 0.5000000000000000
-0.4534202685798395 0.5000000000000000 -0.4717340221684110
-0.5000000000000000 -0.3301137543969086 0.0434322795932583
-0.3843187481312434 -0.5000000000000000 0.0689652038631986
-0.2063221349069230 -0.5000000000000000 0.3873446151837666
-0.2413244554475367 -0.5000000000000000 0.2104264732621905
-0.5000000000000000 -0.3148346973959694 0.0543832179189294
-0.5000000000000000 -0.3502292265001309 0.0222868394895340
-0.5000000000000000 -0.2852202946308477 0.0500832121973443
-0.5000000000000000 -0.3127119761874791 -0.0484347977870465
-0.5000000000000000 -0.3281082105764954 -0.0664837815187274
-0.5000000000000000 -0.3094392935676953 0.1017417263557390
-0.5000000000000000 -0.3271688050656688 0.0677483999172174
-0.5000000000000000 -0.3285923650286016 0.1191940325855293
-0.5000000000000000 -0.3164612960673861 0.0445614947046483
0.1527592637729019 -0.3670696674479587 0.5000000000000000
0.3392663966204357 0.5000000000000000 -0.0589329726051732
0.3366927327974873 0.5000000000000000 0.1560312360545921
0.4254775318546278 0.5000000000000000 0.1729653493098512
-0.5000000000000000 0.0664367427927001 0.3706778352267444
-0.5000000000000000 0.1282907085261980 0.3564246429886529
-0.4568921749607055 0.1347892857381461 0.5000000000000000
-0.5000000000000000 0.1427910667187635 0.3305924635833790
-0.4723624474318692 0.1570903218183825 0.5000000000000000
-0.4240703904078347 0.0422622566010719 0.5000000000000000
-0.2645860148160171 0.5000000000000000 0.1424306491892148
-0.1354865407944023 0.5000000000000000 0.1691531517800437
-0.3140779206121886 0.5000000000000000 0.1748976421184955
-0.3744623621404749 0.5000000000000000 0.1520730595924935
-0.5000000000000000 0.3983934761124663 0.0841673440222747
-0.3821880662239794 0.5000000000000000 0.3320688230470130
-0.2233195975326694 0.5000000000000000 0.3671660794903391
-0.2185933122889989 -0.2421508207740675 -0.5000000000000000
-0.1065599183448237 -0.2922612406857691 -0.5000000000000000
0.0315963426506609 0.4457040175001923 0.5000000000000000
-0.0499742884275757 0.3665068649570459 0.5000000000000000
0.1552654003866953 0.4378265930011762 0.5000000000000000
0.1846552395067900 -0.1379452812566367 0.5000000000000000
0.2093042054459437 -0.1638139620874328 0.5000000000000000
0.1927703349015804 -0.1742521592182777 0.5000000000000000
0.2037689180844762 -0.1652798816349476 0.5000000000000000
0.2027185389901667 -0.1807116986901931 0.5000000000000000
0.2340077687095523 -0.1340656337739526 0.5000000000000000
0.2335459600618417 -0.0891290925534669 0.5000000000000000
0.1987564043496958 -0.1547496758029464 0.5000000000000000
0.0037817694276171 0.5000000000000000 0.4371575470197945
0.4828707691886303 -0.0822303712939889 -0.5000000000000000
0.4808124453210122 0.1360184498660162 -0.5000000000000000
0.4658549026249870 -0.0251076863686475 -0.5000000000000000
-0.4085903065215507 0.3032564036506593 0.5000000000000000
-0.5000000000000000 0.2783134608030164 0.2844555807339375
-0.3914817221223321 0.2659349130575501 0.5000000000000000
-0.5000000000000000 0.3299193416863138 0.4019147660516074
-0.5000000000000000 0.2186653640336223 0.2865793255776384
-0.5000000000000000 0.2861422633449846 0.3729757476876650
-0.3027661808915524 0.2925483447219236 0.5000000000000000
-0.3977724881115274 0.2813419548878381 0.5000000000000000
-0.3944438100284329 0.5000000000000000 0.3500839462011873
-0.5000000000000000 0.1940090759070774 0.1869035591633819
-0.3843391014084406 0.3966053848264813 0.5000000000000000
0.0823754468640232 0.4856058595225075 0.5000000000000000
-0.0189808180235628 0.5000000000000000 0.3770578612205458
-0.0004656744647117 0.5000000000000000 0.3643730042386325
0.0875749202763367 0.4057763034480936 0.5000000000000000
-0.0121576703924636 0.5000000000000000 0.4076428349516862
0.0031794000404704 0.5000000000000000 0.3995229185714830
-0.0639842976846816 0.5000000000000000 0.3607029907210657
0.0473548415765875 0.5000000000000000 0.4179356100354790
-0.0050010554471943 0.5000000000000000 0.4125684610489743
-0.0175245512303367 0.4984784552564764 0.5000000000000000
-0.0571247293432199 0.5000000000000000 0.4177811679776061
-0.5000000000000000 0.0170343560683338 -0.3785063575032435
-0.5000000000000000 0.0959121849336244 -0.3524453558339091
-0.5000000000000000 0.1687228704964607 -0.4669532250992270
0.1138781109052101 0.5000000000000000 -0.3780704127717416
0.2827561030705555 0.5000000000000000 -0.1617868886920769
0.1214220228630054 0.4916694535168762 -0.0835485170654984
0.3217695757809653 0.5000000000000000 -0.1866234189145269
0.4164829021872533 0.5000000000000000 0.3471998906137491
0.3984591178564220 0.5000000000000000 0.2972667806980160
0.1825812679534726 -0.4030447394989005 -0.5000000000000000
-0.0924138085323045 -0.4120334108279029 -0.5000000000000000
0.0389365455319570 -0.4503030025285353 -0.5000000000000000
0.0682495505117403 -0.4059794422133391 -0.5000000000000000
-0.0209477395778132 0.5000000000000000 -0.1321964107850783
0.0334569030652228 0.5000000000000000 -0.0799022550478482
-0.1422511435277641 0.4648407042664770 -0.5000000000000000
0.0083217068247830 0.5000000000000000 -0.1109626781614167
-0.0148567852953139 0.5000000000000000 -0.1556947207788045
0.0162208725556466 0.5000000000000000 -0.1448273900411403
0.5000000000000000 0.2935935975921977 0.4157862128682245
0.5000000000000000 0.2686749288081511 0.4236089710208522
0.4273332679536864 0.2274639934127561 0.5000000000000000
-0.5000000000000000 0.2395392606453460 0.0701515587689276
0.5000000000000000 -0.3719567943841217 -0.3948007823716012
0.5000000000000000 -0.2886270984906852 -0.2891667443515067
0.3813649952994468 -0.3121501647442535 -0.5000000000000000
0.5000000000000000 -0.3365935657394274 -0.3288342220042084
0.4231262225462086 -0.3654631199728675 -0.5000000000000000
0.4206803459779093 0.4202499278571634 -0.5000000000000000
-0.3766181229258479 -0.2116477794096003 -0.5000000000000000
-0.4608290469160586 -0.3352707472699498 -0.4970448796149755
-0.3209847821680452 -0.2549677650168666 -0.5000000000000000
-0.3239563490040654 -0.2103972938149306 -0.5000000000000000
-0.4194793507787077 -0.2247934710547033 -0.5000000000000000
-0.3545993030022978 -0.1765523360748654 -0.5000000000000000
-0.4016418741891389 -0.1925555122241637 -0.5000000000000000
-0.3908933363012695 -0.2492298593781340 -0.5000000000000000
-0.3143036034174567 -0.0969723455628608 -0.5000000000000000
-0.3170085473041543 -0.0835839569594366 -0.5000000000000000
-0.3016572798859550 -0.1176452469316679 -0.5000000000000000
-0.3411925950638766 -0.0797101135523996 -0.5000000000000000
-0.2753307200011673 -0.0705513236232464 -0.5000000000000000
-0.3090373753010205 -0.0892679217907037 -0.5000000000000000
-0.3223852212913411 -0.0901128373475305 -0.5000000000000000
-0.3182807685857265 -0.0854963029743433 -0.5000000000000000
0.2176247668640591 0.5000000000000000 0.2397773303368893
-0.0610265321919260 -0.5000000000000000 0.1036397054541609
0.0184354741644059 0.5000000000000000 -0.0431934331894966
-0.2206746615741040 0.5000000000000000 -0.1069768256212710
-0.1622134225689436 0.4945767004710376 -0.2197744520814709
-0.0832942701879950 0.5000000000000000 -0.0120966453469216
-0.4117542329149269 -0.5000000000000000 0.0295812888118517
-0.4107686143886016 -0.5000000000000000 -0.1208104584791425
-0.3945062409570034 -0.5000000000000000 -0.0156429342037190
-0.4314609432153053 -0.5000000000000000 -0.0565372534183185
-0.4000667138776409 -0.5000000000000000 0.0901125964720430
0.0154891138256249 0.1179918697349428 0.5000000000000000
0.0729249593412777 0.1202918349554603 0.5000000000000000
0.1125762327173668 -0.0630867432398957 0.5000000000000000
0.1028581883854901 -0.1750012243428367 0.5000000000000000
0.0133821397335207 -0.1231774753695385 0.5000000000000000
0.1357972924619416 -0.0497673884003727 0.5000000000000000
0.0952285422526791 -0.0384893041253066 0.5000000000000000
0.0725586149357973 -0.1290510184740055 0.5000000000000000
-0.0385971117439641 -0.5000000000000000 0.1221256267568669
-0.0215595564553550 -0.5000000000000000 0.1783601717556880
0.0358420214773182 -0.5000000000000000 0.1182090759420402
0.5000000000000000 -0.4093085437582459 -0.1595243243247502
0.5000000000000000 -0.3284452391580172 -0.1361081448480019
0.1624132726654300 0.4498383236718251 0.5000000000000000
0.5000000000000000 0.0060949990333745 0.2173720426713729
0.5000000000000000 0.0483429865544552 0.2320160260602949
0.5000000000000000 0.0783015583823464 0.0788088456593609
0.5000000000000000 0.0435528850544999 0.2087609003806165
0.5000000000000000 -0.0282096683431418 0.0271948594630485
0.5000000000000000 0.0883499329750839 0.1818550976519333
0.5000000000000000 -0.0046516647732521 0.1870890208921660
0.5000000000000000 0.2343510069632415 -0.3680510614102062
0.5000000000000000 0.3346672360327856 -0.2999047423391786
0.0425810256258667 -0.0851713586358516 -0.5000000000000000
0.0347005810447059 -0.0998391554058079 -0.5000000000000000
0.0184457188392303 -0.1211605873437995 -0.5000000000000000
0.0235902490086317 -0.0890245509162159 -0.5000000000000000
0.0052054797530856 0.0457905011424003 -0.5000000000000000
0.1446575447077053 -0.4436185629694831 -0.5000000000000000
-0.0608014526561944 -0.4325414578109505 -0.5000000000000000
0.0592940651939782 -0.4905238091899068 -0.5000000000000000
0.0546346472354827 -0.4817780802660122 -0.5000000000000000
0.1870404028679896 -0.4599834733315668 -0.5000000000000000
0.0707056998957657 -0.4587032606519289 -0.5000000000000000
0.0498552873621696 0.5000000000000000 0.0557870581788960
0.0914635341437527 0.5000000000000000 0.0281926252785081
0.1873998571483506 0.5000000000000000 -0.0038751421109628
0.0817750684036114 0.5000000000000000 0.0313649532936992
0.5000000000000000 -0.0673502213717389 0.3222089442924296
0.0041773798131991 0.0577331977071925 0.5000000000000000
-0.0080597422814714 0.2621610447324760 0.5000000000000000
-0.0623210670363731 0.1208253783787227 0.5000000000000000
0.0989396304080145 0.0783682962496270 0.5000000000000000
0.3448838803724852 -0.5000000000000000 0.1837563714682408
0.0667840765818534 -0.5000000000000000 -0.0230460004604145
0.2306480831839039 -0.5000000000000000 0.0219272023248530
0.1928089309725694 -0.5000000000000000 0.1660253415280802
0.0991125032835780 -0.5000000000000000 0.1005861898376105
0.5000000000000000 0.3756388190743464 -0.1623867784794419
0.5000000000000000 0.3923172582057521 -0.0781089386489279
0.5000000000000000 0.3296405572252037 0.0014423841333729
-0.5000000000000000 0.3116223839835084 0.2608944390461501
-0.5000000000000000 0.2758431900527501 0.1803574971861694
-0.5000000000000000 0.2941193828907283 0.2638174113955178
-0.5000000000000000 -0.3789256590939741 -0.4888400150067750
-0.5000000000000000 -0.3214400760360220 -0.4811340377601946
0.3126534171134311 0.1014943173176795 0.5000000000000000
0.2788702505449505 -0.0087927651967949 0.5000000000000000
0.2176385585023428 0.0346112812183812 0.5000000000000000
0.3038412131233852 -0.0431621558693435 0.5000000000000000
0.2608896790492033 -0.0334990620748581 0.5000000000000000
0.5000000000000000 0.0509163266203033 0.2972019829864809
0.5000000000000000 0.0894363736110907 0.2896289511382597
0.5000000000000000 -0.0443587240295487 0.3312627255481350
0.3831252368581979 0.3322261928450553 0.5000000000000000
0.5000000000000000 0.2903143506556838 0.4014793983657317
0.5000000000000000 0.3328665063226693 0.3289082597603084
0.4909916179421966 0.4324464284948523 0.5000000000000000
0.5000000000000000 0.3054557319034557 0.3668380400438209
0.4482542839728449 0.2772102041870357 0.5000000000000000
0.5000000000000000 -0.2034086935872517 0.2709282273125903
-0.2499986121765773 -0.1336448012698673 0.5000000000000000
-0.1628271194522660 -0.1486972256653493 0.5000000000000000
-0.2922291998533935 -0.0726171018279617 0.5000000000000000
0.5000000000000000 0.0723539120914700 0.0148194119516276
0.5000000000000000 -0.0430405653895779 -0.3100354414417017
0.5000000000000000 -0.0356534671184325 -0.0072472194198619
0.3181086096099991 0.1020941364241756 -0.5000000000000000
0.5000000000000000 -0.0428068455983693 -0.2778056594338389
0.5000000000000000 -0.0740644512683719 -0.1759858824303260
-0.5000000000000000 -0.4025307152702309 0.0040717421207338
-0.5000000000000000 -0.3911890204772032 -0.0133815476481127
-0.1208325405454856 -0.5000000000000000 0.1007999384598018
-0.5000000000000000 -0.4805951946371398 -0.1481436964946092
-0.5000000000000000 -0.4351606259940559 -0.0831597596079015
-0.5000000000000000 -0.4875197244096149 0.0810894133815731
-0.3203509190167866 -0.5000000000000000 0.0422044047971421
-0.3098492329866330 -0.5000000000000000 0.1258029504029256
0.5000000000000000 0.1372200574571685 0.0311750643126099
0.5000000000000000 0.2132548981943145 0.0612376167758542
-0.3571679434117214 0.1237348028855193 0.5000000000000000
-0.3910822950399707 0.1502653070858901 0.5000000000000000
-0.4300498307494283 0.1305806146480540 0.5000000000000000
-0.4135457139982639 0.0506028394108093 0.5000000000000000
-0.0039545224445688 0.1112955522692112 -0.5000000000000000
-0.1795760121094518 0.2601520512702669 -0.5000000000000000
-0.2636010180974676 0.2477128278107349 -0.5000000000000000
-0.2478806758828267 0.2796120529369011 -0.5000000000000000
-0.2734758150032031 0.2788940798717467 -0.5000000000000000
-0.2449682338485841 0.2704733218185446 -0.5000000000000000
-0.3178519780310755 0.2363166319650911 -0.5000000000000000
-0.0465522297356763 -0.5000000000000000 0.0610495594236035
-0.0445703840558014 -0.5000000000000000 -0.0876022154760531
-0.0267660648299507 -0.5000000000000000 -0.1197218477649289
0.0117769486254829 -0.5000000000000000 0.0032628997633724
0.4759674793589767 -0.0287432482404752 0.5000000000000000
0.5000000000000000 0.0609978276501633 0.4311176829271050
0.0274918708448356 0.0251382456734961 0.5000000000000000
0.1338244539528916 0.0590282932522352 0.5000000000000000
-0.3425602907027723 0.1404300682014206 0.5000000000000000
-0.5000000000000000 0.1861802612948541 0.2764897955090095
-0.2992737793569855 0.2706018109131060 0.5000000000000000
-0.5000000000000000 0.1732746176415064 0.1710435816399658
-0.4761448269592116 -0.3914056704459407 -0.5000000000000000
-0.4232384228260441 -0.5000000000000000 -0.3716783001656792
-0.3047743385557668 -0.5000000000000000 -0.2614839382688053
-0.1442577214052795 -0.5000000000000000 0.0071541088329129
-0.5000000000000000 -0.4752452040398711 -0.3720078656761882
-0.3844644554154789 -0.5000000000000000 -0.3186640743828538
-0.5000000000000000 -0.4872579650681064 -0.2502728511797750
-0.3157525265034787 -0.5000000000000000 -0.2382479726844153
-0.4189524316647587 -0.5000000000000000 -0.3027350476503357
-0.5000000000000000 -0.3679656715830780 -0.3682957260925101
-0.3381811279736661 -0.5000000000000000 -0.1851398994656798
0.5000000000000000 0.0901725462786739 0.0848206958333726
0.5000000000000000 0.0921181009821360 0.0462361818302798
0.5000000000000000 0.1061722380834231 0.0582888959077467
0.5000000000000000 -0.0056613539358754 0.1125840261346377
0.3340772163990454 -0.5000000000000000 0.1222723320370619
0.3211110576629382 -0.5000000000000000 0.2189016906590532
0.4173436207156382 -0.5000000000000000 0.2116224260818576
0.1058687481129997 0.4432150457571567 -0.5000000000000000
-0.0235745390810162 0.5000000000000000 -0.4969476784876849
0.0590895069385858 0.4435144947462311 -0.5000000000000000
0.1098748573524045 0.4663046324860344 -0.5000000000000000
-0.1278537786342449 0.4637134303011747 -0.5000000000000000
0.0795444065217642 0.5000000000000000 -0.3758845772260567
-0.0221479127119355 0.4710339402795347 -0.5000000000000000
0.0910926401498900 0.4304481620452463 -0.5000000000000000
0.0648726722097807 0.4926713562087707 -0.5000000000000000
-0.5000000000000000 -0.3483358670197202 0.1814259017521697
0.3567571679229404 0.5000000000000000 -0.1762196552736004
-0.3613322053216255 -0.3845266901584786 -0.5000000000000000
0.3640084035787095 0.3526755836463666 0.5000000000000000
0.3179056240335822 0.3793739765861369 0.5000000000000000
0.1859159949297972 0.4325633460463300 0.5000000000000000
0.3018301834193112 0.3272889637082867 0.5000000000000000
0.3633212519571362 0.2398214586967170 0.5000000000000000
0.2322288529557641 0.3710802017517299 0.5000000000000000
-0.5000000000000000 -0.0528556535424253 -0.0917599827290674
0.5000000000000000 -0.2100386527235553 0.2712199525342381
0.5000000000000000 -0.2033535119857403 0.0863120114120198
0.5000000000000000 -0.3678532463295175 0.1215137904320232
-0.5000000000000000 0.2770595566203948 -0.1905097731816334
-0.5000000000000000 0.2513596638194144 -0.1692311508680381
-0.5000000000000000 0.3189458493527662 -0.1656027223695257
-0.5000000000000000 0.3087955136023887 -0.2188637623040172
-0.5000000000000000 0.3420408865450038 -0.0360761708791715
-0.5000000000000000 0.2695655255981466 -0.2219063945065545
-0.5000000000000000 0.2604254431154560 -0.1576591675873905
0.5000000000000000 0.0114087871866241 -0.3155001878514266
0.4982441008773653 -0.5000000000000000 0.2302894153910194
0.0004470255407400 -0.0094246394691359 0.5000000000000000
0.0503249723817413 0.0585479722805079 0.5000000000000000
0.0629750062983737 -0.0404411469766404 0.5000000000000000
-0.2396189367861579 -0.1295734791221756 0.5000000000000000
-0.0192512590890242 -0.0964030755639613 0.5000000000000000
0.0448961661123534 -0.0177698911079620 0.5000000000000000
0.0339522881023154 -0.1021005197924123 0.5000000000000000
-0.0779975359021744 -0.0475392922328516 0.5000000000000000
0.5000000000000000 -0.4396462173328335 -0.1771057057777054
0.5000000000000000 -0.0449737531934405 0.0042964121592332
0.5000000000000000 -0.1370948780556289 0.0200066322300490
0.5000000000000000 -0.1134602788943486 0.0119433737478077
0.2022166426859165 -0.5000000000000000 -0.1182188516885737
-0.5000000000000000 -0.3433870749189066 0.2138518987422740
-0.2804949094727883 0.4138247801501265 -0.5000000000000000
-0.2869138650539775 0.4454790807899661 -0.5000000000000000
-0.3330946964733779 0.4507192254755978 -0.5000000000000000
0.2540505021665472 -0.4475928177578373 -0.5000000000000000
0.5000000000000000 0.2491277917542350 -0.2450366912886308
0.5000000000000000 0.2416022871220068 -0.3128971738644142
0.5000000000000000 0.3141206352027687 -0.2558787537348161
0.5000000000000000 0.2679134615409815 -0.2241641866133854
0.5000000000000000 0.2911416215142703 -0.1499024542624733
-0.4927585575439342 -0.5000000000000000 0.2980984179798791
-0.5000000000000000 0.3428336793721898 -0.2685436359409369
-0.5000000000000000 -0.0506231715087963 0.3461832329306864
-0.3400589562078007 -0.0239511533158621 0.5000000000000000
-0.5000000000000000 -0.0710789860061570 0.1668890259492215
-0.5000000000000000 -0.0378557892402472 0.1740744675429631
-0.5000000000000000 -0.0005898008063469 0.2084221444283509
-0.5000000000000000 -0.0611044781370119 0.2435547219089677
-0.5000000000000000 -0.0255310844373228 0.2228228992775569
-0.4128720871801960 0.0125067325836959 0.5000000000000000
0.1929108544977106 0.1097257079053485 -0.5000000000000000
0.1288344183339673 -0.0150304534176445 -0.5000000000000000
0.2377770882464245 -0.0051672488087980 -0.5000000000000000
0.1679088467025850 0.4396750523892665 -0.5000000000000000
0.3087648432191877 -0.4464959231716705 -0.5000000000000000
0.3531154303669195 -0.4380376688549978 -0.5000000000000000
-0.5000000000000000 -0.0465851916003146 -0.1640701196805546
-0.5000000000000000 0.0096032946436868 -0.3513857595506300
-0.5000000000000000 0.0811684707488295 -0.2678833351091772
-0.5000000000000000 0.0513915037027190 -0.1451089889243885
-0.5000000000000000 -0.0588663278904181 -0.1023512151734747
0.2922423731350973 0.5000000000000000 0.3491601652250490
0.3279534555416868 0.5000000000000000 0.4668042917756768
0.0106870102412212 -0.1478014314036350 -0.5000000000000000
-0.1717794174064446 -0.1571249398692733 -0.5000000000000000
-0.0790798740703841 -0.2834114424329067 -0.5000000000000000
0.3188423252439217 0.5000000000000000 -0.1448517884284025
0.5000000000000000 0.4152872471610925 -0.0204758430013200
0.2165869495171766 0.5000000000000000 -0.0210434306021160
0.2908478494883752 0.5000000000000000 -0.0326202205201819
0.3036075856799941 0.5000000000000000 -0.1381796011139446
0.3349812554709805 0.5000000000000000 -0.0909273511703139
0.5000000000000000 0.4932687048482504 -0.0169778032269345
-0.3783122261060089 0.0136069500444986 -0.5000000000000000
-0.3839437022575387 0.1882666538357376 -0.5000000000000000
-0.1374911418079687 0.2532136128137716 -0.5000000000000000
-0.1316475949353011 0.2530697845938675 -0.5000000000000000
-0.1262322090592448 0.2005453520464808 -0.5000000000000000
-0.1368707866435547 0.2387834770425124 -0.5000000000000000
-0.1181889920382058 0.2634720370166678 -0.5000000000000000
0.2679374690556464 0.0087453086087802 -0.5000000000000000
0.3359624457209841 0.0408868223262668 -0.5000000000000000
0.2536830925514704 -0.5000000000000000 0.2447704904647431
0.2007048216951967 -0.5000000000000000 0.1388778420988139
0.5000000000000000 -0.4201260154517417 0.4130176200695962
0.2851504372836422 -0.5000000000000000 0.2396305585363006
0.2906063334512505 -0.5000000000000000 0.2769800320251276
0.2723634775331017 -0.5000000000000000 0.2118714770886869
0.2751233736719069 -0.5000000000000000 0.1788015742280537
0.3924459679611906 -0.5000000000000000 0.3256470154261566
0.2461165952102293 -0.5000000000000000 0.2116544395088929
0.4775177702339250 -0.5000000000000000 -0.1422484584519338
0.4460423748404542 -0.5000000000000000 0.0183005349606362
0.2609477189127993 -0.5000000000000000 -0.2250588395784184
0.3855795829499782 -0.5000000000000000 -0.2937652927890082
0.4317892279954924 -0.5000000000000000 -0.2404892995826858
0.5000000000000000 -0.2064080494802588 0.0143117677585156
0.5000000000000000 -0.3697712648171210 0.0842574539500791
-0.5000000000000000 0.3521254444845522 -0.2622234296953048
0.2642264525971419 0.3416298814886079 -0.5000000000000000
0.3054499689073771 0.3071639982819965 -0.5000000000000000
0.2692035628017290 0.3596049246108713 -0.5000000000000000
0.2603563051863195 0.3499681216776151 -0.5000000000000000
0.1925700168587419 0.3739791196669545 -0.5000000000000000
0.5000000000000000 -0.2047735486849401 0.2691045180996256
0.5000000000000000 -0.1781243118573058 0.0589414619911411
-0.2778751165532536 -0.2914300190780635 0.5000000000000000
-0.3542245354644080 -0.3978307920938001 0.5000000000000000
-0.1645755770683347 -0.3422406244512379 0.5000000000000000
-0.2773825108585936 -0.3269283046246383 0.5000000000000000
-0.3075343765189390 -0.3226953497063565 0.5000000000000000
0.3460516625781346 0.5000000000000000 -0.1771953355087380
0.4109364802530600 -0.1220781479098802 -0.5000000000000000
0.2831287087456742 -0.1265086209699551 -0.5000000000000000
0.2590996524648753 -0.0251447009034796 -0.5000000000000000
0.3462551125815085 -0.0503484133730448 -0.5000000000000000
0.5000000000000000 -0.4017510281056709 -0.1670619971598461
0.5000000000000000 -0.3199655929237477 -0.1477881558593792
0.5000000000000000 -0.2340825808570240 -0.1258823914024841
0.5000000000000000 -0.2104330227535893 -0.1707466372821248
0.0086268069929856 0.3047507909110971 -0.5000000000000000
0.5000000000000000 -0.4063225207586921 -0.1766994613314858
0.5000000000000000 -0.4220959635318089 -0.1057850787901852
0.5000000000000000 -0.4071754885406275 -0.2087040102467045
0.5000000000000000 -0.3970022372030027 -0.0279723308130049
0.5000000000000000 -0.3488048531486510 -0.2151791830560723
0.5000000000000000 -0.3895959198489962 -0.2024371046928004
0.5000000000000000 -0.4791555998226050 -0.3115226220862632
0.5000000000000000 -0.4097031872796025 -0.1352214807215071
0.5000000000000000 -0.1226600570065039 -0.4164386282343417
0.5000000000000000 -0.0556039775772458 -0.3215874328436840
0.5000000000000000 -0.0570729775024476 -0.3355661337163002
0.5000000000000000 -0.0304104048601753 -0.3338585405816482
0.5000000000000000 -0.0974659275736923 -0.2743143568571759
0.2566623311401341 0.5000000000000000 0.2545734823902907
0.2761267567626546 0.5000000000000000 0.3423109348181461
0.5000000000000000 0.2026253150929691 -0.1090420182384852
0.5000000000000000 0.1849803080430962 -0.0682150149394032
0.5000000000000000 0.2139147852875946 -0.0494160280910008
0.5000000000000000 0.2083273835502737 -0.0795039778322709
0.5000000000000000 0.2207162723378035 -0.0768477381499970
0.5000000000000000 0.1550169117819008 -0.0156519965065028
0.5000000000000000 0.2565952232907671 -0.0280636992213693
0.5000000000000000 0.2095838070505981 -0.0160010318666437
0.1227475454156571 0.5000000000000000 -0.0670970880615019
-0.1412232209505127 0.4649728874312109 -0.5000000000000000
0.1763831564314319 0.5000000000000000 -0.0309309122140749
0.1157773741505427 0.5000000000000000 -0.0972512365445788
-0.5000000000000000 -0.2714488219616745 0.2010327027712195
-0.5000000000000000 -0.3142269230395029 0.2074460438066965
0.2937708600141399 0.5000000000000000 0.2193252354190207
0.4402588100120629 0.5000000000000000 0.3967744457806067
-0.3889667720632821 -0.5000000000000000 -0.4817660168333823
-0.3704972878743491 -0.2238345134600585 0.5000000000000000
-0.5000000000000000 -0.1145059577950345 0.4060851444770536
-0.4419548242135549 -0.2219192448346989 0.5000000000000000
-0.4639612433342882 -0.1213217342386670 0.5000000000000000
-0.4297718262327802 -0.1457512861736686 0.5000000000000000
-0.5000000000000000 -0.1643794466984990 0.3992755646591059
-0.5000000000000000 -0.1729119049556027 0.4141294102541199
-0.5000000000000000 -0.1189245895360872 0.4666850856237634
-0.2615931279588437 -0.1347575650307756 0.5000000000000000
-0.5000000000000000 -0.1038967377511516 0.4732360072841926
-0.3990318512077703 -0.0922414302343948 0.5000000000000000
-0.4407363281766005 -0.0978397756387168 0.5000000000000000
-0.5000000000000000 -0.1396395193530939 0.3801008735412367
-0.4305421496059796 -0.0315260967511623 0.5000000000000000
0.5000000000000000 -0.0154767973309725 0.0118652859233271
0.5000000000000000 -0.0432835332188172 0.0181839842115646
0.5000000000000000 -0.0589737490485498 0.0583952970382081
0.5000000000000000 -0.0683474836915592 -0.0317411636904745
0.0114101850944001 0.2640032255538842 0.5000000000000000
0.0253765561291899 0.3157311370554327 0.5000000000000000
-0.0031845357692525 0.2924574286296734 0.5000000000000000
-0.0450478212984105 0.2751830311680069 0.5000000000000000
-0.0859476888281243 0.3054140313479924 0.5000000000000000
0.3925345932582185 0.2281938130294733 -0.5000000000000000
0.3526686043221242 0.3652522964015247 -0.5000000000000000
-0.5000000000000000 0.2486915009723275 -0.3783362319935079
0.1778485634598452 0.5000000000000000 0.2111634742156554
0.2636949514435697 0.5000000000000000 0.2256582028846522
0.2198962325611468 0.5000000000000000 0.1907022793701739
0.2092250906818312 0.5000000000000000 0.0260930134899788
0.2528051683310276 0.5000000000000000 0.2232273970335408
0.2430154309945246 0.5000000000000000 0.3267354278227342
0.3627371798251980 0.5000000000000000 0.3391675971328255
0.2570924091210173 0.5000000000000000 0.1459009535548385
0.1941220063112206 0.5000000000000000 0.3345425776366506
0.2193336513652053 0.5000000000000000 0.2040340973363192
-0.2969801411635635 0.4772555597555951 -0.5000000000000000
-0.3491024557875056 0.4721297969295570 -0.5000000000000000
-0.2294842079471415 -0.2550500832951575 -0.5000000000000000
-0.2342940648538827 -0.3891268412712697 -0.5000000000000000
-0.1910958096415478 -0.2970402591144889 -0.5000000000000000
-0.1429431849324561 -0.2942021997370239 -0.5000000000000000
-0.2742172134922072 -0.3005709164096845 -0.5000000000000000
0.3171221595957664 0.2057142985250798 0.5000000000000000
0.1134703551250802 -0.2462326383394067 0.5000000000000000
0.0215681997832437 -0.2277165973556434 0.5000000000000000
0.0857992361180735 -0.2318439066006212 0.5000000000000000
-0.4657660463446032 0.0062191740232613 -0.5000000000000000
-0.2318203250144284 -0.0138048032461079 -0.5000000000000000
-0.3840720818315599 0.0022091398086965 -0.5000000000000000
-0.4155371648342764 0.1111622649622970 -0.5000000000000000
0.2745958731893686 -0.4100552222948291 -0.5000000000000000
0.2484452954555267 -0.3923057701096139 -0.5000000000000000
0.2068574902556740 -0.3548370261416682 -0.5000000000000000
0.2540373760303152 -0.3869183864718967 -0.5000000000000000
0.4166186316633172 -0.3653749986715611 -0.5000000000000000
0.2729902775573089 -0.1209652459852236 -0.5000000000000000
0.2520212368566279 -0.0186819228751817 -0.5000000000000000
-0.5000000000000000 -0.3592379049041008 0.2398736766678489
0.2093989471495340 -0.2866012487590527 -0.4988354815602634
0.5000000000000000 -0.2094887261013393 0.2797955509373831
0.5000000000000000 -0.1766315959785826 0.2857621064479009
0.5000000000000000 -0.1791028954688573 0.2510329010033699
-0.2626688172941888 0.5000000000000000 -0.0480945372720544
-0.3589780667552056 0.5000000000000000 0.1008767978497604
-0.2986572103882778 -0.2786427127779309 0.5000000000000000
-0.3536154857089823 -0.3693932659573249 0.5000000000000000
-0.3167858811930339 -0.2874302787885376 0.5000000000000000
-0.3007511417000003 -0.3013746915919032 0.5000000000000000
-0.3211765689605578 -0.2987541378326082 0.5000000000000000
0.3133446465739771 0.1144152475943765 -0.5000000000000000
0.2332285389932819 0.1438153661949014 -0.5000000000000000
0.1319891041932481 0.1947018045079922 -0.5000000000000000
0.0111767126618422 0.1181940588159353 -0.5000000000000000
0.3005536269409826 0.1733855544832774 -0.5000000000000000
0.4962918042912725 0.0959076122134402 0.5000000000000000
-0.1215901131550979 -0.3567937941153699 0.5000000000000000
-0.1716406687653378 -0.4362657253328459 0.5000000000000000
-0.1008524506986089 -0.3599490186070203 0.5000000000000000
0.5000000000000000 0.2620139544178817 0.4041599612927027
0.4401047723482044 0.2259700602224724 0.5000000000000000
-0.5000000000000000 0.1242231927788260 -0.1410738505443392
-0.2340582165137219 -0.2674313232510179 0.5000000000000000
-0.2498077727981760 -0.1386264788068586 0.5000000000000000
-0.1415460439653303 -0.2246803724491021 0.5000000000000000
-0.5000000000000000 -0.3375701298557222 -0.1337493631588584
-0.5000000000000000 0.0706117136405877 0.2441371566767728
0.2674924386543516 -0.4343961988469853 0.5000000000000000
0.3818571668434798 -0.4138287814937288 0.5000000000000000
-0.1837413246872086 0.5000000000000000 0.0017512893185714
-0.0311062019910263 0.5000000000000000 0.1465823270051235
0.0311560496953087 0.5000000000000000 0.2620538806675254
0.1381828080657513 0.3893188961920793 -0.4941515480880644
0.0463781949121901 0.3836208169662385 -0.5000000000000000
0.5000000000000000 0.4689795218922428 -0.1693936475740879
0.5000000000000000 0.4876194673677439 -0.0745100011310180
-0.1336347621263541 0.3186313102548267 0.5000000000000000
-0.0916949760375838 0.4116852398133659 0.5000000000000000
-0.1813524946768398 0.5000000000000000 0.4458255406025174
-0.3362606205368484 0.5000000000000000 -0.1808533732436689
-0.5000000000000000 0.3545760184283666 -0.2646826658950303
-0.2860416710031721 0.5000000000000000 -0.1051971793726230
-0.2987686124021612 0.5000000000000000 -0.0714493850111873
-0.1954116297548646 -0.1290610791054856 -0.5000000000000000
0.5000000000000000 0.1753971305259333 -0.4881014324237902
-0.0099818132178492 0.1175481032339498 -0.5000000000000000
-0.3601216998707613 0.2046044072559972 -0.5000000000000000
0.0154587932941489 -0.1341883159110233 -0.5000000000000000
0.1570474513419653 0.1533141876438961 0.5000000000000000
0.1351528424606268 0.0792559207744245 0.5000000000000000
0.2581524468319573 0.1285883225326944 0.5000000000000000
0.0498850672107529 0.2410438303251516 0.5000000000000000
0.5000000000000000 -0.3773885804566227 -0.3972072763344424
-0.4068828900891032 0.2992594912451739 -0.5000000000000000
-0.4671818348580717 0.2593078700719019 -0.5000000000000000
-0.2427730047735622 0.3333311553750023 -0.5000000000000000
-0.2989065691901881 0.3182818102940627 -0.5000000000000000
-0.1460401059248742 0.4603867527254891 -0.5000000000000000
-0.4057649877950555 0.4245925987227135 -0.5000000000000000
-0.1308850867094063 -0.5000000000000000 0.1604728230833727
0.5000000000000000 -0.2632985228944427 -0.2859980692150631
0.2635522873295840 -0.3058234942154681 -0.5000000000000000
-0.4190569925082888 -0.4370160663469999 0.5000000000000000
0.4994075587557598 -0.3277152657825322 0.2646059882786476
0.4723451289203056 0.1511990074794363 -0.5000000000000000
0.4103467512122854 0.0286849981947306 -0.5000000000000000
0.1980600775466564 0.5000000000000000 -0.0072743142930323
-0.2802434442269353 0.5000000000000000 0.3298240488049303
-0.2486208045998814 0.3682217936201497 0.5000000000000000
-0.3491100140531594 0.5000000000000000 0.2379238547861713
-0.5000000000000000 0.3993984112428979 0.0917548870318172
-0.3690386516129527 0.5000000000000000 0.3642983817096703
-0.2718460042973729 0.4679181092169772 0.5000000000000000
-0.1759158451608465 0.3579501005389107 0.5000000000000000
-0.1856395121107746 0.4637907536234034 0.5000000000000000
-0.2130283621473920 0.5000000000000000 0.4516238307205857
-0.2138905659676981 0.4400360227256740 0.5000000000000000
0.3436608868877056 0.0856197100788707 0.5000000000000000
0.3765035879469342 -0.0638814286557558 0.5000000000000000
0.4632825788038687 -0.1183001632414730 0.5000000000000000
0.4903488899992439 -0.0561031608708423 0.5000000000000000
0.2062829782489714 -0.2389180644118459 0.4974587276325144
0.0466112564876129 -0.5000000000000000 -0.2345265510355452
-0.0924362530177728 -0.5000000000000000 -0.2592637404383199
-0.0282349207601752 -0.5000000000000000 -0.3600752589305528
0.1295473896499678 -0.5000000000000000 -0.2726569406815315
0.0763180924383063 -0.5000000000000000 -0.3222384577606692
-0.2063268224602443 0.0019440978168418 -0.5000000000000000
-0.1430603663194207 0.0463640894080144 -0.5000000000000000
0.2941412704529916 0.5000000000000000 0.1907181549219196
0.3158393070562454 0.1238971162016061 0.5000000000000000
0.3742828510064568 0.1076740491406093 0.5000000000000000
0.3067114031738621 0.1208686660400015 0.5000000000000000
0.3148226275648223 0.1538791105149517 0.5000000000000000
0.3307575058626773 0.1262063609900932 0.5000000000000000
-0.4064391894571617 -0.3987174542037590 0.5000000000000000
-0.4107221255817797 -0.3267366386387007 0.5000000000000000
-0.5000000000000000 -0.4551891508455981 0.4329810487976452
-0.5000000000000000 -0.4619511056839777 0.4147609988352878
-0.2347799488280865 -0.2216921660096383 -0.5000000000000000
-0.2272748034419241 -0.1710070214867861 -0.5000000000000000
-0.1513421739595858 -0.2586934250216600 -0.5000000000000000
-0.2802087939554651 -0.2454768862814604 -0.5000000000000000
0.5000000000000000 0.1333140412719655 0.2239428875015506
0.5000000000000000 0.0821245962091325 0.4283689310731920
0.5000000000000000 0.2137728156473243 0.3252262754711265
0.5000000000000000 0.1489065371746886 0.2247702664543517
0.5000000000000000 0.3794023351834567 0.2932610914910093
0.2099128156984821 0.5000000000000000 0.0056144479484104
0.4243512411143962 0.5000000000000000 0.3545061547321030
0.2774681668040662 0.5000000000000000 0.0913101371769495
0.3197575136025577 0.5000000000000000 0.1583570554860638
-0.0840458516068723 -0.5000000000000000 0.0849683538645844
-0.2559332540295067 -0.5000000000000000 -0.0369244854446117
-0.1576974762586023 -0.5000000000000000 -0.2662378452238183
-0.0797617336345711 -0.5000000000000000 0.0173255247672124
-0.2375233168184664 -0.4428109102957120 -0.5000000000000000
-0.2499424301159104 -0.5000000000000000 -0.3297066414875786
-0.2302185077128152 -0.5000000000000000 -0.3396999765642110
-0.2593843275688997 -0.5000000000000000 -0.4517933531488036
-0.1379555468208651 -0.5000000000000000 -0.3744463166543719
-0.4173288178622849 -0.5000000000000000 0.4664510726447124
-0.4144281955597497 -0.5000000000000000 0.4248880000826696
-0.1782514886602700 0.5000000000000000 -0.2322743843620068
-0.3621424197703786 0.5000000000000000 -0.4068262267415574
0.1770898352854606 -0.4049315347987303 0.5000000000000000
-0.5000000000000000 -0.0857989145165900 -0.1732158132156101
-0.5000000000000000 -0.0079457896858502 -0.3532851856207159
-0.5000000000000000 -0.0754151927049708 -0.1069071286241679
0.5000000000000000 -0.2574851366019119 -0.0658923648844178
0.5000000000000000 -0.1342703609271396 0.0679706044867673
0.5000000000000000 -0.1817012016655920 -0.0252892410483660
0.5000000000000000 -0.1305678724842352 0.1400296553999734
0.5000000000000000 -0.1770735910487553 -0.0826019849907596
0.5000000000000000 -0.1103071622383466 0.0539390724517904
0.5000000000000000 -0.1534477264367916 -0.0280242181460975
0.5000000000000000 -0.1167718393282579 0.1267402566763595
0.5000000000000000 -0.1554795021886604 -0.0796393289764899
0.1682492675438540 0.4698077938550778 -0.5000000000000000
0.1369214850147888 0.4051746642566577 -0.5000000000000000
0.1452497844087444 0.4766533882923716 -0.5000000000000000
0.2509408443674906 -0.0071440013095545 -0.5000000000000000
0.1655837112436452 0.2676146046247935 0.5000000000000000
0.1290194351996442 0.3686237447247164 0.5000000000000000
0.1633663938791717 0.4266153057183612 0.5000000000000000
0.0690552048078192 0.3302454869154638 0.5000000000000000
0.1738873637402291 0.3633365424808559 0.5000000000000000
-0.1157973042661869 -0.4868327334298034 -0.2551757667905997
-0.5000000000000000 -0.1097948204671240 -0.1977319776985859
-0.5000000000000000 -0.0235124865130841 -0.3544213254390718
-0.5000000000000000 -0.2616653782100954 -0.2412501759154978
-0.5000000000000000 -0.2997768643053659 -0.2091234124799910
-0.5000000000000000 -0.0869785487167155 -0.1218450428724870
-0.5000000000000000 -0.1591432295252853 -0.2682709525548695
-0.3154486572735135 0.0934981875622433 0.5000000000000000
-0.2698236403031595 0.0646492637441061 0.5000000000000000
-0.3833754611454969 0.0234791994944167 0.5000000000000000
0.3976188704741633 0.2078118948818509 -0.5000000000000000
-0.5000000000000000 0.1104060876408206 -0.1953356321389835
-0.5000000000000000 0.1538848259847789 -0.1204430340456906
-0.5000000000000000 0.1002516742729794 -0.1223632957127990
-0.5000000000000000 0.1066701244870345 -0.1162324080736135
-0.5000000000000000 -0.0176948722844200 -0.1018244331624773
-0.5000000000000000 0.1241921244008910 -0.0453667440613712
-0.5000000000000000 0.1231179725417669 -0.1054169197647215
0.1928612346235339 -0.5000000000000000 -0.3144497760932948
0.1612895010954869 -0.5000000000000000 -0.3942052592284019
0.2839717576649611 -0.5000000000000000 -0.4626086932109927
-0.3649083949608005 0.1601724230386630 0.5000000000000000
-0.3051440517185953 0.1441597323605056 0.5000000000000000
-0.2433757416531240 0.2515101408118637 0.5000000000000000
-0.2030838023065501 0.5000000000000000 -0.2257008118194296
-0.1442545091132815 0.4651559848301759 -0.5000000000000000
-0.1753459024124746 0.5000000000000000 -0.2353641531582090
-0.2015255533635636 0.5000000000000000 -0.2574037636754506
-0.5000000000000000 -0.3814545411242068 0.3789430126399685
-0.5000000000000000 -0.3884496800281635 0.4212517830149056
-0.3857183022606994 -0.5000000000000000 0.3987688210224481
0.4020829902121044 -0.4512671587096055 -0.5000000000000000
-0.3985845388661005 0.2184279955336975 0.5000000000000000
0.5000000000000000 -0.4393666545069670 0.2142717527345446
0.5000000000000000 -0.4280683465179694 0.1353233605454459
0.5000000000000000 -0.4463412648568302 0.0383961017387969
-0.0512320994596479 -0.0901341773190233 -0.5000000000000000
-0.1117993198825437 -0.0766944354718032 -0.5000000000000000
-0.0416872261289676 0.0352361181905372 -0.5000000000000000
-0.5000000000000000 0.1774550129548108 0.3900283636320897
0.4817632912312434 0.1649770474060684 -0.4928524419725097
0.3233982394973308 0.1095889532794121 -0.5000000000000000
0.3459919279575934 0.1394102677176293 -0.5000000000000000
0.4165876294686851 0.1424056705564090 -0.5000000000000000
0.2946649227492323 0.0648328595506151 -0.5000000000000000
0.3274953629845929 0.0994767403566052 -0.5000000000000000
-0.4447378560107311 0.5000000000000000 -0.0874994391790744
0.0786937819347789 -0.5000000000000000 0.1825311594713245
0.0401519348295148 -0.5000000000000000 0.1761531251551326
0.0867475509430843 -0.5000000000000000 0.2698031081682871
0.5000000000000000 -0.3867078671412428 -0.3659444826919745
0.0387542996438123 -0.5000000000000000 -0.1672408603236663
-0.0979576135615642 -0.5000000000000000 -0.3533279390787366
0.1190431943832378 -0.5000000000000000 -0.1136046019266750
0.1171841187677008 -0.5000000000000000 -0.1796210194495567
0.2530389313435787 -0.5000000000000000 0.2448423010236524
0.2534656405544859 -0.5000000000000000 0.2450637323857763
0.2533413039690302 -0.5000000000000000 0.2455642851059760
-0.4877248997783232 -0.5000000000000000 0.3414816614935645
-0.1345906931445207 -0.3376019612205506 0.5000000000000000
-0.5000000000000000 -0.2975289822944104 0.2913493588147174
-0.5000000000000000 -0.3308298200028491 0.2771358109480060
0.5000000000000000 0.4262118458249071 -0.0477915863959282
0.5000000000000000 0.3609104856665645 0.0260143977202414
-0.2733625189892037 -0.4159768237638514 -0.5000000000000000
-0.3230316638756447 -0.5000000000000000 -0.4159494955805259
-0.2951191625130326 -0.4706557643431301 -0.5000000000000000
-0.3209985949326680 -0.3933218364046471 -0.5000000000000000
-0.3128301069841609 -0.3625170741117349 -0.5000000000000000
-0.5000000000000000 0.1861965991870101 0.0210871876863211
-0.3807830943816157 0.5000000000000000 -0.3393921106904482
-0.4032769226135178 0.5000000000000000 -0.1573051637074444
-0.3938374308295217 0.1936201779817370 0.5000000000000000
-0.4238031978358939 0.1792638774887163 0.5000000000000000
-0.5000000000000000 0.1961117185466639 0.3061532334414271
-0.3252750985782156 0.2632457678101354 0.5000000000000000
-0.4332245986720271 0.1926170606533005 0.5000000000000000
0.2962595270227082 0.5000000000000000 -0.4163768505456020
0.2226414423239338 0.1674622288763701 0.5000000000000000
0.2108057639068200 0.2265622747543109 0.5000000000000000
0.2898107416850504 0.1972571926525840 0.5000000000000000
0.4997867364322902 0.1371432895688972 -0.1779370235289874
0.5000000000000000 0.1971519852326263 -0.3042483112976591
-0.4632017541886082 0.4993129268176522 -0.5000000000000000
-0.3134377334997752 0.3029880421612225 -0.5000000000000000
-0.3597114734468257 0.2734611423868267 -0.5000000000000000
0.0600752263219129 -0.5000000000000000 0.0452752391276149
0.2080767574704743 -0.5000000000000000 0.4383942639929419
0.1701883951749343 -0.5000000000000000 0.1939304440576739
0.0878222134580277 -0.5000000000000000 0.1433719696416657
-0.0313598179115395 -0.5000000000000000 0.1273957708910603
-0.0851715061819072 -0.5000000000000000 -0.0968409696524669
-0.0564343784472556 -0.5000000000000000 0.1336995015155160
-0.0483156160070704 -0.5000000000000000 0.1125393151626971
-0.5000000000000000 -0.1385357976851248 0.0602933838082852
-0.5000000000000000 -0.1007206501302827 0.0421218892763776
-0.0123316070526621 -0.5000000000000000 0.1837490686113036
-0.0091971403011959 -0.5000000000000000 0.2042917282268121
0.0467799578294737 -0.5000000000000000 0.1287530632910080
-0.5000000000000000 0.4382781553313528 -0.0535289836503034
-0.1527656383283095 -0.4197199155809350 -0.5000000000000000
-0.1946969574434758 -0.4438312516306462 -0.5000000000000000
0.1179025707578372 0.5000000000000000 0.4185682197224951
-0.1044164783739395 -0.5000000000000000 -0.2225871496983288
0.5000000000000000 0.3582385230152788 0.3169244795603192
0.5000000000000000 0.3379997179893939 0.2282779014090197
-0.5000000000000000 0.0028942268731822 -0.3694185560539645
-0.5000000000000000 -0.0080283488336691 -0.3823841768975235
-0.5000000000000000 0.0179017662555009 -0.3665069763860468
-0.5000000000000000 -0.0114705614911761 -0.4050805731479954
-0.1368562740966913 0.4607430104614502 -0.5000000000000000
0.2042828329076623 0.5000000000000000 -0.0083807584641285
0.4407294506341184 -0.5000000000000000 0.1693335650641267
0.5000000000000000 -0.3864282965153821 0.1301767476634170
0.5000000000000000 -0.4059792091834627 0.3333264285269443
0.3830052187903384 -0.5000000000000000 0.0777465676925727
0.5000000000000000 -0.4932572797826937 0.3756509519508242
-0.2012560212741406 -0.5000000000000000 0.3964254992347189
-0.0521030789534103 -0.5000000000000000 0.2618700973985031
0.0142529221946946 -0.4497366454164706 0.5000000000000000
-0.0634231568557769 -0.5000000000000000 0.3864691772265472
-0.0930885033463775 -0.5000000000000000 -0.2229223938670058
-0.1448426373887696 -0.5000000000000000 -0.2703956528898947
-0.1354840596920922 -0.5000000000000000 -0.2717619596142071
-0.1721768457582438 -0.5000000000000000 -0.3417548527998907
-0.1261762926732097 -0.5000000000000000 -0.3401435422231136
-0.3651805001008138 0.5000000000000000 0.1182583295581709
0.3920992362864159 0.2163240344914849 -0.5000000000000000
-0.2633324727232679 -0.0528024613061647 0.5000000000000000
0.4836793490869124 0.4513880205833619 0.5000000000000000
0.4457059664449635 0.4647451942179768 0.5000000000000000
-0.0051669825791515 0.1163896714119094 -0.5000000000000000
-0.5000000000000000 0.1711573067568779 0.1331685574470480
-0.5000000000000000 0.3597400714904332 -0.2880703217164161
-0.4129709964763587 0.4332776208962315 -0.5000000000000000
-0.3811161453015571 0.5000000000000000 -0.4610162878888422
-0.3706067637630011 0.5000000000000000 -0.4232550042237940
0.2478797583295164 0.0060925250635844 -0.5000000000000000
0.5000000000000000 -0.3857059709820658 0.0917794946888597
0.5000000000000000 -0.3566014021274125 0.0116545558126601
0.5000000000000000 -0.3307263367313490 0.0504013291441415
-0.2129118869080965 -0.5000000000000000 0.4457910081311930
0.0276652583144393 -0.5000000000000000 -0.1136645285820820
0.1267779846249979 -0.1460399641987619 -0.5000000000000000
0.2510688469249510 -0.1282001556880729 -0.5000000000000000
0.2374137613390962 -0.0164430624477899 -0.5000000000000000
-0.5000000000000000 0.4798306806461631 -0.1016534457012136
-0.5000000000000000 0.4691395807277849 -0.0791213694629650
0.0726323180931263 0.2065883474758192 -0.5000000000000000
0.0014262518663887 0.1177530746827568 -0.5000000000000000
0.1434933238819582 -0.2462330499216368 0.5000000000000000
0.0773877930243687 -0.3082020776857867 0.4933401622698851
-0.5000000000000000 -0.4460278421472333 -0.2883956068373508
-0.5000000000000000 0.2561203966539855 0.0492159735397906
0.0032596935630764 0.1017163534083377 -0.5000000000000000
-0.3754478542235576 0.5000000000000000 0.0996128058022077
-0.4203286914449558 0.5000000000000000 -0.0119570817779534
-0.0154485300464114 0.3311178222148846 0.4947654923672178
-0.1889402105832747 -0.0748916766708847 -0.5000000000000000
-0.1763270016429917 -0.0185658880978502 -0.5000000000000000
-0.3033359054707220 0.1144924542095190 -0.5000000000000000
0.0819943835627226 -0.3277144272330258 0.5000000000000000
-0.5000000000000000 0.1887756705049703 0.0216357788465972
-0.5000000000000000 0.1860974668017694 0.0145313075835474
-0.5000000000000000 0.1818121841334017 0.0164391419722902
-0.5000000000000000 0.1836703082970837 0.0235631592780468
-0.5000000000000000 0.1840249011714650 0.0187164957763662
-0.0963798120822513 -0.3196335455731073 0.5000000000000000
-0.0393486829398980 -0.2320982938314989 0.5000000000000000
-0.0852129262350425 -0.3386778515503921 0.5000000000000000
0.2465484682251998 0.5000000000000000 0.4370799165518064
-0.5000000000000000 -0.4629907845250343 -0.2226799816146627
-0.5000000000000000 -0.2209426961680840 -0.0792073258722552
-0.5000000000000000 -0.2947276991161239 -0.2835237061577460
0.0303176999966696 -0.1462942041961880 -0.5000000000000000
0.1059043025664420 -0.1386768107168044 -0.5000000000000000
0.0177425421562992 -0.1548260475999389 -0.5000000000000000
-0.5000000000000000 -0.3602791297903858 -0.1709547660638261
-0.5000000000000000 -0.3132812307805657 -0.1842420761860411
-0.5000000000000000 -0.3223575141425110 -0.2392373061409961
-0.1290146938226720 -0.5000000000000000 -0.3895649009823471
-0.1110101669895013 -0.3806043776539580 -0.5000000000000000
-0.1153248487367016 -0.4263461991445755 -0.5000000000000000
-0.1002173329779479 -0.3586920662661731 -0.5000000000000000
-0.1166810348919284 0.1316201229296693 0.5000000000000000
-0.1321011673730861 0.2361377763428564 0.5000000000000000
-0.1404808561514269 0.1169325449436362 0.5000000000000000
-0.1162055253748228 0.0770381703571447 0.5000000000000000
0.5000000000000000 -0.3580804629313395 0.4039123241059993
-0.4975520966734686 0.0848958435149809 0.2299913248895612
-0.5000000000000000 -0.1274834322308359 0.1045910953298527
-0.5000000000000000 -0.0869117426230919 0.0991609331694360
-0.5000000000000000 -0.1361935871513916 0.2135837237068621
0.5000000000000000 0.1444855605486977 0.4507265412910852
0.5000000000000000 -0.0118507382532763 0.4041226704391566
0.4297927636574433 0.1683915001200944 0.5000000000000000
-0.2004207274851371 -0.5000000000000000 0.3899391886517016
-0.0451436800903579 -0.5000000000000000 0.1976261452306268
-0.0484735555196321 -0.5000000000000000 0.2233338848553367
0.0729446588472567 -0.4747822654628283 0.5000000000000000
-0.1577669238045460 -0.5000000000000000 0.1427712712322423
-0.1770789422474100 -0.5000000000000000 0.2327183110996080
-0.5000000000000000 0.1429238875870898 -0.2945051223154710
-0.5000000000000000 0.2319117133330814 -0.3707883581260330
-0.5000000000000000 0.3794931792204659 0.0810293184364699
-0.5000000000000000 0.1951172120753824 0.1013153371435734
-0.5000000000000000 0.2113283456887621 -0.0124851318118809
0.1832873623360183 0.0707889103421451 0.5000000000000000
0.2965799404090346 0.1309174531015642 0.5000000000000000
0.4729357126197987 0.5000000000000000 0.4319266102693264
0.4255275978482524 0.5000000000000000 0.4240748446487070
0.2076825161268243 -0.5000000000000000 -0.2294356112056088
0.2934648303317864 -0.4415451113914654 -0.5000000000000000
0.3289858481755941 -0.4293748610279977 -0.5000000000000000
-0.4079679183820022 0.5000000000000000 0.0777685052451961
-0.3837444513265125 0.5000000000000000 0.1221239132375784
-0.5000000000000000 0.4029351959490808 0.0822780224073174
-0.3753508800461220 0.5000000000000000 0.0836484047514846
-0.2139041224807112 -0.1238316820862050 -0.5000000000000000
-0.1573080722691496 0.1931273389841241 0.5000000000000000
-0.2067665464335189 0.1695343127751346 0.5000000000000000
-0.2121172094035572 0.2723330238122987 0.5000000000000000
0.5000000000000000 0.1960659548929884 -0.3787542463502673
0.3804701040017333 0.1919747240208376 -0.5000000000000000
0.1014372839336698 -0.1865884301367363 -0.5000000000000000
0.2417501321128397 -0.1454600481173217 -0.5000000000000000
0.2879126584525801 0.4168839084219319 -0.5000000000000000
0.2801781226258855 0.4418870221707641 -0.5000000000000000
0.4730704132440198 0.5000000000000000 -0.3097758389206680
0.3816694811072913 0.5000000000000000 -0.3292823098884216
0.5000000000000000 0.4626648780310808 -0.3140831970855921
0.3553466420146202 0.5000000000000000 -0.3691107714634653
0.5000000000000000 0.4077249372235482 -0.2088753098892047
0.2604049788958863 0.5000000000000000 0.0316788735382184
-0.5000000000000000 0.3467194832632637 -0.2782213331276500
-0.5000000000000000 0.3654998144065938 -0.2418409081984484
-0.5000000000000000 0.3767990958729736 -0.2102951443165716
-0.5000000000000000 0.3360950548042314 -0.2835455914397558
-0.4081522300004219 0.4224465950696710 -0.5000000000000000
-0.3711110147650057 0.2214672605450086 -0.5000000000000000
0.5000000000000000 0.1679089303858143 -0.4614927171834515
0.5000000000000000 0.0616074331731924 -0.3296133426878538
0.5000000000000000 -0.1537803831339682 -0.4140059994714272
0.5000000000000000 -0.2881839760693417 -0.2166347828552679
0.5000000000000000 -0.2423639568188189 -0.2888817185805340
0.5000000000000000 -0.2254355491177304 -0.2298612149606975
-0.4045733313848166 0.5000000000000000 -0.0740668297040967
-0.4526596968308625 0.5000000000000000 -0.0083345085349821
-0.4220000297220692 0.5000000000000000 -0.0426923574027449
0.5000000000000000 0.3335936548564229 0.3617693157720863
0.2669555811011980 -0.1522121438211356 -0.5000000000000000
-0.2783771967937593 0.0239878409653391 0.4965262505161607
-0.1062862452131924 0.0269696186309837 -0.5000000000000000
-0.0755027693239935 0.0347661831159158 -0.5000000000000000
-0.0195375424856760 0.0991253704732976 -0.5000000000000000
-0.0841877861341122 0.0861595483536776 -0.5000000000000000
0.4212271910381358 0.5000000000000000 -0.2091182090535468
-0.1522772177101469 0.2920864239726488 0.5000000000000000
-0.2482739328941674 -0.5000000000000000 0.4122226891744867
-0.3889277256198330 -0.5000000000000000 0.3814013879679019
-0.3573220798324464 -0.5000000000000000 0.3272954765391181
-0.5000000000000000 0.1104895326946777 -0.2887869187767575
-0.5000000000000000 0.1022988859808954 -0.3159804830922354
-0.5000000000000000 0.1618487927006743 -0.3815369861021665
0.3655380373882013 0.5000000000000000 -0.1965107988706363
-0.5000000000000000 -0.4275246247023449 -0.2150068541619488
-0.0111848012037906 0.1097426060072539 -0.5000000000000000
-0.3518259128455073 0.1816899303772564 -0.5000000000000000
0.4389755533956632 -0.2074339522572999 -0.5000000000000000
0.4906037766093644 -0.1541415854743586 -0.5000000000000000
0.3315500372414772 -0.1929102060118893 -0.5000000000000000
-0.2691838586456470 0.2776845987275392 0.5000000000000000
-0.5000000000000000 0.1752748917092331 0.1416173082966319
-0.2491271949162045 0.1452052663307789 0.5000000000000000
-0.5000000000000000 0.1882425557833396 -0.1768912604790445
-0.5000000000000000 0.1902072558767079 -0.0800818078532168
0.2786331849051493 -0.4341363035733600 -0.5000000000000000
0.4580920940634995 -0.5000000000000000 -0.4220653127149673
0.2821800974729042 -0.4302218782620204 -0.5000000000000000
0.4138057289933941 -0.3710055966650527 -0.5000000000000000
-0.4150174050514235 0.4175251016359207 -0.5000000000000000
0.5000000000000000 -0.0711969631366438 0.3014073348004588
0.5000000000000000 -0.1123593400504397 0.1850676868452408
-0.2088590267444090 -0.5000000000000000 0.4054567033154701
-0.1991335665593257 -0.5000000000000000 0.4000566504550852
-0.2070077516297180 -0.5000000000000000 0.3925722548921311
0.5000000000000000 -0.3382997485311443 -0.1044346657853328
0.5000000000000000 -0.3004111692209930 -0.1779193710863261
-0.4746579891828890 0.5000000000000000 0.0015760773641990
0.0222996121757489 -0.5000000000000000 0.2547319488913661
-0.5000000000000000 0.0389507839591029 -0.0420253082044867
0.0320445855395374 -0.5000000000000000 0.2890289026266939
0.1471976603094755 -0.4538438502172098 0.5000000000000000
-0.0550944544463883 -0.3867208094587483 0.5000000000000000
0.5000000000000000 0.2866093585577463 0.3572067621737737
0.5000000000000000 0.2422802837477882 0.2692480013873126
0.5000000000000000 -0.3432413092022596 -0.3324874580834959
-0.5000000000000000 0.0412454500841311 -0.0182120887601669
-0.5000000000000000 -0.0827678010959779 -0.0663012262027101
-0.5000000000000000 -0.2028689738695179 0.1326663934246562
0.0504096031356036 0.2617320654137331 -0.5000000000000000
-0.5000000000000000 -0.0705766050525083 -0.0786376410453374
-0.5000000000000000 -0.0581609162960393 -0.0756616095751799
0.1734863125374101 0.5000000000000000 0.4116620340069476
0.1466866488036072 0.5000000000000000 0.4592931689794688
0.2395630247739640 0.4800864107252181 0.5000000000000000
0.1780971118713544 0.4554829944044133 0.5000000000000000
0.2042075113206060 0.4354451451863495 0.5000000000000000
0.2227686703951681 -0.4145862276045207 0.5000000000000000
0.2886190965410039 -0.5000000000000000 0.3524253397456935
0.2182749148633385 -0.5000000000000000 0.4806609437191099
0.0887124696177027 -0.5000000000000000 0.4135447403179703
-0.2350776564032095 0.2932855719420796 0.5000000000000000
0.3501250221512120 0.5000000000000000 -0.1864396639980683
0.1701132712959078 0.4403400011965121 0.5000000000000000
0.0000356721322478 0.1273054487640353 -0.5000000000000000
-0.0111159856261061 0.2627584241883144 -0.5000000000000000
0.3361204265919966 0.5000000000000000 -0.1725786435401431
0.3527118987825455 0.5000000000000000 -0.2121795134334080
0.3558196152373087 0.5000000000000000 -0.1428307609956241
0.5000000000000000 0.4255297789602002 -0.1186180430439477
0.5000000000000000 0.4979228234854259 -0.0434702228303462
-0.5000000000000000 -0.4473330913466758 -0.2515020448413771
0.1746615498846555 0.0185394574285872 0.5000000000000000
0.2451658527921700 -0.0424972115071796 0.5000000000000000
-0.0006398836304688 0.1146958361161643 -0.5000000000000000
-0.2136363372716947 -0.4693477388601028 -0.5000000000000000
0.5000000000000000 0.1332967045667207 0.0755845410484767
-0.5000000000000000 0.0041668722277068 0.0798999782556335
0.5000000000000000 -0.0654987513835974 -0.2980491347989213
0.5000000000000000 -0.0233802806363361 -0.3246597926862670
0.5000000000000000 -0.1238913815518276 -0.2369891817302915
-0.5000000000000000 -0.2356449852678315 0.2228702345500450
0.5000000000000000 -0.1088854661565275 0.3622211140867926
0.5000000000000000 -0.1387007890424880 0.3414928559699402
0.5000000000000000 -0.0944709507360877 0.3369981278052205
0.5000000000000000 -0.1128670594507798 0.2676261723777867
0.1541319113910513 0.0319248743028584 0.5000000000000000
-0.1368595046166683 -0.5000000000000000 -0.3949274070235028
-0.0426927230481929 0.3257661600142210 0.5000000000000000
-0.4509953200689860 -0.5000000000000000 -0.2665484029500554
0.2042138078818716 0.3577561574718620 0.5000000000000000
0.3174733182706593 -0.5000000000000000 0.3317627325976223
-0.5000000000000000 0.4090457583906205 0.0586691426716483
-0.5000000000000000 0.3949389211957500 0.0923721217585280
0.1134078673193608 -0.2265426821958249 -0.5000000000000000
0.1077503590352143 -0.3278849619789455 -0.5000000000000000
0.0685730284794775 -0.2639461938823005 -0.5000000000000000
-0.0802627303069147 -0.3631017941332395 0.5000000000000000
0.5000000000000000 0.1643895039798443 -0.4823708672658435
0.4645681322707262 0.1649492589542544 -0.5000000000000000
0.4875573711776229 -0.5000000000000000 -0.4079799706416682
-0.1802759626741290 -0.4447317175213493 -0.4888582358957226
0.4231678611128429 -0.3662039594322933 -0.5000000000000000
0.5000000000000000 -0.1902724652972673 -0.1633294276183445
0.5000000000000000 -0.2759734273668713 0.4405771137017464
-0.5000000000000000 0.2242775769817571 -0.4568021199947067
0.3154453745733192 0.2145138674239160 0.5000000000000000
-0.1926453954485918 -0.4906318584007028 0.5000000000000000
-0.1938832250359592 -0.5000000000000000 0.4567416867838440
0.3097053780240260 0.1641002617682331 0.5000000000000000
0.5000000000000000 0.4263408930115230 0.0272378350517880
-0.5000000000000000 0.0713005850629679 0.1195298694800513
-0.5000000000000000 0.1614365581761831 0.1293662789117882
-0.5000000000000000 -0.4992543819084500 0.2558996309489277
-0.5000000000000000 -0.4746914600482889 0.1704564844192717
-0.5000000000000000 -0.4221759572529060 0.2070515766249987
-0.5000000000000000 -0.3781051347865531 -0.2904442516974081
-0.5000000000000000 0.4647147941528727 -0.0392750846167882
-0.5000000000000000 0.4421433763007566 -0.0651263140873943
-0.3468016728896500 -0.5000000000000000 -0.1007648128498983
-0.5000000000000000 -0.0663945166968757 -0.4678331561408666
-0.4972133294463392 -0.0527762197883823 -0.5000000000000000
-0.0988896382108964 -0.4012889699501342 0.5000000000000000
-0.0823828259976652 -0.3527945322797089 0.5000000000000000
0.5000000000000000 -0.1157839320220763 -0.2086943749719945
0.3509476584575838 0.2063478638411550 0.5000000000000000
0.2705368103432677 0.2739180938234196 0.5000000000000000
0.0770305893200233 0.0738255073428804 -0.5000000000000000
0.5000000000000000 -0.1683856152210209 -0.1734989312874447
0.2431762582278601 -0.0081240551667948 -0.5000000000000000
-0.0482585539238847 -0.3034379140479323 -0.5000000000000000
-0.0581924244278588 -0.2790821774673216 -0.5000000000000000
0.5000000000000000 -0.1633930227776964 -0.2628796221772806
-0.3975420346036216 0.2051112376304013 -0.5000000000000000
0.5000000000000000 0.3275021457803827 0.2294079533233199
-0.1957809217770154 0.2930731404931006 0.5000000000000000
0.5000000000000000 0.3363137582767969 0.1930536532865313
0.5000000000000000 0.3184638455067877 0.1984193982662851
0.3904607868526181 0.2036182070164661 0.5000000000000000
0.3812302356190253 0.2177923242599807 0.5000000000000000
0.5000000000000000 -0.1250301544101421 0.2169910879668015
0.5000000000000000 0.2171277953423610 0.1430255078076058
0.5000000000000000 -0.2046645282434322 -0.1980356099119206
258 106
259 225
260 254
0 27
0 53
0 54
0 56
0 61
0 88
0 111
0 117
0 126
0 139
0 165
0 172
0 174
0 182
1 261
1 262
1 263
1 60
1 264
1 101
1 112
1 265
1 266
1 267
1 268
1 159
1 212
1 213
1 235
1 238
1 243
1 269
1 270
1 271
272 106
273 163
274 209
275 225
276 227
277 254
278 153
279 168
280 168
281 4
282 982
283 250
2 7
2 48
2 54
2 55
2 58
2 105
2 121
2 141
2 147
2 180
2 181
2 216
2 218
2 226
2 230
2 244
3 284
3 26
3 52
3 62
3 285
3 286
3 124
3 876
3 136
3 184
3 287
3 288
3 203
3 206
3 239
289 220
4 290
4 291
4 292
4 293
4 294
4 295
4 296
4 297
4 298
4 155
4 156
4 299
4 300
4 301
4 982
5 14
5 38
5 56
5 302
5 386
5 89
5 93
5 94
5 303
5 304
5 129
5 130
5 157
5 188
5 247
305 203
306 206
6 45
6 51
6 59
6 63
6 65
6 92
6 153
6 202
6 228
6 236
6 246
6 249
307 9
308 12
309 116
7 20
7 310
7 31
7 48
7 54
7 105
7 131
7 141
7 146
7 147
7 1193
7 226
7 230
311 132
8 312
8 15
8 18
8 313
8 35
8 102
8 108
8 128
8 144
8 148
8 314
8 177
8 227
8 315
8 256
316 15
317 35
318 121
319 143
320 144
321 194
322 227
323 254
324 256
325 184
326 60
327 101
328 238
9 12
9 36
9 41
9 58
9 329
9 330
9 116
9 331
9 332
9 1131
9 333
9 334
10 13
10 47
10 64
10 335
10 336
10 84
10 86
10 95
10 113
10 337
10 149
10 150
10 151
10 154
10 158
10 162
10 338
10 339
10 211
10 340
10 217
10 240
10 341
10 255
11 19
11 39
11 51
11 59
11 73
11 82
11 98
11 103
11 342
11 114
11 942
11 142
11 145
11 196
11 198
11 343
11 231
11 1294
344 13
345 84
346 207
347 21
348 52
349 75
350 77
351 136
352 203
353 215
354 252
355 13
356 166
357 982
358 250
12 359
12 360
12 41
12 361
12 116
12 362
12 363
12 364
12 150
12 169
12 365
12 366
12 367
12 368
12 369
12 255
13 370
13 371
13 372
13 84
13 373
13 374
13 113
13 123
13 375
13 376
13 149
13 151
13 377
13 1099
13 207
13 378
13 229
13 379
13 380
381 125
382 164
383 253
384 44
385 60
387 190
388 68
389 101
390 76
391 145
392 168
393 246
14 394
14 25
14 386
14 72
14 93
14 94
14 430
14 395
14 396
14 397
14 398
14 399
14 247
15 31
15 81
15 108
15 121
15 128
15 163
15 177
15 194
15 200
15 227
15 256
400 29
401 179
402 242
403 150
16 67
16 76
16 404
16 794
16 405
16 406
16 171
16 173
16 407
16 408
409 156
410 19
412 73
413 98
414 143
415 167
416 221
417 231
17 28
17 39
17 51
17 92
17 124
17 142
17 187
17 196
17 228
418 19
419 61
420 98
421 125
422 138
423 167
424 221
425 251
426 71
18 19
18 39
18 42
18 82
18 102
18 103
18 427
18 134
18 143
18 148
18 177
18 189
18 231
19 49
19 73
19 82
19 98
19 133
19 142
19 143
19 167
19 177
19 198
19 205
19 221
19 231
19 251
19 252
428 25
429 86
431 113
432 35
433 42
434 102
435 219
436 227
20 437
20 48
20 54
20 55
20 70
20 83
20 438
20 91
20 111
20 118
20 139
20 141
20 146
20 162
20 195
20 199
20 226
20 229
20 230
20 241
21 48
21 75
21 111
21 439
21 440
21 441
21 152
21 175
21 442
21 195
21 200
21 203
21 443
21 215
21 218
21 230
21 444
21 252
22 39
22 75
22 77
22 445
22 122
22 134
22 148
22 446
22 189
22 447
448 67
449 173
450 207
23 451
23 452
23 32
23 40
23 453
23 454
23 66
23 455
23 100
23 104
23 456
23 457
23 186
23 192
23 193
23 197
23 214
23 243
23 245
458 155
459 156
24 460
24 90
24 107
24 461
24 137
24 462
24 161
24 202
24 463
24 464
24 223
24 224
24 234
24 249
465 76
466 145
467 153
468 168
469 171
470 246
25 386
25 68
25 71
25 72
25 471
25 94
25 101
25 430
25 472
25 113
25 473
25 474
25 185
25 235
26 30
26 34
26 52
26 77
26 124
26 133
26 136
26 142
26 183
26 187
26 198
26 203
26 206
26 239
475 214
27 43
27 52
27 53
27 111
27 126
27 133
27 152
27 172
27 174
27 175
27 198
27 203
27 239
27 252
476 48
477 70
478 146
479 195
28 39
28 480
28 45
28 51
28 62
28 92
28 110
28 120
28 122
28 124
28 127
28 481
28 134
28 142
28 187
28 196
28 482
28 206
28 483
28 484
485 156
486 190
487 212
488 95
489 150
490 255
411 42
411 73
411 114
411 491
411 143
411 492
411 231
493 96
494 152
495 195
496 203
497 215
498 40
499 100
500 214
29 501
29 502
29 503
29 504
29 159
29 179
29 208
29 505
29 238
29 242
29 506
30 34
30 45
30 65
30 66
30 507
30 126
30 186
30 187
30 193
30 206
30 214
30 239
30 245
31 48
31 58
31 69
31 81
31 105
31 121
31 508
31 509
31 147
31 510
31 194
31 1193
31 200
32 37
32 46
32 66
32 97
32 104
32 130
32 191
32 192
32 197
33 511
33 50
33 512
33 513
33 78
33 85
33 97
33 514
33 137
33 1023
33 186
33 192
33 515
33 197
33 222
33 516
33 224
33 250
33 257
34 52
34 59
34 65
34 126
34 133
34 142
34 174
34 183
34 186
34 187
34 198
34 201
34 236
34 239
35 517
35 518
35 102
35 519
35 520
35 144
35 148
35 521
35 522
35 219
35 227
35 523
35 254
35 524
35 256
525 192
526 243
36 41
36 58
36 105
36 527
36 116
36 528
36 529
36 1131
36 1193
36 530
37 89
37 90
37 97
37 130
37 137
37 161
37 165
37 174
37 191
37 197
37 201
37 531
37 234
38 532
38 89
38 93
38 533
38 534
38 535
38 138
38 157
38 161
38 165
38 536
38 537
38 253
39 82
39 103
39 120
39 538
39 122
39 539
39 942
39 540
39 134
39 142
39 189
39 196
39 231
39 541
40 66
40 79
40 542
40 96
40 100
40 126
40 543
40 152
40 172
40 203
40 214
40 239
544 48
545 195
41 105
41 546
41 116
41 131
41 547
41 169
41 1131
41 548
41 216
41 549
42 550
42 551
42 102
42 103
42 552
42 114
42 553
42 942
42 554
42 555
42 556
42 143
42 557
42 189
42 558
42 559
42 219
42 231
42 560
561 100
562 192
563 243
564 245
43 52
43 75
43 77
43 82
43 133
43 177
43 183
43 252
565 51
566 62
567 127
44 568
44 569
44 60
44 386
44 570
44 571
44 572
44 156
44 827
44 188
44 190
44 573
44 574
44 213
44 575
44 576
577 254
578 190
579 114
580 159
581 185
582 207
583 208
584 242
585 248
586 181
45 62
45 63
45 65
45 587
45 92
45 858
45 588
45 124
45 127
45 589
45 187
45 206
45 228
45 245
46 88
46 97
46 104
46 109
46 112
46 130
46 135
46 140
46 160
46 191
46 243
46 247
47 57
47 64
47 590
47 591
47 592
47 150
47 593
47 158
47 164
47 170
47 594
47 595
47 211
47 217
47 596
47 240
47 253
597 250
598 127
48 599
48 600
48 105
48 121
48 601
48 602
48 603
48 146
48 147
48 195
48 1193
48 200
48 604
48 218
48 230
48 605
48 606
607 67
49 53
49 54
49 55
49 61
49 80
49 133
49 139
49 141
49 175
49 178
49 205
49 221
49 251
49 252
50 65
50 608
50 85
50 90
50 97
50 609
50 610
50 137
50 186
50 192
50 193
50 202
50 222
50 233
50 257
51 59
51 92
51 110
51 127
51 142
51 145
51 153
51 168
51 196
51 611
51 228
51 246
612 254
52 77
52 876
52 133
52 136
52 183
52 198
52 203
52 239
52 252
53 54
53 61
53 87
53 111
53 133
53 139
53 174
53 175
53 182
53 251
53 252
54 55
54 57
54 61
54 80
54 91
54 111
54 139
54 141
54 175
54 178
54 205
54 218
54 226
54 230
613 93
614 430
615 132
616 171
617 78
618 155
619 156
620 160
621 212
55 80
55 91
55 139
55 141
55 180
55 226
55 244
56 57
56 61
56 88
56 89
56 93
56 117
56 129
56 130
56 140
56 157
56 165
56 182
56 232
56 247
622 225
57 61
57 64
57 80
57 89
57 91
57 139
57 623
57 157
57 164
57 170
57 182
57 232
57 237
57 240
57 253
58 69
58 624
58 105
58 121
58 147
58 625
58 1131
58 626
58 181
58 627
58 1193
58 216
58 628
58 629
58 630
58 631
632 78
633 137
634 224
635 156
636 171
637 16
638 119
639 125
640 164
641 176
642 181
643 71
644 185
59 87
59 90
59 98
59 107
59 142
59 645
59 145
59 646
59 168
59 198
59 201
59 202
59 647
59 228
59 236
59 246
59 249
60 648
60 386
60 101
60 649
60 650
60 651
60 160
60 827
60 188
60 190
60 204
60 212
60 652
60 213
60 653
60 654
61 655
61 80
61 89
61 125
61 138
61 139
61 164
61 165
61 167
61 174
61 178
61 182
61 656
61 251
61 253
657 89
658 130
659 161
660 165
661 188
662 224
663 250
62 110
62 664
62 120
62 124
62 127
62 665
62 666
62 667
62 668
62 669
62 670
62 206
62 671
62 672
673 67
674 127
675 153
676 171
677 16
63 65
63 67
63 76
63 85
63 92
63 794
63 678
63 127
63 679
63 153
63 173
63 202
63 233
63 246
63 249
64 86
64 113
64 149
64 154
64 680
64 157
64 158
64 211
64 217
64 232
64 240
64 253
681 78
682 155
683 156
684 160
685 827
65 686
65 85
65 90
65 687
65 186
65 187
65 193
65 201
65 202
65 228
65 233
65 236
65 245
688 81
689 106
690 163
691 227
692 254
693 190
694 166
695 223
696 224
697 250
66 100
66 104
66 126
66 172
66 186
66 193
66 197
66 214
66 245
698 67
699 173
700 233
701 257
702 188
67 76
67 703
67 704
67 705
67 706
67 153
67 707
67 171
67 173
67 708
67 709
67 16
67 710
67 246
711 166
712 222
713 223
714 250
715 257
716 71
717 185
718 78
719 97
720 109
721 135
722 160
723 192
724 212
725 243
386 94
386 726
386 727
386 728
386 188
386 729
386 213
386 247
730 194
731 254
68 71
68 94
68 732
68 101
68 733
68 159
68 185
68 235
734 114
69 735
69 81
69 736
69 737
69 738
69 739
69 740
69 741
69 742
69 743
69 147
69 744
69 745
69 746
69 194
69 747
69 748
749 192
750 193
751 245
752 257
70 83
70 84
70 753
70 754
70 118
70 755
70 146
70 151
70 756
70 162
70 1099
70 211
70 229
70 757
758 155
759 156
760 253
71 761
71 762
71 101
71 763
71 113
71 123
71 764
71 765
71 766
71 767
71 768
71 769
71 770
71 185
71 235
72 86
72 94
72 430
72 113
72 123
72 129
72 149
72 185
72 199
72 232
72 235
72 237
72 240
771 430
772 132
73 98
73 773
73 114
73 774
73 145
73 775
73 776
73 231
73 777
73 1294
74 79
74 118
74 179
74 199
74 208
74 210
74 778
74 235
74 242
75 77
75 122
75 124
75 134
75 779
75 136
75 1093
75 780
75 148
75 177
75 183
75 184
75 200
75 781
75 252
782 125
783 138
784 251
785 253
76 794
76 153
76 786
76 168
76 171
76 173
76 787
76 788
76 789
76 790
76 246
791 223
792 224
793 254
77 122
77 124
77 134
77 136
77 177
77 183
77 252
795 206
796 214
797 245
798 86
799 154
800 81
801 106
802 194
803 227
804 254
78 97
78 805
78 806
78 135
78 1023
78 155
78 156
78 160
78 827
78 807
78 188
78 191
78 212
78 808
78 224
78 809
78 250
79 88
79 96
79 100
79 111
79 112
79 117
79 118
79 810
79 172
79 179
79 199
79 208
79 210
79 235
79 242
811 163
812 209
813 220
814 179
815 242
80 91
80 816
80 139
80 141
80 164
80 170
80 176
80 178
80 180
80 221
80 244
80 251
80 253
81 817
81 121
81 128
81 818
81 819
81 147
81 163
81 194
81 200
81 227
81 254
820 144
821 1131
82 133
82 134
82 142
82 177
82 183
82 205
82 231
82 252
83 91
83 118
83 123
83 139
83 149
83 151
83 162
83 199
83 211
83 229
83 237
83 241
822 184
823 206
824 86
825 113
826 123
828 188
829 156
830 190
84 95
84 151
84 162
84 1099
84 211
84 229
84 831
84 832
84 833
84 255
85 90
85 794
85 137
85 173
85 202
85 222
85 223
85 233
85 257
86 430
86 113
86 834
86 132
86 149
86 154
86 835
86 157
86 158
86 836
86 232
86 240
86 837
87 90
87 98
87 99
87 107
87 133
87 838
87 165
87 167
87 174
87 198
87 201
87 234
87 251
88 104
88 112
88 117
88 126
88 129
88 130
88 140
88 165
88 172
88 174
88 182
88 197
88 235
839 982
89 130
89 140
89 157
89 161
89 165
89 840
89 232
89 841
89 247
89 253
90 107
90 137
90 842
90 174
90 186
90 197
90 201
90 202
90 234
90 236
90 249
843 118
844 195
845 210
846 229
847 16
91 115
91 139
91 170
91 211
91 226
91 237
91 240
91 241
91 244
92 124
92 127
92 153
92 187
92 228
848 157
849 253
93 94
93 430
93 850
93 851
93 852
93 129
93 132
93 157
93 853
93 232
854 148
794 855
794 173
794 202
794 856
794 223
794 246
794 249
794 257
857 106
859 982
860 250
94 101
94 430
94 861
94 129
94 140
94 213
94 235
94 247
95 862
95 863
95 864
95 865
95 866
95 867
95 868
95 869
95 870
95 871
95 255
872 96
873 203
874 206
875 214
877 110
878 942
879 145
880 153
881 168
882 138
883 161
884 101
96 885
96 886
96 887
96 152
96 172
96 195
96 203
96 210
96 888
96 889
96 242
890 106
891 254
892 106
893 225
97 104
97 109
97 135
97 137
97 1023
97 186
97 191
97 192
97 193
97 197
97 224
97 243
98 107
98 894
98 895
98 167
98 198
98 896
98 231
98 897
99 107
99 138
99 161
99 165
99 167
99 234
100 104
100 112
100 898
100 899
100 172
100 179
100 192
100 900
100 242
100 243
100 901
858 127
858 206
101 902
101 903
101 904
101 905
101 159
101 212
101 213
101 235
101 238
101 906
102 103
102 907
102 143
102 144
102 148
102 177
102 189
102 219
102 231
102 908
103 909
103 114
103 910
103 911
103 942
103 912
103 913
103 189
103 914
103 915
103 231
103 1294
916 106
917 225
104 109
104 112
104 130
104 172
104 192
104 197
104 243
918 430
919 132
920 184
921 119
922 125
923 181
924 173
925 193
926 233
927 245
928 257
929 193
930 233
931 245
932 257
933 156
934 827
935 190
936 224
937 118
938 123
939 207
940 229
941 248
943 119
944 125
945 143
946 144
947 181
948 221
105 949
105 131
105 146
105 147
105 169
105 1131
105 1193
105 216
105 226
105 950
105 951
952 155
953 164
954 170
955 176
956 180
957 181
958 216
959 244
960 153
961 168
962 171
963 116
964 169
965 255
430 113
430 966
430 967
430 129
430 132
430 968
430 157
430 969
430 232
106 970
106 971
106 972
106 225
106 254
973 16
974 116
975 127
976 127
977 153
107 138
107 978
107 979
107 161
107 167
107 980
107 234
981 116
983 1023
984 155
985 982
986 224
987 250
988 158
108 128
108 148
108 163
108 200
108 227
108 256
109 112
109 135
109 140
109 160
109 191
109 192
109 204
109 212
109 243
109 247
989 120
990 122
991 184
992 16
110 942
110 993
110 145
110 153
110 168
110 994
110 196
110 995
110 996
111 117
111 118
111 139
111 152
111 172
111 175
111 182
111 195
111 199
111 210
111 230
111 239
997 120
998 124
999 184
1000 225
1001 163
112 140
112 172
112 179
112 204
112 212
112 213
112 235
112 238
112 243
1002 194
1003 254
113 123
113 149
113 185
113 240
1004 190
1005 212
114 1006
114 1007
114 1008
114 231
114 1009
114 1010
114 1294
115 131
115 1011
115 150
115 162
115 169
115 170
115 211
115 216
115 226
115 241
115 244
1012 132
1013 158
116 1014
116 1015
116 1016
116 1017
116 1018
117 118
117 129
117 139
117 172
117 182
117 199
117 208
117 232
117 235
1019 156
118 1020
118 195
118 1021
118 199
118 208
118 210
118 1022
118 229
118 248
1024 155
1025 132
119 121
119 125
119 143
119 176
119 177
119 178
119 180
119 181
119 218
119 221
1026 157
1027 253
120 122
120 124
120 1028
120 134
120 142
120 184
120 1029
120 1030
120 1031
1032 122
1033 942
1034 148
1035 189
121 143
121 147
121 177
121 1036
121 181
121 1037
121 194
121 200
121 218
121 256
122 124
122 134
122 136
122 142
122 148
122 1038
122 1039
122 183
122 184
122 1040
1041 217
1042 145
1043 1294
123 149
123 151
123 1044
123 185
123 199
123 207
123 208
123 229
123 248
1045 942
124 134
124 136
124 142
124 183
124 184
124 187
124 206
1046 159
1047 238
125 1048
125 164
125 176
125 1049
125 1050
125 1051
125 221
125 251
125 253
126 172
126 174
126 186
126 197
126 198
126 201
126 214
126 239
1052 188
1053 213
127 1054
127 1055
127 1056
127 153
127 1057
127 206
127 1058
876 136
876 1093
876 184
876 203
128 1093
128 148
128 163
128 1059
128 1060
128 1061
128 184
128 200
128 209
128 220
128 227
128 1062
942 1063
942 1064
942 145
942 1065
942 1066
942 1067
942 196
942 1294
129 140
129 199
129 232
129 235
129 247
1068 154
1069 155
1070 1193
1071 159
1072 185
130 135
130 140
130 160
130 165
130 188
130 191
130 197
130 1073
130 247
131 146
131 150
131 162
131 169
131 216
131 1074
131 226
131 241
132 1075
132 157
132 1076
132 1077
132 1078
1079 224
1080 153
1081 173
1082 233
1083 209
1084 196
1085 202
1086 223
1087 224
133 142
133 167
133 174
133 183
133 198
133 239
133 251
133 252
134 142
134 148
134 177
134 183
134 189
1088 158
1089 217
135 160
135 1090
135 188
135 191
135 212
135 1091
135 247
1092 136
136 1093
136 184
136 203
136 252
1094 219
1095 150
137 161
137 186
137 191
137 197
137 202
137 222
137 1096
137 223
137 224
137 234
1097 154
1098 158
1023 155
1023 192
1023 982
1023 250
138 1100
138 161
138 165
138 167
138 1101
138 1102
138 234
1093 148
1093 1103
1093 184
1093 200
1093 220
139 182
139 199
139 232
139 237
140 204
140 213
140 235
140 247
1104 150
1105 170
1106 180
1107 216
1108 244
141 178
141 180
141 205
141 218
141 226
141 244
1109 163
1110 200
1111 220
1112 185
142 183
142 187
142 196
142 198
142 228
142 236
1113 219
143 144
143 177
143 1114
143 181
143 1115
143 219
143 221
143 231
143 256
1116 202
1117 223
1118 249
144 1119
144 177
144 1120
144 1121
144 219
144 256
145 168
145 1122
145 196
145 1123
145 1124
145 1125
145 246
145 249
145 1294
146 1126
146 162
146 169
146 1193
146 226
146 1127
146 1128
146 1129
146 241
1130 206
147 1132
147 1133
147 194
147 216
147 1134
1135 179
1136 214
1137 242
148 1138
148 1139
148 177
148 1140
148 1141
148 184
148 189
148 200
148 1142
148 1143
148 256
1144 164
1145 253
149 151
149 199
149 229
149 237
149 240
150 162
150 169
150 170
150 1146
150 211
150 216
150 1147
150 217
150 1148
150 255
1149 195
1150 210
1151 159
1152 185
151 162
151 211
151 229
151 237
151 240
152 172
152 175
152 195
152 203
152 210
152 215
152 239
152 252
153 168
153 171
153 1153
153 246
1154 171
1155 16
154 158
154 1156
154 1157
154 1158
154 217
154 1159
1160 167
1161 162
1162 169
1163 255
155 1164
155 982
155 1165
155 250
1166 202
1167 223
156 1168
156 1169
156 160
156 1170
156 1171
156 827
156 1172
156 190
156 212
156 1173
156 1174
1175 213
1176 157
1177 158
1178 217
1179 253
157 1180
157 232
157 1181
157 253
1182 982
1183 250
1184 166
1185 173
1186 223
1187 257
158 1188
158 1189
158 217
158 1190
159 179
159 185
159 208
159 213
159 1191
159 235
159 238
159 242
1192 223
160 827
160 188
160 190
160 204
160 212
160 213
160 247
161 165
161 1194
161 1195
161 1196
161 1197
161 234
1198 190
162 169
162 211
162 1199
162 241
162 255
1200 209
1201 225
1202 227
163 200
163 209
163 220
163 227
164 170
164 176
164 1203
164 1204
164 1205
164 221
164 251
164 253
1206 190
1207 219
165 167
165 174
165 197
165 1208
165 1209
165 234
166 1210
166 1211
166 222
166 223
166 250
166 257
167 174
167 198
167 221
167 251
168 171
168 246
1212 223
169 1213
169 216
169 1214
169 1215
169 241
169 255
827 188
827 190
170 176
170 180
170 1216
170 211
170 1217
170 240
170 244
170 253
171 1218
171 1219
171 1220
171 1221
171 16
1222 253
172 197
172 210
172 239
1223 214
1224 245
1225 209
1226 220
1227 227
173 1228
173 233
173 1229
173 257
1230 217
174 197
174 198
174 201
174 234
174 251
175 195
175 205
175 218
175 230
175 252
1231 184
176 178
176 180
176 181
176 1232
176 221
1131 216
177 183
177 189
177 200
177 205
177 218
177 221
177 252
177 256
1233 184
178 180
178 205
178 218
178 221
178 251
1234 184
1235 220
179 208
179 1236
179 235
179 238
179 242
179 243
179 1237
1238 16
180 181
180 216
180 1239
180 218
180 244
1240 181
1241 194
1242 188
181 1243
181 216
181 1244
181 218
1245 185
1246 207
182 199
182 232
1247 185
1248 207
1249 248
183 187
183 198
183 252
184 1250
184 1251
184 220
184 1252
184 1253
1254 255
185 199
185 207
185 208
185 235
185 242
185 248
186 193
186 197
186 201
187 198
187 206
187 228
187 236
1255 190
1256 207
188 204
188 213
188 1257
188 1258
188 247
190 212
190 1259
190 1260
190 1261
190 1262
190 1263
1264 219
1265 195
1266 215
191 1267
191 224
1268 1294
192 193
192 197
192 243
192 1269
193 197
193 214
193 245
1270 216
1271 222
1272 250
1273 257
194 227
194 1274
194 254
1275 203
1276 206
1277 214
1278 245
195 210
195 1279
195 215
195 230
1280 1294
1099 229
1099 1281
1282 219
197 201
1283 248
198 201
198 236
198 239
1284 206
199 208
199 229
199 232
199 235
199 237
199 248
1285 217
1286 255
200 218
200 220
200 252
200 256
1287 202
1288 246
1289 249
201 234
201 236
202 222
202 223
202 233
202 236
202 246
202 249
1290 220
982 1291
982 1292
982 250
1293 16
203 206
203 214
203 215
203 239
203 252
204 212
204 213
204 243
204 247
205 218
205 221
205 230
205 252
1295 16
1296 257
206 214
206 239
206 1297
1298 253
207 229
207 248
208 1299
208 235
208 242
208 248
209 1300
209 220
209 225
209 227
209 1301
210 1302
210 242
211 229
211 237
211 240
211 241
212 213
212 243
212 1303
213 235
213 247
214 239
214 245
216 1304
216 1305
216 226
216 241
216 244
1306 225
1307 227
1308 254
1309 219
217 1310
217 1311
218 221
218 230
218 252
219 1312
1313 221
1314 251
220 1315
220 1316
221 251
222 223
222 1317
222 224
222 250
222 257
1318 242
1319 248
1320 224
223 224
223 250
223 257
1321 257
224 1322
224 250
1323 246
1324 249
225 227
225 254
1325 257
226 241
226 244
227 254
227 256
228 236
229 248
232 237
232 240
233 257
1326 253
1327 238
235 238
237 240
1328 255
238 243
238 1329
238 1330
239 252
1331 242
242 1332
1333 245
243 1334
246 249
1335 257
