1218 2091 0
-0.2392062557846815 -0.4416374614644151 -0.1913619380939688
0.1215778851575118 0.2685345800446370 -0.3943342055562904
-0.2160669108494318 -0.1125496897377493 0.0393718885243837
0.2783493265283200 0.3578905224576692 -0.4642125378650817
-0.2971901043352379 -0.0822714272885648 -0.1525446786791640
0.2944233686229789 -0.0922074871868993 0.2706402289272015
0.4521773971680490 0.1658662756137035 -0.4779582032597463
0.1043023234450252 -0.2613976657022716 0.4656859954202681
-0.3725924296556494 0.0562177973955036 0.2104144927464742
-0.4199472688638097 0.2556385325562063 0.0420458810662883
-0.0028591640751949 -0.0976925863757275 -0.1728441616134944
-0.1421396742663004 0.2795958092233080 0.1752306139974376
0.1858242285916380 -0.2882833582388455 -0.0001120986007110
-0.3520845901545262 0.4673482925703967 0.4934960510424484
0.3100204724604317 -0.4676300071020079 0.0056210998397874
-0.2181401908281192 -0.2225731787129120 -0.3780823930924798
-0.2695393007843063 -0.4789876788025706 0.3721409110533259
-0.3785732222771532 -0.3318773599001411 0.0843410438523332
-0.3160030200369445 0.1951737159773050 0.2005874692521978
0.2770529656045570 0.4662112937414765 0.0225228116090164
-0.4522874815643974 -0.0760283508091362 -0.0547612209134104
0.1148826527536308 0.0744561411008234 0.4721715908204512
0.1464928925233994 0.0166368701264144 -0.0273504011400368
-0.4470480835057948 0.2887374888498908 -0.0100698058062446
0.0682175109019652 0.0701983592593409 -0.3972532807749824
-0.4127224537810599 0.3979341994763093 0.0086998594809322
0.2914939961424912 0.2607579256199880 0.0704680949412345
-0.1199865234629798 -0.4874840310278403 -0.1238451236248677
-0.0357032823141411 -0.2407671224098194 0.0230415941504284
0.3282154874824745 0.4211573922838253 -0.3165377391757868
-0.1718072035736604 -0.3600159940013828 -0.4176115115032558
0.2332336665659173 -0.3794017760135640 0.4408442041936940
-0.3666552826054990 -0.2321908405852764 -0.2815928484402380
-0.0679337453167298 0.0197123509920825 -0.2227038626607175
0.0195159993728359 0.1117102839092511 -0.0144823383195767
-0.4590067213184125 -0.2148511649705246 -0.3741956040390230
0.0147077599527935 0.1882367376946203 -0.1051828593435116
0.2610255330355495 0.1273851694790838 -0.3240599209042563
0.2180274534121454 -0.0736194494814348 0.1228022754517003
-0.3778406620346009 0.3486290206935312 -0.0256652994064562
0.2661546099220981 0.0118671763318969 -0.2612419200264371
0.1258076821349465 -0.2552039408699290 0.3265960503861668
-0.2442899577675242 -0.1636189623927765 -0.1657947894221241
-0.1674202875564441 0.1689024029431640 -0.4201925401396930
0.2247493459406630 0.1276707149051624 -0.4485562207913273
0.0855453261970759 -0.4648291195988755 0.1299676288041399
0.1271558195231819 0.0931489694540148 -0.1781255426085723
-0.3123840073725706 0.2053994811583587 -0.0739663435733411
-0.2128198363759791 -0.3876319636759383 -0.4071383517177358
0.0224886126896738 0.0801884641741994 -0.2944939208936269
-0.4155517242181034 -0.0108684728723744 -0.2873266555013316
0.4087612861718730 -0.4076542106299408 -0.3055767955239269
-0.3108481847671751 -0.0293867657148129 0.3649874681929217
0.4493545479443106 0.0762387141126415 0.1014690678562805
-0.2337382109811621 -0.4092179047412248 0.0669266812373707
-0.2019229772000238 -0.3787636846831753 0.3860111084233439
0.0442684829669570 -0.1305698248977726 -0.0274148111556503
0.2209024380173349 -0.0927842256219415 0.2204514932341046
-0.2926307688134114 -0.1138605946662599 -0.2361217054871544
-0.2915181510981022 0.4856639509945020 -0.0266258657824953
0.2038005233188661 0.4224919668970278 -0.0818453824742147
0.3031030089762468 0.3334568081661839 -0.1308407447401991
-0.1608436137537997 0.1671589312879970 0.3842857333078947
-0.4760574314629798 0.0396102860185164 0.4663736636759584
-0.3187795536257030 -0.2440911955171693 -0.3978532340094399
-0.0494543938730984 -0.3183989346141796 -0.0817321459145071
-0.3672940238277411 0.1108831644194389 0.1310999240723540
-0.0369896153024718 0.1248463002884472 0.0671992317612741
0.0758878117275528 -0.4193205412987399 0.4188455043574940
0.0537370125602873 -0.3812503540243780 -0.2600772236130729
-0.4192982375798870 -0.0418846398519296 -0.3901527759579119
0.1166968046079915 0.3861579751393807 0.0727914212942097
0.0703092452005197 0.4576544741501521 0.2730976398741524
0.4778606729256058 -0.1263837295979976 -0.4804458414928794
-0.3571688192474389 -0.4327909245908988 -0.0666883329124049
0.4458938648494794 -0.2277013766676661 -0.3854320713181854
-0.1775382938628995 0.0963649099607590 -0.3568510414614525
0.1402369226209999 -0.1482864591761515 0.1308825388544737
0.2531038918250321 0.1984925773610391 -0.1518896526600610
0.0186074689584760 0.2974233551635914 0.3060587244710513
0.1656068333314977 0.2588810081364584 0.1662662550653378
0.1078555214267667 -0.0963962681418584 0.0870595094354868
0.0600269832228104 -0.0361445639564672 -0.3522971610643250
-0.1742103365671990 -0.0337943161157474 0.2185096143911632
-0.2854636866776489 0.3169769212014171 0.1469493886666918
0.3291493844303888 -0.3733245481662250 -0.2721386851792447
-0.3983360510989780 -0.4716225300820742 -0.0632354933270960
0.4078486103365073 -0.3472891836112617 -0.0696919350579645
-0.4176332931043301 -0.3309968867121057 -0.1600104564955136
-0.4442987760963258 0.1154619046448039 0.2955014486807285
-0.0088149155517910 -0.3944627195084095 0.4124345925877794
-0.2817683406129917 0.2199257002164827 -0.2646811943328408
-0.0551227095479120 0.0336056912478230 0.1574883794474740
-0.0854553674416996 -0.0672238196130789 -0.3703144041915866
-0.0964667310483037 -0.2977149514269988 0.1436901242784786
-0.3125513962126789 0.3157227743166215 0.2219903834685809
-0.1744889182167866 0.1598166883266678 -0.3261838934254642
-0.2631269220172556 0.2233961458147354 -0.3440017323446652
0.1713893236503658 0.2172844537048007 0.3245374359272516
0.3862487290445339 -0.3958598085846751 0.1683317266386067
-0.2354751621297223 -0.3272979977012909 -0.2206670143243823
-0.3451320795149598 0.3629947539961584 0.2197545568822809
-0.1361153408117437 0.1355495207352548 0.0516988334790577
0.0542588485687654 -0.2273826270856392 -0.0327157559629078
-0.2715823361462634 0.4598045159577419 -0.2586630056233522
-0.4078759239734960 -0.3093806243407894 0.0712381731186507
0.0154075937377824 0.0132940628636686 0.3646799725321603
0.2366129662558961 -0.2775282881377091 -0.0145739041227628
-0.1376610133732918 -0.0268425240576461 0.3106917695625977
-0.2390730132602766 0.3768467744981454 -0.4512341072007638
-0.1433686198498757 -0.0776417098708693 -0.4286780145375856
-0.4516964447458816 0.0875627344837383 -0.0161436956035194
0.1881844841699606 -0.2596693104964448 -0.3063858767043319
-0.0651549814704654 0.4146351162251974 -0.0614613498011886
-0.0062083710830487 -0.4302855280568016 0.2468209026669627
0.0822554896612615 0.3553581156539477 -0.2078598444163626
-0.0854454420740272 0.2253624756753473 -0.4350442191669552
-0.2370679355091447 -0.4866055411100922 -0.2247321063158644
-0.0346685396283469 -0.1693642929647580 -0.4754580568156431
-0.3057863053034068 0.4666829133366364 -0.1176195539383500
-0.3806557059562585 -0.4434691834548299 0.3455241405814302
0.1949997951949585 -0.4303467316878488 0.3754207636453071
-0.0617346535206671 -0.3580194734772404 0.0515731882742678
0.1504771205657591 -0.0158451704769515 -0.4499618746599073
-0.3689139018897752 0.2529063333172585 0.1914023214773137
-0.0803217454821610 -0.0706154369608902 0.1733883627949311
-0.4798531880908190 0.1180150213202365 0.2784877713799691
-0.2057445827822534 0.3390642700125600 -0.1469554666237691
-0.3547098527659749 -0.2065395438272200 -0.4675425604076939
0.3775784950628880 0.1665086071293708 -0.3013759235811029
-0.3389085561797299 0.4453451070515958 -0.1786567881919981
0.2246720424047216 0.1267784371430295 0.3868072361537572
0.2953400658530789 0.3038819990581032 -0.2068832685466617
-0.0659915137326008 0.0000864489620485 -0.0277663745425281
-0.1625129848153488 0.0320543774555264 -0.4179030997408898
0.0131234371452751 -0.3784159288149458 0.1597895482111829
0.1613335716977573 0.1831145874174754 0.0646312555890035
0.2333819690082928 0.0339829704676580 0.4369896334422109
-0.3026497567470007 -0.2342611417368050 -0.1230191651254732
-0.1171552856686330 -0.0587947415774063 -0.3251884924096358
-0.4812169866602798 -0.0779594124369035 -0.3209583334006664
0.2436489340997857 -0.4319662356924085 -0.2404534842467357
0.1562298299254561 0.2085652768333866 -0.3529399515492797
-0.3503995248022403 0.4455581465529366 0.3365652320035024
-0.4737027944922308 -0.3069352382360710 -0.3764924364629000
-0.1436532325996629 -0.2957724308207743 -0.0502967884258668
-0.0894865159403524 0.0240281757920375 -0.3615424084991896
-0.0485237226584866 0.2688974019740930 -0.0218977683568770
0.4377046753589268 -0.0690075277675333 -0.2807774228619292
-0.0007759336930415 0.3176305837308633 -0.2296228610303402
-0.0918726966430309 -0.4266514134545787 -0.0559568077296926
-0.4428663538989525 0.4473155974492256 -0.2951863906765155
-0.3000336720660495 -0.2592843914717748 0.2119908237089709
-0.2890502954301163 -0.0958874200756062 0.0745981484949609
0.1341932087285239 -0.4418768060057903 0.2585369606370468
-0.0607271318812900 -0.0638317431123961 0.1191283643657888
-0.4291385166803319 -0.0151906031328546 -0.4134176031628413
-0.0970889071568492 -0.3160745403545136 0.2736154143937624
0.3526179135295977 -0.4010234540706308 0.0120544957315410
-0.3874101233562715 0.2886119818719945 0.2265824235771572
-0.1526284878654026 0.1155344881755010 0.0897013336196308
0.1909832158849360 0.1815516947493425 0.1989043042725185
-0.0150901790720732 0.1281401776819160 -0.0863016355761540
-0.4341259469107386 0.1360257387481464 -0.3692341142528903
-0.1143251499546678 0.3835273562812287 -0.2001464794641954
0.1678121530584201 0.2638368062872838 0.1198975001727574
0.1490718046389963 -0.0314151506071690 -0.4211961421664333
-0.0750625018689354 -0.4432839187102745 0.4154131828519042
-0.2291593715381292 0.1290697172779161 0.4499282383212299
-0.1868802198042246 0.0610545525459813 0.0534053396555679
0.2213202999530047 0.1423508641784537 0.3983571740252869
0.0734211661462503 0.3645151460635447 -0.4005199129671960
0.0027664683650810 0.4781690600518184 -0.4295098400450920
-0.0635492905751218 0.3337192954625013 -0.0103314334452624
-0.2926031964707145 0.1230131615500085 0.1228855819361031
-0.0706679346661039 0.1483855240834712 -0.0836088227748140
-0.2575819145352523 0.2277579818662121 -0.4810455470953375
-0.1020646159927667 -0.1344407796374324 -0.1858355070029703
0.1026053671580396 -0.4468412353741830 0.2435547666541077
-0.1201496620160532 -0.2297625580100040 0.0499294155285074
0.4553067444046501 -0.2333428253792590 -0.1829795453176729
0.2465096367075754 0.0012998874366564 -0.4824290365799089
-0.1273053527267029 0.4134609201928175 -0.1992139900366767
0.0151675636995890 0.0531697817260517 0.2548136011941454
0.3676998235643557 0.3799747476080088 0.1542747682925154
0.1423973380157590 -0.2073091285357693 0.4111043097743141
0.1761313268799261 -0.4667015783685629 -0.0291189817192591
-0.3665910048677496 0.3348714175486223 -0.3179332017345768
-0.0287241619442794 -0.3685716155008893 -0.1922045196963191
-0.3926110962694385 0.0528898189965164 -0.3200588415925038
0.1891142412866659 -0.0583674514428067 0.2165720394955259
-0.2598330265550129 0.5000000000000000 -0.1000063364664941
-0.2372504355734301 0.5000000000000000 -0.2067538531101804
-0.2506072553800320 0.5000000000000000 -0.1627096834411582
-0.2500895061919062 0.5000000000000000 -0.1837083637829220
-0.1253192351634367 0.5000000000000000 -0.2909470546500765
-0.0911819420081190 -0.5000000000000000 -0.2875959700647773
-0.5000000000000000 -0.3771560384729102 -0.1314973706548057
0.0297006931914582 -0.3279051976327155 -0.5000000000000000
-0.0449817003041182 -0.5000000000000000 -0.2765755926926187
-0.0584105337688545 -0.4566663800561667 -0.5000000000000000
0.4482385696655984 0.1563860492878252 -0.5000000000000000
0.2116925952486604 0.0789711110201750 -0.5000000000000000
0.2749249795660127 0.1185167512408602 -0.5000000000000000
0.2181864574999289 0.0110558751792530 -0.5000000000000000
0.2648287205371631 0.0107786640646969 -0.5000000000000000
0.5000000000000000 -0.4731850245313263 0.0920291324589143
0.5000000000000000 -0.4788352893709605 0.0899788976763492
0.5000000000000000 -0.4749261458943969 0.0809185009912858
0.0900897796121020 -0.3131746083760169 0.5000000000000000
0.1500551139498975 -0.3917631241261965 0.5000000000000000
0.0696767600810946 -0.4107674417826093 0.5000000000000000
0.1075075226272907 -0.4128746526146677 0.5000000000000000
0.1080468379955315 -0.5000000000000000 0.1112742372022885
-0.2477529055551383 0.5000000000000000 0.4848335710541292
0.0107153611000732 0.5000000000000000 0.3594030507269764
0.1393341714395422 0.5000000000000000 0.4491731329365146
-0.2015501353671551 -0.4287229077109415 -0.5000000000000000
0.3222618900945556 0.2602673571091228 -0.5000000000000000
0.2778498022657979 0.2022148011831171 -0.5000000000000000
0.2337398298068384 0.2511797684867029 -0.5000000000000000
0.0553394784691707 0.0907872431874962 0.5000000000000000
-0.2400561664125276 0.1826843546951385 0.5000000000000000
-0.2588104056726404 0.1450663599450232 0.5000000000000000
0.3255464473780716 0.3684595365335013 -0.5000000000000000
0.0125535116184815 0.5000000000000000 -0.2607932590799775
0.2468287369901670 0.4113223953563309 -0.5000000000000000
0.3250492527250778 0.3941236722934504 -0.5000000000000000
0.3400069299933822 0.3302136706520392 -0.5000000000000000
0.3916666530798919 0.3866123569078679 -0.5000000000000000
0.5000000000000000 0.2760549649880741 -0.4323486252116057
0.3095759089422753 0.3695701734865225 -0.5000000000000000
0.3388225064949089 0.3783565678176938 -0.5000000000000000
0.3013416211267042 0.3337067099412083 -0.5000000000000000
-0.5000000000000000 -0.0581498424752257 -0.1636310116609979
-0.5000000000000000 0.0165540970993346 0.0465846357904192
-0.5000000000000000 -0.0677485171962173 0.0381389594791236
0.1885271264895545 -0.0335793287271558 -0.5000000000000000
-0.0332347121471027 0.0393080683855879 -0.5000000000000000
0.2542954391567455 -0.0071666281619091 -0.5000000000000000
0.5000000000000000 0.1564937737917851 -0.4948037069440682
0.5000000000000000 -0.1049769758859796 0.1046754987338198
0.1220101480440376 -0.1088928317743592 0.5000000000000000
0.5000000000000000 -0.1793722943275550 0.2177658248699687
0.5000000000000000 -0.0529469865908680 0.0461566951137893
0.5000000000000000 -0.1124613090805810 0.2061052474881998
0.1352044567811043 -0.0067845982049188 0.5000000000000000
0.5000000000000000 -0.0964613035414837 0.3706206673529311
0.5000000000000000 -0.1543676995991706 0.1042875812835822
0.4631730626532546 0.1814145843255726 -0.5000000000000000
0.5000000000000000 0.1354290333627615 -0.4760391879545781
0.5000000000000000 0.1580074406471262 -0.4735640176297270
0.5000000000000000 0.0497615774427676 -0.4476650018357516
0.4994222714313283 0.1688011486798834 -0.5000000000000000
0.5000000000000000 0.2347265685404333 -0.4448703585684632
0.3887462047584794 0.1753206695294460 -0.5000000000000000
0.4719244789721135 0.1634263924361717 -0.5000000000000000
0.3253931037071487 0.0846290424489749 -0.5000000000000000
0.0602387358378402 -0.2462174331647822 0.5000000000000000
-0.0566637983058548 -0.1750654658203828 0.4863391684410861
0.5000000000000000 -0.0885431273773281 -0.3245997898696611
-0.1811480915171846 0.4926256421312221 -0.1976976676144494
-0.2761284657913243 0.5000000000000000 -0.0518409217786403
-0.2414564014698743 0.5000000000000000 -0.2535818862123856
0.3837293048700000 0.4967169069379710 -0.0949693212248947
0.2083226852088096 0.5000000000000000 0.4366908483247114
0.5000000000000000 0.1895557560596371 0.3647999968596140
0.5000000000000000 0.1624982336478054 0.3793244547126436
0.5000000000000000 0.1940733960648188 0.3679198612377502
-0.2541343226042544 -0.1675681047944161 0.5000000000000000
-0.3038988375771889 -0.1384303897234555 0.5000000000000000
-0.2642448424456136 -0.1516780035819462 0.5000000000000000
-0.2776345595512507 -0.1558956309943444 0.5000000000000000
-0.2579319115103724 -0.1324522704399665 0.5000000000000000
-0.2854343907865677 -0.1427645238358677 0.5000000000000000
-0.2886051954517789 -0.1508984113028494 0.5000000000000000
-0.2843961111842096 -0.1706118537246619 0.5000000000000000
-0.1539919153269495 -0.1677295033218751 0.5000000000000000
-0.2670418450255937 -0.1492383434872169 0.5000000000000000
0.0173410173410959 -0.2524998091196635 0.5000000000000000
0.0706721050731596 -0.2586742342273460 0.5000000000000000
0.5000000000000000 -0.2371442796771329 0.2301817876078885
0.1011857519627214 -0.2610809858596772 0.5000000000000000
0.0940288495856445 -0.2085920086135508 0.5000000000000000
-0.0523439494050164 -0.3354010975497412 0.5000000000000000
0.5000000000000000 -0.2273426908346730 0.2458309067068447
0.1117695600382471 -0.2408170155943753 0.5000000000000000
0.0755491146090303 -0.2513951817417999 0.5000000000000000
0.0424511403626239 -0.2737640205572223 0.5000000000000000
0.1429403815510055 -0.2530995533608986 0.5000000000000000
0.2510262673154430 -0.5000000000000000 0.0242141229544764
0.1750538968798480 -0.5000000000000000 0.0658951728231321
0.3537876382647517 -0.5000000000000000 -0.0707726330143381
0.2045026061896696 -0.5000000000000000 0.0124763188972429
-0.4993578833663939 -0.1987448334300738 -0.2352647844035735
-0.5000000000000000 -0.0999306387618459 -0.3029267030923368
-0.5000000000000000 -0.2767534044581244 0.3238812027025346
-0.5000000000000000 0.0118251484120217 0.3499485727462253
-0.5000000000000000 0.0385399347085233 0.1984105027136211
-0.5000000000000000 0.0282253575576805 0.2591666377612463
-0.5000000000000000 0.0743103375519538 0.3153506728273482
-0.5000000000000000 0.0527618138573438 0.3617008389884405
-0.2010824526582590 -0.2320326757551174 0.5000000000000000
-0.2764449429477824 -0.2779712324824632 0.5000000000000000
-0.1943803255554449 -0.3734509537328227 0.5000000000000000
-0.2697724832703819 -0.2434800830727444 0.5000000000000000
-0.1061628782749799 -0.1846168495015186 0.5000000000000000
-0.5000000000000000 0.2510064076426520 0.1015316377056084
-0.5000000000000000 0.2315419816048853 0.0764623307444304
-0.5000000000000000 0.3768059986309696 0.1417778608336558
-0.5000000000000000 0.2493331975108323 0.0939123106750082
-0.5000000000000000 0.3616244478840581 0.1760641661159983
-0.5000000000000000 0.1276326268168684 0.0112806271668267
-0.5000000000000000 0.3682386324759199 0.2780122494252879
-0.5000000000000000 -0.2062761745259442 -0.3509773994758573
-0.5000000000000000 -0.1910491638053353 -0.3682996657998265
-0.5000000000000000 -0.0888824900630959 -0.3148859401852921
-0.5000000000000000 -0.2871154548140422 -0.3599998221744134
-0.5000000000000000 0.3152519264781651 0.0333380135909876
-0.5000000000000000 0.4125863720370597 0.0694643241001279
-0.5000000000000000 -0.0801766215171091 -0.0187514167538714
-0.1223527635989311 -0.2346636183126217 0.5000000000000000
-0.1293158060404609 -0.3230029254844635 0.5000000000000000
-0.0815352169648187 -0.1798365647062454 0.5000000000000000
0.1954100641654915 0.0171058309804849 0.5000000000000000
0.5000000000000000 -0.4685303684957904 -0.4792041118799138
0.5000000000000000 -0.4695090545158048 -0.4821340649577439
0.5000000000000000 -0.4687568719791119 -0.4806273887633193
0.5000000000000000 -0.4696151860393946 -0.4812134540638823
0.3791134814739855 -0.2015920075414646 -0.5000000000000000
0.4683580619384873 -0.1509436426370233 -0.5000000000000000
0.4433349018425244 -0.2216048535204369 -0.5000000000000000
0.3867708114846390 -0.2276567351976179 -0.5000000000000000
0.4274798781619386 -0.5000000000000000 0.0952383743322201
-0.5000000000000000 -0.4069853713511233 0.4391420003389095
0.3188870386759443 -0.1717652372777567 -0.5000000000000000
0.5000000000000000 -0.4962182107719654 -0.1200676891314815
0.5000000000000000 -0.4750416611913936 -0.1100283792459946
0.5000000000000000 -0.4945549523982611 -0.1545866949197647
-0.5000000000000000 -0.3118729624996808 0.3787567131583031
-0.5000000000000000 -0.3526401040496996 0.3896516894621219
-0.5000000000000000 -0.3025822603527895 0.3685060941464929
-0.5000000000000000 -0.3139406889434948 0.3933659431578203
-0.4995308750144219 0.1851715651269997 0.5000000000000000
-0.5000000000000000 0.2408458321342706 0.3485759429287847
-0.4367694033256895 0.3084441805594735 0.5000000000000000
0.2382697765553319 -0.5000000000000000 -0.3934090883331509
0.2845275842835858 -0.5000000000000000 -0.3615296800549312
-0.1304577081823955 -0.1015110653037811 -0.5000000000000000
-0.1238204116071453 -0.1076684475837268 -0.5000000000000000
-0.1299190437074564 -0.0934171722082508 -0.5000000000000000
-0.1425206754432530 -0.0926268987515335 -0.5000000000000000
-0.1191686546279452 -0.0949718936379880 -0.5000000000000000
-0.0909661312654322 -0.1193853292809429 -0.5000000000000000
-0.1209560564875681 -0.0826147979612669 -0.5000000000000000
-0.1361748998336421 -0.0964671857959204 -0.5000000000000000
-0.0910215148693544 -0.0340260605241842 -0.5000000000000000
0.5000000000000000 -0.4031074147024440 -0.3455536351310173
0.5000000000000000 -0.4760793001560351 -0.1882210512246782
-0.1744415490212147 -0.2486593344048576 -0.5000000000000000
0.1742679161247020 0.5000000000000000 0.4506504218223386
-0.1649005416808477 0.3879532866930760 -0.5000000000000000
-0.0414384290415594 0.2855852442471293 -0.5000000000000000
0.1878354711012489 0.3572768730491352 -0.5000000000000000
0.0670700495308890 0.3874880789460011 -0.5000000000000000
0.0206308887147608 0.4596801993944197 -0.5000000000000000
0.5000000000000000 -0.2588638501956436 0.0986205942505717
0.5000000000000000 -0.3449143322380799 0.0988751405480553
-0.1220919586788776 0.1426247885681862 -0.5000000000000000
-0.1191056283675870 0.0764281870215825 -0.5000000000000000
-0.2219476968499909 0.2057867719388750 -0.5000000000000000
-0.1773346036640577 -0.5000000000000000 -0.2562047458141734
-0.2627124461447541 -0.5000000000000000 0.3615889407128798
-0.0436114211003541 -0.5000000000000000 0.2097385746159829
-0.1398362926879693 -0.5000000000000000 0.2956610152832056
-0.3117330995379623 -0.5000000000000000 0.3397048946339091
-0.5000000000000000 -0.3581485864030912 -0.2968625666225420
-0.5000000000000000 -0.3140034150446873 -0.3537966574379824
-0.2671070820897209 -0.5000000000000000 0.3909144685696173
-0.0869607784465046 -0.5000000000000000 0.2750046274980351
-0.2490158296114272 -0.5000000000000000 0.4145320076475097
-0.2413567192671515 -0.5000000000000000 0.4403278560358220
-0.1757112139936695 -0.5000000000000000 0.3631163701288707
-0.1901456385054553 -0.5000000000000000 0.4200436922506661
-0.2482680047294269 0.5000000000000000 0.4607514298535764
-0.3495732968963419 0.5000000000000000 0.4876288976236405
-0.2528669374585513 0.5000000000000000 0.4320164008987816
-0.4408569665627924 0.4726740877671352 0.5000000000000000
-0.4715008772071952 0.4616022236311657 0.5000000000000000
-0.2952263381829620 0.5000000000000000 0.4329303669001776
-0.3728063183334037 0.4807584471151351 0.5000000000000000
-0.1343574067070760 0.5000000000000000 -0.2077279400710493
0.0474348841834057 0.5000000000000000 -0.2489490180747597
-0.1826637503942496 0.5000000000000000 -0.1105309725209716
-0.0336441182552211 0.5000000000000000 -0.1982174501564029
-0.0125136027156301 0.5000000000000000 -0.2283435348013280
-0.0128881701928115 0.5000000000000000 -0.2536300261564701
-0.0120391880011167 0.5000000000000000 -0.3275805548397379
-0.0455239641045790 0.5000000000000000 -0.2250954378067987
-0.5000000000000000 -0.4493487041999266 0.4019807101832274
-0.5000000000000000 -0.0251660602071996 -0.2596033639905811
-0.5000000000000000 -0.0773846928360709 -0.3110899537941905
-0.5000000000000000 -0.0267564407043046 -0.3622967928163348
-0.5000000000000000 0.0172646804451891 -0.2774624441928402
0.5000000000000000 0.1374495407756958 -0.2527673652836605
0.5000000000000000 0.1367820012347649 -0.3072399520349656
0.2025527234446405 0.3836399393261904 -0.5000000000000000
0.1599939996821240 0.4451611198644794 -0.5000000000000000
0.1203963110352745 0.4823921353112384 -0.5000000000000000
0.5000000000000000 -0.0751489792579495 -0.2987799982687261
-0.2298929573467452 0.1958688109607709 0.5000000000000000
-0.1645960257829093 0.2694781970350286 0.5000000000000000
0.4199879544335296 0.5000000000000000 0.1458039997312519
-0.3105075290857188 0.5000000000000000 -0.1118876337577226
-0.1026662239780920 0.5000000000000000 -0.3040289945496439
0.3872434594873265 -0.5000000000000000 -0.0052697565032412
0.3353046671583517 -0.5000000000000000 -0.0212135093564008
0.2435920471390929 -0.5000000000000000 -0.0092411355165455
0.2860284770901380 -0.5000000000000000 0.0315758832389383
0.2343425229168064 -0.5000000000000000 0.0950142402103461
-0.5000000000000000 -0.1745801403451079 -0.2231947716260032
-0.2477606638610467 -0.1784055284583031 -0.5000000000000000
-0.5000000000000000 0.3060669157161663 0.2926854873952502
0.2805929470371581 -0.2327489616155999 -0.5000000000000000
0.3095790809158975 -0.2710477303999801 -0.5000000000000000
0.2673880556906805 -0.2587491409285227 -0.5000000000000000
0.3290550390895496 -0.2480816144974227 -0.5000000000000000
0.2977247396525556 -0.2275942008413513 -0.5000000000000000
-0.0940802994949677 0.3903293109528727 0.5000000000000000
-0.1076387310525066 0.3170093927175293 0.5000000000000000
0.0908878532623663 0.4509552702633839 0.5000000000000000
-0.5000000000000000 0.1790759901826282 -0.2223694694376855
-0.5000000000000000 0.1790691858885854 -0.2495532972972908
-0.5000000000000000 0.0437870283787752 -0.3379570166817912
-0.5000000000000000 0.1420665404328889 -0.3119797408256423
-0.5000000000000000 0.1802451537775794 -0.2972520424792928
-0.5000000000000000 0.0982199237211406 -0.2648560767953366
-0.4941284391653303 0.5000000000000000 -0.4486217928475493
-0.4891014207911313 0.5000000000000000 -0.3280428633658261
-0.0046546001171695 -0.2914537832015933 -0.5000000000000000
-0.2343471274286330 -0.1816143484041485 -0.5000000000000000
-0.5000000000000000 -0.1241994153853521 0.2002256456711583
0.0683686424320704 0.4815717752933941 -0.5000000000000000
0.0305994019998116 -0.0872118483014859 -0.5000000000000000
-0.0292650982450379 -0.0879849997807222 -0.5000000000000000
-0.0029968838298310 -0.1538799608613385 -0.5000000000000000
0.1342070359951134 -0.0471582335913657 -0.5000000000000000
0.0320512006213407 -0.0530349008991690 -0.5000000000000000
-0.0354473981834833 0.0280157529365908 -0.5000000000000000
0.1286267513001122 -0.0645709417286139 -0.5000000000000000
0.4020785205412664 0.4616930653880849 -0.5000000000000000
-0.3732139973875468 0.0206045914938004 -0.5000000000000000
-0.3602156909464895 0.1141451601823882 -0.5000000000000000
-0.2588028564517530 0.2129581519271437 -0.5000000000000000
-0.1853711594250657 0.4044797439822951 0.5000000000000000
-0.1915616519777872 0.3396393483107510 0.5000000000000000
-0.2632039295501289 -0.5000000000000000 0.3336017701543042
-0.4547684746201990 -0.3953795083800222 0.5000000000000000
-0.3871050944139569 -0.4992239878293362 0.5000000000000000
0.5000000000000000 0.0819991190116309 0.0714491798529212
0.5000000000000000 0.1195609141927044 0.1465571584326625
0.4090987274960042 -0.5000000000000000 -0.1925575655381668
0.3556382231373216 -0.5000000000000000 -0.1811120012547605
0.4553923188802505 -0.4875316474366473 -0.1507552639889216
0.2939997469918331 -0.5000000000000000 -0.0916227697402327
0.5000000000000000 -0.2742702247482526 0.2454834845950091
0.5000000000000000 -0.2360245643788337 0.2011782546133569
0.5000000000000000 -0.3122764632615433 0.1660379038494608
0.5000000000000000 -0.2248384371237140 0.2225945476735317
0.0319124771457467 0.0790568483023783 0.5000000000000000
-0.1308765168994701 0.1500152724288951 0.5000000000000000
-0.1733066241252796 0.0578532158598601 0.5000000000000000
-0.2639079943428047 0.1210776014036476 0.5000000000000000
-0.5000000000000000 -0.3456871860366474 0.3155720112216562
-0.5000000000000000 -0.3337165024486065 0.2149151580103873
-0.5000000000000000 -0.4001429314539652 0.1640441837698296
-0.5000000000000000 -0.4093226894192322 0.2157270578487214
-0.5000000000000000 0.1923652632533401 0.3472267921665789
-0.5000000000000000 0.1722485005538218 0.4563166849646377
-0.5000000000000000 0.2309502827115421 0.3396963034395488
0.0837326476377227 0.0678247489947907 0.5000000000000000
-0.0519502814671793 0.0142564659552747 0.5000000000000000
0.5000000000000000 0.4259386488063021 -0.3219683763609034
0.5000000000000000 0.4031751401950962 -0.3917379567997748
0.5000000000000000 0.4016092353487298 -0.3675939742627879
0.5000000000000000 0.3861235096071795 -0.3587588112322343
0.5000000000000000 0.3809371151685185 -0.3729606264179626
0.0564676356761860 0.0656592255760114 0.5000000000000000
-0.1301250034820150 0.0110543562418188 0.5000000000000000
-0.2336947321038892 -0.0090728458667151 0.5000000000000000
-0.0759610492772090 -0.1616109652896670 0.5000000000000000
-0.5000000000000000 -0.0453378330460420 0.4685211275453010
-0.5000000000000000 0.0293314593405995 0.4783874186710126
-0.5000000000000000 -0.0799465074567714 0.3275023082568103
0.0574375918765553 0.5000000000000000 0.1476070395175954
0.4477663048165795 0.5000000000000000 -0.0532180414156605
0.5000000000000000 0.3299747510307998 0.0283251814708335
0.3076718365806032 0.5000000000000000 -0.0291439893107678
0.5000000000000000 0.4597500864661422 -0.0087256241427849
0.2213698719288131 0.5000000000000000 0.1203914833298862
-0.5000000000000000 -0.3677322091617740 -0.1641485353518038
-0.5000000000000000 -0.3826520531657692 -0.1051001025677196
-0.5000000000000000 -0.4009008665120581 -0.1001257812321976
-0.5000000000000000 -0.3511230800252546 -0.1352564867139649
-0.5000000000000000 -0.3846058883074526 -0.1370092841790112
-0.0898146024018085 0.4928687612239087 0.3072142058118272
0.0207724531338601 0.5000000000000000 0.3255769717747007
-0.5000000000000000 -0.0502782395161807 -0.0115451017965313
-0.5000000000000000 -0.0704504690204405 -0.0228076888979390
-0.5000000000000000 -0.1388068993830120 -0.0290136743779689
-0.5000000000000000 -0.0592058567842694 -0.1544359673136160
-0.5000000000000000 -0.0897575316313183 -0.0185369066212057
-0.5000000000000000 -0.1100064117506609 0.0328687639889329
-0.5000000000000000 -0.0476051342100086 -0.0194768886368796
-0.5000000000000000 -0.0044397987410950 0.0300823827475536
-0.5000000000000000 -0.0781941211041793 -0.0058345134251563
-0.5000000000000000 -0.0703879713745520 0.0120655398061938
0.0897392959453332 0.0745265676539557 0.5000000000000000
0.1083115285951023 0.0553630652592903 0.5000000000000000
0.1409234287287411 0.0935230847133193 0.5000000000000000
0.0616667011877491 0.1032452542707888 0.5000000000000000
0.1356590079304402 0.0658063905734070 0.5000000000000000
0.0932329176286843 0.1240677553899370 0.5000000000000000
-0.4562432735532634 -0.5000000000000000 0.3970860841099323
0.5000000000000000 0.0812920286906625 -0.1917560957480716
0.5000000000000000 0.0414009440391788 -0.1287997547136661
0.5000000000000000 0.0692878404051423 -0.2183817732876286
0.5000000000000000 0.4643295204702572 -0.1375794347040006
0.5000000000000000 0.4502507952179989 -0.1605451510714738
0.4082097472947584 0.5000000000000000 -0.0999147508395820
0.4534081346265549 0.5000000000000000 -0.1717327197361053
0.5000000000000000 0.3426107282335984 0.0123989331026110
0.5000000000000000 0.4883558713135727 -0.1925551839922161
0.5000000000000000 0.4788064451121292 -0.0680737181556142
0.3360967890794762 0.5000000000000000 -0.0289422065651684
0.3064542790031698 0.5000000000000000 -0.3319282022448438
-0.0163708706309874 0.5000000000000000 0.2164345853744736
0.0403078406790473 0.5000000000000000 0.2392598043630624
-0.5000000000000000 0.2744011040121776 0.0088917249854690
-0.5000000000000000 0.2655369076570343 0.0239190849621605
-0.5000000000000000 0.2797749645934545 0.0337136664211354
-0.5000000000000000 0.3445800967557019 -0.0011559063949415
-0.5000000000000000 0.2788172060779678 0.0003412333990474
-0.5000000000000000 0.1422623870854180 0.0032989584240988
-0.5000000000000000 0.2977083711354853 0.0064854782532892
-0.5000000000000000 0.2933705087470863 -0.0468748217437789
0.1749994170692282 0.0923582088641995 -0.5000000000000000
0.0117971498637074 0.1296347787151626 -0.5000000000000000
0.2863424742905651 0.0665297566511480 -0.5000000000000000
-0.5000000000000000 0.3652231215676445 0.0790088062849564
-0.3603260774564839 0.5000000000000000 -0.0774390643261075
-0.5000000000000000 0.4393043659782148 0.1318482096060973
-0.5000000000000000 0.4304696989108614 0.0561822085848671
-0.5000000000000000 0.3618640683412760 0.0711522799324767
-0.5000000000000000 0.4142748212182645 0.0106110293880396
-0.5000000000000000 0.4265614460913622 0.1669771591226520
-0.5000000000000000 0.3903647468163792 0.2762634566875976
-0.4820856002747200 -0.5000000000000000 0.4473590953691400
-0.3030154874497264 0.5000000000000000 -0.0364186205923231
-0.0076017147293305 0.2295721575717372 -0.5000000000000000
0.5000000000000000 -0.3845655829043534 -0.2650297786477553
0.5000000000000000 -0.3506337126533581 -0.1327144608082573
0.5000000000000000 -0.3753319972932895 -0.1132292309213252
0.5000000000000000 -0.4508895412523407 -0.1676361161823266
0.5000000000000000 -0.2668835955837777 -0.1912401570259635
0.5000000000000000 0.3144677991460710 0.0320767012261655
0.5000000000000000 0.2018226805694600 -0.0879579025721234
-0.5000000000000000 0.1382812455339738 0.3421258307063282
-0.5000000000000000 0.1279102969892296 0.3017437534066699
-0.0576415187327670 -0.5000000000000000 -0.1370482878614759
-0.1040300559614337 -0.5000000000000000 -0.1331150223468046
-0.1465744142076877 -0.5000000000000000 -0.1133574445387936
-0.0628879018169363 -0.5000000000000000 -0.1990933500395828
-0.1446996331840929 -0.5000000000000000 -0.0958571309787588
-0.5000000000000000 0.1429824884634845 0.1952142044261861
-0.5000000000000000 0.2468376031007012 0.2388587379848648
-0.5000000000000000 0.1239520641899694 0.2832971457632702
-0.5000000000000000 0.2746961030830453 0.2605622286158749
0.2522977073033714 0.5000000000000000 -0.2191210452614908
0.4785758537342037 0.4171437170951768 -0.5000000000000000
0.5000000000000000 0.2856418667123385 -0.4158567923375882
0.1858311058988312 0.5000000000000000 -0.2056167722932348
0.5000000000000000 0.4414657813000997 -0.4004477911481283
0.4968228383020467 0.5000000000000000 -0.4774652218659811
-0.1902860049659111 -0.3843226674437261 -0.5000000000000000
-0.0120134598037814 -0.3284682025863624 -0.5000000000000000
-0.0835573177777160 -0.3790532559562817 -0.5000000000000000
-0.0655789639716719 -0.4464709995136414 -0.5000000000000000
0.3682785249138193 0.2345885731165005 -0.5000000000000000
0.1986551004938025 -0.3947914217572161 0.5000000000000000
0.4109370784571144 -0.5000000000000000 0.2464339673967967
0.3366567789140217 -0.4814127384027825 0.5000000000000000
0.2002969034883524 -0.3532285518571017 0.5000000000000000
0.5000000000000000 -0.3476863902389695 0.3070400043178182
0.5000000000000000 -0.2609932344471765 0.2580280212741132
0.2456690742826030 -0.3264265704273823 0.5000000000000000
0.1397423424599899 -0.5000000000000000 0.4947445143693918
0.5000000000000000 -0.4441623857006367 0.3782419171235862
0.5000000000000000 -0.3392736732980832 0.4035056902627348
-0.5000000000000000 -0.2743953963168079 -0.1201111654068875
-0.5000000000000000 -0.2604779598405899 -0.2128333995621418
-0.0015326633096608 -0.1642094606741075 -0.5000000000000000
-0.5000000000000000 0.0263338629935729 0.0536752826131594
0.0525971273870317 -0.5000000000000000 0.1253459761724785
0.1244452618482845 -0.5000000000000000 0.0017550923166666
0.0881794810421313 0.5000000000000000 0.3346337187802139
-0.0217848550966389 -0.5000000000000000 0.1534601077802797
-0.2380649156472804 -0.5000000000000000 0.1420066541824546
-0.3194487433293355 -0.5000000000000000 0.2821997769885133
-0.1810119526800771 -0.5000000000000000 0.1510877719847311
-0.1673802167481319 -0.5000000000000000 0.0739942657665401
0.0440614992493231 -0.5000000000000000 0.0438275758923777
0.5000000000000000 0.1139087217781956 0.2584738043381746
-0.5000000000000000 -0.1954343509931081 -0.3127547895683817
-0.5000000000000000 -0.2112838037114920 -0.3384038351819135
-0.3821185739594976 -0.0907775266362659 -0.5000000000000000
-0.4148429174241626 -0.2606575410704213 -0.5000000000000000
-0.5000000000000000 -0.2350083751313944 -0.3095401542346046
-0.2559837995793931 -0.1808051307939295 -0.5000000000000000
-0.4920683651082914 -0.1959631697192103 0.5000000000000000
-0.4635010161640059 -0.2633358974057779 0.5000000000000000
-0.4943094451524517 -0.2193118570469300 0.5000000000000000
-0.5000000000000000 -0.2366283048742933 0.4857403073352711
-0.4814095208763741 -0.2426881850732003 0.5000000000000000
-0.5000000000000000 -0.4749779884113002 0.4200650154169745
-0.5000000000000000 0.3835545227828701 -0.4464603290596778
-0.5000000000000000 0.1380821985739676 -0.3425396847474184
0.4671288685205440 -0.1376969449913542 -0.5000000000000000
0.3387819390796540 -0.2156602353449552 -0.5000000000000000
0.2680124688985731 -0.1042510733903902 -0.5000000000000000
0.2925218052603288 -0.1797247626169715 -0.5000000000000000
-0.2085407380539003 -0.3972494481082054 -0.5000000000000000
-0.2505370255110190 -0.3405102387597816 -0.5000000000000000
-0.3002505742209464 -0.3698490504948418 -0.5000000000000000
0.2038088694603213 0.3508252025807772 -0.4882026157468824
0.1884198334408902 0.4878601101684732 0.4436467322802942
-0.5000000000000000 -0.1900448062015789 -0.2857177171416862
-0.5000000000000000 -0.1853605843519767 -0.3017627670183203
-0.5000000000000000 -0.1170090400026611 -0.3003749144624023
0.2170110497195870 -0.5000000000000000 -0.2151122575346284
0.1124271818537935 -0.5000000000000000 -0.1969014987566027
0.1741149524375880 -0.5000000000000000 -0.1996547757250270
0.0524721451047239 -0.5000000000000000 -0.1326943698326905
0.1565088219982154 -0.5000000000000000 -0.0948943199436265
-0.5000000000000000 0.2084084642928662 -0.1046754081320565
0.5000000000000000 0.0952475546528175 -0.4354996861206708
0.5000000000000000 0.0294714764548691 -0.4365630433820681
0.2958872391620758 0.0680257385404163 -0.5000000000000000
-0.5000000000000000 0.1224180678163872 0.2178946577106279
-0.5000000000000000 0.2261028587425141 0.2611882078919276
-0.5000000000000000 0.1199083005975382 0.2877115135406335
0.5000000000000000 -0.1042645185740444 0.0938922216135361
0.5000000000000000 -0.0636628255182552 0.0944453993672048
0.5000000000000000 -0.1052442891319939 0.0989824509671713
0.5000000000000000 -0.0983342207065622 0.1110290435111582
0.5000000000000000 -0.1820177150448327 -0.1883358049949187
0.5000000000000000 -0.0465218542496286 0.0013716241799457
0.5000000000000000 0.0173965611925277 -0.0857934036120680
0.5000000000000000 -0.1546463238875894 0.0913402619894498
-0.5000000000000000 -0.0131301089387784 -0.3816514085000647
-0.5000000000000000 0.1162215334702206 -0.3457345760747413
-0.5000000000000000 0.3973028566602191 -0.0027212574380483
0.5000000000000000 0.0659650138309521 -0.4188704201156423
0.5000000000000000 0.0247961956725583 -0.4338740082713844
0.5000000000000000 0.0640011344088686 -0.2579824051758167
0.2962448574615041 0.0652440949449702 -0.5000000000000000
0.4358705693711946 -0.0501200387053749 -0.5000000000000000
0.5000000000000000 -0.2681982821953595 0.0476756517616133
0.5000000000000000 -0.1644792239797971 0.1004841715107733
0.2052225851827877 -0.1809640647254681 -0.5000000000000000
-0.5000000000000000 -0.1695911050207375 0.1013680050119200
-0.5000000000000000 -0.0818110535318557 0.0447545407015564
-0.0887082883597980 0.1681326004500699 -0.5000000000000000
-0.1927910452713602 0.1176630525536064 -0.5000000000000000
0.2569559054153488 0.1292078898658203 -0.5000000000000000
0.2854568456492217 0.1668519789645113 -0.5000000000000000
0.2905290669438044 0.0717437063511218 -0.5000000000000000
0.1491427620261856 -0.5000000000000000 0.0412446072862517
0.1271958970169202 -0.5000000000000000 0.1203284206658733
0.1098459242772847 -0.5000000000000000 0.1661918681748351
-0.5000000000000000 0.1137152141167268 0.0014266075066289
-0.4583820230542351 0.5000000000000000 0.4106776461860712
-0.3551197563629075 0.5000000000000000 0.0261733179890872
-0.5000000000000000 0.0715054273383276 0.1298125735449625
-0.5000000000000000 0.0726530139684266 0.0323574866622769
-0.0864010627956377 -0.3819200601404729 -0.5000000000000000
-0.1573449873951750 -0.5000000000000000 -0.4403563225341391
-0.0682987878095430 -0.4502879959059324 -0.5000000000000000
-0.3939691095517477 -0.5000000000000000 -0.3486818121288631
-0.5000000000000000 -0.3057706986867768 -0.2239642175548178
-0.3549536050262848 -0.5000000000000000 -0.2420801242838161
0.4245228560428458 -0.5000000000000000 0.0156057992134050
0.3596563403087183 -0.5000000000000000 0.0536358764719428
0.4189349033702079 -0.5000000000000000 -0.0077825199885879
0.4458008174580391 -0.5000000000000000 -0.0925702607369171
0.3465442686369468 -0.5000000000000000 0.0542854454876658
0.2904050023810094 0.0666786895773618 -0.5000000000000000
0.5000000000000000 -0.1890527535536184 -0.1935668431993147
0.5000000000000000 -0.1558285132876750 -0.2357317926211475
0.5000000000000000 -0.2071819445379929 -0.2044833952940131
-0.5000000000000000 0.0179048696841061 -0.2315130870119209
-0.5000000000000000 -0.0552375882928129 -0.1701495346490673
-0.5000000000000000 0.0922799337537678 -0.0315069569723021
-0.5000000000000000 0.0007388997419742 -0.2497298881455962
0.5000000000000000 -0.4551769649317788 -0.3286451931041529
0.5000000000000000 -0.4711762226959717 -0.3922616233191530
0.5000000000000000 -0.3324563478837900 -0.3597403110846538
0.5000000000000000 -0.3722237943852134 -0.4182132768047911
0.5000000000000000 -0.4207328374871727 -0.3693464914559862
0.3442369753995774 -0.5000000000000000 -0.2906114991114103
0.5000000000000000 -0.1390860758668891 -0.4887485966796402
0.5000000000000000 -0.2331120007843315 -0.4235083509073105
-0.5000000000000000 -0.0471350771201967 0.4690555471680496
-0.4743877321980625 -0.0655521893253736 0.5000000000000000
-0.3263543957330007 0.0914028671010744 0.5000000000000000
-0.3944655939320295 -0.0070498453031462 0.5000000000000000
-0.5000000000000000 -0.0109799458667559 0.3296147270111093
0.5000000000000000 0.0264974587790143 0.0461618749428185
0.5000000000000000 0.0657054408962534 0.0849529445201485
0.5000000000000000 0.0184249182438098 0.1202289831653518
0.5000000000000000 0.2557812217342944 0.0477312464884583
0.5000000000000000 0.0719164266655119 0.0567264630649103
0.5000000000000000 0.1072417031509130 0.0917797788234202
0.5000000000000000 0.0664368608856413 0.0119069647624707
0.5000000000000000 0.1033013885614260 0.0183427752075957
0.5000000000000000 0.0738924518408975 0.1265532580934806
-0.5000000000000000 -0.3506689655717911 0.3292935664440159
-0.2520725816285123 -0.5000000000000000 0.1324656970826266
-0.5000000000000000 -0.3505948250328400 0.2442710916335564
-0.5000000000000000 -0.4477343018310750 0.1873214721756242
-0.2446371325109620 -0.5000000000000000 0.0433879850191075
-0.5000000000000000 -0.4416206208375364 0.2422366853518318
-0.4528810435520804 -0.3934179636906517 0.5000000000000000
-0.3465731362677722 -0.4475721612379928 0.5000000000000000
-0.4925383721040572 -0.2174045300482244 0.1816112819936493
-0.5000000000000000 -0.1671347629835603 0.3926388674944148
-0.5000000000000000 -0.0818411685378348 0.3280982625323346
0.5000000000000000 -0.0503179575020791 0.0206805730941697
0.5000000000000000 -0.1557897571400715 0.0974487973828039
-0.5000000000000000 0.0717437497235532 -0.2447295423005902
0.0623252749513314 -0.3229968609815156 -0.5000000000000000
-0.0229291049112854 -0.2219430206005892 -0.4996142723248899
0.0270267611679876 -0.3152060601138498 -0.5000000000000000
-0.5000000000000000 -0.0588120987385910 -0.1654190959548386
0.2122055982109433 0.5000000000000000 -0.1432402021190978
0.1304947957618623 0.5000000000000000 -0.1389244438973225
0.4275283158228840 -0.5000000000000000 0.2147392540116515
0.3904188038329411 -0.5000000000000000 0.2494586497217108
0.3709035245630796 -0.5000000000000000 0.2293406001478514
0.3396702399400732 -0.3707024268156086 -0.5000000000000000
-0.5000000000000000 -0.3003068899463394 -0.3660022869797847
0.4407732572865192 -0.5000000000000000 -0.1341202502836593
0.5000000000000000 -0.3650685349772080 0.2088346564430351
0.1374741278186489 0.4916482648167762 0.5000000000000000
-0.5000000000000000 0.0632953987862775 0.1617737662739131
-0.5000000000000000 0.1035824267247545 0.2647248271360430
-0.5000000000000000 -0.0184302809390988 0.1484039738239249
-0.3463577493026834 0.5000000000000000 -0.0703392749954421
-0.3347572965148068 0.5000000000000000 0.0635456676271552
-0.2883006295338354 0.5000000000000000 0.0000260292585553
-0.3001046610526002 0.5000000000000000 -0.0098654968269977
-0.5000000000000000 0.4717990170850915 0.1622191883494916
-0.5000000000000000 0.4912136384998547 0.0701735168081384
-0.4107985427978946 0.1634846464569826 0.5000000000000000
-0.5000000000000000 0.0647113039866712 0.4906769340017417
-0.5000000000000000 0.1326068650633511 0.4044380372579692
-0.3648157770890423 0.1409529729701952 0.5000000000000000
0.0350552339881149 0.5000000000000000 0.1512065380216070
0.0202187987885066 0.5000000000000000 0.0548430188711254
0.5000000000000000 0.4837147607567503 -0.2811576255401880
0.1311729352099889 0.5000000000000000 -0.1013157192996287
0.5000000000000000 0.4438039446381566 -0.3750998946007890
0.2939723956318583 0.5000000000000000 -0.0988823127370908
0.5000000000000000 0.2737844801202440 -0.2542017734711945
0.5000000000000000 0.3239700223973209 -0.2143583757869647
0.5000000000000000 0.2744649473043369 -0.3980610200580125
0.5000000000000000 0.4400554809844094 -0.2740543926954102
0.5000000000000000 0.3897455209582894 -0.2543197064256455
0.5000000000000000 0.2306816293825930 -0.1610690989620635
-0.2788592371019661 0.1681789980242033 0.5000000000000000
-0.3459179359288593 0.2006265629043707 0.5000000000000000
-0.2527212019023609 0.1934067727861002 0.5000000000000000
-0.2992515777063401 0.1233235936847798 0.5000000000000000
-0.3566264002038231 0.2470270608545060 0.5000000000000000
-0.1893891826721265 0.2071223514940785 0.5000000000000000
0.5000000000000000 -0.4916890208663062 -0.1766124323389590
-0.5000000000000000 0.4550523806460170 -0.2496029423692876
0.0566524795310671 -0.0736475719306995 0.5000000000000000
0.1537187822069245 -0.0403828330440561 0.5000000000000000
-0.0307337746732054 -0.1634011174337365 0.5000000000000000
0.1029551712575079 -0.1519306133022111 0.5000000000000000
-0.2679982160067265 0.5000000000000000 -0.3045760297688504
-0.2524561419539273 0.5000000000000000 -0.4164800128981664
-0.3698583036479411 0.5000000000000000 -0.3349770160928887
0.5000000000000000 -0.1264229964176136 -0.4871452180372089
0.5000000000000000 -0.2039363757533615 -0.4218916508143307
0.5000000000000000 -0.0841134399186727 -0.3486970608685960
0.1474057535359315 0.5000000000000000 0.2804182501789732
0.2041802225415808 0.5000000000000000 0.4218920518159744
0.3240319858931932 0.5000000000000000 0.2379968256493011
-0.3540130507547501 0.5000000000000000 -0.0834573572834582
-0.3575738162231661 0.5000000000000000 -0.0856356967082074
-0.5000000000000000 0.0199311755732393 0.4909111073538720
-0.3919377528531626 0.0821317218467147 0.5000000000000000
-0.4831488861987175 0.0381703010177250 0.5000000000000000
-0.5000000000000000 0.0333565083518804 0.4404400722624081
-0.5000000000000000 0.0454530536365216 0.4944742114758425
-0.5000000000000000 0.0407895399661857 0.4771667118811689
-0.0945692146159889 -0.3693060749677585 -0.5000000000000000
-0.2748824990093610 -0.2244425219244914 -0.5000000000000000
-0.5000000000000000 -0.2678564577569488 -0.2434671322147822
-0.2449471405737981 -0.1846598970948757 -0.5000000000000000
-0.2495968101888528 -0.2519996617604738 -0.5000000000000000
-0.5000000000000000 -0.3615498907151973 -0.4328397963456524
-0.2113764319912781 -0.5000000000000000 -0.2447929592297855
-0.5000000000000000 -0.3735861636357752 -0.0098175605355611
-0.5000000000000000 -0.3258389616413613 -0.0828699790063419
-0.5000000000000000 -0.3207174393931247 -0.0455946051945643
-0.5000000000000000 -0.3126000490587809 0.0603081564581730
-0.5000000000000000 -0.2834926190913203 -0.0239239241080749
0.5000000000000000 -0.2314049820341738 -0.3858032598821138
0.5000000000000000 -0.2664748798644803 -0.3601214284495514
0.5000000000000000 -0.1605725065468365 -0.3389505809996994
0.5000000000000000 -0.2340570421840315 -0.2783240613014460
-0.5000000000000000 0.1269366526979467 0.1492091202388448
-0.5000000000000000 0.1425539313028696 0.1822372751075857
-0.5000000000000000 0.1078741201158747 0.0172197490825157
-0.5000000000000000 0.0540329631131879 0.2218853469648581
-0.5000000000000000 0.0380276622499030 0.0755970026940284
-0.0182011853466421 -0.4646137665211983 0.5000000000000000
-0.1198557136014510 -0.4815938370798967 0.5000000000000000
0.0633625640692649 0.4132941673273625 0.5000000000000000
0.0480185705487707 0.3667448627179322 0.5000000000000000
0.1373798233978208 0.4503682407186803 0.5000000000000000
0.1208853111569949 0.3935339314725182 0.5000000000000000
-0.1179038905424410 -0.4054796542172737 0.5000000000000000
0.0227429736867740 -0.5000000000000000 0.4306586383052777
-0.0385964329835686 -0.3993118100514137 0.5000000000000000
0.0766599267154335 -0.5000000000000000 0.4748615000099214
0.5000000000000000 0.1894729914413859 -0.2836173598838913
0.5000000000000000 0.1696917967637870 -0.3435122680742017
0.5000000000000000 0.2579509672280150 -0.3012136935587214
0.0296603498611321 0.2031026396922557 -0.5000000000000000
0.1969440157664249 0.0145715184654892 -0.5000000000000000
-0.0298436589335421 0.0548894760238551 -0.5000000000000000
0.5000000000000000 -0.4227333082782702 -0.0765470910415409
0.4948634597102424 -0.5000000000000000 -0.1816488846893912
-0.5000000000000000 0.4534917215814752 -0.2586601281132083
0.0224514245236719 -0.5000000000000000 -0.2979951673382160
0.5000000000000000 -0.3582598093934420 -0.4516027896431290
0.2393945935610673 -0.3724677490341505 -0.5000000000000000
0.2644786355987350 -0.4837639277522052 -0.5000000000000000
-0.5000000000000000 0.1226313461422523 0.2926919375879971
0.5000000000000000 0.1169119239203376 -0.4050435073131943
-0.2366020850301909 0.2274217285027358 -0.5000000000000000
-0.3797818489247297 -0.0785128101775440 -0.5000000000000000
-0.3162869323726835 0.0056371809135035 -0.5000000000000000
-0.2545694450434291 -0.1637146994385578 -0.5000000000000000
0.0278242392934202 0.5000000000000000 0.1626871155208387
-0.0188661930440631 0.5000000000000000 0.1042093491758556
0.0358362678472629 0.5000000000000000 0.2806256858547261
0.0288514172125589 0.5000000000000000 0.1783605548191005
0.1732876239687700 0.5000000000000000 0.1803425641021310
-0.1434959389357858 -0.3988389784895556 0.5000000000000000
-0.1596855709967476 -0.4116172198221918 0.5000000000000000
0.5000000000000000 -0.0220353930205711 -0.4535227640797713
0.5000000000000000 -0.1255621375233502 -0.4997580410537282
0.4810933747350863 -0.1159360709340455 -0.5000000000000000
0.3638757333070762 -0.5000000000000000 -0.1049698024218816
0.1860763567355878 -0.5000000000000000 -0.0241358354156027
-0.5000000000000000 -0.3949754106200155 -0.0099054039194272
-0.5000000000000000 -0.4595721039328362 0.0271499402645353
-0.5000000000000000 -0.4502721298419890 0.1032485456255889
-0.3004434352028607 -0.5000000000000000 -0.0156122596970227
0.5000000000000000 -0.2513047620406800 -0.3911534471211197
0.5000000000000000 -0.2451370154980246 -0.4522785277756788
0.5000000000000000 -0.3004098496750897 -0.4329697797190272
-0.3749657296642873 0.5000000000000000 0.1601707546212847
-0.3330094169829919 0.5000000000000000 0.1228916172832344
-0.3723114551134399 0.5000000000000000 0.1920603344409596
-0.5000000000000000 -0.0554838930651321 -0.1665454880563396
-0.0722801289509761 0.1451793667000485 -0.5000000000000000
-0.1930467198469132 0.1167063714305893 -0.5000000000000000
-0.5000000000000000 0.1071699090812808 -0.0071304436018254
0.5000000000000000 -0.3243318791866704 -0.1303625579394486
0.5000000000000000 -0.2938000392858814 -0.1460114167558492
0.5000000000000000 -0.2541493524610470 -0.1867446336258336
-0.5000000000000000 -0.0578629412918934 -0.1671920231445512
-0.5000000000000000 -0.0451905343647600 -0.1512373482656818
-0.5000000000000000 -0.0576260719740029 -0.1657602492428503
-0.5000000000000000 -0.0615587726329898 -0.1943451094741467
-0.5000000000000000 -0.0567231990727194 -0.1660306709428511
-0.5000000000000000 -0.0531493139914204 -0.1701859108882503
0.5000000000000000 -0.2397084185066390 -0.0013794641011163
0.5000000000000000 -0.1594058330183499 0.0913108539703583
0.5000000000000000 0.2617660835214847 -0.4055904804272297
0.5000000000000000 0.1042757389526183 -0.2023673108372541
0.5000000000000000 0.1065355238038664 -0.2334013488326874
0.5000000000000000 0.1778299394396146 -0.1704950215364842
-0.3403815045129208 0.3105850303116063 0.5000000000000000
-0.1193516919124761 0.2759038213143250 0.5000000000000000
0.0180399573978238 0.2971593663926467 0.5000000000000000
0.4974845613075848 0.2545841786583758 -0.0528310975577580
0.5000000000000000 -0.3051013141076517 -0.3635237367915082
0.5000000000000000 -0.3073184312205723 -0.2629421943884486
0.5000000000000000 -0.2522109020791324 -0.2710661721241746
-0.2054946936927620 0.5000000000000000 0.0332478969314579
0.2251441458179570 -0.1046511269508875 -0.5000000000000000
0.2261877083569066 -0.1271848444394632 -0.5000000000000000
-0.5000000000000000 -0.4277511943641134 -0.0184160822636399
-0.5000000000000000 -0.3345252716994992 -0.0926048266898062
-0.5000000000000000 -0.0085341386084989 0.2822807093287854
-0.0652769297164846 0.1653989305015381 -0.5000000000000000
-0.0549148734579450 0.1965434764317774 -0.5000000000000000
-0.0527769783333603 0.0700902393426360 -0.5000000000000000
-0.2051659222693830 0.2142277461391447 -0.5000000000000000
0.5000000000000000 -0.2167624730846980 0.2388727434735846
-0.5000000000000000 0.4174209682622634 0.2529911723583407
-0.5000000000000000 0.3844216453898215 0.3103985102058308
0.5000000000000000 -0.1100790212259511 -0.2906609443712587
0.5000000000000000 -0.2237269474224764 -0.2158106049224136
0.5000000000000000 -0.0432967691947829 0.0159168549206489
0.5000000000000000 -0.3594828148275852 -0.4308760864595977
-0.1482713717641285 -0.4830175297322721 0.5000000000000000
-0.2798692661484066 0.1396240314467746 0.5000000000000000
0.0933266418217689 -0.5000000000000000 0.4055031144630542
0.0668284097715828 -0.5000000000000000 0.3320730513930854
-0.0594934522453092 -0.5000000000000000 0.4264356047156572
-0.4047812098303843 -0.5000000000000000 -0.0514947180302152
-0.5000000000000000 -0.4764952708645528 0.0143166762701431
-0.5000000000000000 -0.4907008931941208 -0.0186948907890058
-0.5000000000000000 -0.4681337451172792 0.0791849617646793
-0.3500610788468041 -0.5000000000000000 -0.0330978626467086
-0.4045164758158645 -0.5000000000000000 -0.1042087319234094
0.5000000000000000 -0.3163321778740528 -0.0611531484294957
-0.1789362158232692 -0.3933364986930716 0.4933503421365816
-0.5000000000000000 -0.3066883747274177 -0.1627873337027800
-0.5000000000000000 0.4282211346886446 -0.4476969312614402
-0.5000000000000000 0.1922455586601246 0.3389261218962391
-0.5000000000000000 0.0799339175593638 0.2989131730353442
-0.5000000000000000 0.1132331096362482 0.3359997264898653
-0.5000000000000000 0.0979080778450485 0.3616575871386337
-0.1044611575813275 -0.3807366180009005 0.5000000000000000
-0.2538854060393128 -0.5000000000000000 -0.2051620381433488
-0.5000000000000000 -0.2848608961900028 -0.3503259762325048
-0.5000000000000000 0.2212692771466258 -0.1277682661977220
-0.5000000000000000 0.1136915833036245 -0.0082640892849581
-0.5000000000000000 0.2702707751412418 -0.2039134936631702
-0.3716018261572451 -0.1094202254501518 -0.5000000000000000
-0.3816089814393272 -0.0814315135489149 -0.5000000000000000
-0.3815469729735352 -0.0751732798599842 -0.5000000000000000
0.5000000000000000 0.1518183586059541 -0.3758338484494402
0.5000000000000000 0.0138982863169581 0.2424946218418609
0.5000000000000000 -0.3383552709135990 0.0667947463988955
0.5000000000000000 -0.2742996468095516 -0.0377123149451866
0.5000000000000000 -0.3328105238792793 -0.0204662171282655
0.5000000000000000 -0.2434220392370035 -0.1487055517229737
-0.5000000000000000 0.4949877974651862 -0.0874911872145567
-0.5000000000000000 0.4821449250347704 -0.0722051186369707
-0.5000000000000000 0.4657833411541821 -0.2113658530872201
-0.1963282285442290 -0.5000000000000000 -0.3274942959789482
0.1501368538374314 -0.1149416855420426 -0.5000000000000000
0.1559898722625432 -0.1356440528309661 -0.5000000000000000
-0.0087162117997317 0.5000000000000000 0.1815223918440956
-0.1310760535641458 -0.5000000000000000 -0.2577316083366324
0.0664181734710811 -0.5000000000000000 -0.2902480003448070
-0.3816674730736566 0.5000000000000000 0.3519267552350462
-0.5000000000000000 -0.3456130162745892 0.3368594716549638
-0.4558715269469821 -0.3930693640695590 0.5000000000000000
-0.4273457138012398 0.4224781836869889 -0.4945128722828751
-0.5000000000000000 0.2489504167039270 0.3432619450482677
-0.5000000000000000 0.3211940258274975 0.4586558559447711
-0.4711549288855866 0.3170339988504309 0.5000000000000000
-0.5000000000000000 0.3837059594696332 0.3143838324818614
-0.5000000000000000 0.1095264242569567 -0.0058707116320058
-0.5000000000000000 0.2734189021175074 -0.2339445961736066
0.5000000000000000 0.3300702462899685 0.1762404495526466
0.5000000000000000 0.3138219205150673 0.0440281851041845
-0.0426788000183662 0.2398199565264700 0.5000000000000000
0.5000000000000000 0.2443246952436976 0.1666146056650146
0.0724576945225579 0.2686346013454848 0.5000000000000000
-0.5000000000000000 -0.1002879576103479 0.1607119820512792
0.1432314071906399 -0.1861536439863514 0.5000000000000000
0.5000000000000000 -0.3700349048258325 0.1185697812390705
-0.1784098542173130 0.3648960675416920 -0.5000000000000000
-0.0556679434815398 0.2550914011635505 -0.5000000000000000
0.0510694886607019 0.3497678760167924 -0.5000000000000000
-0.2279889062728266 0.2384515756759716 -0.5000000000000000
-0.5000000000000000 0.4384930977419615 0.2175361853610489
-0.4318782494345403 0.5000000000000000 -0.1483335296091611
-0.5000000000000000 0.4748087536729905 -0.2191897369295379
-0.5000000000000000 0.1239380308729671 0.2803738473993123
0.5000000000000000 0.0360649845908748 -0.4306771590357774
0.5000000000000000 0.0122393316365377 -0.4189896495852544
0.5000000000000000 0.0244344950965214 -0.4428654438598547
0.5000000000000000 -0.0212228795955600 0.3976889705578002
-0.1142979870721630 0.5000000000000000 0.1341126185986922
-0.5000000000000000 0.4227781110064095 0.2658234877337208
-0.5000000000000000 0.3868019585055781 0.3127863238840440
-0.3093130424154683 0.5000000000000000 -0.1977564124404984
-0.3252126338710780 0.5000000000000000 -0.1229089553920133
-0.3457147158391585 0.5000000000000000 -0.1518978367174681
-0.3933257809307276 0.5000000000000000 -0.2058357507481264
-0.2094437244603065 0.0343126293602082 -0.5000000000000000
-0.3305265437804069 0.0131171061832555 -0.5000000000000000
-0.3146049822294110 0.0712974757567721 -0.5000000000000000
-0.2901953728731119 0.0409546845225280 -0.5000000000000000
-0.2408251462393140 0.2273264915558165 -0.5000000000000000
-0.5000000000000000 0.3847006175554498 -0.4304225163274665
-0.5000000000000000 0.1667317347757319 -0.3387696210920721
-0.5000000000000000 0.2480872224143581 -0.3528719514256216
-0.5000000000000000 0.3083087082033417 -0.2880378268829815
-0.0587859224252294 0.5000000000000000 -0.4076321064851384
-0.5000000000000000 -0.3039748965782896 0.1368293413671499
-0.5000000000000000 -0.3840413234174997 0.0865961395288486
-0.5000000000000000 -0.2383298876142553 0.1333885356378535
-0.5000000000000000 -0.3236741920648248 0.1953856558427015
-0.5000000000000000 -0.3785913107898088 0.1461611793632203
0.0705317128720843 0.0145407523875027 0.5000000000000000
-0.2753712885355153 0.0981162008470115 0.5000000000000000
-0.5000000000000000 -0.2255247888085747 0.3205999437770303
-0.5000000000000000 -0.1225196426288188 0.2386781603243459
-0.5000000000000000 0.4402535135651592 -0.0256713023134564
-0.5000000000000000 0.4346523731215438 -0.0512031806003758
-0.5000000000000000 0.4398368674452880 -0.1673780132628097
-0.5000000000000000 0.3938163244940597 -0.1117897004390642
0.5000000000000000 -0.0740005013327049 0.2532104311558740
0.5000000000000000 -0.1462508762422551 0.2301954112056735
-0.3068335466403336 0.0973801124844898 0.5000000000000000
-0.3199094473880122 -0.0008918114429844 0.5000000000000000
-0.2502336485182465 0.3500330337005886 -0.5000000000000000
-0.1359537272913157 0.4159917234918999 -0.5000000000000000
-0.1987647297407544 0.3825528840524573 -0.5000000000000000
-0.5000000000000000 0.3993128902993734 -0.3802980998038230
-0.0162368140007916 0.5000000000000000 -0.4527368559510225
-0.3253286599910719 -0.2059526458551187 -0.5000000000000000
-0.3422281260777640 -0.2515830354440625 -0.5000000000000000
-0.5000000000000000 -0.3580705537122373 0.3441761945247051
-0.5000000000000000 -0.3477358238876944 0.3343721243876430
-0.5000000000000000 -0.3412636734448622 0.3348342550734329
-0.5000000000000000 0.2404199350409487 0.3298787085487941
-0.5000000000000000 0.1635024400643431 0.3112511247889045
-0.5000000000000000 0.2488503230346676 0.3333980447133172
-0.1887727558704511 -0.4193241441677509 0.5000000000000000
-0.3939907038027696 -0.3938087853914842 0.5000000000000000
-0.1989869156836027 -0.4024039306022055 0.5000000000000000
0.1614612218744755 0.0241984743660018 0.5000000000000000
-0.5000000000000000 0.1034637307908692 0.0018057714305933
-0.5000000000000000 0.0805458314978308 0.0110512851778501
-0.5000000000000000 0.0449373202989791 0.0419910799059333
-0.0574488752678797 0.0496547055723528 -0.4884109014203298
-0.5000000000000000 0.4627757357634489 0.4162261940606194
0.2854865401011821 -0.2102344352712704 -0.5000000000000000
0.5000000000000000 -0.3448041673820939 -0.4502657248601052
-0.0959786011082081 0.0230805133929807 -0.5000000000000000
0.1105456244820225 0.5000000000000000 0.4774636865997034
0.2017571116876247 0.4150641342642831 0.5000000000000000
0.5000000000000000 0.4754980177778474 0.3980443732432697
0.5000000000000000 0.3462547891383556 0.1840275784063950
0.2017616197526660 0.5000000000000000 0.4823720960571716
0.5000000000000000 0.4562967626584314 0.2011719645978026
0.2011406736975004 0.4747505144672956 0.5000000000000000
-0.0602795395400267 0.5000000000000000 0.0644278283760690
0.0139422728574290 0.5000000000000000 -0.0935049306572720
0.0360079445036837 -0.1665871362264249 -0.5000000000000000
0.2123695181755634 -0.0599093244423502 -0.5000000000000000
0.2320771501065164 -0.0834957588069944 -0.5000000000000000
0.2312552378534435 -0.1493466773468238 -0.5000000000000000
0.2603840114075401 -0.0206065644614202 -0.5000000000000000
0.5000000000000000 0.2721697459581973 -0.4175951363664951
0.5000000000000000 0.2517197429295512 -0.4089843019853117
0.5000000000000000 0.2717734397316025 -0.4058326524990046
0.5000000000000000 0.2639407189484020 -0.4243210933652569
0.5000000000000000 0.2709080757451635 -0.4073916967151018
-0.1698674463685182 -0.5000000000000000 0.4862045903359264
0.0846660169679966 -0.5000000000000000 0.2227304849347339
-0.5000000000000000 0.3863481542985832 0.4924597285126586
0.2026131249028925 0.1972537475332121 -0.5000000000000000
-0.0382315366702647 0.2467293923312552 -0.5000000000000000
0.0553323271630253 0.2251669818427428 -0.5000000000000000
-0.0590319180801053 -0.4582133996329567 -0.5000000000000000
-0.2762750660025243 -0.5000000000000000 -0.2132229308518703
0.0407168751891948 -0.1727531167256667 -0.5000000000000000
-0.1684638547027505 -0.1747397576825377 -0.5000000000000000
-0.5000000000000000 0.4313470533905076 -0.4432653011979921
-0.3588796156349922 0.4121658436661503 -0.5000000000000000
-0.5000000000000000 0.4079890125450557 -0.4072195875745435
-0.4248421668222649 0.4440532400570175 -0.5000000000000000
0.2048041824636045 0.1308440193796028 0.5000000000000000
0.2131614640953168 0.0857145237618527 0.5000000000000000
0.2043257239014135 0.1363196245058503 0.5000000000000000
-0.1689750495719922 0.5000000000000000 0.1978963474601211
-0.0592435225958889 0.5000000000000000 0.0927876164801214
-0.5000000000000000 -0.4500342155447908 0.4324612445165092
-0.5000000000000000 -0.4479658722174931 0.4361424362955310
-0.3307399778629710 -0.5000000000000000 0.2751177761535573
-0.4571586641964732 -0.3945343696341273 0.5000000000000000
-0.5000000000000000 -0.4472525164129711 0.3047968917155809
-0.4452490089446263 -0.4857994041137903 0.5000000000000000
0.1593081299583877 -0.5000000000000000 0.2704638963352856
0.1404174773450333 -0.5000000000000000 0.4474953205729730
0.2296004996480998 0.3574353883284279 -0.5000000000000000
0.2836701829624637 0.0589412539624629 -0.5000000000000000
0.1984805575768712 -0.2155605688041499 0.5000000000000000
-0.5000000000000000 0.1016302047087408 0.2824102657336713
-0.5000000000000000 0.1168665552464905 0.2968264602471208
-0.3618434556356247 -0.2293145888091332 -0.5000000000000000
-0.3372136937457234 -0.2123705788091734 -0.5000000000000000
-0.2687856028563035 -0.1854872261329223 -0.5000000000000000
-0.3215656226948277 -0.2148186589608900 -0.5000000000000000
0.5000000000000000 0.1081482143794075 -0.2333241734739117
0.5000000000000000 0.1118335151547655 -0.2733444104401626
0.2320450785615580 -0.1739324996445084 -0.5000000000000000
-0.2076263380423410 0.5000000000000000 0.2679011843104043
0.5000000000000000 0.1983558233224801 0.2091855072261724
0.5000000000000000 0.0933584181717329 0.3189394712559410
0.2682304650878267 0.0000009552929028 -0.5000000000000000
-0.5000000000000000 0.4480293489080229 -0.3037428049800254
-0.1927298433232961 0.1156376079156348 -0.5000000000000000
-0.3413675474483248 0.2281735215929654 -0.5000000000000000
-0.2600118159499508 0.2390018039953436 -0.5000000000000000
-0.3052114876342188 0.3099299017497483 -0.5000000000000000
0.5000000000000000 0.0988670455974829 -0.1811439496358953
0.5000000000000000 0.0776362734600906 -0.1077205042656781
0.5000000000000000 0.1717754823055895 -0.1154583730959480
0.2205478094232074 0.2367796960062321 0.5000000000000000
0.5000000000000000 -0.0921898147630165 0.3773234984994001
0.2130564102956859 0.0383213599463667 0.5000000000000000
0.5000000000000000 0.0481227219313055 0.3447428432041192
-0.5000000000000000 0.4640262073376083 -0.2542406139966443
0.2919954369734737 0.1895330140128674 -0.5000000000000000
-0.4214955927095014 -0.2998155198550614 -0.5000000000000000
0.1365670276951566 -0.5000000000000000 0.2292429697887482
0.0486138677453694 -0.5000000000000000 0.2954601778180259
0.1227045326248647 -0.5000000000000000 0.2238009281116612
-0.5000000000000000 -0.2322149495090401 0.1930349535377979
-0.5000000000000000 -0.1907042668785281 0.0958220785062176
-0.2958487226785755 0.1189126675961582 0.5000000000000000
0.5000000000000000 0.3237973861702949 0.1828050402075240
0.5000000000000000 0.3427899178367713 0.1653413124927731
0.2209861520702462 0.3385992647568101 -0.5000000000000000
-0.1824364797106172 0.1114658785313299 -0.5000000000000000
-0.1954061477043664 0.1170567201118698 -0.5000000000000000
-0.1970736389527610 0.1235850494754854 -0.5000000000000000
-0.1945219870973731 0.1164487947717287 -0.5000000000000000
-0.2518616499194191 -0.1710148768115641 -0.5000000000000000
-0.5000000000000000 -0.0793869787939057 -0.3057527033275940
0.5000000000000000 -0.3666822769162661 -0.4375240600318483
-0.5000000000000000 0.4472222866025806 0.3008047147320420
0.0887331618047184 0.3506066487249377 -0.5000000000000000
-0.5000000000000000 0.4474682721235805 0.4145394811923752
-0.2736819617626494 0.5000000000000000 0.3206544563626965
-0.4317630301985694 0.5000000000000000 0.4301058288251792
-0.4605730684871814 0.3667563460614431 0.5000000000000000
-0.5000000000000000 0.3941694011214552 0.3230278674334003
-0.5000000000000000 -0.3008574685444743 -0.3293092128745702
-0.5000000000000000 -0.3070393164955049 -0.3634982896034853
-0.3379267108930322 -0.2925610859155022 -0.5000000000000000
0.1290116764807001 -0.5000000000000000 -0.0060983731390983
0.5000000000000000 0.0003686729898709 -0.2696953406380098
-0.1797981579225706 -0.5000000000000000 0.0651212051820836
-0.1811386552335268 -0.5000000000000000 -0.0088206859608005
-0.5000000000000000 0.4365007509825297 -0.2408081505229779
-0.5000000000000000 0.4107429432027848 -0.2595659690530217
-0.2050504550931671 0.3900080923526886 -0.5000000000000000
-0.5000000000000000 0.4919668817987993 -0.2573328236240434
-0.3487562616291132 0.5000000000000000 -0.4408459126045466
-0.5000000000000000 0.4167846629182227 -0.3470712311421602
-0.4202921538508948 0.5000000000000000 -0.3979970873174807
-0.5000000000000000 -0.1495892850400007 0.1576791847646286
-0.5000000000000000 -0.2408528455535542 0.3967159962562087
-0.5000000000000000 -0.3148662247495996 0.2709104571056476
-0.5000000000000000 -0.0347733176341353 0.2207860322733178
-0.5000000000000000 0.0156909913232113 0.0676161822549733
-0.5000000000000000 -0.0705068795109606 0.0878317897708147
-0.5000000000000000 0.1018726576446887 -0.0276645936183406
0.4972617763434516 -0.1025413512964881 -0.1940328044053330
0.5000000000000000 0.0859830817214070 -0.1746279974186005
0.5000000000000000 0.3115560574309869 0.0380803560908167
0.5000000000000000 0.3263076189533184 0.0437086410900479
0.2227330969004054 -0.5000000000000000 0.2077579391778726
-0.5000000000000000 0.2756295513125591 -0.2876712572973594
-0.5000000000000000 0.3224742424993084 -0.2459878653175691
0.0423312186237595 0.4895668117083821 -0.5000000000000000
-0.5000000000000000 0.0426664146176939 -0.3599941863876549
-0.5000000000000000 -0.0045266261357357 -0.3621414592262907
0.5000000000000000 -0.0995021645403785 0.3761342147843564
-0.4544430103637502 -0.3928896318779234 0.5000000000000000
0.5000000000000000 0.4109107813055243 0.1248980227227205
-0.5000000000000000 0.3773957049828147 0.3106267924463540
0.5000000000000000 -0.1139705082249553 -0.1409690541852728
-0.5000000000000000 0.0538599841407452 -0.1559201253490687
0.5000000000000000 0.0794398620492411 -0.0726053087672259
0.5000000000000000 0.1716154375726571 -0.0733430939758997
-0.2285143916221349 0.1615136280389538 0.5000000000000000
0.0409320244470175 0.1894032002435814 0.5000000000000000
0.5000000000000000 0.2062721883698827 0.2137049018640484
-0.5000000000000000 0.0287868526642282 0.0660908327173264
0.5000000000000000 -0.4851426030428998 -0.2018560822416757
-0.2202444294720010 0.3066014451773218 -0.5000000000000000
-0.5000000000000000 0.1483811011893227 -0.3309522882978397
-0.5000000000000000 0.1248341706303317 -0.3272580892640793
0.3175559155141409 -0.0510194856207021 -0.5000000000000000
0.5000000000000000 0.0488924776538177 -0.0887516705194291
0.1171683726175056 0.2214897648085756 0.5000000000000000
0.5000000000000000 0.2435100935928080 0.2707623126971885
0.5000000000000000 0.1006688532992470 0.3241087551421025
0.0047485962506780 0.5000000000000000 -0.4445009631317682
0.0944386063087420 0.3152034303683893 0.5000000000000000
-0.5000000000000000 0.3836315757128504 -0.3839241941967476
-0.5000000000000000 0.3900837469700074 -0.3631078882161025
-0.5000000000000000 0.1995009785826606 -0.3347256201085312
0.2857854488109074 0.0520344603549699 -0.5000000000000000
-0.5000000000000000 0.0535929486297021 -0.2675178046794052
0.2899317081371002 -0.0114567390176651 -0.5000000000000000
0.5000000000000000 -0.1623146219904372 0.1051482692149618
0.5000000000000000 0.4136797179717797 0.0708728674973071
0.2167679542425663 0.5000000000000000 0.1545049751725067
191 59
192 104
193 119
194 130
195 172
0 196
0 197
0 27
0 30
0 48
0 198
0 69
0 74
0 86
0 88
0 199
0 100
0 117
0 200
0 188
201 6
202 24
203 44
204 123
205 181
206 99
207 154
208 158
209 7
210 31
211 68
212 121
213 45
214 13
215 72
216 635
217 48
1 3
1 218
1 44
1 47
1 91
1 96
1 116
1 127
1 219
1 634
1 142
1 149
1 171
1 220
221 21
222 62
223 168
2 10
2 56
2 83
2 133
2 734
2 145
2 152
2 153
2 155
2 177
2 179
3 224
3 225
3 226
3 227
3 29
3 228
3 229
3 230
3 115
3 231
3 634
3 232
3 142
3 149
3 164
3 171
3 233
3 182
4 20
4 33
4 42
4 58
4 234
4 82
4 111
4 139
4 146
4 153
4 235
4 177
4 236
237 123
238 1050
239 181
240 6
5 241
5 41
5 53
5 57
5 242
5 243
5 244
5 106
5 245
5 246
5 137
5 247
5 259
5 248
5 185
5 190
6 249
6 37
6 44
6 250
6 251
6 252
6 253
6 254
6 129
6 255
6 142
6 256
6 257
258 7
260 148
262 59
263 104
265 635
266 131
267 137
268 170
269 41
270 52
271 57
272 77
273 106
274 108
275 125
276 157
277 259
278 190
7 279
7 280
7 281
7 31
7 41
7 282
7 283
7 68
7 284
7 285
7 90
7 286
7 99
7 287
7 288
7 121
7 289
7 259
7 185
290 14
291 45
292 463
293 186
295 140
296 152
8 297
8 52
8 298
8 63
8 66
8 83
8 89
8 92
8 126
8 133
8 153
8 299
8 160
8 300
8 169
8 174
8 301
302 41
303 55
304 935
305 157
306 259
9 23
9 25
9 307
9 39
9 47
9 308
9 66
9 84
9 309
9 310
9 124
9 126
9 127
9 311
9 147
9 149
9 312
9 159
9 173
9 174
9 175
9 313
314 35
315 128
316 140
317 144
318 23
319 25
320 20
321 41
322 90
323 259
324 137
325 51
326 69
327 85
328 141
329 10
330 73
331 75
332 112
333 154
334 120
10 33
10 335
10 40
10 56
10 73
10 75
10 82
10 103
10 112
10 133
10 145
10 148
10 153
10 166
10 177
10 179
336 14
337 158
338 463
339 94
340 120
341 152
342 157
11 13
11 18
11 505
11 343
11 61
11 62
11 67
11 71
11 78
11 79
11 84
11 95
11 101
11 102
11 344
11 124
11 136
11 143
11 147
11 345
11 165
11 173
346 69
347 141
348 294
349 15
350 50
351 70
352 110
353 118
354 134
355 140
356 1050
357 51
358 463
359 64
360 635
361 109
362 116
363 634
364 171
365 172
366 41
367 99
368 43
369 134
370 176
371 117
372 16
373 45
374 114
375 120
12 28
12 77
12 85
12 87
12 94
12 103
12 107
12 122
12 135
12 157
12 180
12 186
376 48
377 144
378 16
379 45
380 55
381 935
382 114
383 167
13 384
13 505
13 385
13 72
13 79
13 386
13 387
13 388
13 143
13 389
13 390
391 261
392 29
393 59
394 113
395 115
396 171
397 172
398 182
399 120
400 50
401 140
402 156
403 189
404 78
405 129
406 634
407 171
408 172
409 148
410 62
411 79
412 184
261 59
261 413
261 104
261 119
261 130
261 172
261 414
261 182
14 45
14 415
14 416
14 417
14 418
14 87
14 135
14 419
14 154
14 158
14 463
14 178
14 186
294 15
294 20
294 32
294 35
294 58
294 64
294 420
294 110
294 138
294 140
294 421
422 159
423 42
424 69
425 100
426 112
427 177
428 72
429 79
430 635
431 91
432 97
433 156
434 163
435 176
436 189
437 969
438 151
15 30
15 32
15 42
15 439
15 58
15 64
15 741
15 88
15 100
15 110
15 118
15 138
15 440
441 153
442 172
443 93
444 110
445 118
446 123
447 146
448 1050
449 166
450 29
451 156
452 163
453 176
454 72
455 79
16 456
16 45
16 55
16 935
16 114
16 120
16 135
16 457
16 167
16 458
459 53
460 131
461 51
462 141
464 186
465 31
466 41
467 99
468 185
469 21
470 98
471 106
472 168
17 54
17 74
17 105
17 473
17 734
17 145
17 150
17 152
17 474
17 475
17 476
17 188
18 477
18 478
18 62
18 66
18 67
18 84
18 89
18 95
18 102
18 479
18 124
18 126
18 147
18 159
18 160
18 174
18 175
480 21
481 106
482 264
483 29
484 60
485 61
486 132
487 21
488 106
489 108
490 259
491 52
492 63
493 153
19 264
19 26
19 60
19 61
19 71
19 72
19 494
19 902
19 495
19 496
19 497
19 498
19 499
19 184
500 48
501 74
502 86
503 88
504 117
506 72
20 42
20 507
20 58
20 508
20 509
20 510
20 511
20 111
20 138
20 512
20 513
20 514
20 515
20 516
21 53
21 98
21 517
21 106
21 518
21 519
21 131
21 137
21 520
21 521
21 168
21 170
21 522
523 120
22 34
22 38
22 40
22 46
22 56
22 67
22 78
22 81
22 92
22 129
22 133
22 136
22 148
22 524
22 155
22 1176
22 525
22 526
22 183
264 527
264 60
264 61
264 528
264 902
264 529
264 530
264 531
264 532
264 533
264 534
535 29
505 71
505 72
505 79
505 536
505 143
505 537
23 25
23 538
23 39
23 47
23 539
23 91
23 540
23 541
23 127
23 130
23 542
23 543
23 544
23 545
23 187
24 33
24 44
24 49
24 546
24 76
24 82
24 547
24 96
24 116
24 123
24 142
24 146
24 1050
24 166
24 548
24 181
25 549
25 39
25 59
25 550
25 84
25 551
25 552
25 553
25 101
25 554
25 113
25 119
25 127
25 130
25 555
25 159
25 164
25 556
25 182
557 120
558 59
559 116
560 51
561 87
562 158
563 463
564 180
26 61
26 71
26 80
26 98
26 902
26 136
26 565
26 161
26 165
26 566
26 184
567 89
568 126
27 569
27 54
27 69
27 74
27 86
27 570
27 571
27 572
27 117
27 141
27 150
27 573
27 188
574 66
575 124
576 126
577 159
28 56
28 65
28 77
28 81
28 94
28 103
28 122
28 125
28 152
28 179
29 578
29 60
29 61
29 579
29 113
29 580
29 115
29 132
29 581
29 582
29 132
29 583
30 32
30 584
30 48
30 585
30 64
30 741
30 88
30 586
30 100
30 117
30 587
588 142
31 589
31 590
31 591
31 592
31 593
31 68
31 594
31 99
31 121
31 595
31 596
31 597
31 598
32 42
32 48
32 58
32 64
32 599
32 88
32 100
32 138
32 600
601 118
33 40
33 46
33 47
33 49
33 66
33 82
33 111
33 133
33 139
33 146
33 153
33 602
33 162
33 169
33 175
33 177
603 45
604 186
605 72
606 45
607 54
608 120
609 122
610 150
611 186
34 36
34 46
34 67
34 78
34 92
34 102
34 133
34 136
34 160
34 162
34 169
612 131
35 613
35 64
35 614
35 615
35 128
35 616
35 140
35 144
35 617
35 618
619 52
620 55
621 125
622 152
623 157
624 120
625 969
626 163
627 73
628 112
629 166
630 177
631 48
632 64
633 144
36 37
36 46
36 47
36 67
36 78
36 102
36 115
36 129
36 142
36 147
36 149
36 132
36 162
36 175
636 64
637 128
638 140
639 51
640 69
641 141
642 150
643 186
644 91
37 40
37 44
37 46
37 49
37 645
37 646
37 129
37 142
37 162
37 175
37 647
648 66
649 124
650 126
651 38
652 53
653 57
654 137
38 655
38 53
38 57
38 77
38 81
38 656
38 92
38 108
38 1176
38 657
38 658
38 183
38 190
659 156
660 163
39 84
39 661
39 113
39 119
39 127
39 130
40 46
40 49
40 56
40 662
40 73
40 82
40 663
40 129
40 133
40 148
40 166
40 664
40 665
40 666
40 181
41 57
41 68
41 77
41 87
41 90
41 667
41 99
41 107
41 935
41 121
41 154
41 157
41 158
41 259
41 178
41 668
41 185
42 58
42 741
42 93
42 100
42 112
42 118
42 669
42 734
42 138
42 139
42 670
42 153
42 177
42 671
43 76
43 672
43 96
43 97
43 116
43 673
43 1050
43 163
43 176
43 189
44 49
44 674
44 96
44 116
44 675
44 142
44 676
45 677
45 678
45 114
45 120
45 122
45 135
45 679
45 158
45 178
45 186
46 49
46 78
46 129
46 133
46 162
46 175
47 49
47 66
47 91
47 96
47 111
47 127
47 142
47 147
47 149
47 680
47 175
681 143
682 59
683 66
684 111
48 64
48 88
48 685
48 686
48 100
48 117
48 144
48 687
48 688
48 689
48 690
691 99
692 154
693 158
694 463
695 178
49 82
49 96
49 111
49 142
49 146
49 162
49 166
49 175
49 696
49 181
697 77
698 148
699 180
50 700
50 58
50 70
50 76
50 701
50 110
50 111
50 134
50 139
50 140
50 146
50 702
50 156
50 703
50 189
51 704
51 705
51 706
51 85
51 87
51 141
51 707
51 463
51 708
51 709
51 180
51 186
710 73
711 75
52 712
52 63
52 83
52 92
52 713
52 108
52 125
52 714
52 152
52 153
52 715
52 716
52 168
53 717
53 718
53 98
53 106
53 719
53 902
53 131
53 137
53 720
53 721
53 161
53 722
53 723
53 170
53 724
53 725
53 183
53 190
54 65
54 74
54 726
54 120
54 122
54 145
54 150
54 152
54 727
54 728
54 729
54 730
54 731
54 188
55 90
55 935
55 114
55 120
55 135
55 157
55 732
55 167
55 733
735 152
736 153
56 73
56 75
56 81
56 103
56 107
56 112
56 125
56 133
56 148
56 155
56 1176
56 179
56 180
57 77
57 737
57 106
57 259
57 738
57 185
57 190
739 189
740 69
742 100
58 743
58 93
58 110
58 118
58 138
58 139
58 140
744 60
745 113
746 99
747 121
748 154
749 69
750 144
751 463
752 99
753 635
754 66
755 126
756 153
59 757
59 758
59 759
59 760
59 761
59 762
59 101
59 113
59 119
59 164
59 182
763 62
764 63
765 89
766 168
60 61
60 71
60 767
60 113
60 115
60 768
60 769
60 132
60 770
60 771
60 132
60 772
60 173
61 773
61 71
61 78
61 774
61 902
61 775
61 776
61 132
61 136
61 147
61 132
61 777
61 165
61 173
61 778
62 63
62 67
62 79
62 80
62 779
62 89
62 92
62 98
62 106
62 780
62 136
62 781
62 782
62 783
62 161
62 784
62 165
62 168
62 183
785 463
786 151
787 106
788 137
789 259
790 185
791 104
792 109
793 151
794 73
795 75
796 148
797 72
798 635
799 184
800 119
801 130
63 83
63 89
63 92
63 802
63 803
63 804
63 805
63 168
63 806
63 807
64 741
64 808
64 809
64 128
64 144
64 810
64 811
64 812
813 144
814 117
815 74
816 88
817 100
818 105
819 138
65 69
65 85
65 103
65 112
65 122
65 141
65 145
65 150
65 179
65 188
820 75
821 85
822 148
823 180
824 66
66 825
66 111
66 124
66 126
66 153
66 826
66 827
66 828
66 169
66 174
66 175
67 78
67 89
67 92
67 102
67 136
67 147
67 160
829 68
830 167
831 72
832 79
833 635
834 184
68 835
68 836
68 90
68 99
68 837
68 121
68 154
68 838
68 167
839 78
840 129
841 132
842 116
843 123
844 1050
845 158
846 463
847 151
69 85
69 848
69 100
69 112
69 141
69 150
69 849
69 850
69 851
69 188
852 126
853 129
854 176
70 855
70 856
70 110
70 134
70 140
70 156
70 857
70 189
71 72
71 79
71 80
71 858
71 101
71 859
71 143
71 165
71 173
71 184
72 79
72 80
72 860
72 861
72 635
72 862
72 184
863 90
864 167
73 75
73 865
73 112
73 866
73 148
73 166
73 867
868 463
869 186
741 100
741 118
741 138
74 870
74 86
74 88
74 100
74 105
74 871
74 150
74 872
74 873
74 188
75 874
75 85
75 103
75 112
75 148
75 875
75 876
75 180
877 101
878 113
879 143
76 880
76 881
76 91
76 96
76 97
76 111
76 134
76 882
76 146
76 883
76 1050
76 189
884 87
885 107
886 180
887 110
888 111
889 139
890 140
891 146
892 189
77 81
77 893
77 94
77 103
77 107
77 108
77 125
77 157
77 1176
77 259
77 180
77 894
77 190
78 902
78 895
78 129
78 132
78 136
78 147
78 132
78 896
78 897
78 898
79 80
79 98
79 143
79 899
79 161
79 900
79 165
79 901
79 184
80 98
80 136
80 161
80 165
80 184
903 85
904 87
905 180
81 92
81 94
81 103
81 107
81 108
81 125
81 148
81 155
81 1176
81 180
81 183
906 113
82 93
82 907
82 123
82 908
82 139
82 146
82 166
82 177
82 181
909 86
910 88
83 92
83 108
83 125
83 133
83 152
83 153
83 911
83 155
83 169
912 96
913 116
914 1050
915 176
916 185
84 95
84 101
84 113
84 124
84 127
84 917
84 147
84 159
84 173
84 918
919 148
920 180
921 190
85 87
85 103
85 107
85 112
85 122
85 141
85 922
85 180
85 186
923 167
924 168
925 121
926 154
927 167
86 88
86 928
86 929
86 117
86 930
86 931
86 932
86 933
87 934
87 99
87 107
87 135
87 158
87 463
87 180
87 186
88 100
88 117
88 138
88 936
937 969
89 92
89 938
89 126
89 939
89 160
89 940
89 174
89 941
90 99
90 935
90 942
90 114
90 154
90 157
90 167
90 178
943 117
944 144
91 96
91 97
91 116
91 127
91 130
91 945
91 946
91 947
91 171
91 187
91 189
948 128
949 140
950 156
951 129
952 137
92 108
92 125
92 133
92 136
92 155
92 160
92 168
92 169
92 183
953 99
954 107
955 158
956 180
957 104
958 130
959 151
960 117
93 110
93 961
93 118
93 123
93 962
93 134
93 139
93 146
93 1050
93 166
93 177
963 143
964 117
965 141
966 143
94 103
94 967
94 120
94 122
94 125
94 135
94 152
94 157
94 968
94 179
95 101
95 970
95 971
95 124
95 143
95 159
95 972
95 173
95 973
96 97
96 111
96 116
96 142
96 146
96 974
96 1050
97 109
97 116
97 975
97 163
97 176
97 187
97 189
98 106
98 131
98 976
98 977
98 161
98 978
98 979
98 168
98 170
98 980
98 184
981 153
982 185
99 121
99 154
99 983
99 158
984 109
985 116
986 171
987 176
988 101
989 104
990 151
100 105
100 112
100 138
100 145
100 188
991 126
992 129
993 148
994 181
995 137
101 113
101 996
101 997
101 143
101 159
101 173
101 998
999 104
1000 119
1001 130
1002 151
1003 134
1004 156
1005 163
1006 189
102 124
102 147
102 160
102 162
102 169
102 174
102 175
103 107
103 112
103 122
103 148
103 179
103 180
1007 176
1008 969
1009 163
1010 176
1011 187
104 109
104 127
104 130
104 151
104 164
104 171
104 172
104 1012
104 182
104 187
105 1013
105 1014
105 734
105 138
105 145
105 1015
105 1016
105 1017
105 188
106 108
106 1018
106 131
106 137
106 1019
106 161
106 259
106 168
106 183
106 190
1020 152
1021 153
107 135
107 157
107 158
107 180
1022 119
1023 130
1024 151
1025 187
1026 137
1027 185
108 125
108 1028
108 1029
108 168
108 183
108 190
109 116
109 1030
109 151
109 1031
109 1032
109 171
109 172
109 1033
109 1034
109 176
109 187
1035 128
1036 144
1037 120
1038 122
1039 152
1040 124
1041 126
1042 159
935 1043
935 157
935 1044
935 167
935 1045
902 136
902 161
110 118
110 134
110 139
110 140
110 1050
1046 137
111 146
111 1047
111 1048
111 1049
111 175
111 189
1051 143
112 1052
112 138
112 145
112 1053
112 177
112 179
112 188
1054 134
635 1055
635 1056
635 1057
635 1058
635 1059
635 1060
635 1061
635 184
113 115
113 1062
113 127
113 1063
113 149
113 164
113 173
113 182
1064 118
1065 123
1066 166
1067 177
1068 181
1069 115
1070 129
1071 132
1072 142
1073 132
1074 167
114 135
114 1075
114 157
114 158
114 167
114 178
1076 143
115 142
115 147
115 149
115 132
115 164
115 171
115 173
115 182
116 1077
116 634
116 1078
116 171
116 176
116 1079
116 187
117 1080
117 1081
118 1082
118 1083
118 177
969 1084
969 151
969 1085
969 1086
969 1087
119 127
119 130
119 182
1088 131
1089 137
1090 170
1091 143
1092 173
120 122
120 135
120 1093
120 1094
120 157
120 1095
120 1096
120 1097
120 1098
121 1099
121 154
121 1100
1101 634
122 135
122 141
122 145
122 150
122 152
122 179
122 186
123 139
123 146
123 1050
123 166
123 1102
123 181
124 126
124 147
124 159
124 174
124 175
125 152
125 155
125 157
125 179
1103 185
126 1104
126 1105
126 174
127 130
127 147
127 149
127 164
127 171
127 173
127 182
127 187
128 1106
128 140
128 144
128 1107
128 1108
128 1109
129 132
129 142
129 132
129 1110
129 1111
1112 177
1113 143
130 151
130 164
130 182
130 187
131 137
131 161
131 1114
131 170
131 1115
133 153
133 155
133 160
133 162
133 169
1116 181
1117 151
134 139
134 1118
134 146
134 1050
134 189
1119 163
1120 176
1121 187
135 157
135 158
135 178
135 186
136 1122
136 161
136 165
136 1123
136 1124
136 183
1125 170
137 1126
137 1127
137 170
137 1128
1129 151
1130 142
1131 144
1132 154
1133 167
1134 178
734 138
734 145
734 152
734 153
734 1135
734 177
734 179
138 145
138 1136
138 177
138 188
1137 168
139 146
139 177
1138 170
1139 184
634 171
634 1140
1141 1050
1142 163
1143 176
1144 189
140 156
140 1145
140 1146
141 150
141 1147
141 186
141 188
1148 143
1149 171
142 149
142 132
142 175
1150 143
143 1151
143 1152
143 1153
143 1154
144 1155
144 1156
144 1157
1158 186
145 150
145 152
145 177
145 179
145 188
146 1050
147 149
147 132
147 173
147 175
148 1176
148 1159
148 180
149 164
149 171
149 173
149 175
150 1160
150 1161
150 186
150 188
151 1162
151 1163
151 1164
151 1165
151 1166
151 1167
151 1168
151 187
1169 153
152 153
152 1170
152 155
152 157
152 1171
152 179
153 1172
153 155
153 1173
153 169
153 177
153 1174
132 173
1175 189
1177 183
1178 161
1179 184
154 1180
154 157
154 158
154 167
154 178
155 179
1181 176
1182 187
1183 172
156 163
156 1184
156 1185
156 189
1186 185
157 158
157 1187
157 178
158 463
158 178
158 186
1188 184
159 1189
1176 180
1176 1190
160 169
160 174
1191 189
161 1192
161 1193
161 183
1194 168
1195 170
1196 170
1197 169
463 1198
463 186
162 169
162 175
1199 176
163 176
163 1200
163 1201
163 189
164 171
164 182
166 177
166 1202
166 181
1203 183
259 185
259 190
167 178
168 183
169 174
169 175
170 1204
170 1205
170 1206
171 172
171 182
171 187
172 1207
172 182
1208 184
174 175
1209 176
1210 187
176 1211
176 187
1212 181
1213 189
1214 181
1215 185
1216 184
1217 184
183 190
