1360 2583 0
-0.0616035520815302 -0.4725120192543658 0.2949774878492991
-0.4106302220402055 -0.3436659556910460 -0.1287791423624676
0.3284551571750234 0.1638354947092482 0.2879566056113910
0.1685578401202347 -0.3256214752637311 0.2480489032566670
0.2397839092631009 -0.2307695430789868 -0.2129124640811614
-0.4548277621051048 0.2794789883333443 -0.1930037572904034
0.3267344093037325 0.1585788190909224 0.4720828400447301
-0.2922965940184298 -0.2345065138730884 -0.1885053921807866
-0.0933588340263059 0.1620494577788732 0.4467108115898372
-0.1041268448546837 0.1759567255225777 0.3518431907014054
-0.4270463583908070 -0.4426855300695792 0.0884228826865491
-0.2490263193617713 0.0690326804249580 0.2176162878391460
-0.1914483517065299 0.0533014976593233 0.0637496250949421
0.3452642289889573 -0.1118812171403548 0.1423730219796797
0.4229991958781953 -0.1795271619650551 -0.0413177451563824
0.4585713140900832 0.4895657347772719 -0.4192515108962753
0.2881532922302223 -0.3876755012794214 0.2389110567077253
-0.2588053140785175 0.2516990033470482 -0.1378935154520127
-0.1520332306581020 0.4223113355735366 -0.2666302385903449
0.1272407740736518 -0.4625482744818881 0.3018259904822821
-0.3166232634725143 -0.3209203663190743 0.3650984215697348
0.1843780579094728 -0.4592721802634342 -0.2190765194877242
0.2110504220063804 0.1096371737536878 0.2067187440816762
-0.3738767640791697 0.0124514620428436 0.0389273513395869
0.1659953272987870 -0.4508009671153400 0.1167065415341599
-0.1303145802739270 -0.1216638909138211 -0.4746781787747428
-0.1043361560145575 0.4599131378905972 -0.0495296910430407
0.3881359772326533 0.0890626595401865 0.0153201152424212
-0.0922798927835842 0.2843160399577491 0.2328863465497021
0.0179113701013325 -0.2694128274432196 0.0123869707652286
-0.2428026373635017 0.0782274717016755 0.4007101372897750
0.4136924507562794 0.1058700682990626 -0.4007240356869211
-0.4059188867755562 -0.0694642463609416 -0.3885558640647754
0.0647587845483465 0.0447796576020746 0.3335967815545409
-0.3825400890021843 -0.2205764396669767 0.0852846708787159
-0.4182116917396344 -0.0398618946433901 0.4361006538179280
0.2619469849542220 -0.3997749259590851 -0.0724672838854666
-0.4745520798561787 -0.1828868633090168 -0.4587478257508065
-0.4841110673012881 -0.3379473089481780 -0.2772606487952965
-0.0670865775450730 0.3990100515428190 0.3996737169067907
-0.1990701458316673 -0.2425887629235324 -0.1538152429309698
0.3376757827711822 0.0404567087856171 0.3551620059665916
0.1992873662459022 0.3569943483702396 0.0989282244233670
-0.0369711271778894 0.1309976671902976 -0.4823240028053553
-0.3450509902335412 0.4144849948937736 -0.0314892975295980
-0.1780960497915209 0.3495385294596052 0.1263548349972551
0.4646632115177428 0.2335382091654661 0.3580363681386574
0.4514323877904501 0.2306454754507891 0.4928176311136383
0.1956558283645168 0.4814176792205912 -0.1980627695996455
-0.0817142525099309 0.1455704242013245 -0.2515908193050182
-0.4758192499902181 -0.0775918230855361 0.0562567448154452
0.2896580678961100 -0.0000996176822843 -0.1422375212271170
0.0290784997537262 0.0446615824239620 -0.2972294136111177
-0.1091719286076313 0.4349114065761048 0.2391213586243694
0.2046155638509534 0.4032311191523721 0.4249140715625568
0.3262012021608473 0.4831550363660643 -0.0712245080580637
-0.0353428111264926 0.0642472775728030 0.1870711704128358
0.3740651187979682 0.0152306714540463 -0.2151788268879037
-0.3507193647092510 -0.3395378162866179 -0.2475614563328714
0.3664222259262067 -0.2602679362806924 -0.0710975692653063
-0.0867102707956245 0.3410473925748024 0.2113533864994407
0.0503581391857917 0.3343305591246599 0.2727352781530645
0.4479471318835639 0.0979046846721591 -0.4701199645488146
-0.2107435699551972 0.1546833765902772 -0.0346761246344460
-0.0750069943505773 -0.3186604062698066 -0.0673049450064457
0.1792416031418680 -0.1002963782541304 -0.1026942175442375
-0.2834995385752644 0.0134198062526050 -0.3464778946532139
0.3689996952966119 -0.3598841619820122 -0.1802542346972901
0.1998349740274004 -0.4614218928260587 -0.1735988194384764
0.3706800201393897 0.2133134999283400 -0.0347193102551300
0.2896530952220835 0.1894368050443929 -0.4129146635695720
0.0506512658323621 0.4837740575025686 0.4770508762289719
0.0172985811256862 -0.1198074709820341 -0.3342437053769591
0.3302513695681003 0.0747017379224938 -0.3753016921257877
-0.3145523799995537 -0.2403316787847677 -0.2992108142077172
-0.3697653198654869 0.1601578573500701 0.0185215658941810
0.3956940640102568 0.2621165213967276 0.0824643960166260
-0.0513344694759012 -0.0405136472590002 -0.3627876048054258
-0.4254473963359053 0.3549091904155603 0.0279627695192361
0.3936541505999222 -0.4323196794713520 -0.1641237816904322
0.3962786360364752 -0.0338659173170050 0.1518879160566436
0.3552869548969483 0.0046659227072458 0.4253044981693186
0.1398624378135084 0.2780001885651376 -0.1290979830936156
-0.4740555307612546 -0.3658885884962749 -0.1276666785888522
-0.2789550995098091 -0.1023035540979348 0.1649680402798412
0.1359508714543320 0.3270620200600036 -0.0825776758587311
-0.1534689697602830 0.2976844303390015 -0.2954294362567791
-0.2583294674417483 0.4322129712286267 -0.0151684276798963
-0.4760328591832524 0.2867908072448716 -0.1317962905541664
-0.4807437658970055 0.3030065723411199 0.0173010761914717
0.0672767385629463 -0.1454905210286167 0.3965517703033153
-0.1371735241857618 0.1394263625481399 0.0336136440418584
-0.2991579309310024 -0.4202559466001149 0.2745743580560665
-0.4111978523854490 0.2278195209439300 -0.2944221689954206
0.0695648882905092 -0.4793458701417040 0.4588627032980045
-0.3145745069399340 -0.0109332455977856 -0.2572065919502782
-0.2393089643667423 0.2206621562849009 0.3549584918203376
-0.3332475107959478 0.4124505341698249 0.2130895398977202
-0.1800764178231975 -0.0048890440788174 -0.2611028948659608
0.1111881551867098 0.2514652843757171 0.3974556671834131
-0.0415466892752196 -0.3787422314238437 0.2164140962386738
-0.3293327504701390 0.1011032112620505 0.0102442808285335
0.4636478689191951 0.1758068498396229 0.0468599295797877
-0.0284750344129631 0.4373921867651510 0.0877520998539383
-0.1592162302551454 0.4786477541132633 0.1364520664225704
0.3778488793797109 -0.2959746129784484 -0.3481483096685807
0.4592163579338168 -0.0659187765436414 -0.2750153442460768
-0.4576287433307135 -0.3460401737529821 0.0653770326354948
-0.1029481578889252 0.3651190828839342 -0.0246041050864101
-0.0191213504889698 0.4774644792270921 -0.2710087224483604
-0.1421652049705688 -0.3750884605955411 0.4180951488358063
-0.2964651738399312 0.0327324036705312 0.3264907444404964
-0.2348442904597457 0.2790482853396075 0.2571217889078597
0.0788390375144839 -0.4765971402926115 -0.1640041583260345
-0.4034650928351032 -0.4301217912589022 -0.0010704521533387
0.2571591297198677 -0.3045325123200611 -0.3614077048506875
-0.2346082778811561 0.3859781580428647 -0.3232574340124733
-0.4390018941407713 -0.3183015125677844 -0.2374500833357233
-0.4446481206008077 -0.0682856045722263 -0.3198567681344147
0.4322531575149511 -0.2756930007546677 -0.4062457865341115
0.3926875842715467 0.1644599814116958 -0.4116060541771818
0.3451859252048784 0.4808978033055491 -0.3517637288866671
0.3156463898970993 0.3190069051033163 -0.0954705792459377
-0.0426943978392827 -0.0191855459425515 -0.4242670708583300
-0.4546782530516433 0.0919826966271492 -0.4122751834554382
0.0617581618168905 0.2028932823620838 0.2393989522218807
-0.2994470473737417 -0.2619511651361500 0.1376469737822653
0.0258323848122580 -0.1094568126135215 -0.0224485970549708
0.3551270097119357 0.1665838077627693 -0.1712962126268902
-0.4595118229952224 -0.0142608490947693 -0.3408455730917900
-0.3270413150144493 0.0475716378490910 0.3962833274518003
-0.1726229196489100 -0.0591442260488035 -0.3139636097645025
-0.1409715609452520 0.2129225620503631 -0.1763436932573702
-0.3736723403498895 0.2565396599322283 0.2080439256336286
0.0328119297732784 -0.1293844629109479 0.2878058048186350
-0.3015922603580108 -0.2094342207054427 -0.2684865386800655
-0.3193909619201477 0.3319507662736391 0.1615889452259066
-0.1245043232635454 0.4771391218811067 0.0258776254953111
0.1114613212836778 -0.1522588069388036 -0.1924348061410248
-0.3619628938021791 -0.1026049532873887 0.3156229392022720
0.3726130217425682 0.4558901811031763 0.0211435573650729
-0.4013692873517429 -0.1146216025947716 -0.4049882820094994
-0.4452272576320168 -0.2136005093920733 0.0514075867892992
-0.0655521990509239 0.2419491480079576 -0.1745034314708251
-0.3580756385031791 0.3133902014525112 0.4660531220844438
0.3424270328436920 -0.2068759324272288 -0.1987827815916069
0.1920992946291815 0.3262636312468228 0.3078703472117810
0.3265851927578354 0.0805087133099629 -0.4119141755852716
-0.1517050158275466 -0.3148318068856937 0.0796683965434390
0.0455046367917035 0.0858109875670139 0.4373943585866361
-0.0688842654692665 0.1972580136104927 0.2298521050029287
-0.4381937212033555 -0.3347423263013993 -0.4470863568865310
0.2984848678156646 -0.1950311880662733 0.2619003892885854
-0.0928273291985276 -0.4888078045216274 -0.4084329074573962
0.1800534265249954 -0.3793666104356082 -0.0300015956845896
-0.1764861515238204 -0.3716930775104297 0.3716395439660909
-0.2711306538270897 0.0831250968845052 0.2836598706682857
-0.4623944359037505 0.2799110766121470 0.0040377879924503
-0.3091426312796174 0.2152646122163721 -0.4637471246870568
-0.2819850846163837 -0.4112089668028758 0.1478738646855233
-0.3630294978832511 0.4551039556219451 -0.0493768926905061
0.2196311934858986 -0.2707928567992451 -0.3567145045892802
-0.0616099702071691 0.4413842004358726 0.3890889098681631
0.2612786218396611 -0.2929978360141040 -0.1734213182722889
0.4139174697643796 -0.0430047161783257 0.0563638109039923
0.2674220170089022 -0.1206461567195900 -0.1676222983699557
-0.3730294535023704 -0.4311531188154785 -0.4500998987549918
-0.3540424334064441 0.0433969663616188 0.0003270133913712
0.0186657148556257 0.1506780617390083 0.0557508384881631
0.3094301636575882 0.0685311278164684 0.0769435755886485
0.3625177060676651 0.3221567770577689 -0.1086527899341506
-0.3290865304661154 -0.1138059319411580 -0.1695798923926792
0.1288475654956514 0.3891612951196493 0.2775510852958036
-0.2935793155639475 -0.1906452678585211 0.2644436999974372
0.1230909457488309 -0.2613250482192661 -0.2095795178902098
-0.1633632206047888 -0.0276344130376174 0.0444348310470873
-0.2294301670881544 0.0072636854641153 -0.1789036600712264
0.1094538017302602 0.1081276750860137 0.3240749794299979
-0.0270777200831941 -0.3621774672277210 -0.3079382110406469
0.1703606465812302 0.1680107118660635 -0.4300774486724731
-0.2953800763547772 -0.1286455272121389 0.4378753405170861
0.2810160119852653 -0.0176274319262000 -0.2550541591688393
0.1838311430770382 0.4577952727306763 -0.1419151276583691
-0.0948172328241466 0.2059759616393726 -0.1155572768365496
-0.0082018174120821 0.2495318975002524 0.3671649383600598
-0.2363517215627265 0.2698665919300023 -0.1764438028666906
0.1206696970932844 0.4698658194459447 -0.0622668949767669
0.2346469449199420 -0.1408711751564263 0.0644108146120671
0.2927679906274017 -0.2607344947428373 0.4538220388297827
-0.0412811051978612 0.3688503159312729 0.0661079220938393
0.4142350909295065 0.4447790401439961 0.1057233843875315
-0.0783226405716520 -0.3755554197695267 -0.2486212188179532
0.4598732050049735 0.2415842542522628 -0.3141084687903260
-0.1446496302621960 -0.1663041672740839 0.1888793245724761
0.4535768562540812 0.0891528745658694 0.2263107847209946
0.3592392061963600 -0.4144290609351208 -0.0298400743970499
0.4459396397025451 -0.0806855828490886 0.3542744046216838
-0.1206503273647276 0.2531410120129534 -0.1194742531787902
0.1767052172215723 0.0124028252765181 0.4179560686687008
0.1175293394959959 0.0978858526790308 0.1265434140878570
0.3563827930113248 -0.4666983884245104 -0.1858923972179336
-0.1697318021616535 -0.1832946181173817 0.3870105015797849
-0.2771820372991152 0.2501782659559621 -0.3618054118458852
0.0900476605081240 -0.0107655105232210 -0.1206008695055485
-0.0038048326885357 0.3567942151387931 -0.4083406431720634
-0.1308247715236015 -0.3043709078695744 -0.0564867692095554
-0.1749403148961464 -0.1517978954795031 0.2159522449727413
-0.3964279849026918 0.4553990920847868 0.2129776512456529
0.4201892660409512 0.4285243435174637 -0.4243901767770376
0.0836747881275251 0.1234947141966347 -0.3006418278840766
-0.3998500627033378 -0.1816462990549334 0.0349340117351151
0.2478417970251131 0.4505683577814628 -0.2463902906930765
0.2944965237849805 0.1293931628129429 -0.4059145299953838
-0.2694387437807214 0.2180680058377368 -0.1522645555974770
-0.3403199279109048 0.2117332262103356 0.2998958304414986
-0.0412583784194517 -0.0763493041628854 -0.0653630775650080
0.3301862413980253 -0.0802909402244151 -0.2119989501097138
-0.2875652428820136 -0.2520371966041670 -0.3658939207909651
0.1261757927135733 -0.4279738007700612 -0.2518381518888975
0.4291769649390763 -0.0052643277067308 -0.1686594051740947
0.3593860655652817 0.0843705671957741 -0.2637180312978222
-0.3060229707814485 -0.0948894208834705 -0.2866985578260037
-0.0551302357786165 0.1061462891145974 -0.0471612069513010
-0.0831782435747260 -0.0712042884467630 0.3608972833981746
0.0881261565857979 0.4449786098044460 0.3064625851708695
0.0778350322956651 0.0032716228441953 -0.0126168615247056
0.0950382291029297 0.3601243006229973 0.0346433208246024
-0.0887284200493145 0.4159501362769468 -0.0474044666906920
-0.1059764913947786 0.3709496781726936 0.0174355331101144
-0.2385725012415244 -0.3539375610911953 0.4793448735354451
-0.4023251857977252 0.1837449163917247 -0.3690861117492537
0.1233660069026666 -0.1305746776838089 -0.2161877003742675
-0.2805609781659978 -0.2643736358965459 -0.3013089994519109
-0.3413564519560806 0.1210330029390854 0.2901620198751877
-0.0902599514523168 0.4381537753470068 0.0828057572841028
-0.1409791925606864 0.4806980895137017 -0.4657725798542699
-0.4533079053092190 -0.4567857505032446 0.1744505893609980
0.0765089127381533 -0.4822254865486565 -0.4165746022626616
-0.2427022832158310 -0.1258999293607622 0.1521647186363763
-0.2065650326960135 -0.2922244894552410 -0.2726928148330918
-0.4435073159427927 0.4235568173358327 0.1058310003173292
-0.3821298152897444 -0.0506843622168121 0.4769883218312200
-0.0586119511783944 -0.4457752660806537 -0.3526471531131030
-0.0188571320350536 -0.0586888934565915 0.1411958215723478
0.3495228153277806 -0.4129503671516359 -0.4403766715829072
-0.2270683115005534 0.0144131672937277 0.2635492849604514
0.2650766754246156 0.3191089879671883 -0.0294972376895763
-0.3167162774357300 0.0406407972709276 -0.3195458823930659
0.3218630929515414 0.2422846646240234 -0.3362002305795026
0.2091631553930846 -0.2076613420979459 0.2454654048319222
0.0630702597075825 -0.2438594884779654 0.3929429559299013
0.0597612234760677 0.0690254331135594 0.5000000000000000
-0.5000000000000000 -0.0379989901226547 0.3887369286285929
-0.5000000000000000 -0.0288068489520299 0.3667694729990046
-0.5000000000000000 -0.0254231308359722 0.3757249560382801
-0.5000000000000000 -0.0484473785812268 0.3627185010975652
-0.5000000000000000 -0.0484373542606190 0.3803172146833184
-0.0911802450287924 -0.5000000000000000 0.2933879231301966
-0.0567436329523350 -0.5000000000000000 0.2827278012936018
-0.0409699678502303 -0.5000000000000000 0.3335829780437778
-0.1894320162541274 -0.5000000000000000 0.3174385315072527
-0.0810994026230475 -0.5000000000000000 0.2854081408139677
-0.1451674506835308 -0.5000000000000000 0.2417377058266542
-0.1152354844185189 -0.5000000000000000 0.1938286817174473
-0.1810247611982707 -0.5000000000000000 0.1484872356492786
-0.2676898554530686 -0.5000000000000000 -0.0936910488101837
-0.0940363672663367 -0.5000000000000000 -0.0769891166150394
-0.3133270478934118 -0.5000000000000000 -0.1182989406628548
-0.5000000000000000 -0.3855818527377433 -0.1700613837699175
-0.4148819448151531 -0.5000000000000000 -0.1314813365452461
0.1885075101268474 0.5000000000000000 -0.1795054456041910
0.3028874649566759 0.5000000000000000 -0.0704520285693768
0.1732293565539290 0.5000000000000000 -0.1212488125991426
0.1256316222815732 0.5000000000000000 -0.0628788688282026
0.5000000000000000 0.2343837913413125 0.2574642358046425
0.5000000000000000 0.1178480546209530 0.2985475356816548
0.5000000000000000 0.1857514932387294 0.2038109051960863
-0.1245261537985040 -0.2859791390564365 0.5000000000000000
-0.2015913092579488 -0.1759061565284420 0.5000000000000000
-0.1317292172326547 -0.2081194521442110 0.5000000000000000
-0.2058962999848669 -0.3197501612934975 0.5000000000000000
-0.0492406898848565 -0.2292990322973292 0.5000000000000000
-0.4574828058981614 -0.3636592542557623 0.4906314729293202
0.5000000000000000 -0.3723642613501847 0.3527223787171861
0.5000000000000000 -0.3259207491776154 0.4306488909885514
-0.4311977516418456 -0.1953394619928747 -0.5000000000000000
-0.4001125675356834 -0.2946909433784723 -0.5000000000000000
-0.5000000000000000 0.2927201704881167 -0.2443843175825635
-0.5000000000000000 0.2547908744918159 -0.1807134942218707
-0.5000000000000000 0.2700847148357042 -0.2171730974315536
-0.3146533907620590 0.5000000000000000 -0.2959301390241527
-0.5000000000000000 0.1263686270759825 -0.1655047447142594
-0.5000000000000000 0.2922270293411451 -0.2009849718544487
0.4522200434363995 -0.4958197784269902 0.0819833521996299
0.1767785927559412 -0.5000000000000000 0.0966383628873680
0.4407014363767229 -0.5000000000000000 0.2673998218642525
0.3271384068227805 0.1304652445150798 0.5000000000000000
0.3677956162120467 0.1586712921332186 0.5000000000000000
0.2267283523988014 0.2211598799926906 0.5000000000000000
0.2815488221289917 0.1427389959680761 0.5000000000000000
0.3583379689802472 0.1795100548733826 0.5000000000000000
0.2213184544170022 0.0701791995005851 0.5000000000000000
0.5000000000000000 0.0642703902531505 0.4149453985763601
0.5000000000000000 0.1163733990398927 0.3460607980665200
0.3844296859625196 0.1385682397543833 0.5000000000000000
0.4463482557605020 0.5000000000000000 -0.4279235278054911
-0.5000000000000000 -0.1589797527934540 -0.1825555924443343
-0.0899541556694358 0.2659194059807692 0.5000000000000000
-0.0366522327354706 0.1007507685113924 0.5000000000000000
-0.1081299266093214 0.1308925611607071 0.5000000000000000
0.0337660729645156 0.2439484903040350 0.5000000000000000
0.1254942083323047 0.1390419792358291 0.5000000000000000
-0.0939223803912196 0.2213031028004145 0.5000000000000000
-0.1725341641953587 0.1681991070917193 0.5000000000000000
-0.5000000000000000 -0.3366714303999112 0.0635226989115120
-0.5000000000000000 -0.2293982482012276 0.0520065885583777
0.1540790656641500 -0.2473375598530723 -0.5000000000000000
0.2636783130132125 -0.2965384500952422 -0.5000000000000000
0.2800482784557581 -0.2940540455028523 -0.5000000000000000
0.2612901443002295 -0.2943613224733620 -0.5000000000000000
0.2761917662729606 -0.3124853701032026 -0.5000000000000000
-0.5000000000000000 0.4427189093314981 -0.4452043646334823
-0.5000000000000000 0.4484787863809499 -0.4545184090813021
-0.5000000000000000 -0.4516000953939819 0.0466836472510836
-0.4619495148008551 -0.5000000000000000 0.0499436062981249
-0.3976822066181703 -0.5000000000000000 0.1207778669002564
-0.5000000000000000 -0.4321038176826246 0.1151817786694763
-0.5000000000000000 -0.4218171795500119 0.0689995916947572
-0.3268097923144682 -0.5000000000000000 0.1364741409452223
-0.2395412392476151 -0.5000000000000000 0.1052808086298034
0.5000000000000000 0.3233991298992612 0.2412458349900324
0.5000000000000000 0.2845335315080636 0.2965617392813438
0.5000000000000000 0.3092993709715477 0.2200935864592798
0.5000000000000000 0.3210313307897112 0.2571902692626085
0.5000000000000000 0.3249322721435050 0.2546202306823858
0.5000000000000000 0.3486296521605161 0.2198215411147378
-0.5000000000000000 0.1108490432963948 0.1163457371943650
-0.5000000000000000 -0.0056402797839981 0.0753176639919907
-0.5000000000000000 0.0176435856399897 0.2548423294756398
0.5000000000000000 -0.1868090216735709 0.1409789595882824
0.5000000000000000 -0.1392818974916175 0.1273126653307466
0.5000000000000000 -0.1449683375394993 0.1476864457809846
0.5000000000000000 -0.4803109966940543 -0.4608657065191683
-0.4190101673505391 -0.5000000000000000 0.2317802662563829
-0.4380025163091644 -0.5000000000000000 0.2163715552319686
0.5000000000000000 -0.1869644947511783 0.1400307590254564
0.5000000000000000 -0.2415503179496959 -0.0632036485993501
0.5000000000000000 -0.1930614835033120 -0.0573192831777677
0.5000000000000000 -0.1551613338291286 0.0754059785410992
0.5000000000000000 -0.1916326136903350 -0.0198829485990069
0.5000000000000000 -0.0886507929433473 -0.0672602793154938
0.5000000000000000 -0.2668967849155814 -0.0396411857268608
-0.5000000000000000 0.3419960285057614 0.2229555169537994
-0.5000000000000000 0.2606963898822308 0.2186001848738308
-0.5000000000000000 0.3860688983779999 0.2205190886204759
-0.5000000000000000 0.2376245683330567 0.2685553999004985
-0.5000000000000000 0.1895122241835886 0.2635093213713861
0.4290398572927326 0.5000000000000000 -0.4216983191512854
-0.0299179699900673 0.4980877086041545 -0.4462154562342740
0.3218861612750157 0.5000000000000000 -0.3676039271439281
0.3279227339160193 0.5000000000000000 -0.4305991536246100
0.2369976788014947 0.5000000000000000 -0.3169107885579907
0.5000000000000000 0.4918920403435432 -0.3898859480389423
0.5000000000000000 0.4932464942023906 -0.4098783689964073
0.5000000000000000 0.4847431481440543 -0.4354033523174363
0.4268734805984031 0.5000000000000000 -0.4331544513447609
0.5000000000000000 0.4577414610175375 -0.3518039926343591
0.4687983566744379 0.5000000000000000 -0.4390524909246805
0.4173314143015239 0.5000000000000000 -0.4912918450680491
0.4430651190224520 0.5000000000000000 -0.4115520949431298
0.3277419140965688 0.4550224536693191 -0.5000000000000000
-0.5000000000000000 -0.2438464903521123 -0.4901635521093554
-0.5000000000000000 -0.2898003181728311 -0.4965528968223199
-0.4944451887291500 -0.3008538059860630 -0.5000000000000000
-0.5000000000000000 -0.2773460495521793 -0.4991031000166025
0.4899445461772813 -0.1002433385557323 -0.4198139738044724
0.5000000000000000 -0.0607243444176512 -0.2872795407013813
-0.0841761667839870 0.3307781898863084 0.5000000000000000
-0.0163541736367177 0.4019519048599747 0.5000000000000000
-0.1103165035465154 0.3004342868098358 0.5000000000000000
-0.2018798235988881 0.3137442562549471 0.5000000000000000
-0.0758209876071379 0.3039043740095500 0.5000000000000000
-0.5000000000000000 -0.2951594213200129 0.2331906169794306
-0.5000000000000000 -0.2726718069877676 0.1758140797258315
-0.5000000000000000 -0.3107458026676613 0.2166059249667403
-0.5000000000000000 -0.2852723209192045 0.1945638471922568
-0.5000000000000000 -0.2583148766213881 0.1418846725154246
-0.5000000000000000 -0.2741691870684393 0.2147600874670263
-0.5000000000000000 0.2077865970401761 -0.2966293462030389
0.2791527983246602 -0.4001745498501256 0.5000000000000000
0.5000000000000000 -0.4118749703243719 0.3207178938147810
0.5000000000000000 -0.3646801071397383 0.2339659302005360
0.5000000000000000 -0.1873824327728552 0.1411604099011963
0.5000000000000000 -0.2469380092218199 0.3375633672759669
0.5000000000000000 -0.3399661820938220 0.2690769591953145
0.5000000000000000 0.1932210914873043 0.0142070814905981
0.5000000000000000 0.2105952990647389 -0.1140315063860755
0.5000000000000000 0.2748364649134172 -0.0890091887709202
-0.5000000000000000 -0.0650833901904535 -0.3226908577494086
-0.5000000000000000 -0.0163275246236499 -0.3412411201571233
-0.1907592231652231 0.5000000000000000 -0.2276548466736645
-0.2735095236185798 0.5000000000000000 -0.2972810066900292
-0.1291366921159658 0.5000000000000000 -0.2422562546812292
0.5000000000000000 -0.0598318311153084 -0.2435944435027244
0.5000000000000000 -0.1017258651659302 -0.1872240900121153
0.5000000000000000 -0.1686650540956466 -0.3156985092584726
0.5000000000000000 -0.0582558063452632 -0.1911978309294574
0.5000000000000000 -0.0251064031674799 -0.1745575336928962
-0.1668481315282559 0.5000000000000000 0.1407079048323595
0.2691394676989092 -0.4047074337255097 0.5000000000000000
0.1046238679997947 -0.5000000000000000 0.2847666578144763
0.0526237619698180 -0.5000000000000000 0.3435190686862607
0.1910525046276572 -0.5000000000000000 0.3141633485097099
0.2386727959407645 -0.5000000000000000 0.4573371833326035
0.1684532228440347 -0.5000000000000000 0.3287382451775373
0.1172852335244574 -0.5000000000000000 0.2866762414648684
0.0615433283201693 -0.5000000000000000 0.2880603365052197
0.1508518081836529 -0.5000000000000000 0.3053810219166143
-0.0413514827281100 -0.5000000000000000 0.1808249022568969
0.1193301425348461 -0.5000000000000000 0.3052161682531582
-0.5000000000000000 -0.3116006910703662 0.2198894500251733
-0.3526910079720655 -0.5000000000000000 0.4090541010690185
-0.3759365693767354 -0.2510760800889271 0.5000000000000000
-0.5000000000000000 -0.3813016130650730 0.2986320107793674
-0.3227385475192139 -0.1778949457574074 0.5000000000000000
-0.5000000000000000 -0.3035562227403953 0.3381393592381025
0.5000000000000000 -0.4580152195490947 0.1072498049123711
0.4207533429444232 -0.5000000000000000 0.0559304292814249
0.5000000000000000 -0.4806749565141317 0.0482404437124415
0.4927454845600845 -0.5000000000000000 0.0609960953882347
0.5000000000000000 -0.4987819660387825 0.1044202268294025
0.5000000000000000 -0.4724284129890371 0.0709366776085514
0.5000000000000000 -0.4390507995991179 0.0356684356507189
0.2366299562010648 -0.5000000000000000 -0.2253900532686997
-0.0267449401311077 0.5000000000000000 -0.2623088389447066
-0.0825373284108721 -0.1128380401175678 -0.5000000000000000
0.3904893147658958 0.0654206997503179 -0.5000000000000000
0.3556688880778234 -0.0885464395519718 -0.5000000000000000
0.5000000000000000 0.1795447003012614 0.1818290166411941
0.5000000000000000 0.0714027553518864 -0.4253459646913201
0.5000000000000000 0.0738046272524861 -0.4504070437269197
0.5000000000000000 0.0596717476830422 -0.4250516178062876
0.5000000000000000 -0.0621081478527380 -0.4236997697050325
0.5000000000000000 -0.0024277334324328 -0.3586831923385968
0.5000000000000000 0.0844650741643031 -0.4297366215951948
0.5000000000000000 0.0606516843918037 -0.4317879184891866
0.5000000000000000 0.2189974491492840 -0.2163357077521211
0.5000000000000000 0.2769805973990292 -0.1917084176838099
0.5000000000000000 0.2441056318680658 -0.2909395052437350
0.5000000000000000 0.2996495605748364 -0.2434316597117678
0.5000000000000000 0.1876786532213441 -0.2504005489666579
-0.5000000000000000 0.0079693891179600 -0.0171957578220605
-0.5000000000000000 -0.0596169539407392 0.0011846447181946
-0.5000000000000000 -0.0032167293399966 -0.0940795960908732
-0.5000000000000000 0.0707000864723458 0.0497741838920611
-0.5000000000000000 -0.0128979857657224 0.0350219836648818
-0.5000000000000000 0.0997975682239620 -0.0562003880746095
-0.5000000000000000 -0.1857431868749795 -0.4768067830034879
0.1301971900549781 -0.5000000000000000 0.1309164876687213
0.2327948128945119 -0.5000000000000000 0.1854281371057574
-0.0079841367080886 -0.5000000000000000 0.0600978636840069
0.5000000000000000 -0.3654397834275770 0.2320607648279428
0.1463142335740667 -0.5000000000000000 0.1319894211352194
0.0195633980943569 -0.5000000000000000 -0.0106627321155451
0.2336374738853410 -0.5000000000000000 -0.0052416353640615
0.1878602476200805 -0.5000000000000000 0.1578585329637174
0.1015629552631347 -0.5000000000000000 0.0858142006540830
-0.0465868894290377 -0.5000000000000000 0.0981548235050854
-0.1338954588549586 -0.1151482084796320 -0.5000000000000000
-0.1207959142977983 -0.1995266377831234 -0.5000000000000000
-0.0903846024798594 -0.0412982055319305 -0.5000000000000000
0.2653807781522877 -0.1716048135604021 -0.5000000000000000
-0.1872357849689177 -0.0868751254824646 -0.5000000000000000
-0.1725785235459557 -0.1507975209367131 -0.5000000000000000
-0.1022682746327727 0.5000000000000000 -0.0480742922527671
-0.5000000000000000 -0.4184021313887042 0.4774740311993994
-0.4919522279864480 -0.3892317103636455 0.5000000000000000
-0.5000000000000000 -0.3636399412551820 0.4854928505502356
-0.2674988723295153 -0.3594468701397530 0.5000000000000000
-0.3673619673414413 -0.5000000000000000 0.4215784846523453
-0.5000000000000000 -0.4250880932836242 0.4499119014784295
-0.5000000000000000 -0.3540865645037227 0.4917306930888248
-0.4183847669923974 -0.3904440291174933 0.5000000000000000
-0.4430354133371792 -0.3337235679072597 0.5000000000000000
-0.5000000000000000 -0.3786081939869455 0.4293597114139373
-0.5000000000000000 -0.3498628025331205 0.4570331061474276
-0.5000000000000000 -0.3644954494304643 0.4716119109185689
-0.5000000000000000 -0.3767005125248183 -0.2827058913938844
-0.5000000000000000 -0.4364664946491517 -0.2856335613268758
-0.5000000000000000 -0.4525278891685336 -0.3266253013608836
0.5000000000000000 0.4924560506679165 -0.3604752845639033
0.5000000000000000 0.4736324713931918 -0.3826863417658619
-0.0829983330060720 0.1381211123913203 -0.5000000000000000
-0.3146696169509805 0.2044352606024123 -0.5000000000000000
0.4992851556055552 0.3978277555967116 0.4912784383444728
0.5000000000000000 0.2560340571695726 0.3763918950132091
0.5000000000000000 0.2608108674034259 0.4899255555549167
-0.1422453007613814 0.5000000000000000 -0.0829059738309917
-0.0021241569947424 0.5000000000000000 -0.0296270370071119
-0.1331898934598732 0.5000000000000000 0.0294101682313659
-0.1037283591744376 0.5000000000000000 -0.0997896170174164
-0.2093893100521003 0.5000000000000000 -0.0450142629666400
0.5000000000000000 0.0790913683323522 0.0116583620517159
0.5000000000000000 0.0738826376957860 0.0565592182212154
0.5000000000000000 0.0979531052042370 0.0537481878265348
0.5000000000000000 0.1028722865751948 0.0752668657019369
-0.1125463832375266 -0.5000000000000000 -0.4307488371062611
-0.2664486390098097 -0.5000000000000000 -0.4912020067806279
0.0051956006583850 -0.5000000000000000 -0.4442633652428820
0.5000000000000000 0.1513849708588177 0.0379629218562580
0.5000000000000000 0.0024776948768679 0.0363881365622394
-0.5000000000000000 0.1033207299482236 0.4383062144064033
-0.5000000000000000 0.0864426327272866 0.4395233484831661
-0.5000000000000000 0.1094365263248035 0.4363683162134503
-0.5000000000000000 0.1008642531385023 0.4372483850037072
-0.5000000000000000 0.1117629241932474 0.4304715294332943
-0.5000000000000000 0.1055942999162202 0.4297466897716841
0.1736802344879617 -0.5000000000000000 -0.1194495160578942
0.1721308522854511 -0.5000000000000000 -0.1337603905818060
0.1337334615706166 -0.5000000000000000 -0.1950892901776181
0.1402675723487311 -0.5000000000000000 -0.1355189354930726
0.1663673809039620 -0.5000000000000000 -0.1170404575007216
-0.5000000000000000 0.1833693557441443 0.3609406318668532
-0.5000000000000000 0.1412237513520381 0.3562239261490657
0.0534123015716117 -0.0356989114182980 0.5000000000000000
0.0452327839147498 0.0586287779053707 0.5000000000000000
-0.1265013531218059 -0.0493076143119743 0.5000000000000000
0.1022212257223551 0.0230543357833530 0.5000000000000000
0.0049832264203556 -0.0007180064882959 0.5000000000000000
-0.2679645748720090 -0.0287843076850956 0.5000000000000000
0.5000000000000000 0.2499224053297834 0.2440891776383669
0.5000000000000000 0.2393699215467391 0.2918147055792029
0.5000000000000000 0.2458667748540738 0.2259980369111126
0.5000000000000000 0.2478680270728024 0.2571974124350433
0.5000000000000000 0.1960718243945859 0.2454957804044117
0.5000000000000000 0.3378641375860119 -0.0922491955059404
0.2748906929553454 -0.2670211852818857 0.5000000000000000
-0.3798562544264065 0.2841228165245465 0.5000000000000000
0.2274769129399021 -0.4200460968629541 0.5000000000000000
0.2888869534039116 -0.4060427904272795 0.5000000000000000
0.2818479662701470 -0.3694129345648914 0.5000000000000000
0.2547984397452126 -0.3834202972138014 0.5000000000000000
-0.0636441670402380 0.0640240029777675 0.5000000000000000
-0.3485459881230465 0.0799436706724781 0.5000000000000000
-0.1724877952746525 0.0869605216368339 0.5000000000000000
-0.2630421278264641 0.1355709398762901 0.5000000000000000
-0.5000000000000000 -0.0615709080518190 0.0332511463915932
-0.5000000000000000 0.0202363741922030 -0.0364340447944154
0.5000000000000000 0.4661357027003416 -0.4079985764969518
-0.5000000000000000 0.2428112342914900 0.0886595232655019
-0.5000000000000000 0.2989926745275320 0.0814184024673088
-0.5000000000000000 0.2919203728088824 0.0473004945611466
-0.5000000000000000 0.2967203811382663 0.1305851877483299
-0.5000000000000000 0.2656388396493657 0.1342208498067598
-0.5000000000000000 0.2801894370911039 0.1198803083823558
-0.5000000000000000 0.2744516363178636 0.0552530007392414
-0.5000000000000000 0.3211518095886981 0.1393526282108207
-0.5000000000000000 0.3333493221173686 0.1085544704971184
0.5000000000000000 0.1349525490333020 -0.3453626781378039
0.5000000000000000 0.0333576013223868 -0.2505358112327987
0.5000000000000000 0.1181399810955445 -0.3972076149483524
0.5000000000000000 -0.1080828650584379 -0.4345481901843681
-0.2470390705509834 -0.5000000000000000 -0.1319073004435329
-0.3053745198932463 -0.5000000000000000 -0.0369131107349339
0.4164805222883988 0.3755909019498664 0.5000000000000000
0.4921838217241327 0.3793911404191271 0.5000000000000000
0.4847042116301445 0.4003199303486182 0.5000000000000000
0.3167890133940909 0.5000000000000000 0.4768065662519382
-0.5000000000000000 -0.3626943746827847 -0.4564003163471859
-0.5000000000000000 -0.4396158128609149 -0.4642424068165911
-0.5000000000000000 0.0056241147025474 -0.3858596833944458
-0.5000000000000000 -0.1296039564530294 -0.4284023397661961
-0.4136345463313950 -0.0045955708653101 -0.5000000000000000
-0.5000000000000000 -0.2890956066007776 0.1670764773417478
-0.5000000000000000 -0.1658783669323975 0.0993054347506851
-0.0663614699417652 0.5000000000000000 -0.4275347663302801
-0.0416529853039982 0.4537767006697213 -0.5000000000000000
0.0593662632194886 0.4670101288106656 -0.5000000000000000
0.5000000000000000 0.1092649302809355 -0.4920224071814325
-0.3986716187285617 0.0367397722023182 0.5000000000000000
-0.5000000000000000 -0.0591551569552190 0.4501348676319692
-0.5000000000000000 -0.0316988735797277 0.4686509024035322
-0.3786497087118567 -0.1187964691470997 0.5000000000000000
-0.3288850889698676 -0.1650369534457437 0.5000000000000000
0.0488037134177781 0.5000000000000000 0.4676575676321049
-0.0286638913851234 0.5000000000000000 0.3932242644469328
0.0711386251401319 0.5000000000000000 0.3372273950438806
0.1679673005642708 0.5000000000000000 -0.1996647634149776
-0.0103004791927233 0.5000000000000000 -0.2588699491246513
0.1354351181254911 0.5000000000000000 -0.1622288951519267
0.0980158083901697 0.5000000000000000 -0.0973917923055452
0.5000000000000000 -0.0766004436020262 -0.2818160035278193
0.2677626315746554 -0.5000000000000000 -0.0700896508859477
-0.5000000000000000 -0.1795678916322091 -0.4944075697202033
-0.5000000000000000 -0.1737969485369338 -0.4545327557107667
-0.4383368592205699 -0.1888941359650854 -0.5000000000000000
-0.5000000000000000 -0.2080890204592372 -0.4500504273198994
-0.4592856517408546 -0.1150336459630269 -0.5000000000000000
-0.3311607170188670 -0.1848173057267658 -0.5000000000000000
-0.4602441309883369 -0.1865289432199914 -0.5000000000000000
-0.5000000000000000 -0.2454915509286714 -0.3831959052848880
-0.1319413473011657 0.5000000000000000 0.3849223164588874
-0.0208683121907058 0.5000000000000000 0.4428278897002819
-0.2003664699458589 0.4986993097979861 0.2993220527508447
-0.1209982264760589 0.5000000000000000 0.3834509200880353
-0.1084925880946427 -0.5000000000000000 -0.4137434784171562
-0.3356478223097145 -0.5000000000000000 -0.4568288921478369
-0.5000000000000000 -0.0838072746124549 0.0375826337455704
-0.5000000000000000 -0.1678538968595757 0.0209485198534933
-0.5000000000000000 -0.1067588619793780 -0.0677071855937134
-0.5000000000000000 -0.1375028764226603 0.0028267037463830
-0.5000000000000000 -0.3435235486242898 -0.2827543023643719
-0.5000000000000000 -0.3360577658867813 -0.2706762600791481
-0.5000000000000000 -0.3290748498545082 -0.2885249637844283
-0.5000000000000000 -0.3433460055918759 -0.2987042458552589
-0.5000000000000000 -0.3488299016347059 -0.2874436244160952
-0.5000000000000000 -0.3588366296535767 -0.2462979270462929
-0.5000000000000000 -0.3436590284088779 -0.2723539976792936
-0.5000000000000000 -0.3139354261194121 -0.3035323818279139
-0.3014610835670131 0.5000000000000000 0.4169747229912459
-0.1177687223325729 0.4294847860202096 0.5000000000000000
0.0675190064336999 0.3193236083382113 0.5000000000000000
-0.1515041014178496 0.3975797068227965 0.5000000000000000
-0.1154640263503826 0.4498174792220656 0.5000000000000000
-0.4266157853783644 0.5000000000000000 0.3377059286365766
-0.5000000000000000 -0.0088596536598703 -0.1598957479215053
-0.5000000000000000 -0.0341174687986055 -0.2161231675881526
-0.5000000000000000 -0.0113695210739680 -0.2408973807907660
-0.5000000000000000 0.0031089591066197 -0.1072982582294079
-0.5000000000000000 -0.0290571411615704 -0.1442115816554389
-0.5000000000000000 -0.0063039913036246 -0.1434818143252550
-0.5000000000000000 0.1240781658863466 -0.3478736109918943
-0.5000000000000000 -0.0098706302568553 -0.3506358629226594
-0.5000000000000000 0.0755480019739475 -0.4001928389702330
-0.5000000000000000 0.0130576040597648 -0.3582452094313441
-0.5000000000000000 0.1033107907328457 -0.3783932059505263
-0.5000000000000000 0.0504721446468537 -0.3681563501568427
0.5000000000000000 -0.0028908463853956 0.1407327645620038
0.5000000000000000 -0.0125790672795098 0.0777691621318346
0.5000000000000000 0.0809872973707680 0.2045558843461563
0.5000000000000000 -0.0485855118215156 0.4434613493961717
0.5000000000000000 0.0173124004172488 0.3675076433807850
0.5000000000000000 0.0851332591500195 0.3165778282048263
0.2725299869881544 0.5000000000000000 0.0974745354520349
0.3969798845173456 0.5000000000000000 0.2360866314192498
0.0733603006279670 0.5000000000000000 -0.0030152906624926
0.5000000000000000 0.1630139507723267 0.0582602267443529
-0.1284780937645424 -0.5000000000000000 -0.4060982422082535
-0.3406702929460524 -0.5000000000000000 -0.4210322964839578
-0.0512572846205334 0.1511727627123960 -0.5000000000000000
-0.0166999524893143 0.1202410725369027 -0.5000000000000000
-0.0404121040711602 0.1356097935559979 -0.5000000000000000
-0.0266341144222060 0.1551886057365291 -0.5000000000000000
-0.0389859734864986 0.1031190922151759 -0.5000000000000000
-0.0927732265562959 0.1200792752999024 -0.5000000000000000
-0.2981299113665489 -0.5000000000000000 0.4086668060526437
-0.3051300775411250 -0.5000000000000000 0.4001868431161676
-0.5000000000000000 0.4529233682076325 -0.0425664651829161
-0.5000000000000000 0.4035893157719260 -0.0623928210464979
-0.3918684601446236 0.5000000000000000 0.0880024452827635
0.0375431717471664 -0.5000000000000000 0.4296930739057935
-0.0425644477344166 -0.5000000000000000 0.3893549740922678
-0.0492054702112273 -0.5000000000000000 0.3794319930745883
0.0181058386300326 0.0687465790339642 0.5000000000000000
-0.1078923075107309 -0.0105215414794898 0.5000000000000000
0.0558565438680548 0.0445299577723336 0.5000000000000000
-0.0155727007694301 0.0318063512507636 0.5000000000000000
-0.2334449384988370 -0.0083195766059903 0.5000000000000000
0.5000000000000000 0.2336496136611497 0.3654646889158568
0.5000000000000000 0.2356499948487988 0.3422530204997384
0.5000000000000000 0.3221116158402956 0.3603679889517893
0.5000000000000000 0.1847837572575804 0.3374109142520176
0.5000000000000000 0.2143706432760740 0.3467794491340384
0.4880319186269236 0.2204977726707072 0.5000000000000000
0.5000000000000000 0.2633221889222919 -0.0505712030038445
0.5000000000000000 0.2648098668178739 -0.0459994350815993
0.5000000000000000 0.2558405148592643 -0.0411016878371268
0.5000000000000000 0.2660993745038940 -0.0520474940018499
0.5000000000000000 0.2621957008603333 -0.0544026865395889
0.5000000000000000 0.2665826673350785 -0.0527526440557096
0.5000000000000000 0.2658508599283405 -0.0507043796769873
-0.4843261970673658 -0.1376664664310742 -0.5000000000000000
-0.5000000000000000 -0.3756797363279358 -0.1273345947036361
-0.5000000000000000 -0.4442899184606486 -0.0310710169620970
0.5000000000000000 0.2314860061104936 0.4776417088657016
0.3831153345176408 0.2434110305799809 0.5000000000000000
0.4703728307429121 0.2336612197670770 0.5000000000000000
0.5000000000000000 0.1629983683315016 0.4578672949861821
0.5000000000000000 0.1730050910856147 0.4069646673268233
0.4622305921050224 0.2192494668268421 0.5000000000000000
0.2176838905330476 0.5000000000000000 -0.1954512628416369
0.1853646474344841 0.5000000000000000 -0.2100217232128796
0.2093744442848555 0.5000000000000000 -0.2171379318620667
0.5000000000000000 0.4821298019884966 0.1001253169547913
-0.5000000000000000 0.1471213441027383 0.0395311332206579
-0.5000000000000000 0.1972910803972422 0.1374579911612687
-0.5000000000000000 0.1277500435514268 0.1670266443101323
0.3345000939190809 0.5000000000000000 -0.0803549998229900
0.3525518944611500 0.5000000000000000 -0.3334465225627984
0.2863191759531778 0.5000000000000000 -0.2294705541753634
-0.2468543305566037 -0.5000000000000000 0.3201027305750094
-0.2319757595114018 -0.5000000000000000 0.3336012612611479
-0.2348351894865399 -0.5000000000000000 0.3298092168273155
0.5000000000000000 0.4473871591381065 0.2018862632247420
-0.4206930499470602 -0.4523816375920409 -0.5000000000000000
-0.5000000000000000 -0.0655242681272149 0.0505222274308975
-0.5000000000000000 -0.0809340102481347 0.0650345276654460
-0.5000000000000000 -0.0633249072719597 0.0972487480331070
-0.4522649731945965 -0.5000000000000000 -0.0095903376445564
-0.4745849667701786 -0.5000000000000000 0.1182108032755393
-0.1074643998716126 -0.3944052374967126 0.5000000000000000
0.4170052972574230 -0.5000000000000000 -0.1404632935167322
0.3768088845617393 -0.5000000000000000 -0.1681051765061952
-0.1985702328003510 -0.3587517295432920 0.5000000000000000
-0.2073448594444951 -0.3573060802909774 0.5000000000000000
0.5000000000000000 0.4606910741021942 -0.4429207414629377
-0.5000000000000000 0.2608104857431439 0.4199522577562306
-0.5000000000000000 0.2699916668094492 0.4300026754961659
-0.5000000000000000 0.2580889167904370 0.4110328396342206
-0.4185850141660371 -0.5000000000000000 0.1695104466745153
0.5000000000000000 -0.0661964460778128 -0.0769837492281347
-0.0343158933025836 0.5000000000000000 0.2709343276454798
0.1146784813763946 -0.4955589738672828 -0.2379418940931801
0.0919006865030029 -0.5000000000000000 -0.4036908299217588
0.3919549427783389 0.5000000000000000 0.2602413102190098
0.1391092596851490 0.3266286285234572 0.5000000000000000
0.5000000000000000 0.4082467752592036 0.3691791308893143
0.3251413899017065 0.3147751845089667 0.5000000000000000
0.1768415973060121 0.4243877407194065 0.5000000000000000
0.2057229915652865 0.4179093441911845 0.5000000000000000
0.2656672962884508 0.5000000000000000 0.4650228002298363
0.5000000000000000 0.4793613156090835 0.4041800408275833
-0.2537741579292471 0.2402686776514644 -0.5000000000000000
-0.1359142571566944 0.4287906184181564 -0.5000000000000000
0.3229318664894714 0.5000000000000000 -0.0391477169397144
0.3465092971833292 0.5000000000000000 -0.0604001412531227
0.5000000000000000 0.4440972715376655 -0.0593465929691628
0.3698788620080681 0.5000000000000000 -0.0302626851291563
0.3452719596467402 0.5000000000000000 -0.0659632258676865
0.5000000000000000 0.0150487159695828 -0.2129375273766000
-0.0855709062625143 -0.5000000000000000 -0.0915483427323602
-0.2878326174978328 -0.5000000000000000 -0.3260794138527376
-0.2905258482187737 -0.5000000000000000 -0.1615457260478580
-0.5000000000000000 -0.3897723733958505 -0.1956643567407264
-0.3991904200608001 -0.5000000000000000 -0.1626692854587166
-0.5000000000000000 -0.2932357409915786 -0.3232864158173043
-0.5000000000000000 0.3558280073040020 -0.4257427828052917
-0.5000000000000000 0.3678873010099172 -0.4342157550216900
-0.5000000000000000 0.3612334824335992 -0.4386076683863842
-0.5000000000000000 0.3632877987242942 -0.4349338362846494
-0.5000000000000000 0.3534629101711956 -0.4323792568152392
0.5000000000000000 -0.0822281375843858 0.3885728204129641
0.5000000000000000 -0.3251236074401019 0.0595018079682417
0.5000000000000000 -0.1872225553135314 0.1403404944829029
0.5000000000000000 -0.2800514693758416 -0.0771823482208158
0.5000000000000000 -0.2295636658952153 -0.0740385911478497
0.5000000000000000 -0.2450093036882514 -0.0282378889004317
0.5000000000000000 -0.3188319306093914 -0.0498707982307188
-0.2562033641699806 -0.1272876151127631 0.5000000000000000
-0.3534943907442239 -0.0599560321132235 0.5000000000000000
0.3427368689619280 0.0231897331657893 0.5000000000000000
0.5000000000000000 0.2629021626703335 -0.3541299456261329
0.5000000000000000 0.4083267363682852 -0.4588951510988354
-0.3719721929079641 0.5000000000000000 0.4286447563748672
0.5000000000000000 0.0401390809492259 0.1421864327717394
0.5000000000000000 0.1605675699797239 0.0686150255894674
0.5000000000000000 0.0281346026023880 0.0903125670149661
0.5000000000000000 0.0989992224327415 0.1124390766026887
0.5000000000000000 0.0973117673379418 0.1977202865539724
0.3578873816670070 0.0898186991089427 -0.5000000000000000
0.5000000000000000 0.0794234427766281 -0.4767925659767115
0.4443396398450086 0.1042190551008189 -0.5000000000000000
0.4423631626365030 0.0878962189146794 -0.5000000000000000
0.4276915696407071 0.1147481289830177 -0.5000000000000000
0.4514201480183678 0.0740170344888455 -0.5000000000000000
0.4485196690031845 0.1534437866761100 -0.5000000000000000
0.5000000000000000 0.1072642841566269 -0.4571916880608745
0.4357209991395340 0.0717152871094254 -0.5000000000000000
-0.5000000000000000 0.1097357444640173 -0.0638580312780016
-0.5000000000000000 0.0979137365043892 -0.1563322450764625
-0.1494025002463458 -0.5000000000000000 -0.0069997567938790
-0.0510409151309603 -0.5000000000000000 -0.0692242467488051
-0.0393698110456975 0.3060633092409769 -0.4966198500224502
-0.2647284049251154 0.2295710095578601 -0.5000000000000000
0.5000000000000000 -0.0502388045123239 0.4472932152536949
0.5000000000000000 -0.0632616404733833 0.4490056183088572
0.5000000000000000 -0.0580415831185940 0.4343076742865571
0.5000000000000000 0.4399583610198206 0.1398586828261711
0.5000000000000000 -0.0722325217090090 -0.0736815350978687
-0.0822903817548686 0.0482749568257023 -0.5000000000000000
-0.3653954665274846 0.0387473433305604 -0.5000000000000000
-0.5000000000000000 0.2845158367670309 -0.2762651689849294
-0.5000000000000000 0.3067745849787019 -0.2756677267868013
-0.5000000000000000 0.3226574971844001 -0.2385882041579797
-0.5000000000000000 0.2972194295291410 -0.2635574693841863
0.1292701201959463 0.5000000000000000 0.0919565313171122
0.3483447460827680 0.5000000000000000 0.0500237181589587
0.1766070014393080 0.5000000000000000 -0.0150567404969870
0.3683635914610748 0.5000000000000000 0.1018085164729099
0.0108243266208144 -0.5000000000000000 0.4592850184741227
-0.1029323822807655 -0.5000000000000000 0.4506373556978094
-0.1206900079733265 -0.5000000000000000 0.4638441815445461
-0.2605114931943273 -0.5000000000000000 0.0044626783721694
-0.1647702498921476 -0.5000000000000000 0.0221078593183788
-0.1609871799504035 -0.5000000000000000 -0.0040753812496761
-0.5000000000000000 -0.4895416865788039 0.1769037374616899
0.5000000000000000 -0.3182206052945890 -0.2188461779494597
0.5000000000000000 -0.3107101981611822 -0.1108702825138697
0.5000000000000000 -0.3891610895985930 -0.2072678737939918
0.5000000000000000 -0.3545649931013808 -0.0896239597961511
0.0777019640724231 -0.5000000000000000 -0.4201310797651159
-0.3717329213088589 0.0719727322490158 0.5000000000000000
-0.3841999998983082 0.0000136054739393 0.5000000000000000
-0.2038264566377171 0.0752654863516090 0.5000000000000000
-0.3154605562489980 -0.0133266643208987 0.5000000000000000
0.5000000000000000 -0.4683837739035560 0.3061242574576638
0.5000000000000000 -0.3737131932015092 0.3845250509172269
0.2413674047133055 -0.5000000000000000 -0.1113139975237616
0.2420387774115966 -0.5000000000000000 -0.2058779283966845
0.5000000000000000 0.1884284474820774 -0.0651940563499716
0.1897848973503752 0.1284758854003266 -0.5000000000000000
0.2705880934951280 0.2637286708293208 -0.5000000000000000
0.2905048866508670 0.2009130967451181 -0.5000000000000000
0.1775017583520385 0.2404813397807836 -0.5000000000000000
0.3742612690729353 0.2469112596030056 -0.5000000000000000
0.2410476480079923 0.3092900876330458 -0.5000000000000000
0.0039634336848634 0.4770362376241022 0.5000000000000000
0.0756620416280397 0.4048461277506701 0.5000000000000000
0.0270320310199970 0.5000000000000000 0.4740452174040716
0.0612722242427522 0.4808964446023888 0.5000000000000000
0.0596718175152864 0.5000000000000000 0.4805725315908187
0.0003709587478669 0.4838685219242300 0.5000000000000000
0.0407522069473739 0.4972078262975050 0.5000000000000000
0.1496761404632597 0.5000000000000000 0.4756451194698785
0.0296531889024180 0.5000000000000000 0.4030646365283650
-0.0828951144767613 -0.2808434629151559 -0.5000000000000000
0.3134762858356750 -0.1772542796615594 -0.5000000000000000
0.5000000000000000 0.0218179975955396 -0.2310940487635771
-0.5000000000000000 -0.2838461811939237 -0.3292382768182340
0.5000000000000000 -0.4993665203361469 0.2928384308977461
-0.5000000000000000 -0.2147724104592949 -0.2041772679419807
-0.5000000000000000 -0.1112752841793290 -0.2409759513413104
-0.5000000000000000 -0.1552023342429024 -0.1965296987417061
-0.5000000000000000 -0.1378755775320847 -0.1790412767094878
-0.5000000000000000 -0.1549281449211259 -0.1176278710099127
-0.5000000000000000 0.2207010050978018 -0.0561967556659744
-0.5000000000000000 0.1122279422698202 -0.0581412134427427
-0.5000000000000000 0.2289828341820108 0.0248857387614746
-0.5000000000000000 -0.1180669154582041 -0.3905460099911142
-0.5000000000000000 -0.0828362567395796 -0.3915949657947411
-0.5000000000000000 -0.1445133429746694 -0.4340971863164126
0.3540627384083981 0.5000000000000000 0.2249064831125222
0.3987324765204440 0.5000000000000000 0.2479255232865853
0.3882811698633372 0.5000000000000000 0.2472731653318601
0.4101936445059559 0.5000000000000000 0.2251590549963310
0.3640113807488471 0.5000000000000000 0.2535270935119228
0.5000000000000000 -0.4433889865887190 0.1317818092008504
0.5000000000000000 -0.3927202210710574 0.0802034623720851
-0.5000000000000000 0.4046927045805793 -0.0030214004493492
-0.5000000000000000 0.4694201202669683 -0.0501409110433113
-0.5000000000000000 0.4426307398896643 0.0542156059929945
-0.5000000000000000 -0.3595122483639656 -0.1358352380949346
-0.5000000000000000 -0.3172515071310151 -0.2266847866676260
0.5000000000000000 0.3080182857507031 0.0247408214284923
0.5000000000000000 0.2164800375759648 0.1447079422551009
0.5000000000000000 0.1748948006542577 -0.3437864647272936
0.5000000000000000 0.1779844687825058 -0.2025467938949415
0.5000000000000000 0.2317850374914679 -0.2994312388535229
0.5000000000000000 0.1332170021310798 -0.2521705499760970
-0.5000000000000000 0.3701649816337560 -0.0156018043962399
-0.5000000000000000 0.3751366529510806 0.0081253052581291
-0.5000000000000000 0.3656003434820111 0.0373579094697517
0.3037066931902997 -0.5000000000000000 -0.0956811639082507
0.5000000000000000 -0.4547751714665000 -0.1487506594473400
0.5000000000000000 -0.4341601870832733 -0.1208932975066703
0.5000000000000000 -0.4042039311712549 -0.2024995043840747
0.5000000000000000 -0.4653030696915340 -0.1261267839093774
0.5000000000000000 -0.3848399890304345 -0.0900058372567825
-0.1935092037265581 0.5000000000000000 -0.4983071695565162
-0.2241340903870788 -0.5000000000000000 0.4997519592974095
0.2078722097055372 0.0730644649959115 -0.5000000000000000
0.1337197301065448 0.1231784442121766 -0.5000000000000000
0.1882278873173181 0.0967198806332048 -0.5000000000000000
0.5000000000000000 -0.0270500643532339 0.1418265843120806
0.5000000000000000 -0.0242995369084778 0.2071158862726602
0.5000000000000000 -0.1186715351447215 0.1307410825610478
0.5000000000000000 -0.1267159324763731 0.1492798986107715
0.5000000000000000 -0.0176402962553964 0.2574410126607070
-0.5000000000000000 0.3046180719662951 -0.1243594091535526
-0.5000000000000000 0.3155915445605136 0.0030882193758962
-0.5000000000000000 0.4232830898371385 -0.0691176814264133
-0.5000000000000000 0.4702248642706975 0.2082347652743224
-0.5000000000000000 0.4434379452387185 0.1353401419681822
-0.5000000000000000 -0.3069872822136748 -0.2846671751455204
-0.5000000000000000 -0.1782910638909397 -0.3250053869903672
0.3369502189807333 -0.0726722762553089 0.5000000000000000
0.4369172112176052 0.0025112854594001 0.5000000000000000
0.2689405734923851 0.0944954630647368 0.5000000000000000
0.2044012192207832 0.0356742586036007 0.5000000000000000
0.5000000000000000 0.0024420819876210 0.3982507481145598
0.4373335140339122 -0.0557465598591480 0.5000000000000000
0.4595721752627680 0.0260935256327560 0.5000000000000000
0.0446050545969894 -0.5000000000000000 0.4679395357684573
-0.1780948515702074 0.5000000000000000 -0.4713673477971403
-0.2865472703706996 0.5000000000000000 0.2944437496706761
-0.3969372951400182 0.5000000000000000 0.3323529296975033
-0.5000000000000000 0.4320601760638158 0.0802129889740755
0.1811175632763489 -0.4993901118988467 0.5000000000000000
0.4113384139510832 -0.5000000000000000 0.3568877895885030
-0.5000000000000000 -0.3534601789329319 -0.1231527949840134
-0.5000000000000000 -0.3814481483232197 -0.1533558587597125
-0.4336384559284571 -0.5000000000000000 -0.1310345022002184
-0.5000000000000000 -0.3658770763780139 0.0905732000378115
-0.5000000000000000 -0.4446074174957400 0.1685177592216593
-0.5000000000000000 0.2710104072287424 -0.1331406217203494
0.3259335086312645 0.5000000000000000 -0.4711241519925279
-0.0915446243647933 0.3136582287573575 -0.5000000000000000
-0.5000000000000000 -0.1011254867274085 0.1351013470139635
-0.5000000000000000 -0.0344769310251573 0.2368321366091191
0.5000000000000000 0.1731887801037746 0.0152018958569505
0.5000000000000000 0.1652440722992936 -0.1305853771308634
0.4975895024134590 0.0350338028843537 -0.0529471119570454
-0.3284329916803536 0.5000000000000000 -0.0856299722172971
0.5000000000000000 -0.1518894413855162 -0.4400049210132091
0.4838339502830818 -0.0960147395708924 -0.5000000000000000
0.3266487249035491 -0.1752409097583826 -0.5000000000000000
0.4958192087836830 -0.1907734069101962 -0.5000000000000000
0.4492547508355083 -0.1008406611242617 -0.5000000000000000
0.2270726284894201 -0.3409685955621411 -0.5000000000000000
0.1602109619482547 -0.4056561512075912 -0.5000000000000000
0.2795112764051924 -0.3829441266265508 -0.5000000000000000
0.5000000000000000 -0.3774295358818128 0.2388420372778902
0.5000000000000000 -0.3718294804390208 0.2264596638137773
0.5000000000000000 -0.3598919858698463 0.2345466988229254
0.5000000000000000 -0.3643615614169115 0.2296519321253285
0.5000000000000000 -0.3659006343026180 0.2245085709584373
-0.5000000000000000 0.2769794351644257 -0.1213058255665785
-0.5000000000000000 0.2909458845438183 -0.0081260861553444
-0.5000000000000000 0.2691123392341813 -0.0317932357727787
0.1030881618954068 -0.5000000000000000 0.4531565525506146
0.1955769317159623 -0.1588786336469504 0.5000000000000000
0.2995715657132992 -0.2314784923992825 0.5000000000000000
0.2400841451590963 -0.0726032786375240 0.5000000000000000
-0.1332025586035267 0.5000000000000000 0.0294166423095632
-0.3825201105062674 0.5000000000000000 0.0871831664990330
-0.3275140175771492 0.5000000000000000 -0.0254742405696812
0.5000000000000000 -0.0340143026342768 0.0783829177549704
0.5000000000000000 0.0677349790367455 0.2053970371626460
-0.5000000000000000 -0.3263838568244306 0.2042193899567668
-0.5000000000000000 -0.3263165388209153 0.1341704377382346
-0.5000000000000000 -0.3026036537165951 0.1836481071729214
-0.5000000000000000 -0.2719754052607410 0.1365945094486313
-0.5000000000000000 -0.3239937471581137 0.1856404672667486
-0.5000000000000000 -0.2923176067829795 0.2024465503551806
-0.5000000000000000 -0.3732713452674356 0.1843011729832223
-0.5000000000000000 0.1666606561294354 -0.0869642582063370
-0.5000000000000000 0.2799025823724479 -0.1564041935195729
-0.5000000000000000 0.1478305794775480 -0.1524142609882010
-0.5000000000000000 0.2933756032702253 -0.1447872148312121
-0.5000000000000000 0.2976656605555393 0.0194664318435708
-0.5000000000000000 0.3106397874721236 0.0211632707489793
0.1749164751657009 0.0238987705020844 0.5000000000000000
0.0301743427032064 -0.1477977373853409 0.5000000000000000
0.1689482604392328 -0.1733984748089935 0.5000000000000000
0.0801262337567241 -0.1921763274702110 0.5000000000000000
-0.2982559246994187 0.3553265543770298 0.5000000000000000
-0.3461076232388763 -0.5000000000000000 0.3888665009909670
-0.2729435150783862 -0.5000000000000000 0.2025376228607511
-0.5000000000000000 -0.4219515960087898 0.2611663441776301
0.1109695573451999 0.2835309083027193 0.5000000000000000
0.0875848568613448 0.2850066680027918 0.5000000000000000
-0.5000000000000000 0.2362325661078032 -0.3712554826199891
-0.5000000000000000 0.2347441379602364 -0.2897725176147533
-0.5000000000000000 0.1081712111228830 -0.1723315118676355
0.3528630252101260 0.4055226502085008 -0.5000000000000000
0.0900163188931455 -0.5000000000000000 0.4649280144037187
0.0829133551425766 -0.4028773102277218 0.5000000000000000
0.1138218898966881 -0.4790837622419949 0.5000000000000000
0.0242203456716438 -0.4563338865169062 0.5000000000000000
0.5000000000000000 -0.0767361940744205 -0.3082466685192287
-0.5000000000000000 0.3793889067769726 0.4901161449850513
-0.0874945192785248 -0.0485946544875421 -0.5000000000000000
0.0959351816100217 -0.0217027374150845 -0.4954755813023708
0.5000000000000000 -0.4863062795758453 0.2713150256297578
-0.5000000000000000 -0.0702747566772583 0.4772116320208621
0.0927796189682319 -0.5000000000000000 -0.2336302788775786
0.0413073521247032 -0.5000000000000000 -0.1909966449596284
-0.0081048939969134 -0.5000000000000000 -0.2221353574569815
0.0339418772873708 -0.5000000000000000 -0.2255903359484819
-0.0139971965610410 -0.5000000000000000 -0.2573430452218416
-0.5000000000000000 0.0912540133345713 -0.1645336739221996
-0.1329663521025347 0.2639915770370935 0.5000000000000000
-0.2649517036454400 0.1908558860801399 0.5000000000000000
0.0144516264853971 -0.5000000000000000 -0.1160277632063258
-0.1352278637117350 -0.5000000000000000 -0.0526870142496049
-0.0593657710916333 -0.5000000000000000 -0.0531701453024480
-0.0118975715119781 -0.5000000000000000 -0.0632116835655912
-0.0527132641053273 -0.5000000000000000 -0.0971169998838363
-0.0566509998189551 -0.5000000000000000 -0.0681146002734785
-0.5000000000000000 -0.3330016826799370 0.0214437993666959
-0.5000000000000000 -0.3702805608532951 -0.0463560234822732
-0.5000000000000000 -0.2395903384135349 0.0030515695027109
-0.3910481047901350 0.5000000000000000 0.1069902955809317
-0.5000000000000000 0.3060136766991132 0.1837184812498842
-0.5000000000000000 0.3998406677503881 0.3121629520721139
-0.4273169962779394 0.5000000000000000 0.3371331163471901
0.0325386296020992 0.5000000000000000 0.0089832937143298
-0.0335580003116779 0.5000000000000000 0.0031626744110442
0.1600327485437147 0.5000000000000000 -0.0054400997153813
0.0821278320893702 0.5000000000000000 -0.0370881651905086
0.0595640279436836 0.5000000000000000 -0.0114504494055491
0.0243725124168851 0.5000000000000000 -0.0246572456585193
-0.1413184930048950 0.5000000000000000 -0.4765665671514728
0.5000000000000000 -0.2836023756544517 -0.4654399938579799
0.5000000000000000 -0.2055960791072242 -0.3669568112923781
0.5000000000000000 -0.3098693848855081 -0.4844662112779485
0.2109232903760186 0.1533525199880138 0.5000000000000000
0.5000000000000000 -0.2858545022422584 -0.3064096264878051
0.5000000000000000 -0.2752840020376037 -0.3577985579488173
0.5000000000000000 -0.2429490089674248 -0.2311335423484861
0.4926006578502419 -0.1822698135926641 -0.3312633793429773
-0.1466475800167563 -0.5000000000000000 0.1121421700522113
-0.2041047194468520 -0.5000000000000000 0.1140282767105418
0.0089247636228952 0.5000000000000000 0.1080885675172043
0.1105814623304956 0.5000000000000000 0.2203030567828738
0.0882647659803822 0.5000000000000000 0.2611811135224024
-0.5000000000000000 0.1074768023157099 -0.0602025782497740
-0.5000000000000000 0.0964099023809716 -0.1516282308727157
0.5000000000000000 0.2349515447822686 0.0259992823664904
0.5000000000000000 0.1716728923729875 0.0543660403481377
0.5000000000000000 0.1825751823475462 0.0990713925863902
-0.1331851905646292 0.5000000000000000 0.0294244880161130
-0.1331994613722707 0.5000000000000000 0.0294446280216153
-0.1331915707277734 0.5000000000000000 0.0294191243691649
-0.1332187146975677 0.5000000000000000 0.0294112261964494
-0.1331900200207678 0.5000000000000000 0.0294241498713553
-0.5000000000000000 -0.0346970248827770 0.4915888342611827
-0.0113677095243783 0.5000000000000000 0.2259535729035940
-0.0338479301838032 0.5000000000000000 0.1057411784305506
-0.5000000000000000 -0.4139064211906156 -0.4232442010836411
-0.0004447366247433 0.5000000000000000 -0.2746711841265548
0.3160339503803111 0.5000000000000000 -0.3448878558919051
0.2110268716088798 0.5000000000000000 -0.2598685146566652
0.5000000000000000 0.3310779735254175 -0.0308911691946404
0.5000000000000000 0.3744598992901431 0.0006006481879140
0.5000000000000000 0.3311029761406089 -0.0400462618788171
0.5000000000000000 0.3809345641667655 0.0387470556607270
0.5000000000000000 0.3317866826148349 -0.0135147708627657
-0.3357025015867222 0.5000000000000000 0.1079016761905481
-0.1981776352908416 0.5000000000000000 0.1519667455441638
-0.0895762271753648 0.5000000000000000 0.2026209904864650
-0.1381995565828539 0.5000000000000000 0.1359685416321606
0.5000000000000000 -0.3214370454238921 -0.3165683112560509
0.5000000000000000 -0.3758816352191746 -0.2407388423422313
0.5000000000000000 -0.3895954422498367 -0.3454733459324808
0.1411953244968719 -0.5000000000000000 -0.2364117042312585
-0.2457578331760600 0.5000000000000000 -0.4691216632233430
0.5000000000000000 -0.0132004776253096 -0.2343273895705402
0.3218082088891805 -0.1767468077251384 -0.5000000000000000
-0.1250361827232019 -0.5000000000000000 -0.3980427538048821
-0.3134118680734969 -0.5000000000000000 -0.3953755064151269
-0.2097125480491989 -0.5000000000000000 -0.3210692889394188
-0.1629022828753790 -0.5000000000000000 -0.3525652181731954
-0.5000000000000000 0.1487828963827627 -0.0486266607022920
-0.5000000000000000 0.1031188221164829 -0.0601815999591716
-0.5000000000000000 0.1132432044233653 -0.0692599438798751
0.5000000000000000 -0.2752182551879808 0.4291690184861900
0.2695389766909997 -0.5000000000000000 -0.3722920335102974
0.3867735394293045 -0.5000000000000000 -0.1993198042257720
0.5000000000000000 -0.1870191796669856 0.1412155436537982
0.5000000000000000 -0.1872440710119253 0.1407612843191090
0.5000000000000000 -0.1869336115293536 0.1408597959357422
0.5000000000000000 -0.1876494018749794 0.1404900208126620
0.5000000000000000 -0.1870316824043647 0.1411192427487771
0.2020486271633710 0.1833730644271373 -0.5000000000000000
-0.5000000000000000 -0.3446341247743258 0.0559127092606222
-0.1741033274937467 0.5000000000000000 -0.2893969167262490
-0.0356578304771699 0.5000000000000000 -0.2596304850930501
-0.0309313473347476 0.5000000000000000 -0.2704308934674008
0.5000000000000000 -0.3003865702443798 -0.3646060807762757
0.1792185647979289 0.1146978297575219 0.5000000000000000
0.2222891818524286 0.0986285843317939 0.5000000000000000
-0.3304898247520752 -0.5000000000000000 0.4138090195265151
0.0069594936732546 -0.2926845484326645 0.5000000000000000
0.0057073311827558 -0.3328523347771098 0.5000000000000000
-0.0567465016484734 -0.4162513989279118 0.5000000000000000
-0.5000000000000000 0.1368451182353190 -0.4282315343259344
-0.5000000000000000 0.2351710221746216 -0.4660073929959434
-0.5000000000000000 0.2132320952891495 -0.4150607099850563
-0.5000000000000000 -0.0431026383940094 0.3147229603719388
-0.5000000000000000 0.0087749987964964 0.2888126094741721
-0.3351031090260136 -0.5000000000000000 0.4083615003603423
-0.3438624342319167 -0.5000000000000000 0.4201175949420778
-0.5000000000000000 0.3790344106737694 0.3273044285800179
-0.5000000000000000 -0.4071475354217243 -0.0037605341122188
-0.5000000000000000 -0.4077452558322780 -0.1393642767522675
-0.4106031466845669 -0.5000000000000000 -0.0733886918202321
-0.2331335787104893 -0.5000000000000000 0.0967815418120530
-0.5000000000000000 0.2105119742514723 -0.3312178413614064
-0.0269989783308651 -0.3153771187496627 -0.5000000000000000
-0.2931556798102536 0.5000000000000000 -0.3072828771358501
-0.3204883289087060 0.5000000000000000 -0.2295746898388705
-0.2231346571415140 0.5000000000000000 -0.3839582791444149
-0.3311284427920052 -0.1077567827013424 0.5000000000000000
-0.3788497011343125 -0.0596144352637349 0.5000000000000000
0.3978845201902901 -0.5000000000000000 0.0848095207455068
0.2534906025855375 -0.5000000000000000 -0.0624947281172782
0.2901802339111152 -0.5000000000000000 -0.0602619041035121
0.3073906652590784 -0.5000000000000000 -0.1204220844717896
-0.5000000000000000 0.3968542573166419 -0.4182558284995210
-0.4139791146440158 0.3716858228297463 -0.5000000000000000
-0.5000000000000000 -0.3723779819985056 -0.2026911281060694
-0.5000000000000000 -0.2945897143503046 -0.3111933837954874
-0.5000000000000000 -0.0891922944796627 -0.3205291724563470
-0.5000000000000000 -0.0569579816585143 -0.2898853174835748
-0.5000000000000000 -0.2357486428856591 -0.3291387928417475
0.4553439250494706 -0.4937037359842835 0.2821259136718654
0.4166958031354853 -0.4973011804340291 0.1077249138311037
0.5000000000000000 -0.3179566183699945 -0.3962273522954513
0.3237091389155385 -0.1819340059442953 -0.5000000000000000
0.4801806463244597 -0.2457083415001851 -0.5000000000000000
0.5000000000000000 -0.3544185079439241 -0.3791235018344266
0.5000000000000000 -0.3238022853134930 -0.4393112259771647
-0.5000000000000000 -0.2119304642025594 0.0335074337413217
-0.4976740647294653 -0.2800911213568306 -0.0886283990916512
0.4231465301863330 0.2356100880249891 -0.5000000000000000
0.5000000000000000 0.1630386685846883 -0.4045183133776507
-0.5000000000000000 -0.3657603597857094 -0.4979840682885568
-0.4554308499592913 -0.4315976643974631 -0.5000000000000000
-0.5000000000000000 -0.1015008851873392 0.2167988222054055
-0.5000000000000000 -0.1818679905016469 0.0695371765316256
0.5000000000000000 0.4500697476916652 -0.3303710670585651
0.3379100301229701 0.5000000000000000 -0.3493780876999806
0.2486412570809222 0.4425618444722838 -0.5000000000000000
-0.1803432488274559 -0.5000000000000000 -0.1702139887485482
0.5000000000000000 0.4004931782280108 0.3571170944953526
0.5000000000000000 0.4071567439620267 0.3553944207123670
-0.0425206460011885 0.0338778733462990 -0.5000000000000000
-0.2021013716360394 0.0124638273199188 -0.5000000000000000
0.2528432792305698 -0.4932179387990809 -0.3821478253395704
0.5000000000000000 -0.2168054034602668 0.4332741652706112
0.5000000000000000 -0.1301671904485114 0.3837496556694683
-0.4953639276282029 0.1537142166162694 -0.5000000000000000
-0.4690103114638471 0.1723624370564806 -0.5000000000000000
-0.4345725932530737 0.1923049466690616 -0.5000000000000000
-0.4391835061227397 0.0754614554081183 -0.5000000000000000
-0.5000000000000000 -0.3499650959529299 -0.4224692061741931
-0.5000000000000000 -0.3902279631619514 -0.4142558992366840
0.5000000000000000 0.4697258712867758 0.0447092482034933
0.5000000000000000 0.4642019689124068 0.0718768472518652
0.1982953102798536 -0.2521245817684489 0.5000000000000000
0.0863133958372611 -0.2432019926902162 0.5000000000000000
-0.4672944749979859 0.1773373666402159 -0.5000000000000000
-0.3912743437799398 0.5000000000000000 0.0775907221819864
-0.3959333129760783 0.5000000000000000 0.1142757553003444
-0.3999949163876674 0.5000000000000000 0.0988369479608572
0.5000000000000000 0.0348647209493914 -0.2071469934457457
0.1182915319935474 0.2212993549215505 -0.5000000000000000
-0.5000000000000000 0.0762453531037416 -0.1926880406353866
-0.5000000000000000 -0.0159140661201943 -0.3132616710689599
-0.5000000000000000 0.0156097335992725 0.3167816363864555
-0.0783216786977567 -0.5000000000000000 -0.3957213625295776
0.2285228628871597 -0.5000000000000000 -0.3754739479026413
0.0641754825614388 -0.5000000000000000 -0.3977165672239719
-0.0290304185969244 -0.5000000000000000 -0.3381023842664989
-0.4715660150182260 -0.5000000000000000 -0.4286149628209592
-0.5000000000000000 0.0931286216554845 -0.1508503514172605
-0.5000000000000000 0.0933303041420731 -0.1606802452969902
-0.5000000000000000 0.1007010065227293 -0.1597892450706050
-0.5000000000000000 0.0935904991950196 -0.1674736414294998
0.5000000000000000 -0.4975154933632991 0.1828752042979020
0.0651378595350214 0.5000000000000000 -0.0999839576242038
-0.5000000000000000 0.2483760191105437 0.1846375435064680
-0.5000000000000000 0.3590649500158060 0.3044099228160824
-0.5000000000000000 0.2781092888603232 0.0116952523367973
-0.5000000000000000 0.3639525783249067 0.0752258546204100
-0.5000000000000000 -0.2816198552386868 -0.3269504618912409
0.5000000000000000 0.4405798396696626 -0.0407100463806485
0.5000000000000000 0.4140475489447386 -0.0671934707769145
0.5000000000000000 0.4381879454338736 -0.0793373902935361
-0.5000000000000000 -0.4176424466815743 -0.3866376881504086
-0.4612724359708714 0.5000000000000000 0.2786441418768030
-0.5000000000000000 -0.0734382681566538 0.3127866286987550
-0.5000000000000000 -0.0454206999193713 0.2893464047457683
-0.5000000000000000 -0.1502600474958647 0.2998347694948014
-0.0317030117728530 0.3673603212783472 -0.5000000000000000
-0.1194640182433962 0.4533538822153475 -0.5000000000000000
-0.4283638795841473 0.1952955240616565 -0.5000000000000000
-0.4337444980681588 0.1941826241594869 -0.5000000000000000
-0.5000000000000000 0.4519178277787274 0.1069336649615458
0.4082823863303842 0.5000000000000000 0.0217699313580053
0.5000000000000000 0.4380337086259902 0.0021202942492491
-0.4106636296728861 -0.0331813648751408 -0.5000000000000000
-0.2674631087432986 -0.1687123382603544 -0.5000000000000000
-0.5000000000000000 -0.2621172215963010 -0.3428812551883121
0.2529598150006833 -0.5000000000000000 -0.4393900110231629
0.1879908740339964 -0.5000000000000000 -0.4753354340682880
0.2663770009720601 -0.4968575529632651 -0.5000000000000000
-0.3194698030389648 0.3370943951261862 0.5000000000000000
-0.3225936770779981 0.3180275573194431 0.5000000000000000
-0.5000000000000000 0.3760679953479883 0.3704339879536134
-0.2545573874923647 0.3001493880575369 0.5000000000000000
-0.4275151408876247 0.5000000000000000 0.3377268241827541
-0.3318917212844750 0.2688929029467156 0.5000000000000000
0.4987534208098694 -0.5000000000000000 0.1151003438402662
0.5000000000000000 0.0324611867871638 -0.0728679098582495
0.5000000000000000 0.0102387158550683 -0.2022083287224704
0.5000000000000000 0.0243370665043620 -0.2194252459428901
0.5000000000000000 -0.2665468520723732 -0.1120772902802592
0.5000000000000000 -0.2081507103457892 -0.1206443362425607
0.5000000000000000 -0.0827535615787282 -0.0833313182979941
-0.3029386800136416 -0.4718639549761675 -0.5000000000000000
-0.1690437498061527 -0.5000000000000000 0.0862083425938512
-0.2119070033096017 -0.5000000000000000 0.1064302623023340
0.1663454790424163 0.0458264600550690 0.5000000000000000
0.3283951741320029 -0.2836318702942379 0.5000000000000000
-0.2463949711993846 -0.3253005175128377 -0.5000000000000000
-0.5000000000000000 -0.3352482809498850 -0.4337460665977608
-0.3930344651160736 -0.3589636463529370 -0.5000000000000000
-0.3028571102680717 -0.2409145686282854 -0.5000000000000000
-0.5000000000000000 -0.2981060514615764 -0.3571165777895964
0.5000000000000000 -0.1558985521764005 0.1618998408162250
0.5000000000000000 -0.2154564462006939 0.3406437549238961
0.5000000000000000 -0.2986849450441344 0.2737444031839617
-0.1023241531651975 -0.3686559601048166 -0.5000000000000000
-0.1168027366262546 -0.4574661051474509 -0.5000000000000000
0.4224754161553800 0.5000000000000000 0.0455350514934831
-0.4732368831068992 -0.5000000000000000 -0.4871989884296400
-0.5000000000000000 0.0233784620063316 0.2741752270872253
-0.5000000000000000 -0.0758624994277678 0.3372649211810370
-0.5000000000000000 -0.2157072747858456 0.2580328879566869
-0.1554506150652324 0.4760675351564874 -0.5000000000000000
0.5000000000000000 -0.1849524716167029 -0.3073000175455466
0.3231339434716746 -0.1785400028340586 -0.5000000000000000
0.4529271315856798 0.2815899852168182 -0.5000000000000000
0.4348722749210887 0.3644473696998066 -0.5000000000000000
0.2021427553231793 -0.2819814522400660 0.5000000000000000
0.0877914563897148 -0.2856284174787818 0.5000000000000000
-0.2669131918252546 -0.5000000000000000 0.1621676819750760
-0.3506123240348966 -0.5000000000000000 0.1711610287594895
-0.3380289364822296 0.1740445787083111 -0.5000000000000000
-0.3821262454855229 0.2970898779519898 -0.5000000000000000
-0.2197871938845161 -0.5000000000000000 0.1107529070544726
-0.3918881854856825 0.5000000000000000 -0.0965030052874761
-0.3780928555945553 0.5000000000000000 -0.0445823875139168
-0.5000000000000000 0.3988315661612932 -0.1335898628721104
-0.5000000000000000 0.4781417701605206 -0.1538235423987014
-0.0370174946691070 -0.3082861598048625 -0.5000000000000000
0.3173165817448178 -0.1806450619359262 -0.5000000000000000
-0.1153226812723962 0.4679254179921473 0.5000000000000000
-0.0219324228882142 0.5000000000000000 0.3162493762278488
0.5000000000000000 -0.1172340616464580 0.1057291173027304
0.5000000000000000 -0.0667698342589656 -0.0531988419998987
-0.2285158162344245 -0.3993045396476713 0.5000000000000000
0.5000000000000000 -0.0739355819395316 -0.0781055681659256
-0.2227167796697663 -0.3676221678951008 -0.5000000000000000
-0.3469838963733909 -0.4288802873752116 -0.5000000000000000
-0.5000000000000000 -0.4508293786277980 -0.4372481738684439
-0.2603476590775077 -0.4346308707883352 -0.5000000000000000
-0.0929951189049487 -0.3257371469875592 -0.5000000000000000
-0.1468332024006537 -0.3035517369826072 -0.5000000000000000
-0.0483864873091568 -0.3702787073437706 -0.5000000000000000
-0.0963598823729257 -0.3448745679941307 -0.5000000000000000
0.5000000000000000 0.1651390748788858 0.1549074912825162
0.5000000000000000 0.0727703988810941 0.2433219589039720
0.5000000000000000 -0.0654887016763362 0.3481077088056097
0.1840752749044163 0.0368078477681944 0.5000000000000000
0.5000000000000000 0.4353370708441460 -0.3075338184094671
0.5000000000000000 -0.4808384198585614 -0.1588559409324901
0.5000000000000000 -0.4252414356069016 -0.0444309900241980
-0.5000000000000000 0.3470191326245923 0.1891430141235578
-0.5000000000000000 0.2302391754402651 0.2177245604682645
-0.5000000000000000 0.1950236357094545 0.2141571043678264
-0.4071640795611557 -0.2307368234518853 0.5000000000000000
-0.2918424847291766 -0.3114953847316566 0.5000000000000000
0.5000000000000000 0.0166161482780789 -0.0561010972617101
0.0220319954761396 0.0893656488658446 -0.5000000000000000
0.5000000000000000 -0.4066447423076591 -0.2323032941908926
0.5000000000000000 -0.4085386537957094 -0.2087242584554720
0.5000000000000000 -0.3989258021656570 -0.2521874515252636
0.0686103349551505 -0.4949669268693844 -0.5000000000000000
-0.5000000000000000 -0.4476935524820211 0.1955239538578968
-0.3721458308446461 -0.0948241848182278 0.5000000000000000
-0.1861435010024053 -0.1367487301373399 0.5000000000000000
-0.3211640511031859 -0.1705097871331441 0.5000000000000000
-0.5000000000000000 -0.1729734840999307 0.3529440012170958
0.3191448288673396 -0.1762088144266156 -0.5000000000000000
0.0756146215782490 -0.0101377106746207 -0.5000000000000000
0.2575983115114652 -0.5000000000000000 -0.3471975354464454
0.3117301842090497 -0.5000000000000000 -0.2095195853501846
0.5000000000000000 0.3928701995253790 -0.3246088766196986
0.5000000000000000 0.4443438842430379 -0.3430638392863955
0.5000000000000000 0.4473822915055942 -0.3239475396442149
0.5000000000000000 0.4318641748121199 -0.3289650846254367
0.5000000000000000 -0.1445353470940306 0.1177171744080532
0.5000000000000000 -0.2264298698807870 0.3727871233327391
0.4005248509209848 -0.2434367157452807 0.5000000000000000
0.5000000000000000 -0.3132507058882393 0.3145401434047953
0.2811605305564934 -0.2395792184266343 0.5000000000000000
0.1978464943621099 -0.2403679400375188 0.5000000000000000
-0.5000000000000000 0.4145097389328076 0.3005910362031629
-0.5000000000000000 0.3551005171474074 0.3306247559307838
0.2320192532658938 -0.1168821497741372 -0.5000000000000000
0.5000000000000000 -0.4666830633121052 -0.3536976946071726
0.5000000000000000 0.2733997732139062 -0.3265809413015617
0.5000000000000000 0.2315386563908476 -0.3228072393597531
0.5000000000000000 0.0639943812406161 0.2689736534604200
0.5000000000000000 0.0946177128193228 0.2593765203467286
0.5000000000000000 0.1368476256515367 0.2036644800524344
0.5000000000000000 0.1013121457184006 0.2451032558100690
0.5000000000000000 0.1232574621239563 0.2304936879953947
0.5000000000000000 -0.3733209208822866 -0.0351846971538392
-0.4960976786251663 -0.2308136078256507 0.2522444225358016
0.5000000000000000 -0.1274991451418137 0.2167521535250186
0.5000000000000000 -0.0549662170987820 0.3612705241142790
0.5000000000000000 -0.1596035746939529 0.3556576833129854
0.4399920751918458 -0.2211838727951694 0.5000000000000000
0.5000000000000000 -0.0667758693355188 0.3612641514537028
-0.5000000000000000 0.4354642808173529 0.0963870902824499
0.2259451388279148 0.5000000000000000 0.4272677373761147
0.5000000000000000 -0.4923465336260782 -0.1311021965446042
0.5000000000000000 -0.4611678159279260 -0.2832502086421289
0.0610919153228892 -0.5000000000000000 -0.4170737394211712
-0.4695527474414309 0.5000000000000000 0.1914483566603858
-0.4901453211272619 0.5000000000000000 0.1660374376505840
0.5000000000000000 0.4232323874948987 -0.4106998897800475
-0.0840024049003911 -0.1658513711872103 0.5000000000000000
-0.3173669470329246 -0.1737398223137469 0.5000000000000000
0.0038616118932296 -0.2057945943275571 0.5000000000000000
-0.4146267267031981 0.3467978615697468 -0.5000000000000000
-0.5000000000000000 0.4450484907340491 0.2018466655378435
-0.5000000000000000 0.4228310504837616 0.1182676768355767
-0.3320853788276160 0.3659266563615731 -0.5000000000000000
0.1017100685044515 0.3910314189050513 -0.5000000000000000
-0.4274240598099285 0.5000000000000000 0.3367499330730727
-0.3952554603544387 0.5000000000000000 0.2178052626710432
-0.0389572400775768 -0.1166750533142438 0.5000000000000000
-0.3130805512025712 -0.0689536412751642 0.5000000000000000
0.3893269603194994 0.4620690849561879 -0.5000000000000000
0.3120924825093214 0.4251347499208042 -0.5000000000000000
0.2617799700918925 0.5000000000000000 -0.2730628859637427
-0.3258430635255675 -0.1743521917630044 0.5000000000000000
-0.3085112267511529 -0.2042443175182840 0.5000000000000000
-0.3321765149195681 -0.1542185094335639 0.5000000000000000
-0.1383087576023212 0.5000000000000000 -0.4445452314672510
0.5000000000000000 -0.0716798439152059 -0.0836765927791588
-0.2358981359237939 -0.1985523770186776 -0.5000000000000000
-0.5000000000000000 -0.2851997527989804 -0.3345701006729084
0.5000000000000000 -0.0594271343784858 -0.0891835224377260
-0.5000000000000000 0.0453713296468583 0.2778559524759027
-0.5000000000000000 0.0015753769611037 0.2682126455297242
-0.5000000000000000 0.4180250179625598 0.0973493854884015
-0.2990276973508378 0.4229439884597894 -0.5000000000000000
0.0255496074466851 0.5000000000000000 0.2910551847677975
0.5000000000000000 -0.4411064739414540 -0.3794986357208483
-0.5000000000000000 -0.2861777078269046 -0.3297918529575974
-0.5000000000000000 -0.4669094017952603 0.1878783422522604
-0.0471308889859977 -0.4563116194436161 -0.5000000000000000
0.0788660686260069 -0.2257064182874326 0.5000000000000000
0.5000000000000000 -0.4049309287600881 -0.4701511782103474
251 149
252 35
253 111
254 130
255 139
256 180
0 19
0 24
0 257
0 258
0 259
0 260
0 92
0 94
0 100
0 261
0 110
0 155
0 262
0 159
0 263
0 264
1 7
1 265
1 40
1 58
1 64
1 83
1 266
1 107
1 114
1 117
1 267
1 148
1 268
1 269
1 205
1 1124
270 48
271 55
272 182
273 186
2 6
2 22
2 274
2 41
2 42
2 46
2 76
2 99
2 125
2 146
2 177
2 194
2 275
2 276
277 110
278 180
279 201
280 229
281 250
283 16
284 188
3 16
3 19
3 24
3 29
3 100
3 134
3 148
3 152
3 187
3 188
3 193
3 249
3 250
4 59
4 67
4 72
4 105
4 115
4 138
4 145
4 161
4 163
4 165
4 174
4 216
4 231
285 37
286 151
5 17
5 18
5 44
5 287
5 288
5 88
5 93
5 289
5 290
5 116
5 291
5 160
5 185
5 292
5 213
294 24
295 1116
6 41
6 46
6 47
6 296
6 297
6 81
6 298
6 99
6 299
6 300
6 149
6 301
6 177
6 198
6 302
6 303
6 304
305 15
7 40
7 58
7 74
7 306
7 117
7 135
7 171
7 210
7 1124
7 232
7 239
8 9
8 307
8 30
8 308
8 309
8 310
8 96
8 99
8 311
8 144
8 149
8 184
8 312
8 313
9 11
9 28
9 30
9 33
9 56
9 96
9 112
9 125
9 149
9 150
9 156
9 177
9 184
9 214
9 233
314 107
315 142
316 25
317 115
318 119
319 161
320 244
321 116
322 235
10 323
10 324
10 325
10 326
10 107
10 114
10 327
10 328
10 159
10 329
10 236
330 42
331 46
332 76
333 146
334 172
335 190
11 12
11 23
11 33
11 336
11 50
11 56
11 75
11 84
11 91
11 101
11 337
11 111
11 133
11 150
11 156
11 214
11 338
11 233
11 243
11 245
12 23
12 56
12 63
12 75
12 84
12 91
12 101
12 150
12 167
12 168
12 175
12 199
12 222
12 225
12 243
13 41
13 80
13 339
13 134
13 152
13 164
13 187
13 340
13 196
13 341
13 243
13 249
342 244
343 92
344 236
14 59
14 65
14 345
14 145
14 346
14 164
14 165
14 347
14 187
14 348
14 349
14 350
14 351
352 97
353 133
354 207
355 214
356 233
357 15
359 121
360 208
361 211
15 362
15 363
15 364
15 365
15 121
15 366
15 208
15 367
15 368
15 369
15 370
371 37
372 151
373 166
374 217
376 106
377 39
378 71
379 96
380 144
381 184
382 20
383 34
384 92
385 126
386 142
387 173
388 93
16 19
16 24
16 29
16 389
16 390
16 391
16 392
16 1116
16 1117
16 152
16 154
16 187
16 188
16 393
16 394
16 249
17 44
17 63
17 75
17 88
17 108
17 132
17 157
17 183
17 185
17 197
17 213
395 102
396 128
397 170
398 118
399 129
18 26
18 82
18 400
18 85
18 86
18 109
18 401
18 116
18 402
18 143
18 160
18 182
18 185
18 186
18 197
18 204
18 227
18 235
403 106
404 145
405 1020
406 216
407 219
408 104
19 24
19 409
19 410
19 411
19 412
19 413
19 414
19 94
19 415
19 100
19 416
19 110
19 1116
19 155
19 417
19 418
19 188
19 419
19 250
20 282
20 420
20 92
20 110
20 421
20 139
20 155
20 173
20 422
20 423
20 180
20 201
20 424
20 1312
20 425
20 229
293 426
293 427
293 1117
293 428
293 195
293 429
293 430
293 431
293 432
21 67
21 68
21 722
21 113
21 163
21 433
21 1139
21 200
21 218
434 109
435 25
436 62
437 375
22 33
22 41
22 42
22 56
22 76
22 80
22 125
22 134
22 169
22 177
22 194
22 199
22 438
22 243
439 31
440 62
441 73
442 375
443 106
444 120
445 147
446 128
447 170
448 192
449 211
450 220
23 451
23 452
23 453
23 454
23 50
23 75
23 84
23 101
23 455
23 456
23 167
23 171
23 175
23 210
23 238
457 37
24 29
24 458
24 459
24 64
24 460
24 461
24 462
24 463
24 100
24 464
24 1116
24 1117
24 148
24 154
24 465
24 466
24 467
24 195
25 32
25 66
25 72
25 77
25 468
25 123
25 131
25 141
25 161
25 469
25 178
25 470
25 471
25 472
25 217
25 473
25 982
474 26
282 475
282 476
282 477
282 478
282 479
282 480
282 481
282 482
282 483
282 484
282 485
282 229
282 486
487 38
488 58
489 166
490 121
491 208
492 43
493 158
495 46
496 47
26 497
26 87
26 498
26 499
26 103
26 109
26 500
26 137
26 160
26 186
26 501
26 227
27 502
27 503
27 504
27 51
27 505
27 69
27 102
27 128
27 164
27 168
27 169
27 921
27 203
27 222
27 225
506 153
507 166
508 237
28 39
28 45
28 60
28 61
28 112
28 125
28 133
28 136
28 150
28 168
28 184
28 189
509 102
510 164
29 40
29 59
29 64
29 65
29 100
29 127
29 138
29 148
29 154
29 174
29 187
29 193
29 205
29 210
29 238
29 243
29 249
511 30
512 35
513 96
514 130
515 214
516 233
517 36
518 68
519 722
520 113
521 154
522 214
523 233
524 90
525 149
526 180
527 198
528 223
529 241
530 42
531 46
532 76
533 146
534 194
535 170
536 188
537 144
538 94
539 1116
540 188
541 250
30 33
30 542
30 543
30 544
30 96
30 111
30 130
30 149
30 156
30 180
30 214
30 223
30 233
30 545
30 241
30 245
546 50
547 167
548 208
549 75
550 78
551 89
552 97
553 133
554 136
555 157
556 207
557 240
31 62
31 73
31 558
31 106
31 120
31 559
31 147
31 192
31 212
31 220
31 560
561 375
562 58
563 114
494 46
494 47
494 54
494 564
494 565
494 566
494 146
494 567
568 151
569 166
32 570
32 66
32 571
32 118
32 124
32 129
32 131
32 141
32 572
32 221
33 41
33 56
33 134
33 149
33 150
33 156
33 177
33 198
33 223
33 243
33 245
34 50
34 84
34 573
34 107
34 574
34 126
34 142
34 148
34 173
34 210
34 1312
34 1124
34 238
358 109
358 575
358 121
358 576
358 204
358 211
358 577
358 235
578 62
35 579
35 580
35 581
35 111
35 130
35 139
35 582
35 180
35 583
35 241
584 71
585 162
586 224
587 48
588 109
589 182
590 186
591 106
36 59
36 67
36 68
36 79
36 113
36 592
36 154
36 163
36 174
36 195
36 200
37 593
37 74
37 594
37 595
37 141
37 151
37 596
37 597
37 217
37 598
37 599
37 600
601 39
602 71
604 162
605 153
606 166
607 50
608 142
609 171
610 210
38 611
38 58
38 612
38 613
38 117
38 614
38 615
38 151
38 616
38 166
38 617
38 618
39 53
39 54
39 60
39 619
39 61
39 71
39 603
39 620
39 621
39 96
39 97
39 99
39 112
39 144
39 622
39 162
39 623
39 184
39 624
39 224
40 58
40 64
40 127
40 131
40 135
40 138
40 171
40 174
40 191
40 205
40 210
40 215
40 1124
40 221
40 239
625 95
626 118
627 129
628 167
629 171
630 176
631 93
632 118
633 124
634 129
635 230
636 247
637 80
638 164
639 194
41 46
41 640
41 80
41 81
41 134
41 152
41 177
41 194
41 196
41 198
41 641
41 642
41 243
42 60
42 61
42 643
42 644
42 76
42 645
42 103
42 125
42 140
42 146
42 168
42 172
42 186
42 189
42 190
42 199
42 226
42 246
646 102
647 153
648 166
43 49
43 52
43 649
43 66
43 650
43 782
43 86
43 651
43 123
43 124
43 652
43 158
43 179
43 653
43 202
43 654
43 204
43 209
43 982
655 110
656 155
44 657
44 78
44 658
44 87
44 88
44 108
44 659
44 157
44 160
44 185
44 227
44 228
44 240
660 94
661 110
662 155
663 149
664 180
665 198
666 223
667 241
45 53
45 60
45 63
45 75
45 78
45 87
45 91
45 97
45 103
45 104
45 136
45 150
45 157
45 168
45 189
45 228
45 234
45 240
46 47
46 54
46 668
46 669
46 99
46 670
46 146
46 671
46 672
673 47
674 69
675 76
676 102
677 122
678 128
679 170
680 246
681 141
682 83
683 114
47 54
47 684
47 685
47 99
47 686
47 146
47 687
47 688
47 689
48 690
48 55
48 691
48 109
48 182
48 211
48 692
693 190
694 75
695 133
696 233
697 55
698 121
699 211
700 92
701 110
702 155
703 190
704 166
49 52
49 66
49 82
49 86
49 93
49 98
49 128
49 132
49 143
49 158
49 176
49 183
49 202
49 203
49 209
49 213
49 222
49 230
49 247
50 84
50 705
50 706
50 142
50 171
50 175
50 210
50 707
50 238
708 114
709 236
710 110
711 79
712 200
713 110
714 229
715 208
716 96
717 144
718 214
719 236
51 52
51 57
51 65
51 128
51 164
51 165
51 921
51 181
51 203
51 209
51 216
51 219
51 220
51 720
51 225
51 231
52 66
52 72
52 73
52 77
52 98
52 123
52 131
52 179
52 181
52 203
52 209
52 982
52 231
53 60
53 61
53 603
53 97
53 103
53 104
53 112
53 162
53 172
53 224
53 234
53 721
723 237
54 61
54 71
54 724
54 725
54 99
54 726
54 727
54 728
54 729
54 146
54 162
54 172
54 730
54 731
54 224
732 158
733 235
55 734
55 735
55 122
55 736
55 140
55 737
55 738
55 170
55 182
55 186
55 211
55 246
56 91
56 125
56 134
56 150
56 168
56 177
56 199
56 243
56 245
57 106
57 128
57 739
57 181
57 216
57 219
57 220
58 64
58 74
58 740
58 741
58 117
58 742
58 151
58 743
58 166
58 191
58 744
58 205
58 745
58 232
58 239
58 242
746 93
747 116
748 158
749 202
750 230
751 196
59 65
59 67
59 752
59 753
59 138
59 145
59 154
59 754
59 163
59 165
59 174
59 755
59 187
59 195
59 756
59 757
758 180
759 241
60 61
60 97
60 103
60 104
60 112
60 125
60 136
60 172
60 189
60 234
760 81
761 192
762 208
763 144
764 80
765 102
766 164
767 169
768 194
61 99
61 125
61 146
61 172
61 184
61 189
61 224
62 70
62 769
62 375
62 770
62 771
62 772
62 773
62 774
62 120
62 147
62 775
62 179
62 212
62 982
62 776
62 777
63 75
63 91
63 101
63 778
63 108
63 779
63 157
63 167
63 176
63 183
63 197
63 213
63 222
63 228
64 780
64 781
64 113
64 127
64 138
64 148
64 154
64 174
64 191
64 205
783 158
784 81
785 188
786 196
787 190
65 127
65 138
65 164
65 165
65 174
65 187
65 203
65 215
65 788
65 225
65 231
66 77
66 95
66 98
66 118
66 123
66 124
66 129
66 131
66 158
66 789
66 790
66 221
66 230
66 247
791 93
792 116
793 160
794 185
795 103
796 140
797 186
798 190
799 94
800 110
801 229
802 114
803 148
804 205
805 236
67 68
67 79
67 806
67 105
67 115
67 145
67 807
67 163
67 808
67 1139
67 195
67 200
67 218
67 809
810 237
811 130
812 241
813 130
814 241
815 1116
816 188
68 79
68 722
68 113
68 817
68 163
68 174
68 818
68 200
68 218
69 76
69 82
69 819
69 102
69 122
69 128
69 168
69 169
69 170
69 921
69 203
69 222
69 246
70 820
70 782
70 821
70 822
70 120
70 823
70 824
70 179
70 192
70 204
70 208
70 212
70 825
70 248
71 826
71 827
71 828
71 829
71 162
71 830
71 831
71 832
71 833
71 224
71 834
72 77
72 375
72 106
72 123
72 131
72 135
72 138
72 1020
72 161
72 835
72 174
72 178
72 181
72 836
72 216
72 217
72 982
72 231
72 232
72 239
73 375
73 106
73 120
73 123
73 837
73 147
73 179
73 181
73 209
73 212
73 220
73 982
74 117
74 118
74 135
74 141
74 217
74 838
74 232
839 1116
840 117
841 118
842 135
843 171
844 210
75 845
75 88
75 91
75 101
75 846
75 133
75 847
75 136
75 150
75 157
75 213
848 118
849 129
850 141
851 103
852 146
853 172
854 190
855 224
856 1117
857 195
858 78
859 160
860 240
861 83
862 117
76 102
76 863
76 140
76 168
76 169
76 190
76 194
76 199
76 864
76 246
865 120
866 128
867 192
868 220
77 98
77 123
77 131
77 181
78 869
78 87
78 88
78 89
78 108
78 136
78 157
78 160
78 870
78 871
78 228
78 240
79 872
79 873
79 874
79 875
79 195
79 200
79 876
79 877
878 235
879 229
880 147
881 179
882 212
80 883
80 134
80 164
80 169
80 884
80 187
80 194
80 885
80 196
80 199
80 886
80 887
80 225
80 243
888 88
889 89
890 160
891 207
892 240
893 117
894 118
81 895
81 90
81 896
81 897
81 898
81 188
81 196
81 198
81 899
81 900
81 901
902 94
903 235
82 85
82 86
82 109
82 122
82 128
82 143
82 168
82 170
82 182
82 183
82 197
82 203
82 204
82 209
82 211
82 222
82 246
82 248
603 97
603 104
603 904
603 162
603 207
603 905
906 240
907 94
908 1116
83 909
83 114
83 117
83 910
83 911
83 1124
912 107
913 236
914 88
915 208
782 86
782 116
782 158
782 179
782 202
782 204
782 916
782 235
84 917
84 139
84 173
84 175
84 206
84 210
84 1312
84 918
84 238
84 243
84 245
919 102
920 128
922 160
85 108
85 122
85 143
85 168
85 182
85 183
85 186
85 197
85 226
85 227
85 246
375 923
375 106
375 924
375 119
375 147
375 1020
375 181
375 925
375 926
375 982
375 927
928 115
929 237
930 244
931 1116
932 1117
933 152
934 154
935 195
936 88
937 89
938 157
86 93
86 109
86 116
86 132
86 143
86 185
86 202
86 204
86 209
86 211
86 248
939 94
940 90
941 188
942 198
87 943
87 104
87 108
87 944
87 137
87 160
87 945
87 227
87 228
87 234
87 240
946 164
947 194
948 92
949 107
950 126
951 142
952 159
953 173
954 236
88 89
88 955
88 956
88 957
88 157
88 160
88 185
88 958
88 213
89 959
89 136
89 157
89 960
89 240
90 134
90 152
90 961
90 188
90 196
90 198
90 201
90 962
90 223
90 963
90 964
90 249
90 250
965 144
91 101
91 108
91 150
91 168
91 183
91 189
91 197
91 222
91 228
92 100
92 966
92 126
92 155
92 967
92 159
92 173
92 968
92 236
969 99
970 184
93 971
93 972
93 116
93 132
93 973
93 185
93 202
93 213
93 230
93 247
974 208
94 110
94 975
94 976
94 977
94 978
94 250
979 106
980 144
981 123
983 1116
984 241
985 722
986 113
987 191
988 218
989 242
95 98
95 118
95 129
95 131
95 990
95 171
95 176
95 221
95 247
96 112
96 144
96 184
96 214
96 991
96 233
96 992
993 113
994 114
995 148
996 154
997 191
998 205
999 107
1000 114
1001 142
97 104
97 112
97 1002
97 133
97 136
97 144
97 1003
97 1004
97 207
97 1005
97 240
1006 103
1007 137
1008 140
1009 186
1010 226
1011 227
1012 235
1013 119
1014 1020
1015 244
98 131
98 138
98 171
98 176
98 203
98 215
98 221
98 231
98 247
99 1016
99 125
99 146
99 149
99 177
99 184
1017 105
1018 119
1019 145
100 126
100 134
100 148
100 155
100 159
100 1021
100 173
100 193
100 1022
100 250
1023 103
1024 172
1025 224
101 1026
101 1027
101 167
102 1028
102 169
102 1029
102 921
102 194
102 1030
1031 103
1032 104
1033 137
1034 160
1035 234
1036 241
103 104
103 137
103 172
103 189
103 224
103 226
103 227
103 228
103 234
103 1037
103 1038
1039 166
1040 109
1041 121
1042 211
1043 122
1044 140
1045 170
1046 190
1047 246
104 1048
104 137
104 207
104 1049
104 234
104 240
104 1050
104 1051
105 1052
105 115
105 119
105 145
105 1020
105 161
105 163
105 1053
105 1139
105 1054
105 244
722 113
722 1055
722 1139
722 218
722 237
722 242
1056 235
106 1057
106 145
106 1020
106 161
106 181
106 1058
106 216
106 219
106 220
1059 153
1060 166
1061 191
1062 242
1063 157
1064 167
1065 213
1066 188
1067 1139
1068 200
1069 152
1070 154
1071 187
1072 195
1073 249
1074 179
107 114
107 1075
107 126
107 142
107 148
107 159
107 1124
107 236
108 157
108 168
108 185
108 189
108 197
108 226
108 227
108 228
109 1076
109 116
109 1077
109 182
109 186
109 204
109 211
109 1078
109 227
109 235
1079 119
1080 149
1081 198
110 1082
110 1083
110 155
110 1084
110 201
110 1085
110 229
110 250
1086 124
1087 158
1088 230
111 130
111 139
111 156
111 1089
111 180
111 1090
111 223
111 233
111 245
1091 155
1092 229
112 133
112 136
112 144
112 150
112 184
112 1093
112 214
113 154
113 174
113 191
113 218
114 1094
114 148
114 1095
114 159
114 1096
114 205
114 1097
114 1124
1098 230
115 119
115 161
115 163
115 1099
115 174
115 178
115 1139
115 218
115 237
115 244
1100 116
1101 160
1102 235
1103 180
1104 241
1105 1117
1106 154
1107 195
1108 200
116 158
116 1109
116 185
116 202
116 204
116 1110
116 235
117 135
117 1111
117 1124
117 1112
118 129
118 135
118 141
118 171
118 1113
118 1114
118 221
118 1115
119 1020
119 161
119 1118
119 1119
119 1120
119 1121
119 1122
119 244
1123 142
120 147
120 1125
120 192
120 208
120 212
120 220
120 248
120 1126
1127 151
1128 166
1129 139
1130 142
121 1131
121 204
121 208
121 211
121 1132
121 1133
121 248
122 128
122 140
122 170
122 182
122 211
122 246
1134 191
1135 146
1136 172
123 179
123 181
123 1137
123 1138
123 209
123 982
1140 188
1141 196
124 1142
124 1143
124 129
124 1144
124 158
124 1145
124 230
124 247
1146 151
1147 166
1148 140
1149 190
1150 188
1151 250
1152 230
125 146
125 150
125 168
125 177
125 184
125 189
125 199
126 148
126 159
126 173
126 193
126 206
126 1312
126 238
127 138
127 175
127 187
127 193
127 203
127 205
127 210
127 215
127 225
127 238
127 243
1153 160
1154 207
1155 240
128 1156
128 170
128 921
128 192
128 203
128 209
128 219
128 220
128 222
128 248
1157 179
129 1158
129 1159
129 247
130 139
130 180
130 1160
130 223
130 233
130 241
131 135
131 138
131 141
131 171
131 215
131 217
131 221
131 231
1161 153
1162 1139
1163 237
1164 242
1165 166
132 143
132 176
132 183
132 185
132 197
132 202
132 213
132 222
1166 167
1167 176
1168 213
1169 247
1116 1117
1116 1170
1171 186
133 136
133 150
133 157
133 1172
133 1173
133 214
133 233
1174 157
1175 240
134 152
134 193
134 196
134 198
134 201
134 206
134 223
134 243
134 245
134 249
134 250
135 138
135 141
135 171
135 217
135 221
135 1176
135 232
135 239
136 150
136 157
136 240
137 227
137 228
137 234
1177 140
1178 170
1179 211
138 163
138 165
138 171
138 174
138 203
138 215
138 231
138 239
1180 166
1181 207
139 1182
139 173
139 180
139 201
139 206
139 1312
139 1183
139 223
139 1184
139 245
1185 204
1186 235
1187 158
1188 230
1189 240
140 1190
140 1191
140 170
140 186
140 190
140 226
140 246
141 1192
141 217
141 221
141 1193
141 1194
1195 1139
1196 237
1197 244
142 210
142 1312
142 1124
143 183
143 185
143 197
143 209
143 227
144 1198
144 1199
144 1200
144 214
144 1201
144 1202
144 1203
1117 195
1117 1204
1205 921
1206 219
1207 220
145 1020
145 1208
145 161
145 163
145 165
145 1209
145 216
145 1210
1211 166
146 172
147 179
147 212
147 982
148 159
148 1212
148 193
148 205
148 210
148 1213
148 1124
148 238
148 249
149 1214
149 177
149 184
149 198
149 223
150 156
150 168
150 177
150 184
150 199
150 214
150 233
1215 188
151 166
151 1216
151 1217
151 1218
151 217
151 1219
151 1220
151 232
152 187
152 188
152 196
152 1221
152 1222
152 1223
152 249
153 166
153 1224
153 237
153 1225
153 242
1226 190
154 163
154 174
154 187
154 191
154 195
155 173
155 201
155 229
155 250
1227 166
156 214
156 1228
156 233
156 245
1229 180
1230 1312
1231 235
1020 161
1020 1232
1020 1233
1020 216
1234 192
1235 208
1236 188
1237 250
1238 159
1239 236
157 228
158 202
158 1240
158 1241
158 230
158 247
159 1242
159 236
160 1243
160 185
160 1244
160 1245
160 227
160 1246
160 240
161 163
161 1247
161 174
161 178
161 1248
161 216
161 218
161 231
162 1249
162 224
162 1250
163 174
163 218
164 169
164 921
164 187
164 1251
164 1252
164 225
1253 229
165 181
165 216
165 219
165 1254
165 231
166 1255
166 178
166 191
166 1256
166 1257
166 217
166 232
166 239
166 1258
166 242
167 171
167 175
167 176
167 222
1259 178
1260 217
1261 237
1262 242
168 169
168 183
168 189
168 197
168 199
168 222
168 225
168 226
168 228
168 246
169 187
169 194
169 199
169 222
169 1263
169 225
1264 194
1265 196
1266 198
170 182
170 1267
170 192
170 211
170 248
1268 200
1269 195
1270 207
1271 214
1272 233
171 175
171 176
171 210
171 215
171 1124
171 221
172 189
172 224
173 180
173 193
173 201
173 206
173 1312
173 223
173 238
173 250
1273 1312
1274 229
174 178
174 191
174 218
174 231
174 239
175 176
175 193
175 199
175 210
175 215
175 222
175 225
175 238
175 243
921 219
921 1275
176 183
176 203
176 213
176 215
176 221
176 222
176 247
177 184
177 198
178 191
178 217
178 218
178 237
178 239
178 242
179 1276
179 204
179 209
179 212
179 982
179 248
1277 1139
1278 200
1279 244
1280 237
1281 236
1282 241
180 201
180 1283
180 1284
180 1312
180 223
180 1285
180 241
181 1286
181 203
181 209
181 216
181 220
181 982
181 231
1287 982
182 186
182 211
182 227
182 246
1288 1139
1289 200
183 197
183 203
183 213
183 222
183 226
1290 192
1291 208
1292 211
1293 248
185 197
185 202
185 213
185 227
186 226
186 227
186 246
187 1294
187 225
187 243
187 249
188 196
188 1295
188 1296
188 1297
188 1298
188 1299
188 249
188 250
189 226
189 227
189 228
189 234
190 246
191 218
191 239
191 242
1300 207
1301 214
1302 982
1139 200
1139 218
1139 1303
1139 237
1139 244
192 1304
192 208
192 211
192 220
192 248
192 1305
193 206
193 238
193 243
193 249
193 250
194 196
194 1306
194 1307
194 1308
194 1309
194 1310
195 1311
196 198
196 1313
196 1314
196 1315
196 1316
196 1317
1318 240
197 213
197 226
197 227
1319 224
198 223
199 225
199 243
200 218
200 1320
200 1321
1322 237
1323 207
1324 240
1325 208
201 206
201 1326
201 1327
201 223
201 229
201 1328
201 250
202 204
202 209
202 1329
202 230
202 247
203 209
203 215
203 222
203 225
203 231
1330 207
1331 240
204 208
204 209
204 211
204 1332
204 1333
204 235
204 248
205 210
205 215
205 1124
206 223
206 238
206 243
206 245
206 250
207 1334
207 1335
207 240
1336 223
1337 241
208 1338
208 1339
208 248
209 212
209 220
209 248
210 215
210 1124
210 238
211 1340
211 248
212 220
212 248
213 247
1341 1312
1342 229
1343 241
214 233
1344 235
215 222
215 225
216 219
216 1345
216 231
217 221
217 1346
217 1347
217 232
217 239
217 242
218 237
218 242
219 1348
220 248
1349 233
1350 245
222 225
1351 240
223 245
1352 235
224 1353
225 243
226 227
226 228
226 246
227 228
1354 244
1355 232
1356 236
228 234
230 247
232 239
237 1357
237 242
237 244
238 243
239 242
1358 250
1359 244
243 245
243 249
249 250
